%% File generated by CATS v.2.1Mon Jul  4 11:04:32 2011

%% The CATS webpage is http://robotics.stanford.edu/CATS

%% PARAMETER SETTINGS:
% Goods: 500; Bids: 1000; Distribution: arbitrary; Runs: 1; Seed: 1309806309
% Arbitrary Distribution Parameters:
% Max Substitutable Bids = 5
% Removing HV Neighbor   = 0.1
% Adding DIAG Neighbor   = 0.2
% Additional Location    = 0.9
% Additivity             = 0.2
% Budget Factor          = 1.5
% Resale Factor          = 0.5
% Uniform Private Value:
%   Deviation            = 0.5
%   Max Good Value       = 100



goods 500
bids 1001
dummy 186

0	260.474	54	150	180	248	500	#
1	383.637	98	195	231	248	500	#
2	280.557	146	150	415	498	500	#
3	259.529	55	180	300	360	500	#
4	153.962	54	218	219	400	500	#
5	741.355	47	151	183	224	234	344	371	419	483	501	#
6	863.985	5	23	47	133	232	316	342	408	488	501	#
7	753.784	5	19	56	165	181	224	278	288	392	501	#
8	748.069	97	122	161	310	321	344	377	411	435	501	#
9	696.221	52	150	167	324	364	371	392	466	489	501	#
10	609.578	61	99	118	198	261	382	404	419	487	501	#
11	789.504	116	160	246	269	278	333	354	374	404	455	502	#
12	923.197	13	80	84	121	166	269	315	390	420	445	502	#
13	800.354	17	27	40	133	177	227	278	281	388	437	502	#
14	768.419	43	169	199	230	262	303	366	404	462	468	502	#
15	739.749	5	105	141	184	212	227	277	300	320	374	502	#
16	709.977	198	206	252	254	278	354	402	428	458	491	502	#
17	513.092	65	119	194	256	272	296	383	395	503	#
18	702.505	34	119	163	167	208	286	328	439	503	#
19	702.285	69	126	170	206	295	313	383	490	503	#
20	616.268	33	58	163	262	272	420	459	479	503	#
21	613.037	143	262	272	286	317	325	394	395	503	#
22	520.123	12	66	106	147	256	351	468	479	503	#
23	106.272	433	#
24	2197.59	13	33	48	61	66	75	111	113	138	147	152	155	157	227	255	276	279	288	322	357	385	393	400	402	405	422	434	436	460	469	481	504	#
25	2510.94	36	51	64	66	77	119	130	155	164	171	174	190	234	260	261	269	289	294	321	333	341	362	363	370	373	405	407	409	478	486	488	504	#
26	2496.85	39	46	62	84	91	115	191	192	212	226	239	257	260	276	287	288	293	294	301	310	312	337	347	361	364	389	445	446	476	479	488	504	#
27	2396.8	25	31	61	68	81	88	104	115	121	130	145	152	163	169	174	199	218	220	225	249	281	291	311	325	336	366	389	393	401	472	488	504	#
28	2392.02	16	33	36	55	75	98	128	169	190	197	248	253	261	270	282	287	298	302	320	343	366	368	376	377	396	405	407	443	446	462	481	504	#
29	2301.09	33	62	74	80	84	98	109	117	130	191	203	232	239	248	258	270	288	294	335	347	373	382	384	400	422	428	433	434	442	449	485	504	#
30	127.773	229	#
31	435.109	62	311	377	421	435	494	505	#
32	481.906	52	62	411	420	483	498	505	#
33	421.06	61	150	156	203	300	494	505	#
34	410.569	25	80	83	99	144	377	505	#
35	394.967	31	36	125	354	363	435	505	#
36	373.211	98	133	172	313	352	421	505	#
37	389.236	36	163	201	287	454	470	506	#
38	527.22	118	194	201	255	418	464	506	#
39	469.394	37	48	385	425	470	496	506	#
40	442.065	41	301	326	410	430	454	506	#
41	368.115	7	37	103	163	432	451	506	#
42	296.224	36	41	79	233	466	475	506	#
43	1728.45	20	80	86	125	126	134	137	140	173	196	208	210	235	279	352	402	413	417	422	482	507	#
44	1654.06	23	67	107	119	125	139	141	152	155	174	175	203	208	213	302	307	398	401	476	482	507	#
45	1635.9	20	60	67	106	173	176	179	240	260	273	295	340	380	398	441	444	462	464	478	486	507	#
46	1575.55	17	54	66	85	108	125	138	190	198	234	240	248	277	279	296	324	343	352	444	498	507	#
47	1564.39	52	57	124	192	208	223	232	234	273	279	297	306	334	337	353	364	399	424	456	481	507	#
48	1530.99	21	33	51	59	77	80	86	88	98	148	207	246	267	274	280	322	330	402	418	424	507	#
49	349.198	90	281	354	356	436	508	#
50	418.587	39	218	236	241	281	508	#
51	378.559	83	327	330	436	476	508	#
52	308.466	90	116	287	361	366	508	#
53	242.604	29	103	138	154	356	508	#
54	198.409	34	50	161	244	354	508	#
55	1076.63	25	37	83	84	104	127	158	167	214	239	306	320	322	339	350	371	395	487	509	#
56	1482.06	1	84	86	114	155	212	221	224	229	239	252	254	273	274	347	443	491	496	509	#
57	1412.21	23	60	67	84	195	206	212	274	284	292	303	322	329	388	415	430	488	496	509	#
58	1410.71	10	30	37	67	102	116	172	181	199	231	237	281	290	337	364	377	423	496	509	#
59	1359.11	6	73	83	97	127	131	197	207	217	225	252	255	317	322	364	391	411	456	509	#
60	1323.5	44	52	67	83	102	127	145	181	185	233	252	255	278	301	324	376	453	454	509	#
61	2563.47	9	43	44	49	55	126	143	167	222	224	229	241	255	258	265	293	295	308	321	335	341	387	432	439	447	452	456	465	466	491	510	#
62	2354.2	12	19	37	43	49	54	100	107	119	174	179	211	212	227	245	265	268	281	299	319	356	373	405	425	446	462	465	481	491	493	510	#
63	2341.66	47	61	66	71	76	77	85	91	95	122	126	164	179	188	212	222	244	259	266	292	295	306	323	344	347	368	394	438	460	467	510	#
64	2310.36	14	39	42	50	51	124	126	180	188	214	247	256	290	294	308	309	322	343	367	371	377	390	396	400	418	456	463	473	477	491	510	#
65	2277.13	25	36	43	47	61	70	119	128	143	149	156	167	173	186	206	212	214	216	229	255	294	300	357	383	392	430	441	477	489	493	510	#
66	2251.18	9	25	72	82	83	91	140	152	164	173	197	244	257	260	267	294	295	335	348	385	388	394	427	439	444	445	459	483	490	499	510	#
67	244.765	3	145	151	392	511	#
68	354.199	27	145	262	269	511	#
69	282.3	39	46	392	489	511	#
70	191.951	33	75	151	390	511	#
71	153.702	3	132	426	473	511	#
72	1943.99	6	63	65	80	99	120	122	133	137	162	169	176	184	197	224	227	230	245	252	258	259	298	302	319	337	347	360	371	442	450	512	#
73	2521.39	11	43	65	92	122	137	139	155	156	173	187	190	199	210	230	231	235	244	252	255	273	289	327	333	341	350	390	448	477	478	512	#
74	2489.1	10	33	40	64	129	163	165	200	232	237	241	242	248	278	286	309	317	319	368	369	374	413	420	421	425	456	461	470	472	491	512	#
75	2427.75	6	37	40	53	71	112	126	132	143	146	150	156	176	183	190	227	241	269	305	310	361	383	398	413	419	420	456	469	474	492	512	#
76	2405.12	18	19	27	43	73	80	83	99	118	133	141	168	210	232	244	246	253	261	294	309	348	366	375	384	413	453	456	475	476	488	512	#
77	2374.89	11	22	41	62	103	109	114	133	136	139	155	169	171	215	245	248	269	276	281	287	299	338	343	350	391	399	454	474	475	481	512	#
78	1405.78	19	34	55	77	140	162	190	202	218	279	286	291	345	384	391	456	484	513	#
79	1341.26	40	59	71	84	169	181	190	200	232	283	327	390	433	463	476	496	499	513	#
80	1334.05	6	19	24	53	68	86	115	196	197	231	260	379	391	396	411	436	452	513	#
81	1250.74	7	44	46	53	116	179	185	222	251	291	293	308	345	391	403	408	433	513	#
82	1241.96	7	29	31	34	100	106	115	134	137	165	250	305	326	365	386	402	456	513	#
83	1228.43	4	6	27	45	79	100	108	174	194	195	203	290	291	304	341	359	408	513	#
84	410.566	146	227	266	397	399	466	514	#
85	524.743	69	71	82	117	227	358	514	#
86	482.143	26	246	381	397	472	488	514	#
87	454.418	15	197	221	266	318	479	514	#
88	417.098	39	114	205	337	466	495	514	#
89	390.077	280	288	312	396	399	459	514	#
90	71.6014	314	#
91	131.518	462	#
92	965.234	5	92	94	254	270	271	277	307	317	405	407	468	515	#
93	972.003	3	105	123	137	203	252	277	303	304	386	466	471	515	#
94	962.45	78	124	142	165	214	321	343	362	364	384	466	468	515	#
95	898.535	122	203	234	267	297	300	352	365	368	407	483	484	515	#
96	882.548	5	46	51	65	123	145	149	212	240	390	455	499	515	#
97	825.117	35	66	69	72	105	115	130	203	215	254	301	307	515	#
98	728.68	14	124	149	161	186	217	225	227	330	466	516	#
99	959.289	9	86	181	214	267	286	297	330	454	476	516	#
100	929.598	87	108	154	195	281	309	328	359	398	466	516	#
101	788.644	47	71	75	100	140	149	178	298	342	377	516	#
102	784.14	21	29	45	58	139	186	200	228	418	426	516	#
103	761.513	10	97	142	167	193	204	225	334	492	497	516	#
104	380.807	114	125	260	328	329	517	#
105	394.964	129	223	235	328	410	517	#
106	387.411	65	114	200	255	352	517	#
107	283.243	1	76	329	473	491	517	#
108	275.971	3	56	260	355	379	517	#
109	250.451	125	153	237	251	452	517	#
110	152.774	52	104	481	518	#
111	217.323	104	114	402	518	#
112	95.281	52	77	286	518	#
113	596.698	50	89	171	212	222	232	301	318	374	410	434	490	519	#
114	882.381	83	185	193	232	250	332	350	360	394	410	443	489	519	#
115	860.001	6	94	95	166	167	252	273	301	312	365	456	492	519	#
116	827.655	1	44	122	146	158	179	249	368	374	383	410	487	519	#
117	765.381	2	62	71	138	232	295	312	325	338	353	364	390	519	#
118	717.189	36	56	89	106	160	210	213	360	369	391	440	451	519	#
119	840.027	5	12	74	87	124	266	277	309	335	371	404	448	460	465	520	#
120	1197.59	5	46	63	98	121	221	244	303	312	328	345	349	354	413	520	#
121	1125.65	19	86	109	145	154	158	273	288	343	371	392	405	424	470	520	#
122	1112.43	19	22	41	87	93	194	212	223	226	288	369	392	448	473	520	#
123	1087.86	12	59	72	91	117	119	131	178	344	372	460	465	470	477	520	#
124	1073.06	38	41	84	85	110	119	247	276	448	453	465	472	489	491	520	#
125	2758.28	18	19	22	38	46	57	67	73	74	86	111	134	154	195	206	232	241	242	245	247	249	265	272	280	287	289	292	311	314	323	325	378	435	438	470	480	521	#
126	3017.46	2	4	15	22	33	51	62	64	65	82	91	104	127	129	149	155	168	174	222	237	239	241	249	267	268	272	311	314	383	384	396	424	477	478	481	494	521	#
127	2951.85	2	6	27	40	47	58	67	97	110	117	118	132	150	161	242	247	256	267	286	289	295	311	314	315	330	339	344	358	365	377	440	442	466	492	494	499	521	#
128	2944.5	2	19	24	30	51	62	70	73	104	130	131	172	193	217	223	230	241	246	249	264	267	275	281	300	301	302	306	309	325	368	374	396	439	458	492	494	521	#
129	2931.23	6	7	19	20	25	53	55	59	67	73	119	121	149	198	216	217	221	239	244	247	260	265	266	283	310	312	321	336	359	365	374	383	414	437	459	477	521	#
130	2814.52	2	6	34	37	57	73	104	117	166	174	225	233	247	258	265	281	283	291	311	323	332	339	356	358	406	415	428	437	447	458	460	484	486	489	492	498	521	#
131	132.339	5	228	436	522	#
132	155.02	228	321	460	522	#
133	118.577	13	301	436	522	#
134	1432.72	24	35	45	63	86	93	117	174	177	199	201	227	245	249	471	485	523	#
135	1389.48	14	24	87	132	181	196	206	214	227	258	367	369	400	439	487	489	523	#
136	1322.46	86	176	179	191	192	206	249	250	272	313	359	364	375	393	463	485	523	#
137	1256.03	22	40	63	68	104	121	154	203	217	251	281	298	351	357	430	455	523	#
138	1255.74	20	27	70	74	102	104	117	134	165	227	304	315	350	410	441	490	523	#
139	1255.68	24	44	45	46	58	93	191	204	205	213	231	259	264	276	404	424	523	#
140	240.214	76	95	238	524	#
141	216.748	48	77	238	524	#
142	173.637	36	76	169	524	#
143	172.003	25	95	372	524	#
144	4450.52	23	29	38	40	41	43	51	57	66	91	99	100	112	122	133	136	149	154	165	168	176	188	190	194	206	209	225	236	237	238	249	252	253	259	270	286	290	295	298	304	309	311	321	326	332	340	343	344	348	350	372	375	379	380	424	455	456	487	525	#
145	4562.34	6	23	31	54	78	90	92	96	103	107	118	125	126	129	131	132	133	137	154	163	168	174	188	191	199	200	206	209	213	221	225	227	249	269	277	287	298	310	323	332	336	340	356	374	377	381	383	388	390	396	405	420	422	426	446	475	478	498	525	#
146	4456.26	0	12	25	29	30	33	35	38	43	64	77	79	93	96	103	108	109	114	121	122	139	142	147	148	163	172	185	187	188	191	195	199	208	236	237	249	264	275	281	309	321	327	340	348	349	354	358	363	370	372	377	388	391	394	405	414	415	490	525	#
147	4439.9	18	22	24	29	40	56	58	62	68	79	95	109	112	120	127	139	152	163	183	184	186	187	188	200	206	207	213	221	246	262	277	278	279	286	289	294	296	298	309	311	317	354	363	375	381	388	404	406	420	422	424	436	439	455	456	469	472	487	525	#
148	4430.19	11	19	33	36	48	57	77	101	102	106	113	129	138	174	178	187	193	197	200	201	202	203	206	225	245	259	260	261	265	267	268	274	276	284	295	298	300	320	321	332	366	376	378	381	386	389	400	418	420	436	444	453	461	468	472	491	493	495	525	#
149	4367.67	2	25	30	31	35	38	39	41	42	66	77	93	115	141	146	157	162	165	168	180	185	186	189	205	217	223	224	229	242	245	252	259	269	277	278	300	321	323	327	330	332	348	351	358	359	372	381	393	402	416	418	424	441	466	481	487	491	494	525	#
150	1698.04	15	32	43	57	64	74	101	152	199	207	235	245	265	274	309	331	334	346	387	404	409	413	462	495	526	#
151	2033.15	0	5	41	75	99	117	124	129	187	189	218	235	258	294	315	324	366	386	400	412	462	477	482	490	526	#
152	1968.75	23	83	101	150	207	223	263	281	287	291	293	303	315	332	351	359	362	366	378	400	404	412	441	477	526	#
153	1911.54	5	13	14	16	40	61	101	141	184	215	241	272	281	294	361	363	385	386	401	421	438	440	457	486	526	#
154	1903.98	3	5	67	71	93	99	146	185	277	284	287	293	323	326	391	392	413	419	427	436	456	463	487	499	526	#
155	1881.75	20	29	33	45	126	127	128	143	158	207	223	261	270	286	287	293	299	303	334	350	351	353	358	417	526	#
156	1053.19	5	68	90	92	113	118	119	126	137	179	221	320	401	413	459	527	#
157	1207.38	21	80	114	118	143	167	171	201	213	230	302	353	438	439	472	527	#
158	1147.62	43	78	175	179	251	275	280	293	311	390	416	418	456	465	472	527	#
159	1095.91	30	44	87	113	130	143	183	192	302	319	336	368	468	478	487	527	#
160	1080.05	18	21	62	90	165	170	197	213	229	345	363	371	396	481	491	527	#
161	1063.12	102	112	116	148	221	265	283	301	319	367	384	406	415	416	481	527	#
162	1604.52	1	13	56	62	72	76	96	147	188	195	207	233	236	243	246	254	263	273	315	324	329	381	385	390	395	528	#
163	2046.05	7	13	15	18	44	47	161	171	186	200	218	235	269	274	291	315	368	373	374	377	378	382	394	455	485	528	#
164	2005.88	27	76	107	122	143	145	176	181	189	207	211	219	228	248	259	293	312	318	348	376	385	412	450	460	478	528	#
165	1971.98	11	12	93	118	126	131	143	154	172	174	193	203	216	228	230	254	297	307	345	375	379	383	387	393	446	528	#
166	1951.51	85	126	145	146	166	183	186	217	224	228	233	251	259	268	274	277	285	307	348	385	395	404	433	486	490	528	#
167	1891.25	13	43	72	79	126	158	166	176	180	218	227	235	236	238	289	300	302	305	313	370	374	431	446	455	458	528	#
168	306.055	95	315	366	410	529	#
169	315.205	54	147	315	469	529	#
170	297.614	95	102	366	425	529	#
171	285.668	91	95	452	454	529	#
172	660.099	60	79	121	140	141	269	299	413	442	530	#
173	779.736	22	55	78	187	195	248	321	339	413	530	#
174	759.161	21	94	140	233	241	279	293	371	424	530	#
175	674.591	60	116	193	195	246	290	303	352	413	530	#
176	645.078	73	139	217	270	299	303	324	414	416	530	#
177	579.198	27	41	141	166	196	321	349	437	446	530	#
178	604.39	33	147	238	313	357	386	531	#
179	576.957	174	192	235	238	311	359	531	#
180	483.754	25	111	140	192	386	441	531	#
181	444.974	104	176	212	214	345	357	531	#
182	396.297	9	191	231	246	313	411	531	#
183	362.239	33	119	197	321	339	396	531	#
184	215.944	98	362	532	#
185	202.786	98	392	532	#
186	95.5011	111	362	532	#
187	1050.5	99	135	141	174	200	224	270	302	333	398	399	458	483	486	533	#
188	1128.95	11	73	100	167	192	193	223	262	278	348	376	405	409	486	533	#
189	1069.95	63	71	111	158	174	209	246	260	320	341	371	445	478	481	533	#
190	1033.28	79	95	135	145	172	226	234	246	274	349	383	387	415	466	533	#
191	1004.79	29	66	130	170	247	274	281	292	302	318	405	429	442	453	533	#
192	1000.19	62	87	88	99	175	189	224	303	315	320	322	369	451	483	533	#
193	256.563	84	351	363	400	405	449	534	#
194	337.664	23	188	351	352	355	466	534	#
195	318.75	66	74	238	317	319	400	534	#
196	286.579	84	267	334	376	381	441	534	#
197	615.066	28	54	166	182	214	355	420	535	#
198	547.198	15	54	166	242	278	310	411	535	#
199	511.6	54	57	190	221	392	479	484	535	#
200	505.438	46	214	353	404	410	420	497	535	#
201	502.512	33	57	78	182	317	323	384	535	#
202	479.679	254	294	307	355	367	453	457	535	#
203	859.963	29	139	152	175	196	241	260	263	315	358	417	536	#
204	864.537	139	154	166	207	229	298	333	335	382	394	399	536	#
205	812.4	106	128	144	168	233	241	285	330	371	382	424	536	#
206	811.169	23	29	51	67	173	225	241	311	336	417	486	536	#
207	755.572	16	59	107	175	210	232	299	421	461	475	499	536	#
208	752.181	16	94	126	152	197	201	233	293	334	397	486	536	#
209	956.4	1	27	44	51	52	56	66	86	145	152	175	183	186	230	537	#
210	1045.58	1	43	83	87	145	221	253	280	387	393	424	433	449	495	537	#
211	1038.85	3	7	22	43	56	83	99	123	173	324	356	407	412	429	537	#
212	1024.46	7	20	28	31	70	86	157	214	223	247	254	269	285	416	537	#
213	962.392	61	66	162	192	238	255	277	304	324	340	351	397	457	488	537	#
214	957.882	4	56	63	101	129	145	218	251	315	317	379	407	412	452	537	#
215	2803.56	36	43	53	69	74	85	103	119	124	125	133	145	175	179	195	221	238	240	247	255	258	276	293	327	347	364	365	367	379	419	422	450	455	479	494	538	#
216	2582.7	35	49	62	67	82	110	117	122	126	139	145	151	160	170	211	220	230	240	249	256	258	332	353	366	370	379	398	412	433	436	442	477	478	490	497	538	#
217	2569.53	2	13	14	43	57	59	62	74	87	94	115	151	160	167	179	184	226	234	241	268	271	276	310	324	327	337	381	397	417	439	458	478	485	488	492	538	#
218	2557.71	14	43	47	49	80	100	106	116	132	146	159	184	203	219	221	222	244	263	289	291	330	331	353	358	364	377	380	381	384	391	397	432	454	461	487	538	#
219	2557.54	2	6	25	47	53	56	58	98	121	123	124	160	195	206	247	264	273	277	279	280	305	342	345	347	354	357	366	373	409	412	417	464	468	472	487	538	#
220	2543.27	9	39	66	74	79	81	95	99	118	123	133	144	155	161	165	187	195	210	221	242	265	276	286	306	316	317	377	388	435	436	437	455	462	480	493	538	#
221	103.434	264	#
222	1368.7	2	3	15	88	89	94	105	111	132	183	205	224	227	262	290	308	348	352	363	479	494	539	#
223	1870.17	30	35	73	96	114	137	203	260	312	315	335	341	348	351	352	383	386	431	441	476	499	539	#
224	1833.14	45	94	95	105	106	108	157	162	206	208	227	341	364	379	395	420	433	452	458	472	487	539	#
225	1694.73	10	25	34	48	55	68	95	127	129	161	177	181	195	226	231	278	290	291	298	312	336	539	#
226	1685.95	49	58	78	79	81	111	205	224	250	252	281	310	314	319	336	368	422	440	452	470	494	539	#
227	1679.5	30	78	91	92	104	105	111	114	133	183	205	259	346	357	366	369	383	432	435	451	452	539	#
228	130.903	197	358	#
229	194.357	47	102	142	403	540	#
230	288.602	16	294	403	452	540	#
231	238.629	95	118	142	423	540	#
232	233.574	102	222	246	327	540	#
233	209.729	47	277	285	414	540	#
234	750.768	43	195	214	225	247	367	422	444	460	541	#
235	800.278	17	22	210	231	288	333	343	367	403	541	#
236	796.455	10	12	153	179	195	381	421	486	494	541	#
237	712.471	7	77	133	181	221	362	444	451	459	541	#
238	623.02	11	95	182	189	225	289	321	322	438	541	#
239	582.595	48	128	135	223	382	396	403	460	474	541	#
240	105.595	194	435	542	#
241	145.635	194	348	542	#
242	84.1158	435	473	542	#
243	846.265	94	104	111	113	154	180	185	193	215	283	292	302	395	543	#
244	1210.25	40	76	80	87	121	153	198	265	313	315	334	395	458	543	#
245	1058.9	31	74	76	81	215	247	253	272	280	307	454	493	499	543	#
246	1052.15	28	94	121	123	141	149	215	219	292	334	368	452	489	543	#
247	1046.2	0	20	27	80	85	111	117	185	220	263	275	321	322	543	#
248	994.656	81	100	104	107	154	193	234	275	322	389	412	443	474	543	#
249	601.617	66	125	230	256	289	449	490	494	544	#
250	810.781	68	72	116	182	296	370	456	490	544	#
251	602.788	41	49	63	66	117	213	230	370	544	#
252	601.397	10	73	103	125	126	163	197	394	544	#
253	549.222	49	66	79	428	446	448	450	458	544	#
254	533.71	42	123	200	273	276	289	395	458	544	#
255	143.358	60	283	545	#
256	139.934	283	316	545	#
257	1457	7	42	46	55	62	76	92	106	127	196	221	224	246	258	281	291	484	546	#
258	1649.29	12	37	106	138	167	215	255	259	273	287	321	340	382	383	405	424	472	546	#
259	1361.19	14	38	49	104	201	224	252	258	279	343	360	372	382	386	439	448	491	546	#
260	1343.28	37	83	102	110	177	242	277	291	309	342	352	399	405	452	476	479	497	546	#
261	1324.71	37	111	127	140	160	162	171	249	267	287	300	308	321	333	339	350	494	546	#
262	1304.51	64	72	134	136	261	265	280	320	321	338	348	405	412	440	472	484	496	546	#
263	2667.59	30	39	43	64	112	114	129	140	146	149	162	167	169	174	178	183	201	213	214	223	237	269	326	343	349	352	357	363	367	382	383	395	399	421	424	443	471	485	490	547	#
264	3117.06	5	30	77	82	85	95	104	121	124	129	147	154	155	167	172	177	188	192	199	203	219	246	295	303	305	308	316	319	322	325	332	353	365	371	373	383	423	447	478	547	#
265	3091.76	2	7	12	20	56	58	63	92	98	100	107	117	129	140	147	157	167	227	241	245	286	295	319	331	337	339	348	364	382	410	417	421	443	448	451	455	457	458	496	547	#
266	3074.07	1	6	18	28	29	49	85	87	109	113	126	138	160	167	171	172	174	203	205	213	217	219	231	260	275	295	298	312	359	361	371	382	387	413	421	451	458	462	497	547	#
267	3073.37	17	21	35	49	56	73	121	138	139	140	141	160	166	178	181	183	186	190	210	219	234	252	256	263	269	270	300	322	324	378	398	408	436	438	444	446	457	463	472	547	#
268	2968.97	6	26	28	32	49	63	73	77	95	99	107	124	149	150	154	160	165	167	181	188	196	207	237	238	245	275	279	312	326	348	361	393	395	415	419	429	444	450	458	547	#
269	374.913	256	383	414	499	548	#
270	348.559	456	460	461	499	548	#
271	281.302	2	3	270	383	548	#
272	262.102	80	414	432	464	548	#
273	244.938	61	68	256	417	548	#
274	118.599	316	#
275	177.894	70	315	473	549	#
276	225.939	308	368	473	549	#
277	222.882	70	426	488	549	#
278	150.669	67	302	315	549	#
279	54.3854	354	#
280	305.092	3	51	127	169	550	#
281	374.392	114	127	163	232	550	#
282	331.595	51	97	125	418	550	#
283	270.65	0	169	277	379	550	#
284	241.616	3	189	308	455	550	#
285	85.0143	317	#
286	1118.94	104	107	109	111	120	145	193	194	204	214	225	243	262	364	427	475	491	492	551	#
287	1449.32	4	16	78	82	120	140	167	186	206	275	276	343	346	386	395	457	484	493	551	#
288	1387.72	28	49	63	74	104	108	201	308	322	333	342	369	370	385	421	427	488	496	551	#
289	1372.9	2	13	14	33	94	125	145	149	155	211	226	237	277	348	358	398	410	417	551	#
290	1369.39	94	100	108	109	139	157	251	262	300	324	330	339	358	416	444	452	457	496	551	#
291	1356.88	8	28	86	125	138	151	165	179	205	262	333	360	364	380	390	411	455	468	551	#
292	181.991	160	264	292	552	#
293	237.501	151	168	292	552	#
294	214.305	153	160	348	552	#
295	91.306	35	#
296	747.083	66	114	227	235	303	315	368	492	497	553	#
297	889.255	6	107	133	227	259	278	317	429	444	553	#
298	793.599	10	103	114	124	136	190	199	329	464	553	#
299	749.01	77	105	112	255	368	457	478	479	494	553	#
300	740.263	7	66	120	235	241	254	259	458	465	553	#
301	730.66	0	22	124	208	235	248	256	339	367	553	#
302	225.635	25	41	301	497	554	#
303	335.856	60	100	185	497	554	#
304	277.459	41	264	397	496	554	#
305	225.183	25	109	304	306	554	#
306	536.106	153	175	277	279	354	409	420	427	450	555	#
307	737.03	111	137	168	185	317	369	427	450	471	555	#
308	682.298	54	86	187	232	295	354	358	461	485	555	#
309	643.307	83	116	215	284	309	333	382	420	481	555	#
310	600.434	33	41	44	47	76	277	333	367	374	555	#
311	592.056	0	153	246	256	297	351	390	477	498	555	#
312	142.433	159	206	556	#
313	177.058	174	206	556	#
314	173.531	159	456	556	#
315	814.979	28	58	84	88	121	151	258	323	345	356	451	463	557	#
316	1090.84	55	71	117	121	177	264	344	408	419	454	459	493	557	#
317	956.668	58	87	102	116	122	200	233	240	258	418	419	420	557	#
318	916.252	58	60	88	89	92	106	158	254	274	295	416	423	557	#
319	893.818	6	32	126	145	150	152	160	219	258	343	376	455	557	#
320	830.071	28	29	143	210	239	249	257	287	337	386	408	461	557	#
321	216.107	46	338	416	454	558	#
322	282.214	46	157	234	385	558	#
323	214.848	77	179	275	338	558	#
324	176.525	82	225	360	416	558	#
325	351.078	11	148	339	371	383	453	559	#
326	489.822	47	81	248	351	371	394	559	#
327	480.133	21	195	302	320	339	342	559	#
328	451.144	231	343	383	389	443	474	559	#
329	440.955	87	94	400	409	453	476	559	#
330	361.718	11	158	374	393	479	480	559	#
331	49.282	228	#
332	477.185	1	35	120	273	334	455	560	#
333	568.766	15	61	75	273	448	458	560	#
334	515.546	44	260	334	424	481	488	560	#
335	493.866	1	98	168	362	398	414	560	#
336	474.697	74	106	211	224	282	455	560	#
337	448.943	35	92	108	158	167	211	560	#
338	539.379	14	26	59	89	140	370	397	426	449	489	561	#
339	800.598	73	79	140	146	182	187	213	223	299	497	561	#
340	766.768	62	89	103	137	166	213	271	403	420	457	561	#
341	755.762	14	15	137	242	263	278	324	432	445	457	561	#
342	740.708	67	99	127	176	223	272	322	393	449	470	561	#
343	734.978	26	83	137	236	320	359	360	466	468	477	561	#
344	306.575	13	91	393	398	439	562	#
345	364.018	13	132	253	327	491	562	#
346	282.895	35	236	339	398	413	562	#
347	279.661	84	91	116	160	199	562	#
348	264.432	59	165	265	283	393	562	#
349	160.276	45	121	563	#
350	146.874	45	59	563	#
351	2017.82	2	6	32	44	83	93	102	145	200	213	227	233	257	278	290	300	303	337	340	352	378	400	401	406	450	460	467	468	482	485	486	496	564	#
352	2667.71	4	23	43	47	62	86	99	175	189	200	235	274	278	287	312	328	345	356	358	361	372	376	380	384	406	424	445	446	452	462	489	498	564	#
353	2601.15	15	30	58	61	63	70	83	93	98	112	130	141	145	149	182	218	226	231	233	301	306	351	352	395	406	417	422	446	458	468	474	488	564	#
354	2498.24	4	26	39	44	45	52	53	54	61	68	73	145	166	167	174	194	213	227	270	289	301	322	329	347	358	370	382	406	412	420	444	498	564	#
355	2478.53	9	22	59	71	90	92	105	126	175	179	195	222	227	231	257	282	298	303	310	312	318	323	340	376	393	424	451	454	455	458	479	488	564	#
356	2451.9	2	10	25	43	45	47	91	99	129	142	143	159	165	167	177	206	231	232	248	265	267	325	389	413	417	428	431	481	482	488	495	499	564	#
357	76.9787	287	#
358	640.019	11	49	147	154	174	188	227	239	260	565	#
359	806.059	0	18	141	147	172	295	296	303	470	565	#
360	769.126	75	116	158	252	260	267	302	378	468	565	#
361	707.074	49	81	143	165	264	336	407	448	455	565	#
362	678.929	24	39	85	140	174	270	285	301	468	565	#
363	665.691	11	24	40	172	216	320	374	407	460	565	#
364	229.783	29	181	354	356	465	566	#
365	325.357	45	195	305	354	460	566	#
366	316.552	73	143	181	314	368	566	#
367	280.912	29	57	181	403	407	566	#
368	201.642	89	356	412	439	473	566	#
369	159.404	56	336	339	404	465	566	#
370	1279.66	48	116	165	187	197	225	237	248	277	298	311	314	319	377	381	386	415	429	455	567	#
371	1649.03	0	48	63	106	147	192	261	264	274	294	356	368	386	389	395	446	458	461	482	567	#
372	1537.44	3	19	83	114	136	173	192	233	280	282	309	346	350	368	386	429	453	494	496	567	#
373	1525.05	19	45	67	81	85	92	112	119	128	145	187	202	241	248	258	351	366	408	436	567	#
374	1478.8	22	29	181	184	221	233	238	252	282	309	329	332	381	410	415	423	454	457	499	567	#
375	1453.49	20	41	79	115	122	164	206	221	225	231	291	315	321	337	378	384	416	441	456	567	#
376	1186.21	16	19	25	28	103	121	147	188	208	259	276	292	324	334	375	390	453	568	#
377	1489.9	93	129	166	181	187	198	200	203	238	259	298	314	333	375	377	436	453	568	#
378	1433.62	2	12	17	25	82	110	158	203	241	306	311	340	355	364	395	420	421	568	#
379	1344.86	1	9	35	76	119	121	181	205	210	214	260	269	276	333	340	392	438	568	#
380	1341.15	3	8	19	70	76	85	95	98	124	153	170	181	187	203	234	291	341	568	#
381	1311.88	0	35	36	63	66	84	91	142	210	237	238	248	324	368	462	472	483	568	#
382	330.393	113	241	374	375	466	569	#
383	474.831	121	359	440	443	466	569	#
384	412.612	71	113	117	455	479	569	#
385	347.556	77	92	203	241	497	569	#
386	311.054	94	265	282	375	406	569	#
387	304.695	38	198	261	369	374	569	#
388	1128.71	27	90	138	162	167	200	213	223	313	338	369	383	398	416	469	476	570	#
389	1269.9	0	65	83	131	138	143	200	316	322	328	370	383	415	425	456	495	570	#
390	1252.25	20	37	67	158	168	195	223	328	404	425	432	449	475	477	492	494	570	#
391	1231.31	2	15	54	59	64	125	168	182	232	346	356	383	390	416	459	494	570	#
392	1212.08	20	27	31	84	226	262	268	294	295	332	365	366	371	376	401	425	570	#
393	1210.59	12	20	167	183	220	225	230	360	372	438	444	449	454	476	479	494	570	#
394	427.162	267	377	385	432	482	571	#
395	534.984	298	321	323	385	432	571	#
396	423.36	163	267	382	390	401	571	#
397	338.046	87	91	144	248	377	571	#
398	317.508	26	101	125	341	482	571	#
399	41.1411	77	338	#
400	65.8429	468	#
401	595.306	1	181	202	247	254	261	288	305	327	455	572	#
402	882.46	28	48	59	80	98	156	181	295	413	419	572	#
403	782.538	34	143	169	280	288	319	352	353	450	493	572	#
404	727.087	98	106	172	174	282	303	326	378	395	455	572	#
405	638.319	35	146	179	286	307	327	371	388	415	494	572	#
406	612.217	25	72	198	208	255	305	328	384	485	495	572	#
407	486.322	14	31	252	255	300	444	466	573	#
408	564.141	14	44	142	245	259	309	489	573	#
409	537.634	67	86	252	278	355	364	475	573	#
410	527.46	140	244	259	428	453	465	466	573	#
411	465.851	36	64	69	93	106	213	444	573	#
412	437.545	7	112	239	300	334	377	447	573	#
413	124.709	89	176	211	408	574	#
414	164.143	89	204	270	441	574	#
415	156.177	257	334	408	473	574	#
416	145.471	4	211	400	442	574	#
417	1083.12	0	9	119	134	149	241	266	282	292	342	384	399	451	452	490	575	#
418	1176.53	24	62	77	136	182	217	228	229	234	243	266	292	298	315	386	575	#
419	1174.32	22	23	59	151	175	258	292	323	376	404	411	444	452	465	491	575	#
420	1119.58	8	24	103	140	146	195	217	218	224	359	384	404	428	469	499	575	#
421	1064.85	24	75	117	135	149	182	184	195	204	228	241	267	304	325	494	575	#
422	1036.06	0	2	53	109	204	206	244	250	280	354	399	419	475	478	481	575	#
423	124.566	219	394	576	#
424	155.703	219	365	576	#
425	121.346	3	394	576	#
426	361.978	125	247	343	383	577	#
427	367.476	68	336	343	389	577	#
428	308.128	207	299	361	383	577	#
429	292.529	125	206	250	317	577	#
430	283.71	25	129	247	283	577	#
431	16.8943	302	410	#
432	227.432	102	180	498	578	#
433	262.656	110	180	495	578	#
434	244.371	102	307	420	578	#
435	172.281	339	421	498	578	#
436	211.156	8	457	480	492	579	#
437	297.647	8	15	22	268	579	#
438	251.02	77	387	447	480	579	#
439	247.144	77	237	340	492	579	#
440	867.748	130	164	245	275	306	316	333	410	433	438	469	474	580	#
441	1090.4	106	137	140	248	262	287	330	347	386	446	469	485	580	#
442	1084.77	47	75	81	125	245	275	276	340	356	367	492	497	580	#
443	955.833	4	15	19	41	46	64	102	143	292	308	316	468	580	#
444	927.824	22	23	27	42	162	208	385	386	403	404	438	445	580	#
445	866.471	85	121	161	166	240	267	354	360	391	446	467	474	580	#
446	94.683	110	#
447	1062.19	90	102	171	174	201	219	222	240	285	317	322	353	362	484	581	#
448	1277.3	60	72	81	136	184	206	234	340	362	409	435	477	478	491	581	#
449	1252.69	4	20	23	130	139	166	301	302	309	322	384	413	457	478	581	#
450	1183.16	13	17	60	90	110	138	150	161	206	266	280	288	298	436	581	#
451	1173.24	22	64	84	101	117	136	171	174	182	233	317	364	444	464	581	#
452	1138.36	13	77	87	142	196	200	207	210	219	234	254	346	411	432	581	#
453	147.933	123	236	474	582	#
454	187.916	141	236	287	582	#
455	146.731	123	196	359	582	#
456	1000.82	11	68	82	89	124	131	183	187	216	230	231	300	312	393	435	583	#
457	1367.15	5	41	58	59	131	184	187	196	206	229	348	409	413	486	490	583	#
458	1179.73	25	31	89	92	115	133	187	196	214	238	300	313	439	444	491	583	#
459	1158.23	5	27	36	124	147	149	161	206	274	349	356	367	379	420	476	583	#
460	1136.53	31	49	82	92	97	112	127	164	181	187	220	364	437	451	457	583	#
461	1086.58	57	90	152	183	215	237	272	288	300	310	340	348	385	415	424	583	#
462	212.946	291	297	472	584	#
463	223.221	165	248	472	584	#
464	216.965	81	270	297	584	#
465	664.814	46	164	214	266	295	306	310	355	426	461	585	#
466	854.446	25	57	150	178	295	325	350	353	366	445	585	#
467	717.625	4	59	76	164	182	191	353	402	417	427	585	#
468	710.679	6	46	93	101	201	206	335	369	402	477	585	#
469	690.547	78	119	134	165	169	187	368	424	426	464	585	#
470	687.669	51	58	151	222	286	355	365	371	391	421	585	#
471	362.876	47	157	269	491	586	#
472	394.851	91	269	298	456	586	#
473	322.116	24	160	388	491	586	#
474	272.946	47	460	486	493	586	#
475	214.702	157	219	273	441	586	#
476	1058.33	1	15	28	36	85	88	122	129	137	165	324	362	405	467	587	#
477	1337.73	0	13	20	100	122	182	295	340	350	353	362	392	438	490	587	#
478	1095.18	30	85	178	182	228	258	262	289	325	370	470	474	481	490	587	#
479	1030.46	12	15	42	46	77	85	89	90	181	184	239	259	302	401	587	#
480	981.493	36	80	98	195	200	217	218	219	258	283	300	339	455	461	587	#
481	978.37	26	35	42	85	137	174	209	290	292	347	371	393	407	424	587	#
482	186.091	129	149	471	588	#
483	245.737	149	419	464	588	#
484	242.824	162	267	471	588	#
485	171.268	129	212	263	588	#
486	828.873	109	150	166	204	263	280	282	297	416	429	463	589	#
487	971.944	71	109	126	201	263	269	366	376	380	438	493	589	#
488	892.356	60	105	140	150	157	207	310	342	352	406	496	589	#
489	876.467	109	171	199	259	263	267	277	280	378	437	438	589	#
490	864.817	60	106	122	131	140	176	206	233	372	429	458	589	#
491	852.046	24	92	95	166	233	260	267	298	326	403	474	589	#
492	56.0377	399	#
493	225.871	382	394	397	437	590	#
494	260.79	129	130	382	480	590	#
495	250.896	254	306	314	397	590	#
496	239.248	38	195	217	437	590	#
497	687.623	28	70	88	96	113	172	190	192	243	287	347	437	591	#
498	918.072	26	70	85	159	163	190	286	289	365	371	411	436	591	#
499	911.644	2	6	33	88	205	253	295	335	396	415	434	498	591	#
500	902.928	5	10	103	125	153	155	163	271	347	388	468	484	591	#
501	885.447	33	88	113	183	196	210	231	277	287	309	324	341	591	#
502	881.812	4	22	28	64	110	156	213	308	340	367	394	474	591	#
503	327.645	6	27	100	102	161	592	#
504	361.029	22	156	161	170	349	592	#
505	337.494	27	216	238	280	290	592	#
506	319.317	88	102	320	396	477	592	#
507	303.701	100	181	202	384	421	592	#
508	251.93	6	148	260	371	428	592	#
509	1175.66	10	31	57	68	107	127	154	236	253	257	300	309	316	372	384	402	459	593	#
510	1406.13	44	47	64	70	81	89	154	159	199	232	254	287	295	369	392	406	419	593	#
511	1304.66	10	26	51	68	101	105	192	213	235	236	243	294	309	311	408	411	413	593	#
512	1304.15	31	64	153	171	193	194	199	242	335	372	410	413	443	464	482	483	490	593	#
513	1276.94	35	44	48	51	68	106	130	136	141	187	237	301	316	386	418	429	485	593	#
514	1250.69	3	55	74	131	162	163	232	242	258	309	352	375	400	452	472	483	490	593	#
515	121.004	101	415	594	#
516	177.004	137	415	594	#
517	36.7174	101	431	594	#
518	731.293	13	62	119	152	163	202	217	267	276	313	595	#
519	836.406	2	15	17	119	129	155	174	272	281	487	595	#
520	835.996	55	60	62	97	144	210	220	317	367	419	595	#
521	728.388	66	103	116	138	150	183	228	273	276	311	595	#
522	719.183	13	21	96	169	217	228	229	412	448	481	595	#
523	710.633	13	48	61	132	183	225	288	401	432	486	595	#
524	449.357	43	87	98	176	223	237	596	#
525	521.04	50	73	223	345	347	356	596	#
526	465.491	23	27	43	228	269	286	596	#
527	439.103	89	237	260	347	359	487	596	#
528	431.109	56	87	153	367	417	488	596	#
529	345.236	43	98	162	290	300	379	596	#
530	197.336	321	446	597	#
531	163.123	120	321	597	#
532	91.8008	422	446	597	#
533	708.657	11	29	68	123	133	164	197	202	390	408	463	598	#
534	901.952	55	85	110	164	296	303	307	360	367	389	452	598	#
535	894.753	27	38	79	123	130	182	213	263	303	441	453	598	#
536	875.409	9	23	43	53	90	249	380	390	462	463	477	598	#
537	838.696	17	158	219	220	267	276	322	372	424	463	472	598	#
538	817.078	11	13	85	133	194	226	235	249	270	417	418	598	#
539	1135.04	21	39	96	120	169	172	176	200	251	278	288	292	352	355	379	410	472	599	#
540	1585.7	11	37	42	116	118	195	241	278	287	315	344	368	374	414	423	440	466	599	#
541	1352.24	5	35	38	76	200	216	219	225	254	261	310	320	345	348	430	443	444	599	#
542	1313.68	13	56	76	152	176	190	220	226	237	254	306	333	348	367	378	438	484	599	#
543	1303.54	10	23	29	46	54	75	138	169	206	288	391	395	407	447	474	485	491	599	#
544	1281.76	40	58	69	87	134	168	174	199	217	230	251	263	291	311	357	441	466	599	#
545	773.995	34	62	92	113	115	165	172	259	275	291	312	421	468	473	600	#
546	1126.82	23	62	129	148	159	195	230	285	364	385	419	468	478	490	600	#
547	1118.39	5	22	71	179	188	214	255	263	275	289	304	322	441	467	600	#
548	1117.28	67	80	109	111	113	139	264	279	317	413	472	478	491	494	600	#
549	1038.39	12	16	30	74	114	163	227	240	264	283	314	385	464	473	600	#
550	1019.68	43	159	215	219	249	289	293	320	333	378	386	404	421	428	600	#
551	350.702	10	42	57	90	267	441	601	#
552	483.697	10	29	220	247	427	455	601	#
553	362.884	89	267	297	379	415	433	601	#
554	358.74	57	222	307	336	424	444	601	#
555	346.262	71	300	357	412	437	441	601	#
556	292.24	42	43	94	105	353	487	601	#
557	160.783	140	313	602	#
558	142.075	140	451	602	#
559	853.788	20	47	72	86	122	210	277	337	385	388	428	467	474	603	#
560	1124.56	14	118	122	166	177	210	217	219	238	267	309	310	367	603	#
561	1041.24	4	34	67	98	122	185	203	214	221	276	470	472	491	603	#
562	1006.4	9	11	79	83	85	108	177	199	371	374	419	474	475	603	#
563	1004.69	22	67	86	100	116	138	194	208	312	326	366	369	489	603	#
564	978.545	65	86	105	235	257	283	320	346	374	385	396	435	473	603	#
565	710.785	4	16	38	51	54	132	218	335	352	394	411	442	604	#
566	1040.36	38	47	98	107	109	176	224	236	270	335	358	443	604	#
567	1015.12	12	16	86	104	287	299	320	332	368	410	422	488	604	#
568	934.105	27	48	51	99	138	177	187	246	287	368	376	496	604	#
569	905.076	99	106	132	278	280	302	335	354	358	384	472	479	604	#
570	853.482	13	55	89	102	109	120	132	218	267	335	342	484	604	#
571	631.484	26	68	132	146	150	222	345	381	473	605	#
572	776.56	8	20	96	275	345	400	438	447	478	605	#
573	775.544	99	102	113	139	150	190	322	343	493	605	#
574	705.376	132	238	248	252	253	260	363	417	463	605	#
575	675.52	59	60	68	130	216	317	333	399	481	605	#
576	665.174	89	90	96	102	159	199	212	222	484	605	#
577	185.15	72	88	99	114	162	606	#
578	259.277	72	247	329	442	472	606	#
579	258.901	164	206	418	448	607	#
580	362.767	206	391	412	415	607	#
581	341.911	22	234	418	442	607	#
582	244.709	196	423	448	486	607	#
583	102.206	69	164	264	271	607	#
584	118.686	334	#
585	208.821	52	267	347	360	379	608	#
586	243.75	151	165	347	386	419	608	#
587	241.861	108	222	271	379	498	608	#
588	196.699	192	193	215	280	360	608	#
589	165.883	52	75	117	162	205	608	#
590	1997.57	9	61	69	111	118	121	123	135	153	185	195	214	222	233	245	246	247	274	282	319	339	353	378	402	406	431	452	464	609	#
591	2383.57	8	10	64	68	82	92	108	115	167	191	210	213	214	222	232	237	256	262	332	341	358	362	368	383	390	419	422	426	609	#
592	2290.28	9	10	15	21	27	60	71	88	121	143	163	167	176	179	196	238	239	259	262	270	318	319	327	347	406	420	458	462	609	#
593	2241.71	16	21	23	27	38	60	93	138	147	199	230	241	261	265	307	324	332	350	354	362	383	384	421	424	452	453	457	483	609	#
594	2172.08	2	37	59	68	87	111	121	161	180	192	196	224	235	240	245	263	320	358	383	400	401	406	412	419	420	441	445	479	609	#
595	2091.02	15	21	23	30	68	119	133	149	183	215	224	247	257	270	278	344	355	381	402	413	423	459	464	482	483	488	494	499	609	#
596	635.866	63	226	279	291	333	429	434	446	610	#
597	651.165	156	177	193	279	312	386	413	462	610	#
598	548.853	84	291	320	336	357	418	444	481	610	#
599	548.047	53	65	130	177	188	333	377	419	610	#
600	547.745	12	55	181	203	205	367	393	446	610	#
601	546.708	36	84	226	241	273	276	421	476	610	#
602	334.529	130	238	367	457	611	#
603	390.615	118	223	456	457	611	#
604	276.283	207	349	367	385	611	#
605	257.785	8	130	403	492	611	#
606	238.778	56	155	238	268	611	#
607	1805.4	15	22	91	108	115	116	130	139	142	173	184	199	204	234	283	285	313	318	347	349	353	359	418	419	455	612	#
608	2201.42	14	15	19	28	42	86	105	137	152	190	202	214	269	274	353	375	397	403	419	430	439	453	455	474	486	612	#
609	1881.02	3	8	51	55	63	94	141	174	206	217	249	273	281	300	334	354	387	415	419	429	434	437	438	469	489	612	#
610	1862.07	3	8	17	19	26	74	83	86	112	150	165	166	186	220	227	285	330	332	358	377	400	449	457	478	494	612	#
611	1772.14	14	40	42	46	91	102	108	111	115	128	139	216	237	249	284	309	333	345	358	400	409	419	425	427	477	612	#
612	1754.61	5	11	79	94	113	130	158	186	206	210	220	231	245	247	269	271	279	283	318	330	338	351	366	427	439	612	#
613	1811.36	4	24	67	72	77	105	144	152	167	191	192	194	200	210	245	253	286	288	294	353	386	390	423	445	450	495	613	#
614	2224.84	5	8	20	35	40	56	71	110	144	147	216	258	272	279	284	287	357	366	391	399	416	436	438	444	466	469	613	#
615	2157.84	3	19	20	85	86	108	115	121	157	191	192	210	241	243	251	287	296	332	333	345	368	380	446	453	469	483	613	#
616	2095.74	24	29	35	45	58	75	104	116	177	221	240	256	258	263	264	299	338	355	366	367	379	415	423	446	458	487	613	#
617	2079.43	41	48	71	72	73	87	101	104	126	146	150	159	174	194	261	264	301	324	345	351	370	380	410	431	432	435	613	#
618	2066.94	3	6	30	35	79	166	167	206	210	235	253	271	277	279	280	281	305	312	324	330	347	368	390	394	402	449	613	#
619	98.6854	395	#
620	124.652	306	374	614	#
621	133.51	306	345	614	#
622	124.451	374	402	614	#
623	54.8747	487	#
624	802.169	110	159	181	209	212	242	365	408	418	461	474	615	#
625	1056.12	4	68	110	150	229	235	272	340	395	436	458	615	#
626	930.796	96	119	142	212	266	348	356	396	418	475	489	615	#
627	874.418	48	76	111	141	182	253	261	317	365	391	434	615	#
628	817.463	62	86	95	120	128	143	167	291	310	340	408	615	#
629	781.901	107	164	173	190	242	250	251	254	271	374	488	615	#
630	868.685	64	72	81	91	124	137	146	178	193	196	239	240	273	286	616	#
631	1147.27	18	64	69	91	103	126	239	241	256	288	315	316	389	499	616	#
632	1141.54	56	59	81	107	177	197	262	273	337	351	363	405	410	442	616	#
633	1067.62	75	91	125	127	139	145	146	152	176	257	283	403	467	477	616	#
634	1033.07	39	40	51	56	78	91	127	161	196	230	264	380	397	497	616	#
635	1022.27	9	11	40	61	78	143	179	264	273	279	314	328	338	346	616	#
636	1004.69	47	77	137	148	165	228	261	273	302	342	359	360	413	617	#
637	1117.13	10	38	39	53	75	106	136	137	237	337	360	464	477	617	#
638	1073.71	15	80	106	126	132	137	163	180	197	273	317	353	356	617	#
639	1010.07	73	74	101	161	164	225	264	273	342	353	388	482	491	617	#
640	999.843	140	145	199	211	255	261	266	284	358	384	385	398	420	617	#
641	993.022	80	94	115	121	230	235	278	288	349	356	394	413	499	617	#
642	966.565	41	42	167	230	252	255	374	376	392	412	426	449	464	495	618	#
643	1297.49	18	66	96	167	169	196	241	330	365	405	426	433	441	477	618	#
644	1173.97	12	24	43	66	85	104	252	341	366	368	411	413	419	432	618	#
645	1121.78	5	13	66	153	156	230	250	281	341	364	379	403	479	488	618	#
646	1106.23	41	139	174	209	252	267	277	292	297	298	390	411	419	477	618	#
647	1058.27	26	55	99	108	203	207	209	230	256	376	469	488	492	499	618	#
648	46.5578	356	409	619	#
649	47.1783	216	409	619	#
650	270.196	18	173	232	620	#
651	289.941	93	173	185	620	#
652	250.665	124	176	232	620	#
653	203.887	18	127	454	620	#
654	1344.44	83	93	142	162	210	216	241	267	305	328	338	343	356	376	384	392	416	461	466	470	621	#
655	1686.65	28	38	53	63	72	96	173	185	234	254	260	272	277	359	392	432	462	466	471	476	621	#
656	1682.91	11	30	81	83	95	100	117	158	181	226	271	285	294	310	372	424	457	466	476	477	621	#
657	1607.74	29	38	63	76	80	107	110	162	214	225	237	246	285	330	353	370	372	382	409	421	621	#
658	1599.9	65	69	92	93	101	129	154	195	208	264	278	279	332	353	373	401	408	412	423	440	621	#
659	1571.76	26	30	31	52	71	78	87	99	129	195	220	260	298	356	364	381	412	416	421	468	621	#
660	852.42	12	34	36	96	139	231	236	237	247	293	325	398	435	491	622	#
661	1264.19	35	67	75	81	139	148	174	189	200	237	285	295	374	469	622	#
662	1147.63	78	91	121	126	137	235	246	272	293	314	374	393	456	473	622	#
663	1102.73	31	87	88	96	145	165	198	231	334	381	408	438	456	494	622	#
664	1097.89	17	75	92	97	121	125	164	288	349	388	403	409	413	491	622	#
665	1080.37	36	102	161	287	292	333	340	345	376	377	423	431	433	483	622	#
666	306.137	51	225	320	420	623	#
667	338.923	34	97	227	420	623	#
668	324.593	51	195	400	420	623	#
669	223.793	114	225	256	459	623	#
670	178.415	182	216	624	#
671	220.55	117	182	624	#
672	119.123	144	216	624	#
673	167.876	41	252	625	#
674	224.918	252	498	625	#
675	109.899	41	295	625	#
676	374.154	20	61	72	271	343	445	466	626	#
677	540.139	33	61	89	212	401	405	475	626	#
678	411.123	20	97	111	143	304	354	386	626	#
679	410.266	11	34	53	209	343	347	477	626	#
680	400.551	179	191	394	397	442	443	445	626	#
681	379.837	54	72	74	103	209	465	491	626	#
682	822.743	71	174	180	274	301	335	344	363	370	438	476	627	#
683	1009.5	35	67	70	71	75	228	233	249	276	470	476	627	#
684	916.864	22	46	188	208	229	279	283	331	363	366	407	627	#
685	891.021	56	126	176	221	233	294	335	358	422	438	460	627	#
686	869.565	111	152	207	292	344	359	369	449	456	464	499	627	#
687	858.651	99	145	146	154	180	187	244	250	260	430	488	627	#
688	835.008	2	38	126	144	241	278	284	296	336	369	373	394	485	628	#
689	1160.52	22	31	32	91	117	126	129	137	194	199	223	226	345	628	#
690	1158.87	12	34	40	71	79	87	121	144	244	311	369	438	453	628	#
691	1046.49	17	27	37	38	85	203	241	254	272	285	338	417	494	628	#
692	1031.4	21	75	111	221	241	269	336	356	363	366	375	380	411	628	#
693	943.503	2	30	60	100	136	180	217	226	244	246	296	352	480	628	#
694	274.441	195	237	304	445	629	#
695	331.515	21	343	432	445	629	#
696	282.637	195	351	360	492	629	#
697	270.712	64	126	237	330	629	#
698	219.232	36	74	95	304	629	#
699	92.9214	150	400	630	#
700	102.485	150	415	630	#
701	69.8505	253	400	630	#
702	443.808	39	47	108	111	257	428	442	451	631	#
703	659.922	30	63	111	137	160	180	218	360	631	#
704	647.882	35	47	73	265	423	447	454	488	631	#
705	637.793	30	274	283	315	343	377	451	453	631	#
706	490.648	44	113	225	280	333	348	442	480	631	#
707	482.095	23	48	73	108	171	290	381	421	631	#
708	503.394	21	126	148	269	331	338	455	632	#
709	701.993	10	55	247	338	342	343	362	632	#
710	522.214	107	172	259	307	411	418	455	632	#
711	518.479	21	43	106	109	192	298	398	632	#
712	512.568	119	130	139	216	269	342	349	632	#
713	500.326	122	126	129	148	418	447	448	632	#
714	467.182	5	102	183	321	340	633	#
715	476.579	5	49	181	220	386	633	#
716	409.547	66	71	220	340	345	633	#
717	342.681	54	166	183	215	220	633	#
718	284.276	69	104	124	321	351	633	#
719	230.486	51	57	433	634	#
720	345.001	126	433	440	634	#
721	258.396	51	96	296	634	#
722	242.363	57	110	454	634	#
723	2019.01	6	51	56	71	76	78	90	91	92	105	108	113	156	189	214	223	226	270	316	360	379	389	419	422	448	467	468	488	635	#
724	2335.46	33	56	70	110	111	123	146	163	224	229	230	260	265	276	278	313	332	333	344	367	368	369	372	392	427	463	467	474	635	#
725	2306.11	24	33	51	58	108	111	171	173	175	214	248	273	277	278	285	289	312	332	338	341	402	407	408	436	438	445	450	494	635	#
726	2242.48	13	53	61	63	82	102	111	117	170	174	220	226	228	252	266	269	274	296	338	375	391	393	418	427	438	478	483	491	635	#
727	2126.4	0	13	56	78	90	91	92	99	105	129	131	132	139	168	183	192	214	235	259	260	297	312	318	366	379	406	453	494	635	#
728	2115.36	19	33	39	48	52	70	83	126	138	154	175	177	182	208	223	240	249	250	276	306	360	362	393	395	412	429	452	499	635	#
729	256.427	114	220	244	636	#
730	314.901	114	182	362	636	#
731	182.582	244	409	424	636	#
732	155.998	148	161	220	636	#
733	364.655	40	138	144	390	485	637	#
734	310.66	25	105	144	388	399	637	#
735	309.408	40	95	300	385	467	637	#
736	304.845	138	224	331	392	461	637	#
737	273.83	213	235	322	390	448	637	#
738	194.95	83	115	299	399	485	637	#
739	369.172	60	170	172	319	383	638	#
740	459.452	14	60	172	373	497	638	#
741	419.697	60	235	253	258	329	638	#
742	383.943	187	191	316	383	438	638	#
743	366.282	114	125	140	170	251	638	#
744	257.048	119	129	165	319	424	638	#
745	674.637	71	191	267	303	329	343	393	442	487	639	#
746	828.677	46	81	99	113	134	248	276	329	345	639	#
747	771.732	15	40	71	126	149	201	426	495	498	639	#
748	699.455	51	89	177	252	267	269	423	456	465	639	#
749	664.716	4	9	97	110	116	185	259	368	442	639	#
750	631.842	90	107	131	258	282	293	360	451	487	639	#
751	781.474	63	113	123	132	169	206	212	228	346	418	442	477	640	#
752	889.859	2	34	36	63	76	78	85	128	138	181	296	415	640	#
753	883.837	127	266	288	293	304	310	346	395	396	408	479	488	640	#
754	879.073	20	31	113	116	149	154	176	203	260	336	371	390	640	#
755	865.348	2	108	132	145	200	267	268	277	348	430	462	477	640	#
756	856.081	0	19	32	42	125	150	164	260	395	405	418	485	640	#
757	681.556	15	22	53	229	280	317	641	#
758	529.716	64	91	163	229	352	421	641	#
759	488.726	15	153	180	282	286	489	641	#
760	444.789	76	237	317	371	424	455	641	#
761	437.407	22	72	301	346	415	466	641	#
762	389.544	39	53	263	374	430	465	641	#
763	115.897	91	277	642	#
764	122.092	91	421	642	#
765	115.448	58	277	642	#
766	1013.76	8	25	42	53	89	106	190	249	306	320	372	384	397	420	643	#
767	1098.87	25	47	87	134	162	179	224	236	344	356	402	438	473	478	643	#
768	1039.65	42	56	73	85	140	177	187	202	236	284	384	390	434	456	643	#
769	1026.71	12	89	187	188	219	250	320	342	430	446	468	479	480	490	643	#
770	1001.52	82	97	105	143	174	204	234	306	358	372	412	434	455	468	643	#
771	998.193	7	13	52	58	67	100	133	176	265	321	364	390	397	409	643	#
772	292.735	20	47	165	178	450	457	644	#
773	383.561	20	23	48	115	132	455	644	#
774	329.126	79	131	199	221	450	493	644	#
775	281.643	128	165	277	363	395	480	644	#
776	250.016	15	331	432	442	457	486	644	#
777	1976.42	26	37	47	53	69	83	91	93	101	134	149	157	159	176	198	210	237	248	344	346	407	420	435	480	481	645	#
778	2115.66	85	96	155	157	164	167	168	169	173	174	201	213	219	248	260	390	403	404	421	433	460	471	482	496	497	645	#
779	2015.53	1	9	47	79	100	112	157	158	189	193	201	207	210	301	317	322	351	396	407	436	443	454	458	464	498	645	#
780	1982.24	7	13	59	67	69	108	125	174	185	226	237	243	270	283	290	315	328	346	351	353	365	435	439	474	487	645	#
781	1955.55	48	79	83	107	111	117	131	136	164	183	195	223	226	253	262	292	301	304	341	348	356	381	385	439	474	645	#
782	1944.7	47	48	76	82	87	95	107	120	126	141	149	166	191	193	270	292	341	382	394	404	429	463	468	494	495	645	#
783	1019.81	157	185	187	198	208	214	215	255	357	374	387	402	441	646	#
784	1195.2	3	68	124	126	149	150	187	347	364	390	441	465	488	646	#
785	1045.08	5	51	81	116	128	172	202	258	259	278	283	374	451	646	#
786	1000.3	20	114	135	245	255	259	276	283	297	327	330	384	460	646	#
787	961.943	15	30	175	192	214	239	279	297	355	394	400	465	492	646	#
788	923.971	13	119	123	130	171	210	215	239	281	322	445	457	483	646	#
789	62.4378	385	#
790	575.076	133	231	283	316	339	352	405	437	480	647	#
791	804.903	8	37	143	200	314	316	342	438	477	647	#
792	745.764	76	107	130	174	322	367	431	433	480	647	#
793	729.523	68	195	250	256	297	352	424	457	458	647	#
794	722.644	10	133	236	260	262	264	359	422	433	647	#
795	689.781	0	126	223	231	256	289	366	454	487	647	#
796	179.086	19	337	648	#
797	230.932	269	337	648	#
798	184.637	19	168	648	#
799	1164.42	85	109	145	147	166	170	289	324	330	384	385	398	445	455	461	649	#
800	1283.07	13	35	174	214	229	230	235	254	273	292	296	306	339	385	452	649	#
801	1274.5	51	54	55	58	155	157	166	229	261	288	290	296	330	378	421	649	#
802	1032.49	48	58	61	104	152	207	217	233	302	335	337	370	420	425	461	649	#
803	1016.22	9	27	88	170	229	330	338	367	400	415	438	449	453	459	473	649	#
804	1003.9	3	11	20	96	108	164	166	209	254	396	429	455	464	482	483	649	#
805	170.553	152	207	650	#
806	219.544	207	488	650	#
807	92.3454	127	152	650	#
808	278.027	13	222	310	382	651	#
809	288.416	13	70	79	484	651	#
810	282.278	47	222	266	321	651	#
811	178.462	103	116	310	490	651	#
812	841.125	4	38	47	122	140	151	219	292	323	382	413	434	480	652	#
813	1118.65	38	206	207	254	267	286	353	357	379	382	432	468	472	652	#
814	1031.45	29	97	145	181	182	219	285	325	342	348	378	382	434	652	#
815	999.09	4	41	43	59	153	284	312	321	383	395	404	470	488	652	#
816	990.098	3	38	111	155	203	214	242	254	264	316	410	427	486	652	#
817	987.149	20	26	43	123	143	192	215	264	266	322	325	413	420	652	#
818	473.781	43	196	257	258	359	411	492	653	#
819	554.66	23	241	326	341	359	381	446	653	#
820	549.315	166	258	261	311	354	416	445	653	#
821	549.182	23	125	173	196	245	340	394	653	#
822	501.073	26	93	125	205	257	478	482	653	#
823	453.291	142	171	198	253	384	430	492	653	#
824	1054.01	64	92	113	131	160	190	206	226	231	247	292	304	343	390	397	467	488	654	#
825	1392.91	1	7	22	126	127	140	181	191	196	250	263	298	316	325	389	397	457	654	#
826	1372.81	6	14	67	71	111	214	237	251	253	258	274	341	390	409	410	412	467	654	#
827	1359.04	0	11	71	75	83	107	144	179	212	226	238	251	274	353	443	452	486	654	#
828	1350.34	12	18	40	71	88	90	113	246	247	264	303	359	363	380	405	429	457	654	#
829	1334.25	62	93	114	151	165	173	223	231	232	274	321	326	332	383	391	454	487	654	#
830	326.415	96	224	227	278	655	#
831	369.016	13	31	224	439	655	#
832	342.928	96	382	410	497	655	#
833	340.538	192	202	278	413	655	#
834	229.799	65	70	227	418	655	#
835	1264.57	41	87	131	159	206	208	236	244	255	275	355	375	407	416	423	428	442	474	656	#
836	1510.05	24	34	46	49	73	102	106	159	161	181	244	260	274	375	376	405	408	474	656	#
837	1381.52	15	80	81	228	342	350	366	375	384	392	393	396	411	423	433	440	488	489	656	#
838	1379.04	0	15	17	57	87	105	134	197	295	315	344	347	349	393	396	433	454	484	656	#
839	1356.82	20	74	153	185	206	213	214	226	236	289	333	363	403	428	446	453	478	485	656	#
840	1346.27	8	35	71	102	117	129	136	147	205	217	225	236	287	374	452	457	470	474	656	#
841	1419.52	23	94	116	158	161	170	178	195	204	215	220	224	282	359	383	385	412	430	459	657	#
842	1750.76	5	15	24	29	71	116	146	154	188	227	256	261	279	298	348	372	416	462	464	657	#
843	1516.98	6	73	122	178	182	231	274	287	341	349	369	374	379	385	411	413	426	443	461	657	#
844	1434.36	19	55	69	82	94	103	117	142	196	198	233	246	252	264	265	300	328	341	474	657	#
845	1399.62	11	13	51	54	58	78	116	145	182	195	315	364	381	389	391	395	407	442	476	657	#
846	1395.94	14	47	69	78	94	148	179	304	316	335	405	412	416	434	437	439	453	472	477	657	#
847	1222.2	63	71	75	79	96	111	134	190	249	313	367	391	406	658	#
848	1161.57	11	27	87	96	107	174	294	351	420	465	478	481	484	658	#
849	1068.53	7	23	74	89	134	160	195	237	295	365	393	461	489	658	#
850	1031.58	95	99	187	205	210	264	267	286	306	391	430	494	496	658	#
851	1014.09	62	63	80	96	160	232	266	327	367	412	445	451	499	658	#
852	978.088	21	51	104	111	120	132	183	206	355	368	386	406	437	658	#
853	1765.13	16	18	40	56	64	84	88	106	122	140	154	175	209	228	232	233	240	249	289	298	310	315	323	365	395	408	409	468	472	659	#
854	2361.12	0	22	40	56	88	114	144	177	182	213	226	227	232	247	263	274	309	311	315	386	389	391	411	423	433	451	462	471	479	659	#
855	2343.01	4	15	24	45	57	62	65	71	82	98	114	122	153	158	168	173	213	216	228	251	286	334	342	376	393	462	471	482	497	659	#
856	2325.62	2	3	18	21	40	55	60	64	102	147	156	158	180	202	291	308	323	324	333	346	413	433	451	461	474	476	490	491	495	659	#
857	2283.33	6	8	18	20	27	58	62	75	90	154	156	187	188	190	223	227	228	240	241	251	260	309	324	399	432	433	439	456	472	659	#
858	2184.6	21	23	31	53	62	75	126	132	149	162	182	197	224	228	232	244	283	286	300	331	362	365	369	371	378	444	487	489	497	659	#
859	168.758	261	420	660	#
860	182.628	326	420	660	#
861	136.414	261	286	660	#
862	155.522	26	199	238	471	#
863	465.991	38	255	259	298	444	661	#
864	467.808	30	186	255	373	430	661	#
865	443.99	30	296	439	444	465	661	#
866	412.187	247	298	401	405	445	661	#
867	398.238	102	198	220	227	259	661	#
868	277.484	38	173	390	466	662	#
869	365.79	248	390	432	445	662	#
870	313.638	38	91	167	341	662	#
871	221.566	20	173	278	338	662	#
872	174.842	89	142	314	466	662	#
873	1898.89	5	24	50	89	95	114	145	148	152	155	157	167	172	180	202	206	210	239	295	311	318	357	368	416	443	461	663	#
874	2022.86	37	38	82	97	103	114	129	137	185	186	196	249	267	288	295	310	317	339	351	352	377	446	454	471	484	494	663	#
875	2021.51	4	100	111	153	155	157	177	241	255	262	293	307	308	341	342	343	348	350	356	360	363	375	376	470	476	495	663	#
876	2002.22	29	73	86	92	130	152	167	203	208	219	228	233	238	250	264	269	289	294	307	332	343	345	376	381	400	461	663	#
877	1957.02	4	22	24	58	71	84	105	110	129	167	183	185	197	273	276	308	324	346	350	356	369	374	423	425	461	468	663	#
878	1951.6	6	25	58	86	95	97	103	134	147	167	193	194	202	208	251	260	276	281	298	300	319	352	361	372	463	487	663	#
879	404.171	33	183	189	287	478	664	#
880	435.681	0	185	287	420	476	664	#
881	419.678	183	207	224	414	499	664	#
882	308.902	100	164	199	211	478	664	#
883	276.577	103	160	189	220	390	664	#
884	229.573	33	228	275	339	395	664	#
885	836.702	57	87	149	204	250	274	386	470	475	487	665	#
886	894.197	5	40	51	209	227	274	341	386	421	462	665	#
887	856.05	7	87	144	190	216	263	277	290	324	458	665	#
888	844.761	12	35	67	70	91	187	274	333	364	394	665	#
889	796.934	9	17	62	111	191	248	293	345	416	470	665	#
890	788.075	42	76	116	149	176	246	307	350	380	391	665	#
891	472.895	137	262	311	337	349	470	666	#
892	506.737	33	85	86	200	261	337	666	#
893	479.095	11	35	168	374	428	470	666	#
894	448.569	22	106	255	262	276	458	666	#
895	399.358	16	106	137	269	363	493	666	#
896	398.938	202	216	245	311	315	398	666	#
897	93.1299	99	122	355	#
898	511.168	12	39	117	163	258	270	412	428	667	#
899	711.569	6	55	136	160	273	412	433	466	667	#
900	670.708	94	106	117	175	193	280	388	489	667	#
901	530.818	15	140	163	169	197	222	254	480	667	#
902	523.533	105	150	166	270	371	407	482	499	667	#
903	506.729	88	161	200	258	407	410	424	440	667	#
904	516.407	54	133	152	252	278	344	668	#
905	516.265	117	143	237	278	285	353	668	#
906	497.993	38	252	344	374	389	434	668	#
907	483.456	18	28	63	252	257	351	668	#
908	442.839	54	127	133	290	354	386	668	#
909	427.062	21	152	174	231	415	438	668	#
910	330.754	17	156	348	484	669	#
911	282.209	17	61	72	484	669	#
912	274.769	17	433	455	479	669	#
913	225.436	156	176	208	336	669	#
914	147.258	165	268	348	363	669	#
915	3434.53	15	31	32	68	74	78	81	84	92	102	110	118	139	143	156	162	165	187	196	200	205	210	216	248	253	263	286	304	330	339	347	354	388	397	417	419	420	436	454	459	466	475	478	486	489	492	493	670	#
916	3643.33	7	15	21	23	30	33	37	57	74	78	82	83	94	114	122	138	139	149	171	189	196	216	227	251	262	272	283	310	315	332	341	345	354	378	380	409	417	430	432	443	446	459	467	470	487	492	493	670	#
917	3642.01	6	12	13	33	39	42	52	65	78	82	84	85	92	110	117	126	127	130	139	151	160	164	166	185	187	244	272	273	277	286	292	297	298	310	318	343	344	354	363	388	390	429	430	459	466	473	478	670	#
918	3547.67	6	11	31	33	56	60	93	100	126	138	164	165	169	189	192	195	200	202	221	255	274	275	278	282	289	300	306	314	317	322	328	337	343	347	400	409	415	428	429	432	440	453	454	473	487	490	491	670	#
919	3525	8	20	40	53	63	87	88	102	106	111	116	126	132	142	148	152	158	162	166	198	202	221	244	289	292	308	309	314	328	331	336	339	383	407	417	427	428	435	445	447	452	454	456	458	470	490	492	670	#
920	3501.27	7	20	41	42	50	54	65	68	97	110	116	143	148	162	170	190	193	196	226	242	260	261	262	275	279	283	300	311	316	333	335	344	355	381	388	390	396	407	408	409	425	438	439	455	472	478	487	670	#
921	885.682	2	61	123	194	203	280	414	418	446	453	477	494	671	#
922	1015.88	5	67	98	194	203	224	243	307	333	342	452	455	671	#
923	983.907	5	114	127	148	203	208	222	322	328	365	415	435	671	#
924	928.865	80	105	144	203	264	279	285	362	383	408	414	480	671	#
925	927.253	106	121	145	158	168	225	291	343	439	468	477	490	671	#
926	896.378	61	76	93	173	219	242	246	249	288	309	347	399	671	#
927	239.59	241	478	672	#
928	247.215	4	478	672	#
929	172.024	241	356	672	#
930	409.127	67	154	206	457	469	486	673	#
931	579.853	116	206	207	261	376	489	673	#
932	508.986	24	140	154	162	378	413	673	#
933	488.816	42	75	321	373	410	457	673	#
934	434.601	67	124	160	161	262	321	673	#
935	326.163	142	149	212	292	389	486	673	#
936	1430.46	22	41	73	100	116	142	179	187	206	223	255	265	299	320	329	336	393	440	441	462	486	674	#
937	1630.81	103	104	128	152	182	184	189	204	206	248	287	330	353	360	368	397	412	432	442	444	490	674	#
938	1597.74	51	59	81	104	109	126	174	179	241	251	273	336	353	355	383	412	448	457	465	493	498	674	#
939	1578	38	71	79	124	126	132	179	226	236	248	272	278	323	326	330	353	360	409	419	430	443	674	#
940	1570.31	34	51	70	90	144	153	181	210	218	245	264	299	316	323	336	337	360	379	380	408	489	674	#
941	1568.43	73	76	116	140	158	171	217	264	269	310	313	329	330	361	386	405	443	459	485	490	491	674	#
942	333.577	20	169	347	359	675	#
943	337.079	20	255	429	479	675	#
944	262.357	33	168	170	359	675	#
945	238.837	180	243	301	347	675	#
946	131.312	128	270	335	394	#
947	194.276	82	233	414	428	676	#
948	280.969	156	345	357	428	676	#
949	264.332	55	82	111	318	676	#
950	228.597	89	233	371	477	676	#
951	294.707	90	198	315	391	677	#
952	351.96	174	391	394	477	677	#
953	334.439	93	208	315	350	677	#
954	278.041	198	226	387	476	677	#
955	182.534	90	335	441	466	677	#
956	585.96	145	219	220	271	290	308	366	678	#
957	567.756	67	125	219	311	406	461	491	678	#
958	561.948	87	156	191	213	290	292	444	678	#
959	510.526	116	160	228	255	271	334	467	678	#
960	489.975	6	97	194	246	366	404	467	678	#
961	464.438	104	121	140	203	277	308	418	678	#
962	587.689	4	162	229	275	318	337	338	679	#
963	548.533	4	13	45	46	140	159	354	679	#
964	517.449	70	105	148	275	314	441	470	679	#
965	515.239	2	337	375	421	430	447	449	679	#
966	468.614	37	193	229	313	356	477	496	679	#
967	392.423	83	96	162	243	250	305	315	679	#
968	208.107	199	388	680	#
969	174.117	388	449	680	#
970	123.322	78	199	680	#
971	1894.49	7	11	31	34	37	47	82	83	105	131	164	166	214	220	226	241	250	257	269	281	302	348	402	419	444	481	681	#
972	2163.16	7	14	36	46	59	71	73	82	86	97	105	114	134	138	148	199	205	211	214	229	253	323	344	369	431	491	681	#
973	2055.16	16	40	46	77	84	91	94	174	175	183	184	208	227	235	241	322	362	368	371	380	384	386	395	439	465	480	681	#
974	2029.82	5	18	31	77	80	94	95	101	105	114	137	164	168	169	235	242	250	267	332	341	375	383	442	449	483	487	681	#
975	2004.48	30	83	163	168	170	174	179	211	220	224	225	274	301	307	314	359	368	385	390	394	395	407	455	460	482	492	681	#
976	1991.06	58	60	63	68	73	123	129	140	176	201	204	214	220	227	228	253	261	265	295	296	338	405	446	463	478	492	681	#
977	564.012	59	137	149	244	290	429	495	682	#
978	604.092	30	137	193	333	334	339	395	682	#
979	564.523	104	120	149	264	290	364	445	682	#
980	558.785	55	86	103	244	323	362	481	682	#
981	531.246	156	173	283	337	424	429	474	682	#
982	476.545	104	194	254	283	342	372	495	682	#
983	1475	9	42	65	83	117	122	146	176	187	195	223	250	274	284	326	335	345	352	374	379	381	395	466	683	#
984	1929.87	8	14	25	30	65	68	73	86	100	112	149	150	153	195	224	258	307	330	333	361	392	446	477	683	#
985	1776	9	27	56	113	118	153	190	206	207	208	234	260	268	270	274	331	370	376	391	392	415	428	465	683	#
986	1775.59	38	64	77	94	96	102	117	159	160	202	213	223	238	265	274	352	354	372	383	395	405	447	451	683	#
987	1751.21	11	14	22	42	46	64	78	125	183	188	206	230	251	259	270	282	304	376	381	430	462	464	480	683	#
988	1722.86	26	65	69	83	101	112	116	152	196	214	265	282	304	312	334	353	374	383	403	404	425	430	456	683	#
989	482.344	25	285	362	446	452	684	#
990	419.671	73	247	250	264	362	684	#
991	400.652	81	105	264	446	498	684	#
992	310.828	206	285	355	414	494	684	#
993	294.563	3	25	212	272	490	684	#
994	266.92	30	202	369	414	452	684	#
995	612.776	4	29	31	79	171	196	319	433	435	685	#
996	773.453	6	77	127	161	188	196	296	342	365	685	#
997	685.823	6	31	105	190	225	256	386	402	493	685	#
998	645.88	4	40	86	178	215	233	256	273	481	685	#
999	607.771	71	90	98	129	175	179	280	402	435	685	#
1000	604.348	30	144	173	213	254	354	423	431	433	685	#
