%% File generated by CATS v.2.1Mon Jul  4 14:02:55 2011

%% The CATS webpage is http://robotics.stanford.edu/CATS

%% PARAMETER SETTINGS:
% Goods: 256; Bids: 1000; Distribution: arbitrary; Runs: 1; Problems generated from distribution over features in files: qpstuff/cass-qp.txt, qpstuff/cplex-qp.txt, qpstuff/lehman-qp.txt; Seed: 1309817884
% Arbitrary Distribution Parameters:
% Max Substitutable Bids = 5
% Removing HV Neighbor   = 0.1
% Adding DIAG Neighbor   = 0.2
% Additional Location    = 0.9
% Additivity             = 0.2
% Budget Factor          = 1.5
% Resale Factor          = 0.5
% Normal Private Value:
%   Mean                 = 0
%   Standard Deviation   = 30



goods 256
bids 1002
dummy 186

0	173.385	196	208	256	#
1	196.824	13	208	256	#
2	145.505	39	196	256	#
3	200.317	60	121	212	257	#
4	220.206	40	60	219	257	#
5	186.576	41	120	121	257	#
6	146.093	141	212	242	257	#
7	50.1162	10	11	26	239	#
8	1770.4	6	21	27	29	32	55	59	62	69	72	76	89	100	108	109	110	113	118	130	140	149	168	179	197	204	210	230	246	250	258	#
9	2106.11	5	6	13	37	51	56	65	79	84	106	108	114	115	119	122	144	167	177	191	197	199	203	223	224	225	230	240	243	245	258	#
10	2099.1	1	11	14	24	27	41	44	59	76	81	96	106	121	124	148	169	172	176	179	185	198	199	204	210	217	222	228	236	245	258	#
11	2079.84	3	5	6	22	24	45	69	74	75	88	92	94	99	104	105	124	128	129	132	187	208	215	222	226	229	234	235	242	251	258	#
12	2048.56	3	7	24	27	35	41	63	65	95	101	102	105	144	154	161	169	171	179	193	197	201	202	208	211	218	223	226	252	254	258	#
13	2024.26	19	22	26	31	33	54	58	77	80	85	86	90	97	98	126	159	161	171	181	182	185	186	203	215	217	223	231	250	252	258	#
14	93.5394	113	#
15	753.388	43	52	54	58	80	113	117	132	135	148	182	216	230	259	#
16	894.68	5	9	47	82	95	133	135	169	188	212	225	230	232	259	#
17	870.23	23	44	115	126	132	137	151	152	160	191	216	222	250	259	#
18	853.108	20	32	41	46	57	70	75	135	184	188	215	230	252	259	#
19	797.777	5	23	30	49	60	116	117	128	152	169	181	233	255	259	#
20	761.259	8	10	27	34	35	58	75	103	107	138	199	250	254	259	#
21	523.131	29	38	45	90	106	129	154	260	#
22	623.269	14	29	47	54	145	208	250	260	#
23	574.372	23	154	183	191	193	197	202	260	#
24	550.382	3	73	101	129	165	203	240	260	#
25	506.661	12	54	79	101	106	174	217	260	#
26	432.454	34	38	72	109	123	163	208	260	#
27	254.399	42	100	121	234	261	#
28	293.248	82	158	234	251	261	#
29	175.015	73	121	140	162	261	#
30	547.319	110	139	147	158	232	242	262	#
31	566.604	71	106	158	236	242	254	262	#
32	511.535	36	41	109	122	158	191	262	#
33	469.994	80	100	156	204	206	232	262	#
34	406.179	24	40	60	82	111	139	262	#
35	296.204	58	137	147	166	178	206	262	#
36	445.2	78	116	181	195	223	240	263	#
37	559.59	74	96	102	223	228	232	263	#
38	353.562	8	69	106	147	227	240	263	#
39	353.381	12	26	78	121	179	207	263	#
40	346.286	11	20	24	47	66	181	263	#
41	338.78	97	116	118	189	251	253	263	#
42	335.654	77	100	149	155	244	264	#
43	449.128	38	75	103	155	209	264	#
44	366.372	37	100	118	125	139	264	#
45	353.555	50	77	149	158	242	264	#
46	340.547	64	149	198	237	242	264	#
47	272.779	52	101	146	237	244	264	#
48	356.225	9	53	85	90	141	145	223	265	#
49	504.397	20	53	78	135	142	171	184	265	#
50	480.131	4	41	75	137	161	223	247	265	#
51	384.811	9	21	23	96	103	161	196	265	#
52	362.532	19	61	80	85	128	147	177	265	#
53	280.112	19	45	80	140	141	161	224	265	#
54	631.236	43	49	125	138	156	173	178	182	198	266	#
55	780.014	95	106	174	177	189	197	198	221	228	266	#
56	696.584	12	41	138	148	168	182	208	209	251	266	#
57	619.707	26	27	43	58	66	83	145	214	219	266	#
58	573.291	28	36	43	49	83	85	146	173	214	266	#
59	535.945	18	20	90	107	116	122	138	210	217	266	#
60	321.732	25	94	183	228	267	#
61	350.849	14	183	202	203	267	#
62	324.894	52	113	228	230	267	#
63	319.347	94	159	182	196	267	#
64	276.555	25	28	133	228	267	#
65	140.715	67	232	268	#
66	158.147	122	232	268	#
67	1763	12	16	34	40	44	47	55	70	73	76	78	88	134	149	151	155	175	178	183	187	213	223	254	269	#
68	1930.62	25	30	33	38	59	76	79	96	106	115	122	123	124	127	130	134	155	167	177	187	191	201	227	269	#
69	1830.74	0	9	19	25	26	39	55	58	64	69	71	86	91	105	126	142	175	176	182	201	203	248	252	269	#
70	1804.02	3	10	12	17	25	30	35	38	43	55	84	96	103	114	154	173	177	186	188	203	211	226	228	269	#
71	1741.75	19	22	48	51	61	73	92	101	115	130	149	157	165	187	194	208	212	219	230	240	245	248	250	269	#
72	1699.49	6	43	44	69	72	75	81	88	89	101	115	139	165	166	169	182	183	187	193	208	228	231	241	269	#
73	123.993	33	108	270	#
74	171.888	65	108	270	#
75	144.988	33	170	270	#
76	431.11	59	127	151	179	188	196	208	271	#
77	486.723	76	96	134	136	153	184	208	271	#
78	444.551	33	49	55	67	70	168	196	271	#
79	431.92	71	115	135	142	145	166	179	271	#
80	317.721	40	43	72	90	111	134	188	271	#
81	295.47	18	19	46	94	127	161	199	271	#
82	102.712	110	250	272	#
83	112.032	116	250	272	#
84	1329.76	21	52	70	83	113	124	126	147	156	158	160	181	191	199	210	236	242	250	273	#
85	1381.36	14	37	78	129	147	154	156	166	179	187	189	190	197	208	224	230	236	253	273	#
86	1323.37	3	12	35	36	52	71	77	82	117	121	137	153	159	180	185	230	236	241	273	#
87	1287.26	31	66	80	85	88	96	111	135	151	154	156	164	166	197	200	218	226	236	273	#
88	1270.96	18	27	53	66	69	108	109	128	131	133	155	168	173	181	185	213	228	252	273	#
89	1263.66	6	58	72	75	93	117	122	123	138	190	192	197	198	204	235	248	250	251	273	#
90	630.227	12	91	99	101	182	200	227	233	239	274	#
91	765.905	26	68	80	91	103	177	197	201	208	274	#
92	702.342	12	23	107	122	131	164	177	202	219	274	#
93	566.071	62	87	95	99	116	169	173	175	216	274	#
94	508.332	18	68	101	128	143	163	176	210	237	274	#
95	483.046	48	97	98	106	134	172	183	233	239	274	#
96	303.499	55	71	133	155	275	#
97	349.585	55	182	198	211	275	#
98	187.705	8	71	89	236	275	#
99	131.058	52	133	178	226	275	#
100	104.402	114	147	155	164	275	#
101	1827.37	14	28	38	42	43	55	56	57	61	76	83	85	97	98	106	124	125	126	136	139	183	187	192	217	218	236	244	246	247	251	276	#
102	2251.62	17	24	26	30	35	41	52	55	58	60	61	79	98	105	109	132	135	139	174	177	181	189	192	197	203	204	218	220	228	233	276	#
103	2198.72	5	7	9	10	33	34	35	38	40	41	59	84	85	108	115	127	135	164	172	175	177	178	181	183	193	194	199	207	230	249	276	#
104	2065.31	0	15	18	20	35	43	57	65	83	90	94	104	108	136	161	167	169	172	176	177	186	202	203	204	212	218	219	225	226	254	276	#
105	2055.63	2	17	35	37	50	52	77	78	79	92	96	104	111	122	131	138	146	151	154	173	184	192	201	204	220	223	237	240	250	254	276	#
106	2040.89	7	13	14	28	56	59	62	66	75	83	90	108	116	121	127	140	153	157	163	173	181	203	206	207	216	217	224	228	234	239	276	#
107	687.762	34	53	61	74	120	125	140	169	218	223	226	277	#
108	942.589	29	60	122	125	139	196	207	210	218	232	240	277	#
109	900.675	25	51	70	122	131	158	174	197	214	218	241	277	#
110	814.634	15	38	74	80	85	93	135	197	216	218	247	277	#
111	807.774	14	53	60	62	79	107	112	151	153	162	238	277	#
112	756.769	15	34	97	99	118	119	135	190	197	218	238	277	#
113	520.279	17	125	146	170	192	199	204	240	249	278	#
114	612.306	9	50	67	77	104	146	153	185	234	278	#
115	586.248	3	17	49	65	110	114	117	156	254	278	#
116	551.625	46	63	98	102	106	138	170	234	241	278	#
117	527.419	41	85	99	137	174	192	205	211	255	278	#
118	498.08	38	60	87	145	156	172	211	242	249	278	#
119	76.7794	246	#
120	897.325	15	25	29	53	73	113	115	122	131	145	179	193	238	279	#
121	1086.48	3	35	66	73	87	139	142	178	182	191	203	209	221	279	#
122	1021.36	1	22	31	97	113	115	122	142	191	193	194	216	240	279	#
123	861.161	0	29	76	101	132	138	145	163	200	201	220	242	243	279	#
124	852.755	10	18	79	100	115	133	149	192	222	233	235	242	254	279	#
125	848.791	17	53	89	91	97	114	122	127	133	155	172	212	214	279	#
126	625.88	12	53	74	89	90	94	115	148	194	202	247	252	280	#
127	932.197	5	50	66	70	72	103	148	179	202	204	208	244	280	#
128	904.926	2	83	92	126	148	153	156	182	183	189	193	196	280	#
129	818.498	74	83	87	115	128	165	184	197	213	217	247	252	280	#
130	750.118	53	57	72	80	103	123	151	152	170	191	227	229	280	#
131	695.516	54	58	101	115	122	130	159	164	184	188	193	246	280	#
132	31.2036	92	#
133	383.419	1	37	120	157	193	232	281	#
134	509.678	71	77	129	150	193	232	281	#
135	506.5	37	78	96	168	237	245	281	#
136	466.03	31	53	99	121	167	232	281	#
137	347.677	1	17	39	67	194	222	281	#
138	307.869	35	38	105	157	190	239	281	#
139	749.023	37	44	48	54	73	124	136	157	160	177	191	192	252	254	282	#
140	1037.01	7	27	55	58	75	95	99	124	133	152	168	176	248	252	282	#
141	982.322	20	79	83	89	97	104	115	119	123	152	189	204	244	254	282	#
142	945.148	22	48	78	130	137	150	171	172	173	177	218	237	251	255	282	#
143	925.889	8	15	76	82	97	98	122	132	145	151	164	192	230	243	282	#
144	857.074	19	36	44	62	80	84	143	144	147	171	176	204	225	246	282	#
145	1295.66	1	5	22	32	42	53	66	68	82	87	91	101	127	129	178	206	242	251	254	283	#
146	1561.95	7	31	35	39	40	57	89	94	119	134	135	139	163	181	187	228	242	246	251	283	#
147	1433.88	33	37	38	41	68	94	110	122	128	143	183	187	196	212	223	226	238	241	254	283	#
148	1341.47	3	5	10	13	14	71	75	87	122	187	195	202	211	212	217	220	221	242	254	283	#
149	1324.74	6	47	63	65	68	88	105	122	127	142	143	162	164	177	180	196	229	251	254	283	#
150	1283.79	2	40	48	50	70	94	101	110	115	133	178	190	208	211	215	216	217	234	239	283	#
151	182.658	84	180	231	284	#
152	210.622	40	84	229	284	#
153	199.407	98	215	231	284	#
154	86.2555	5	149	180	284	#
155	594.882	48	87	160	183	186	187	204	209	235	285	#
156	688.404	3	27	48	107	147	149	151	177	251	285	#
157	687.669	1	40	64	129	131	187	194	203	246	285	#
158	632.799	36	47	65	66	77	90	181	204	207	285	#
159	625.352	15	46	74	78	95	113	183	221	224	285	#
160	550.969	14	31	69	73	92	125	158	235	255	285	#
161	1077.23	2	11	16	24	62	66	102	119	144	149	154	177	194	198	244	286	#
162	1203.32	11	23	29	47	74	84	89	95	96	97	177	191	203	229	236	286	#
163	1075.69	3	57	86	130	131	132	137	151	175	197	198	202	219	250	255	286	#
164	1075.64	40	53	58	59	95	102	106	121	144	185	196	206	221	237	243	286	#
165	1073.66	23	95	100	119	121	129	139	156	169	191	209	213	230	248	251	286	#
166	1054.98	24	29	45	52	56	57	105	112	115	122	189	201	225	237	253	286	#
167	272.836	42	76	144	164	189	287	#
168	406.801	144	167	168	228	241	287	#
169	406.776	36	68	76	124	236	287	#
170	324.653	132	158	189	191	203	287	#
171	319.086	90	129	141	162	164	287	#
172	909.124	2	10	24	37	41	50	70	79	92	118	128	172	207	288	#
173	1087.54	2	7	49	58	68	105	128	156	186	197	218	221	228	288	#
174	1026.04	16	21	29	37	41	44	151	166	189	203	212	229	249	288	#
175	926.256	51	86	96	101	108	130	141	151	156	194	207	217	232	288	#
176	827.753	10	17	19	33	50	53	56	79	106	136	212	217	255	288	#
177	820.997	2	33	54	101	155	165	181	185	205	208	220	231	254	288	#
178	42.1929	60	#
179	165.687	128	148	289	#
180	181.876	46	128	289	#
181	116.984	106	148	289	#
182	307.533	142	215	232	290	#
183	236.087	82	142	236	290	#
184	216.827	116	148	232	290	#
185	185.203	50	215	229	290	#
186	317.051	67	70	107	180	240	291	#
187	386.022	25	75	107	113	230	291	#
188	369.507	52	74	113	223	240	291	#
189	301.255	6	55	70	129	191	291	#
190	286.261	6	37	132	180	234	291	#
191	217.183	19	22	67	83	194	291	#
192	132.169	47	131	199	237	292	#
193	158.889	47	52	177	186	292	#
194	126.402	93	187	230	237	292	#
195	390.431	1	136	163	225	254	293	#
196	383.121	1	43	44	62	76	293	#
197	319.341	1	5	65	136	141	293	#
198	318.565	0	52	62	148	254	293	#
199	206.219	47	60	95	193	225	293	#
200	156.783	163	170	180	204	239	293	#
201	611.915	4	20	45	48	77	101	128	169	183	294	#
202	676.535	7	12	44	72	123	136	139	169	196	294	#
203	638.657	17	59	71	73	101	169	181	196	218	294	#
204	616.14	38	43	64	65	77	102	103	171	249	294	#
205	601.866	4	17	48	109	117	121	139	146	209	294	#
206	552.357	43	78	105	113	124	183	184	199	201	294	#
207	216.529	76	78	189	295	#
208	207.86	82	186	189	295	#
209	202.852	78	172	196	295	#
210	172.454	76	100	132	295	#
211	414.688	28	37	135	172	178	296	#
212	459.575	30	132	136	154	178	296	#
213	362.673	154	163	172	183	239	296	#
214	354.519	28	126	140	230	232	296	#
215	301.072	20	30	135	211	242	296	#
216	242.779	14	37	53	202	248	296	#
217	218.004	45	103	143	229	297	#
218	253.842	9	25	143	176	297	#
219	211.188	29	165	174	229	297	#
220	161.792	45	168	207	248	297	#
221	225.154	27	109	116	138	167	298	#
222	193.097	0	60	146	167	184	298	#
223	160.103	107	116	118	222	242	298	#
224	1732.69	0	7	8	17	25	26	32	56	64	72	84	107	127	128	142	151	161	165	175	188	191	193	200	217	221	231	246	252	299	#
225	2156.08	2	8	29	35	55	59	74	100	101	103	105	107	125	127	139	143	153	155	158	171	174	175	185	186	192	199	212	214	299	#
226	2009.77	17	20	26	31	53	61	63	66	84	93	108	121	122	124	128	145	152	155	162	166	167	189	197	211	231	235	240	244	299	#
227	1995.14	11	15	16	17	24	32	36	65	74	77	79	84	107	118	121	128	161	162	173	179	190	199	204	212	220	222	223	237	299	#
228	1943.53	6	13	16	17	23	25	30	33	38	40	72	98	99	120	144	158	164	170	172	177	179	184	200	201	232	239	245	249	299	#
229	1922.52	21	25	35	42	45	48	56	57	65	67	75	83	86	90	99	101	102	128	160	163	165	193	195	198	215	220	227	240	299	#
230	1261.37	0	9	11	20	30	36	47	98	111	113	144	146	181	191	195	200	206	211	230	248	255	300	#
231	1618.74	11	18	28	36	65	69	78	98	107	114	115	122	127	149	170	177	190	207	208	236	246	300	#
232	1543.56	2	15	18	58	94	124	135	149	178	181	190	202	207	214	215	216	229	232	234	239	240	300	#
233	1389.47	11	30	44	64	70	75	93	98	116	129	130	132	133	136	158	168	176	200	206	218	234	300	#
234	1370.71	4	6	9	22	29	39	66	76	87	96	114	131	144	151	168	190	200	208	227	239	253	300	#
235	1354.35	23	30	42	48	63	72	79	83	89	119	134	137	154	159	162	169	175	178	191	195	228	300	#
236	350.538	10	48	66	225	301	#
237	364.244	38	81	177	225	301	#
238	299.007	48	113	181	191	301	#
239	225.143	20	66	143	209	301	#
240	221.151	10	90	108	138	301	#
241	117.269	82	203	302	#
242	155.904	82	251	302	#
243	136.36	168	203	302	#
244	1268.74	26	29	33	56	60	68	84	91	99	110	113	156	173	186	226	237	303	#
245	1394.02	33	36	46	58	60	75	109	110	119	169	171	198	213	225	241	242	303	#
246	1287.76	19	41	67	70	86	91	106	122	150	156	161	163	177	183	224	254	303	#
247	1217.71	2	27	55	56	81	104	114	144	152	174	178	186	221	226	232	234	303	#
248	1211.67	11	26	43	45	65	70	81	91	135	136	137	154	178	188	201	225	303	#
249	1190.83	12	41	77	115	119	122	136	140	149	169	183	186	209	212	214	226	303	#
250	139.806	4	71	304	#
251	188.818	4	156	304	#
252	160.704	71	230	304	#
253	1269.84	8	59	60	67	85	86	106	128	158	165	171	186	197	231	239	246	251	254	305	#
254	1404.34	2	29	41	53	59	79	94	122	125	128	139	141	185	192	217	221	238	252	305	#
255	1353.72	29	54	55	112	114	122	137	138	164	176	185	213	219	231	239	240	246	250	305	#
256	1319.8	10	15	18	38	40	98	111	130	135	136	141	156	165	180	204	220	236	254	305	#
257	1201.91	39	54	62	80	85	86	106	115	128	145	154	185	191	193	195	225	235	243	305	#
258	1201.89	7	16	38	41	67	98	103	112	114	115	131	145	151	165	175	185	231	251	305	#
259	1849.72	4	14	17	25	31	53	66	71	75	104	120	123	134	143	148	149	154	162	174	175	180	188	194	196	198	218	219	223	228	253	306	#
260	2157.33	3	14	43	52	59	62	74	75	79	80	81	113	124	143	145	148	154	165	166	172	175	182	185	190	191	207	228	236	239	250	306	#
261	2111.59	16	17	30	35	42	50	73	81	82	83	89	91	97	101	102	110	133	137	155	157	166	169	172	186	193	201	211	213	223	238	306	#
262	2086.59	9	38	39	46	48	51	57	65	69	77	78	80	88	101	102	124	127	129	137	145	149	163	174	175	194	195	219	230	237	238	306	#
263	2063.78	9	22	26	39	48	63	73	74	83	90	110	113	128	137	142	157	172	180	185	186	193	205	210	215	220	221	228	230	241	243	306	#
264	2052.3	3	4	13	19	20	29	32	40	45	50	94	101	112	124	129	134	135	137	143	149	151	158	176	200	205	211	214	218	232	255	306	#
265	260.253	42	101	128	174	228	307	#
266	348.681	42	97	142	191	235	307	#
267	276.012	90	101	196	217	231	307	#
268	236.471	27	95	156	157	174	307	#
269	103.801	80	82	128	176	184	307	#
270	1171.56	0	6	14	34	50	92	108	127	132	167	183	191	197	208	221	247	250	255	308	#
271	1416	43	55	82	88	105	135	136	148	152	157	160	192	193	202	236	252	254	255	308	#
272	1315.99	6	7	22	25	52	66	127	140	144	146	192	197	206	210	219	227	229	235	308	#
273	1242	2	7	9	40	88	94	129	143	166	167	171	172	187	191	192	222	245	254	308	#
274	1241.59	17	20	25	46	63	75	91	103	120	141	143	158	161	177	208	250	252	254	308	#
275	1171.76	0	16	20	26	30	37	62	63	114	147	157	159	169	174	193	197	234	242	308	#
276	53.3585	165	#
277	115.829	139	#
278	1157	9	21	27	37	51	53	54	56	61	80	81	84	115	121	139	145	163	173	219	225	309	#
279	1440.9	26	34	53	56	64	68	82	93	115	133	137	142	143	144	156	178	192	195	196	254	309	#
280	1311.61	2	6	7	27	48	49	74	77	79	80	100	114	138	192	199	204	218	234	240	241	309	#
281	1289.41	0	8	10	26	31	39	49	64	81	87	136	146	164	169	176	183	191	220	250	255	309	#
282	1269.98	0	36	44	52	56	59	70	73	89	92	96	136	159	164	202	208	219	226	232	237	309	#
283	1245.01	12	27	32	37	49	56	58	61	63	99	105	129	141	156	157	178	194	209	248	251	309	#
284	482.241	8	13	22	38	105	129	160	215	310	#
285	558.876	4	9	32	34	73	128	195	215	310	#
286	519.7	4	24	30	38	40	192	227	229	310	#
287	518.144	59	61	83	129	186	199	203	254	310	#
288	516.932	7	22	60	131	181	238	243	247	310	#
289	446.343	17	21	36	125	134	142	153	160	310	#
290	62.3636	121	#
291	698.267	6	11	36	37	59	117	147	189	198	245	311	#
292	883.892	9	37	59	63	65	125	129	165	194	228	311	#
293	684.996	15	47	114	129	183	193	237	242	245	249	311	#
294	679.134	6	11	17	60	67	136	165	168	171	181	311	#
295	678.526	0	29	31	40	76	117	184	235	247	249	311	#
296	675.461	5	7	44	107	118	124	147	155	210	245	311	#
297	245.029	1	15	52	61	120	137	312	#
298	360.89	30	52	81	188	201	242	312	#
299	336.25	1	76	79	94	109	252	312	#
300	305.242	1	67	137	149	163	237	312	#
301	246.152	15	114	158	162	192	205	312	#
302	2204.52	18	29	32	36	37	43	45	60	61	75	82	97	99	110	112	138	140	142	149	156	166	167	174	175	196	203	204	217	219	220	229	234	235	246	250	253	255	313	#
303	2856.03	10	21	23	26	33	37	48	55	61	65	76	89	94	104	106	124	127	129	149	159	160	165	167	170	171	185	191	194	198	201	205	229	233	239	246	250	254	313	#
304	2800.71	19	23	28	37	40	41	45	48	51	55	58	61	62	64	67	73	74	76	82	88	91	98	99	108	112	124	126	127	132	156	188	192	194	201	224	234	239	313	#
305	2713.83	1	6	16	25	36	37	61	71	75	82	85	88	91	96	107	113	116	128	164	165	175	178	179	185	199	210	213	216	221	224	235	239	240	246	247	248	254	313	#
306	2642.46	0	12	25	30	37	39	46	73	74	75	85	88	90	91	96	97	99	103	107	114	128	129	130	142	157	162	175	178	182	187	191	206	208	223	224	243	254	313	#
307	2586.38	4	24	26	36	52	54	59	61	62	73	76	81	90	95	96	98	99	100	122	124	129	130	136	142	144	157	163	165	167	184	185	209	213	225	231	234	242	313	#
308	429.345	3	20	127	140	232	314	#
309	410.399	3	22	69	177	208	314	#
310	378.471	6	140	190	232	246	314	#
311	358.138	36	140	187	204	251	314	#
312	313.421	5	83	84	116	127	314	#
313	166.324	20	118	142	152	224	314	#
314	2971.87	0	6	18	25	31	44	48	58	63	69	72	73	76	95	101	106	111	116	126	130	131	132	140	146	156	158	161	168	169	177	183	192	193	196	206	211	220	224	227	229	240	246	247	252	315	#
315	3249.72	2	24	30	33	37	49	58	60	63	73	76	77	78	89	98	100	101	103	107	109	113	114	125	129	130	137	142	144	155	156	168	171	174	175	191	193	194	215	217	224	231	233	242	251	315	#
316	3150.23	0	2	21	31	43	44	45	51	53	63	68	70	73	79	103	115	117	121	131	135	145	151	157	160	165	172	178	181	184	185	186	191	197	199	202	204	207	214	217	221	231	232	233	250	315	#
317	3104.42	10	20	21	26	27	31	36	38	42	50	59	72	76	80	81	83	89	92	95	96	98	112	113	116	130	131	152	155	157	160	172	173	181	183	185	191	192	201	209	215	226	228	232	234	315	#
318	3072.06	0	2	16	26	30	37	45	60	71	77	83	92	93	101	104	105	113	127	130	137	138	142	144	147	152	153	156	158	164	165	171	180	181	191	195	206	207	215	228	231	234	246	248	254	315	#
319	3068.49	1	12	15	18	20	21	27	35	37	38	43	48	53	54	79	86	87	93	97	100	101	102	131	139	140	145	156	157	165	169	171	176	180	190	191	193	202	213	224	227	228	231	244	248	315	#
320	194.377	46	56	231	316	#
321	259.953	46	63	155	316	#
322	201.571	13	98	231	316	#
323	192.847	56	137	152	316	#
324	216.673	44	89	122	317	#
325	253.047	44	65	90	317	#
326	124.256	3	89	209	317	#
327	110.812	106	122	242	317	#
328	313.428	14	41	97	102	157	249	318	#
329	372.51	41	44	73	131	137	175	318	#
330	355.486	13	23	47	49	177	249	318	#
331	353.209	0	95	121	157	200	245	318	#
332	138.601	37	94	97	112	189	242	318	#
333	144.513	4	74	319	#
334	167.929	0	74	319	#
335	109.147	4	211	319	#
336	955.267	22	40	42	59	75	87	105	126	149	151	152	177	205	227	320	#
337	1145.12	13	23	30	35	45	95	120	149	153	156	169	173	232	240	320	#
338	961.185	9	35	62	68	87	97	121	136	149	218	227	229	233	254	320	#
339	944.434	2	39	40	82	130	148	164	168	177	196	212	214	219	255	320	#
340	923.343	3	20	32	65	91	92	105	122	132	182	197	198	220	235	320	#
341	894.65	15	18	22	39	80	93	137	144	154	156	173	197	233	240	320	#
342	476.471	6	17	20	40	136	139	206	253	321	#
343	713.827	17	25	99	106	158	212	224	249	321	#
344	653.671	43	65	135	136	137	139	194	241	321	#
345	583.854	20	21	23	98	106	132	136	170	321	#
346	549.314	50	59	93	126	198	206	223	239	321	#
347	534.995	20	29	92	140	225	229	233	253	321	#
348	1407.26	4	8	20	40	41	52	57	67	69	75	88	91	92	99	118	121	125	147	149	151	168	170	179	184	193	202	211	221	224	229	237	252	253	322	#
349	2081.4	8	12	29	35	47	69	72	76	80	91	104	114	119	121	122	154	157	161	162	166	168	180	188	191	194	201	229	232	233	237	243	244	247	322	#
350	2076.39	1	2	9	15	32	35	61	69	72	82	88	95	97	106	133	141	152	154	156	160	161	168	170	174	178	184	196	210	224	231	239	250	251	322	#
351	2013.93	2	5	28	33	35	36	55	69	87	92	108	118	133	135	137	146	147	148	157	175	180	185	191	196	197	204	206	223	226	245	246	254	255	322	#
352	2002.61	9	17	20	22	26	51	57	60	70	73	92	108	122	124	141	145	151	167	168	171	176	179	185	191	196	200	201	207	217	223	230	242	246	322	#
353	1996.46	3	8	40	76	79	100	112	115	117	119	122	136	143	145	154	157	179	180	182	183	193	194	197	200	202	225	230	231	237	238	239	248	255	322	#
354	41.4805	29	#
355	140.751	86	#
356	539.957	32	40	97	117	130	153	162	193	209	228	323	#
357	756.092	2	28	42	68	71	78	117	181	211	213	323	#
358	620.783	94	97	102	153	170	179	190	195	228	240	323	#
359	561.289	40	52	77	88	142	184	194	202	204	225	323	#
360	554.28	29	62	75	109	171	178	199	208	228	253	323	#
361	552.452	115	123	130	166	176	183	193	218	234	247	323	#
362	653.268	13	52	69	71	131	188	189	230	324	#
363	588.19	14	64	68	71	85	102	103	157	324	#
364	580.387	27	46	69	110	115	172	204	234	324	#
365	553.163	13	16	62	69	108	195	227	247	324	#
366	514.759	0	14	42	50	114	187	228	230	324	#
367	497.306	37	53	89	129	144	183	188	254	324	#
368	479.462	9	31	49	63	78	191	218	325	#
369	530.336	17	49	78	82	100	201	250	325	#
370	501.602	57	101	114	121	132	218	246	325	#
371	498.547	12	30	37	78	83	145	154	325	#
372	489.407	13	20	63	69	96	169	224	325	#
373	469.642	18	31	132	167	177	188	195	325	#
374	24.8878	21	#
375	274.453	38	85	106	125	150	326	#
376	386.545	100	103	106	113	218	326	#
377	334.619	29	85	97	193	197	326	#
378	322.913	38	64	138	210	213	326	#
379	227.117	30	125	200	211	245	326	#
380	206.126	27	76	150	162	237	326	#
381	642.776	1	84	112	114	127	137	138	174	177	197	204	248	327	#
382	842.078	68	74	87	115	119	120	138	155	206	210	217	233	327	#
383	807.557	15	18	20	64	67	83	117	137	139	172	183	238	327	#
384	797.042	6	34	86	92	119	127	156	189	201	226	244	254	327	#
385	792.117	2	16	64	74	83	91	99	112	139	186	194	224	327	#
386	714.275	2	19	122	140	164	173	175	186	190	207	210	248	327	#
387	1039.38	19	48	59	74	90	117	121	130	161	167	203	229	237	328	#
388	1223.29	14	17	20	34	35	58	66	74	163	174	208	212	246	328	#
389	1054.91	22	26	47	72	74	79	137	167	177	219	233	237	240	328	#
390	986.903	5	8	45	50	60	76	100	109	135	154	226	237	250	328	#
391	902.53	23	43	60	91	117	133	163	164	177	184	186	226	229	328	#
392	893.47	6	23	56	94	107	121	187	192	219	228	237	242	250	328	#
393	300.775	33	144	159	223	329	#
394	392.462	105	159	198	203	329	#
395	357.158	64	177	194	223	329	#
396	283.244	79	144	145	216	329	#
397	168.134	33	57	109	254	329	#
398	1223.53	20	23	25	28	31	54	85	113	116	137	168	200	204	207	221	228	238	243	330	#
399	1385.61	6	12	17	18	29	35	43	98	122	123	172	191	198	211	217	228	246	253	330	#
400	1368.8	19	21	29	30	46	53	54	85	122	123	130	172	179	221	232	236	252	254	330	#
401	1329.25	8	37	43	46	69	74	79	91	103	117	123	134	167	194	200	207	230	232	330	#
402	1318.77	1	24	54	58	65	79	94	109	127	131	136	158	175	220	234	236	239	243	330	#
403	1243.94	1	6	12	35	41	57	62	85	87	89	107	137	165	190	200	240	247	251	330	#
404	129.565	123	196	331	#
405	174.56	32	123	331	#
406	102.857	33	196	331	#
407	282.683	26	62	186	218	234	332	#
408	302.818	26	71	102	148	233	332	#
409	265.974	22	106	168	218	252	332	#
410	240.084	62	82	147	181	193	332	#
411	226.327	137	165	186	209	238	332	#
412	189.749	116	156	234	252	255	332	#
413	981.569	10	46	63	85	101	127	143	183	214	216	221	235	236	333	#
414	1089.6	17	20	46	54	102	107	127	144	182	185	201	205	231	333	#
415	1008.59	18	27	105	118	144	145	165	170	204	221	228	232	254	333	#
416	983.901	7	8	28	40	43	59	60	86	112	153	171	183	244	333	#
417	930.77	46	71	85	108	142	144	158	197	199	216	221	230	250	333	#
418	925.834	22	58	62	63	93	101	109	115	179	187	201	213	241	333	#
419	859.757	20	34	59	69	73	115	120	126	151	165	174	180	199	202	203	235	245	334	#
420	1176.26	17	18	32	59	69	119	145	176	182	183	202	207	212	226	227	244	250	334	#
421	1139.42	50	69	82	95	103	140	143	144	153	156	158	163	165	173	183	203	236	334	#
422	1097.37	1	20	23	39	42	50	62	121	125	128	141	142	149	151	194	195	225	334	#
423	1094.14	25	26	43	64	116	137	164	174	175	177	180	182	197	199	212	237	243	334	#
424	1076.06	15	39	43	95	105	121	132	142	160	161	174	188	208	212	216	226	242	334	#
425	875.585	37	89	103	143	171	172	182	218	222	223	251	255	335	#
426	1004.39	64	99	131	152	155	169	173	174	177	179	195	255	335	#
427	972.572	19	38	56	58	69	83	218	223	228	229	234	240	335	#
428	923.549	42	58	95	115	127	135	196	205	243	247	251	253	335	#
429	835.657	14	26	32	37	72	82	91	93	114	130	190	217	335	#
430	831.404	1	23	26	41	72	76	94	167	171	177	211	255	335	#
431	533.321	8	10	58	96	118	140	162	200	231	336	#
432	777.443	28	65	68	126	181	191	192	200	233	336	#
433	754.427	12	28	89	107	130	153	179	217	231	336	#
434	587.691	18	20	23	89	140	164	177	233	245	336	#
435	578.779	10	50	63	74	97	117	149	188	204	336	#
436	515.012	8	78	82	85	89	197	218	227	248	336	#
437	57.3297	42	198	208	337	#
438	78.2859	42	76	116	337	#
439	529.309	10	16	21	44	86	89	151	158	184	195	244	338	#
440	758.548	16	29	75	97	128	177	192	213	216	235	254	338	#
441	701.023	0	17	60	98	140	151	172	198	218	240	244	338	#
442	579.887	68	82	100	123	174	191	193	204	224	228	244	338	#
443	574.93	10	67	91	93	113	129	145	157	166	243	249	338	#
444	554.128	6	14	82	85	89	91	102	153	172	249	252	338	#
445	77.0656	206	#
446	1432.76	18	27	80	86	90	94	96	112	115	116	127	130	145	147	148	153	181	201	205	228	231	246	339	#
447	1737.61	4	7	16	17	29	39	43	67	85	93	133	139	145	159	168	169	172	181	193	212	246	253	339	#
448	1660.25	2	17	29	46	48	50	65	89	96	115	135	149	152	153	156	163	166	178	191	199	208	237	339	#
449	1555.08	7	13	23	25	41	60	115	119	125	128	130	133	153	179	187	188	206	208	230	232	236	246	339	#
450	1522.26	3	30	37	42	51	68	71	75	79	84	88	92	99	105	116	159	165	192	209	236	248	250	339	#
451	1496.72	39	69	77	86	104	106	112	120	121	125	136	144	155	158	177	181	200	206	207	215	232	252	339	#
452	121.568	68	90	107	340	#
453	127.783	68	198	247	340	#
454	85.5583	88	107	179	340	#
455	209.158	102	106	341	#
456	170.082	106	193	341	#
457	159.265	102	192	341	#
458	120.774	65	#
459	613.789	24	67	70	90	120	122	135	153	172	184	240	342	#
460	853.098	27	62	76	82	107	147	169	171	184	200	209	342	#
461	831.917	12	17	27	32	67	74	111	120	121	158	249	342	#
462	823.194	8	20	76	85	89	101	127	150	153	183	216	342	#
463	766.255	29	55	68	70	122	180	198	230	231	244	253	342	#
464	730.874	5	10	19	43	65	72	89	126	153	218	240	342	#
465	332.312	19	49	90	106	121	179	343	#
466	460.722	2	19	105	151	212	243	343	#
467	406.856	44	133	146	179	183	208	343	#
468	394.998	8	75	106	155	165	221	343	#
469	311.363	45	49	53	69	82	185	343	#
470	249.039	32	97	101	121	199	204	343	#
471	233.747	172	221	226	344	#
472	243.077	110	144	172	344	#
473	241.671	113	221	222	344	#
474	167.83	17	138	226	344	#
475	245.526	38	80	124	178	211	233	345	#
476	295.037	22	121	178	187	209	240	345	#
477	192.551	34	42	99	112	147	233	345	#
478	249.836	65	130	241	346	#
479	263.152	130	213	215	346	#
480	259.835	183	197	241	346	#
481	225.083	16	65	235	346	#
482	1181.86	34	97	118	124	125	129	144	149	157	161	165	176	178	197	214	216	222	246	248	347	#
483	1368.85	10	15	18	37	70	80	98	122	126	144	175	203	220	228	232	240	244	247	251	347	#
484	1351.55	26	36	43	59	66	69	80	98	163	178	190	206	211	228	230	234	235	244	246	347	#
485	1343.52	9	23	48	58	65	69	71	79	89	90	149	160	161	164	166	191	218	221	249	347	#
486	1338.27	3	15	18	26	56	59	90	126	135	153	161	197	202	207	211	214	218	229	230	347	#
487	1333.36	6	13	22	24	36	43	44	58	66	98	102	136	144	149	154	161	164	212	247	347	#
488	11.0812	72	#
489	1301.24	7	20	23	30	56	72	96	109	128	143	181	188	213	219	221	225	226	228	238	243	348	#
490	1764.69	2	10	35	49	72	89	106	115	122	145	149	158	173	177	197	203	221	223	237	247	348	#
491	1539.03	16	65	90	92	98	108	123	129	150	151	170	185	195	203	220	228	229	238	246	251	348	#
492	1370.04	2	10	12	16	39	75	83	90	117	119	126	146	147	173	175	176	200	206	213	232	348	#
493	1326.15	24	28	48	56	82	83	92	101	102	103	117	123	134	138	172	177	181	205	212	233	348	#
494	1323.63	6	12	15	20	22	30	50	60	62	81	86	88	91	107	108	172	192	220	240	255	348	#
495	454.257	3	68	106	171	223	240	349	#
496	477.036	58	93	115	127	150	240	349	#
497	444.441	36	50	60	170	200	223	349	#
498	433.975	5	106	137	155	186	246	349	#
499	354.238	5	46	94	103	171	231	349	#
500	353.465	68	118	125	211	212	231	349	#
501	605.894	2	5	65	91	100	129	154	161	209	233	350	#
502	778.861	2	36	61	83	99	119	161	185	213	254	350	#
503	681.008	19	44	53	57	78	100	107	192	198	206	350	#
504	678.597	5	19	74	108	130	141	189	212	225	233	350	#
505	631.856	27	50	62	65	100	107	108	129	211	243	350	#
506	601.971	5	45	55	57	121	171	198	200	206	219	350	#
507	669.034	13	36	51	56	66	96	127	134	140	144	148	156	210	244	250	351	#
508	891.778	13	24	36	39	70	109	110	127	159	180	209	213	224	250	252	351	#
509	881.683	9	29	100	104	107	121	123	139	162	192	198	201	210	220	251	351	#
510	880.038	3	8	13	34	79	82	122	125	164	166	171	173	176	196	211	351	#
511	855.56	1	9	15	47	65	84	88	99	134	163	167	183	189	219	247	351	#
512	822.734	1	24	50	63	77	82	100	109	114	139	140	168	207	208	241	351	#
513	76.6881	19	162	#
514	7.82757	216	#
515	521.362	5	14	70	87	101	163	185	352	#
516	472.226	35	46	47	56	101	108	197	352	#
517	454.231	70	76	94	133	169	188	247	352	#
518	446.243	14	56	84	131	141	202	255	352	#
519	415.399	56	87	91	99	101	139	143	352	#
520	381.984	56	168	185	210	214	223	236	352	#
521	1221.81	23	60	64	71	83	91	105	112	120	129	150	157	169	171	181	184	187	225	232	253	353	#
522	1562.37	3	35	36	45	64	65	73	97	129	130	144	153	154	159	165	175	211	234	246	251	353	#
523	1524.14	13	20	24	31	62	71	78	79	80	81	95	128	132	137	146	175	187	198	201	226	353	#
524	1432.81	20	23	32	42	73	81	95	122	123	126	128	130	158	162	177	184	201	224	236	255	353	#
525	1397.7	24	38	41	43	47	70	72	117	120	137	142	160	164	170	171	214	228	229	236	253	353	#
526	1335.87	9	17	21	37	39	48	59	62	67	75	81	85	103	111	130	180	181	182	239	248	353	#
527	56.7027	30	#
528	1227.3	1	27	45	46	62	81	83	95	105	139	140	158	159	169	179	198	200	236	243	354	#
529	1481.1	9	12	27	30	40	70	72	81	102	105	117	127	145	169	226	232	245	246	249	354	#
530	1434.94	4	7	21	48	60	81	83	92	108	119	133	145	175	186	194	206	230	238	251	354	#
531	1432.43	24	34	45	60	82	97	154	162	195	203	208	212	214	228	241	244	250	251	255	354	#
532	1359.02	3	4	37	53	59	62	64	84	117	121	131	132	139	149	154	175	180	194	235	354	#
533	1271.61	17	24	36	94	101	108	110	111	140	144	179	182	186	193	226	227	232	236	250	354	#
534	512.558	5	15	58	74	83	85	95	97	117	145	174	209	355	#
535	734.392	16	75	127	133	145	159	165	206	216	223	224	229	355	#
536	708.201	17	27	68	83	85	98	162	172	181	184	245	254	355	#
537	669.541	17	29	74	89	95	111	120	161	168	171	210	222	355	#
538	655.343	27	31	64	117	149	158	161	189	213	237	242	253	355	#
539	643.939	0	5	40	60	87	89	124	126	131	145	220	221	355	#
540	396.398	195	198	218	223	356	#
541	312.315	76	127	218	228	356	#
542	294.302	5	30	195	215	356	#
543	253.336	87	115	142	198	356	#
544	191.747	3	181	223	254	356	#
545	2740.71	18	21	28	40	47	50	59	61	64	74	89	95	106	107	111	112	115	119	123	130	134	136	158	161	163	168	172	173	183	203	209	216	218	219	227	228	233	237	238	242	357	#
546	2928.36	31	36	37	38	43	45	56	57	66	77	86	95	105	115	123	127	129	131	132	133	138	141	143	158	166	172	182	188	192	197	206	208	212	221	225	230	238	242	247	251	357	#
547	2852.19	25	33	46	49	58	60	66	68	73	74	90	94	98	99	107	109	115	120	125	127	130	149	151	152	154	163	165	190	192	198	203	208	212	215	219	221	233	236	238	245	357	#
548	2816.54	7	22	24	27	28	32	34	36	40	43	45	49	58	67	69	74	75	76	82	99	103	108	111	126	128	150	156	169	186	194	195	196	202	216	221	232	237	244	246	247	357	#
549	2704.85	2	20	28	55	59	60	67	71	83	94	101	108	119	127	132	137	138	140	143	150	154	155	158	160	161	167	173	175	185	192	195	207	209	230	234	237	238	240	244	247	357	#
550	2589.69	4	5	8	18	20	21	25	30	33	37	38	40	43	51	53	56	72	84	86	90	97	105	119	120	125	135	149	163	167	192	198	204	209	213	216	232	236	242	247	249	357	#
551	114.132	38	#
552	432.099	20	97	121	128	209	215	220	358	#
553	569.801	9	130	131	190	205	209	230	358	#
554	515.5	3	28	32	84	128	135	159	358	#
555	456.207	3	67	112	136	192	206	220	358	#
556	427.668	28	121	143	179	202	221	252	358	#
557	322.812	35	85	88	89	90	91	215	358	#
558	166.843	96	158	359	#
559	158.071	96	233	359	#
560	109.536	40	158	359	#
561	1135.68	14	33	38	57	59	63	98	117	126	130	132	166	175	178	196	215	219	255	360	#
562	1342.73	30	39	41	45	47	49	54	57	59	75	82	126	137	156	192	196	199	215	360	#
563	1321.95	2	19	23	58	64	95	105	143	149	169	170	178	179	198	219	226	228	229	360	#
564	1317.49	21	33	36	45	49	57	59	60	63	111	124	141	170	177	180	181	200	245	360	#
565	1305.64	20	36	69	79	84	97	100	130	141	155	156	178	189	190	204	215	230	247	360	#
566	1263.25	2	52	59	106	123	131	137	140	164	171	179	190	191	198	215	224	243	249	360	#
567	970.133	76	89	102	115	119	145	165	166	219	237	241	252	361	#
568	956.447	27	39	93	102	140	156	167	171	215	233	236	241	361	#
569	928.955	16	74	95	122	133	165	172	187	198	227	252	254	361	#
570	925.969	19	44	48	55	82	96	105	149	172	184	190	237	361	#
571	906.711	3	64	66	75	109	152	156	164	165	166	171	230	361	#
572	872.087	13	68	99	135	145	168	186	214	215	220	233	254	361	#
573	279.483	8	32	48	160	362	#
574	329.386	6	48	111	246	362	#
575	255.216	42	105	160	245	362	#
576	254.025	32	113	199	235	362	#
577	168.283	8	27	46	243	362	#
578	532.39	33	98	109	139	156	201	208	363	#
579	568.608	4	23	53	128	130	139	212	363	#
580	510.951	18	20	29	109	113	175	218	363	#
581	476.69	85	113	148	171	177	184	201	363	#
582	379.904	97	182	189	207	208	230	234	363	#
583	342.257	10	144	156	174	205	220	252	363	#
584	487.448	8	22	25	35	43	97	98	109	205	364	#
585	713.158	8	38	39	101	122	126	180	186	222	364	#
586	612.939	24	26	30	75	113	158	167	205	221	364	#
587	607.24	3	18	27	35	77	134	135	146	167	364	#
588	600.042	15	27	43	64	77	108	116	174	177	364	#
589	521.965	93	97	107	140	149	170	181	186	216	364	#
590	137.543	221	#
591	282.457	52	74	82	113	114	365	#
592	368.72	71	74	80	208	239	365	#
593	323.892	52	55	95	173	249	365	#
594	312.669	13	53	74	82	232	365	#
595	303.22	89	114	140	194	237	365	#
596	250.27	61	109	113	133	136	365	#
597	1601.05	13	28	29	31	59	68	69	72	81	88	94	95	115	116	125	134	143	146	160	173	176	212	218	224	227	240	241	366	#
598	1833.16	9	37	40	45	71	83	92	95	96	107	144	147	148	153	156	158	161	173	174	189	205	231	238	240	246	248	250	366	#
599	1824.18	22	28	29	33	37	45	69	76	84	86	87	92	95	106	111	126	138	148	198	199	208	213	227	239	247	248	249	366	#
600	1733.2	19	21	26	68	72	74	84	88	89	94	99	111	119	124	129	136	155	185	186	193	194	195	213	218	241	246	250	366	#
601	1721.58	13	17	19	32	37	45	50	61	89	95	100	119	122	151	159	161	163	164	168	182	203	205	211	212	216	245	251	366	#
602	1712.88	1	28	29	32	47	48	61	64	73	75	87	93	105	112	116	125	149	158	160	170	171	173	185	193	227	231	237	366	#
603	230.737	0	10	16	215	367	#
604	285.888	0	1	40	228	367	#
605	251.959	10	196	215	230	367	#
606	206.13	10	117	219	228	367	#
607	170.236	16	22	52	124	367	#
608	205.345	17	86	134	157	249	368	#
609	295.106	86	98	135	138	215	368	#
610	256.684	135	142	157	175	198	368	#
611	420.392	54	74	146	194	236	369	#
612	434.839	12	65	74	190	246	369	#
613	419.964	66	77	79	135	194	369	#
614	353.167	51	147	158	179	236	369	#
615	269.527	0	146	163	189	194	369	#
616	210.884	6	54	59	212	247	369	#
617	287.211	24	54	141	164	191	208	370	#
618	390.55	50	58	77	164	169	202	370	#
619	372.915	7	55	141	207	230	253	370	#
620	349.409	18	24	59	182	184	234	370	#
621	326.966	71	91	97	114	139	208	370	#
622	184.886	31	49	54	70	143	176	370	#
623	597.143	17	96	106	123	145	182	193	371	#
624	577.698	87	161	182	183	200	202	228	371	#
625	498.066	2	16	81	96	108	125	240	371	#
626	447.06	12	17	23	60	131	184	249	371	#
627	378.819	10	34	76	83	130	193	237	371	#
628	341.949	0	5	24	39	106	254	255	371	#
629	616.962	57	93	115	121	138	139	162	182	194	372	#
630	581.257	20	37	61	105	121	161	163	201	222	372	#
631	573.492	76	97	139	142	145	178	217	220	240	372	#
632	564.823	42	50	60	100	101	102	138	149	242	372	#
633	561.039	30	90	116	137	166	173	182	201	227	372	#
634	550.34	8	28	29	57	74	83	115	139	222	372	#
635	260.404	33	45	117	134	143	192	373	#
636	302.821	88	109	170	191	192	207	373	#
637	301.125	21	38	45	115	207	215	373	#
638	265.838	25	44	77	113	117	153	373	#
639	227.947	11	17	33	56	108	125	373	#
640	203.828	4	8	56	69	143	175	373	#
641	55.4094	248	#
642	466.939	38	119	130	150	173	230	250	374	#
643	589.845	16	130	133	158	167	226	246	374	#
644	543.67	33	103	117	172	181	236	250	374	#
645	528.6	6	67	68	69	119	198	215	374	#
646	423.916	10	38	93	115	137	150	207	374	#
647	402.217	7	22	50	116	165	202	230	374	#
648	481.526	17	34	45	69	136	213	375	#
649	475.183	38	163	187	213	233	254	375	#
650	366.587	44	45	121	164	198	235	375	#
651	359.375	50	109	136	150	165	231	375	#
652	356.956	69	80	189	191	204	228	375	#
653	354.289	17	22	45	109	126	143	375	#
654	447.756	3	50	70	124	154	187	376	#
655	494.518	0	23	50	66	240	248	376	#
656	481.167	23	80	124	147	210	250	376	#
657	440.299	51	70	114	144	154	244	376	#
658	409.129	3	73	90	110	144	145	376	#
659	341.487	1	8	73	114	154	246	376	#
660	79.5922	32	#
661	1348.86	2	13	35	52	73	80	124	129	130	149	167	171	175	194	202	210	215	232	248	252	377	#
662	1567.92	21	24	29	73	79	92	96	104	108	135	148	153	164	172	177	181	202	224	240	244	377	#
663	1373.42	36	39	40	43	49	68	88	106	132	136	139	146	151	175	197	205	221	226	238	239	377	#
664	1345.35	40	45	62	76	77	86	87	101	112	129	139	151	164	165	171	198	211	220	225	254	377	#
665	1341.5	1	12	16	42	45	92	114	126	130	140	167	175	181	184	188	195	202	232	238	242	377	#
666	1335.51	8	11	39	62	64	71	95	100	127	133	159	170	174	177	194	202	205	209	225	231	377	#
667	965.497	24	28	46	78	83	87	121	132	150	165	179	190	192	212	228	240	378	#
668	1153.37	17	28	35	72	92	98	99	151	155	177	190	195	196	200	243	246	378	#
669	1095.17	48	54	66	106	111	136	146	156	162	172	199	212	222	237	240	255	378	#
670	1061.88	14	21	26	32	60	111	121	123	125	126	132	136	144	207	217	231	378	#
671	1055.8	9	23	24	42	51	73	113	128	148	193	202	207	212	215	225	231	378	#
672	961.433	17	25	54	86	102	129	130	150	161	166	178	185	190	225	241	245	378	#
673	496.42	7	39	83	93	102	159	253	379	#
674	633.955	39	63	113	177	182	209	213	379	#
675	508.243	7	60	90	101	110	139	247	379	#
676	437.336	84	89	93	179	188	210	223	379	#
677	395.011	6	54	58	159	196	203	250	379	#
678	367.324	53	66	80	86	194	234	253	379	#
679	499.42	17	18	95	109	125	177	195	199	248	380	#
680	682.798	17	65	71	76	121	132	166	201	252	380	#
681	598.918	69	90	98	100	106	153	199	208	215	380	#
682	440.976	3	18	50	54	70	150	220	242	254	380	#
683	387.272	42	44	97	121	153	163	165	195	198	380	#
684	355.934	15	45	142	145	160	207	214	245	248	380	#
685	94.1488	46	50	381	#
686	140.86	46	150	381	#
687	70.6934	50	70	381	#
688	850.89	68	74	82	94	100	111	146	151	178	212	213	215	223	247	382	#
689	982.391	13	22	43	48	74	95	101	111	166	169	185	220	240	250	382	#
690	979.027	1	50	54	109	121	135	150	168	181	200	212	215	234	236	382	#
691	929.643	9	10	84	89	96	105	131	153	180	185	195	213	218	242	382	#
692	914.53	34	45	64	82	86	103	106	123	125	133	141	167	204	255	382	#
693	900.686	8	24	25	33	47	52	68	75	149	165	180	197	202	235	382	#
694	866.898	3	5	19	31	34	39	42	108	112	123	155	174	185	205	223	252	383	#
695	1287.21	26	28	36	73	78	97	123	136	157	158	172	184	185	225	229	242	383	#
696	1112.16	25	27	37	48	85	94	104	123	147	151	154	166	167	177	213	241	383	#
697	1094.81	7	9	13	26	37	48	72	95	164	169	174	177	185	216	222	251	383	#
698	1054.21	8	73	80	113	128	133	148	172	188	192	200	201	205	229	232	251	383	#
699	1042.94	2	24	31	33	34	36	51	90	95	136	140	159	160	174	199	200	383	#
700	706.727	53	79	85	105	126	150	153	154	204	220	252	384	#
701	774.203	6	12	22	30	93	157	168	204	218	228	245	384	#
702	768.686	53	64	71	93	114	120	132	136	169	173	218	384	#
703	768.295	0	74	83	85	102	113	167	173	226	236	243	384	#
704	760.691	56	58	65	67	80	105	141	167	171	205	241	384	#
705	696.96	8	11	95	104	111	131	135	150	152	161	206	384	#
706	209.441	111	172	385	#
707	79.8264	53	172	385	#
708	37.0341	154	#
709	413.095	22	24	96	116	208	235	386	#
710	484.192	24	28	31	106	113	143	386	#
711	455.291	1	27	89	96	154	254	386	#
712	354.195	78	116	117	218	235	250	386	#
713	346.897	28	94	122	124	207	208	386	#
714	332.349	6	33	116	167	194	215	386	#
715	121.415	84	171	387	#
716	137.436	12	171	387	#
717	135.541	78	84	387	#
718	301.364	50	96	119	128	388	#
719	318.497	41	50	106	229	388	#
720	268.771	96	120	150	253	388	#
721	190.415	128	202	217	239	388	#
722	134.275	94	95	99	119	388	#
723	325.701	0	79	109	125	190	217	222	226	389	#
724	483.479	76	109	125	134	149	184	204	233	389	#
725	422.37	9	44	45	61	79	152	190	234	389	#
726	420.409	56	95	105	136	161	187	208	222	389	#
727	413.425	12	33	51	109	156	174	226	254	389	#
728	295.762	22	52	63	110	124	141	147	217	389	#
729	1220.22	23	40	58	63	84	86	100	147	156	164	170	197	229	238	240	249	252	390	#
730	1364.62	16	20	23	35	37	46	58	81	91	96	138	156	173	185	192	211	245	390	#
731	1208.57	5	33	37	65	78	82	93	117	135	139	146	147	150	156	188	217	249	390	#
732	1141.91	34	41	42	49	56	78	87	108	155	158	183	190	205	240	241	249	252	390	#
733	1086.65	3	14	62	65	66	86	98	117	132	152	153	161	175	185	186	211	228	390	#
734	1073.2	0	31	32	63	84	91	96	104	122	129	134	135	148	197	198	214	216	390	#
735	1112.84	18	31	48	53	58	92	97	104	110	111	121	126	144	148	179	215	246	391	#
736	1185.66	32	34	62	80	84	98	117	119	121	127	131	139	148	150	183	219	224	391	#
737	1172.6	5	10	20	21	55	63	64	81	84	86	136	160	179	185	192	243	246	391	#
738	1137.69	10	32	65	67	73	75	101	118	121	129	181	186	202	207	221	223	245	391	#
739	1107.1	11	17	23	37	48	49	66	73	93	145	186	200	206	216	228	243	249	391	#
740	1097.15	8	10	21	47	70	95	112	126	133	138	176	195	197	214	226	229	241	391	#
741	548.526	22	49	100	129	134	156	174	176	210	223	253	392	#
742	779.916	21	49	55	63	85	105	123	128	137	169	245	392	#
743	756.204	2	64	79	110	123	156	172	211	217	237	251	392	#
744	641.843	5	20	35	44	93	156	158	220	226	250	253	392	#
745	598.28	78	103	117	149	163	171	183	187	202	222	223	392	#
746	590.203	65	96	103	129	184	188	206	211	240	243	247	392	#
747	121.671	45	52	393	#
748	76.7852	52	92	393	#
749	75.9118	146	#
750	176.745	107	227	394	#
751	196.675	59	227	394	#
752	1454.24	6	23	25	41	44	50	68	71	98	106	127	133	137	163	168	189	208	215	226	231	239	395	#
753	1645.36	8	14	36	41	48	60	63	65	66	76	78	81	97	99	117	131	139	169	174	186	213	395	#
754	1604.63	34	44	45	51	55	56	62	73	79	84	98	124	128	129	137	172	208	209	227	236	247	395	#
755	1538.05	12	29	32	43	57	58	71	75	90	104	117	133	134	163	165	171	183	228	236	250	251	395	#
756	1531.87	4	5	23	29	32	38	40	65	71	78	83	89	119	124	130	135	139	143	145	151	229	395	#
757	1469.77	15	16	20	23	35	71	85	86	99	111	127	133	156	181	182	190	191	227	230	231	245	395	#
758	462.133	18	49	91	125	190	205	219	221	247	396	#
759	681.529	2	15	49	76	149	175	190	218	222	396	#
760	607.271	4	9	36	53	80	125	153	182	223	396	#
761	604.606	2	13	30	81	88	160	183	203	205	396	#
762	488.588	1	116	129	135	175	190	214	216	221	396	#
763	295.58	19	22	51	55	57	156	163	174	219	396	#
764	1130.42	3	9	17	26	27	30	38	39	55	87	92	111	140	177	218	220	237	397	#
765	1308.07	13	30	38	55	59	61	71	121	136	153	195	202	203	218	224	228	238	397	#
766	1277.74	4	17	25	38	57	74	84	92	129	136	139	159	169	182	204	206	208	397	#
767	1222.98	18	29	52	70	74	91	103	118	151	153	167	186	197	199	218	223	239	397	#
768	1213.59	22	24	29	39	40	106	128	155	176	191	195	197	212	221	238	239	250	397	#
769	1202.32	9	27	36	51	58	125	131	159	183	187	217	218	225	234	239	240	242	397	#
770	211.884	1	74	104	217	398	#
771	292.589	1	99	131	191	398	#
772	249.35	41	51	217	246	398	#
773	99.2131	30	53	104	160	398	#
774	71.6778	46	209	#
775	2462.67	2	3	19	21	31	33	38	47	48	56	57	59	62	65	69	71	75	106	107	108	118	138	141	145	151	160	179	198	210	215	219	227	228	229	234	244	245	399	#
776	2985.37	14	15	17	30	33	37	40	51	56	57	62	65	70	81	103	111	124	135	144	155	163	194	196	198	202	203	213	218	225	227	229	231	233	241	242	251	254	399	#
777	2685.97	7	16	26	34	36	37	45	46	55	69	74	75	80	82	85	94	100	101	103	105	106	114	132	145	149	162	170	180	190	195	201	208	213	227	230	238	251	399	#
778	2601.12	7	16	26	34	51	59	67	74	80	81	82	83	91	97	100	106	113	117	122	127	132	134	153	160	164	172	186	195	203	214	218	226	239	241	245	248	253	399	#
779	2583.78	2	3	7	18	63	65	72	80	81	91	114	115	117	122	132	136	140	148	152	154	156	179	180	182	191	195	200	204	214	215	224	227	237	239	243	248	253	399	#
780	2554.66	3	9	15	29	37	41	46	48	65	71	81	82	96	99	118	128	131	135	136	137	142	144	145	149	150	157	166	176	197	205	211	213	219	220	228	241	254	399	#
781	448.114	32	88	124	145	163	194	207	238	244	400	#
782	641.477	22	39	71	74	93	137	145	169	201	400	#
783	603.31	74	79	86	123	163	171	197	213	243	400	#
784	569.894	16	153	159	181	207	228	236	245	253	400	#
785	526.564	38	43	109	132	156	162	194	207	236	400	#
786	524.413	1	31	60	88	119	157	170	215	233	400	#
787	367.215	19	50	58	105	174	401	#
788	433.522	7	66	107	118	174	401	#
789	387.011	19	104	129	181	230	401	#
790	294.334	28	45	58	133	163	401	#
791	285.384	11	51	105	170	246	401	#
792	246.879	50	51	69	158	210	401	#
793	518.465	0	47	49	57	63	104	111	127	176	204	214	244	402	#
794	769.849	40	47	57	131	171	183	199	207	224	227	231	239	402	#
795	742.227	3	81	82	96	116	156	159	185	196	207	241	244	402	#
796	707.398	19	86	93	104	132	133	137	145	172	182	195	202	402	#
797	706.086	0	21	55	58	75	108	118	163	194	209	213	241	402	#
798	703.941	23	29	49	69	79	141	146	158	176	203	241	253	402	#
799	466.897	50	69	113	119	168	173	205	403	#
800	571.33	9	49	82	156	173	180	197	403	#
801	537.694	1	27	68	69	152	236	251	403	#
802	526.764	105	119	131	146	199	224	229	403	#
803	432.935	13	26	93	161	168	218	245	403	#
804	428.336	54	70	136	175	205	230	239	403	#
805	1756.01	0	36	40	42	45	58	59	72	83	86	113	115	118	131	136	138	144	161	170	172	173	185	190	202	229	232	241	245	254	404	#
806	2085.39	26	28	34	35	37	38	41	43	44	48	58	59	65	71	74	77	80	104	122	128	145	154	156	178	205	218	244	248	252	404	#
807	2070.36	15	35	40	42	43	69	72	74	86	89	90	98	100	105	110	113	136	138	144	146	158	159	163	166	177	194	203	206	232	404	#
808	1990.63	0	4	12	15	18	20	40	58	72	74	78	79	90	92	101	106	119	126	128	147	149	170	172	175	189	194	201	223	248	404	#
809	1964.93	13	15	19	27	29	33	35	41	47	66	72	105	118	125	127	128	144	152	163	172	178	193	201	215	226	229	243	251	252	404	#
810	1964.51	0	20	37	39	41	64	69	74	85	86	91	104	121	149	152	153	154	162	169	182	194	203	222	223	229	236	238	252	254	404	#
811	600.634	38	84	90	136	149	158	180	204	241	244	253	405	#
812	876.77	25	75	139	146	148	157	188	197	204	227	255	405	#
813	783.309	12	31	32	89	103	171	172	174	180	186	201	405	#
814	703.081	0	24	25	32	34	78	84	93	185	199	252	405	#
815	697.925	9	53	58	73	104	117	234	236	238	240	253	405	#
816	691.425	40	41	42	46	76	113	153	231	241	247	255	405	#
817	239.06	22	61	92	136	140	193	406	#
818	321.508	22	68	126	140	157	168	406	#
819	319.024	49	92	135	181	193	208	406	#
820	304.732	21	32	61	120	213	220	406	#
821	232.518	16	116	117	136	140	198	406	#
822	258.878	66	164	240	407	#
823	269.727	130	164	220	407	#
824	217.196	51	66	101	407	#
825	155.387	3	171	240	407	#
826	420.193	15	85	114	129	169	179	246	252	408	#
827	522.124	2	9	38	68	127	179	211	229	408	#
828	513.323	21	41	99	115	123	190	226	246	408	#
829	486.257	67	97	115	129	148	170	217	229	408	#
830	440.272	13	107	112	135	151	227	228	252	408	#
831	439.463	13	24	49	114	150	159	169	215	408	#
832	342.105	38	115	205	242	409	#
833	338.134	58	115	188	238	409	#
834	273.217	24	156	183	205	409	#
835	241.322	38	204	210	242	409	#
836	300.216	107	134	140	167	186	190	410	#
837	298.459	29	122	131	140	148	187	410	#
838	289.754	2	108	134	219	228	244	410	#
839	286.247	49	84	148	190	192	210	410	#
840	277.393	25	42	67	109	142	167	410	#
841	112.735	70	164	411	#
842	152.983	70	157	411	#
843	119.96	164	215	411	#
844	730.599	10	19	20	82	108	152	183	190	227	232	412	#
845	1061.3	18	19	43	55	62	86	177	182	214	223	412	#
846	836.135	9	31	43	59	114	117	123	164	183	190	412	#
847	785.768	20	26	29	43	110	190	212	229	244	246	412	#
848	755.129	59	63	66	90	125	133	152	168	195	236	412	#
849	705.75	38	89	92	122	128	131	173	193	215	227	412	#
850	224.332	79	139	413	#
851	188.667	79	171	413	#
852	178.418	103	139	413	#
853	2045.54	4	8	12	16	24	34	38	44	60	62	69	74	77	79	130	136	147	155	158	160	163	206	215	216	217	222	223	225	226	229	237	238	240	247	251	414	#
854	2553.83	2	5	9	12	25	31	36	49	54	61	65	84	92	94	95	104	105	119	126	137	153	154	159	169	171	181	192	195	201	203	228	237	239	240	251	414	#
855	2547.64	4	17	18	26	33	35	36	37	48	58	62	78	86	92	111	117	122	128	140	150	156	157	159	164	168	181	185	192	201	212	214	220	231	232	246	414	#
856	2527.26	2	12	31	55	79	94	97	110	121	122	123	133	139	147	148	153	158	161	162	180	181	192	203	205	206	210	212	226	228	234	236	239	250	251	254	414	#
857	2399.29	8	9	11	19	23	25	26	31	41	49	52	55	60	62	63	64	66	85	101	114	121	129	130	144	146	155	161	180	186	201	205	216	235	236	243	414	#
858	2311.24	5	14	19	20	34	39	45	46	51	74	90	102	105	114	117	127	135	150	153	158	161	174	181	183	189	209	220	224	226	228	235	237	238	251	252	414	#
859	857.205	2	10	25	27	52	84	122	126	143	161	166	187	241	415	#
860	960.37	2	8	36	37	59	77	86	99	136	146	158	198	218	415	#
861	921.998	1	62	66	85	115	116	133	143	154	187	205	218	243	415	#
862	881.63	2	40	66	105	110	119	161	172	222	223	239	248	254	415	#
863	869.81	57	69	81	91	118	139	179	191	192	235	241	245	248	415	#
864	746.836	31	39	65	78	87	128	131	142	162	174	187	238	253	415	#
865	54.7611	233	#
866	961.425	3	7	16	41	110	146	152	154	161	179	202	209	241	416	#
867	1031.25	2	19	32	34	41	79	108	121	122	136	179	209	235	416	#
868	932.9	3	66	83	103	107	126	128	136	147	154	181	197	231	416	#
869	912.398	28	41	87	93	97	101	159	161	192	205	217	225	247	416	#
870	807.259	5	38	79	83	136	149	178	188	192	200	230	234	241	416	#
871	773.184	5	7	14	29	45	84	87	97	105	126	140	207	235	416	#
872	241.182	55	56	92	228	417	#
873	280.733	70	75	92	132	417	#
874	218.388	36	38	56	82	417	#
875	178.998	10	55	120	151	417	#
876	532.118	6	11	12	34	51	54	114	115	142	144	232	253	418	#
877	738.24	17	67	71	94	108	115	136	184	192	246	249	253	418	#
878	726.342	31	59	66	73	83	96	98	101	131	170	218	232	418	#
879	717.813	2	32	38	54	55	141	156	167	171	175	190	216	418	#
880	640.667	28	51	52	63	66	74	85	125	186	187	198	239	418	#
881	633.719	18	40	51	88	129	144	161	166	198	226	247	253	418	#
882	60.2337	145	#
883	1022.75	0	40	60	80	117	139	157	159	162	173	203	230	236	419	#
884	1017.81	30	62	64	137	159	179	203	208	212	233	238	242	254	419	#
885	1007.02	0	73	100	111	115	157	200	203	213	230	231	232	241	419	#
886	915.96	14	38	62	82	85	159	166	192	207	219	230	236	255	419	#
887	875.415	4	50	63	81	102	117	127	139	147	172	241	250	252	419	#
888	873.755	33	63	66	77	82	136	157	162	170	179	222	241	249	419	#
889	995.888	27	34	51	58	66	70	75	101	110	128	140	174	210	226	232	241	420	#
890	1246.35	10	22	28	34	65	80	101	132	136	137	152	154	156	158	197	208	420	#
891	1084.83	42	61	65	97	98	102	107	137	182	206	210	217	218	226	236	238	420	#
892	1067.34	5	26	51	92	98	123	124	130	143	156	189	212	224	241	245	250	420	#
893	1009.28	4	54	71	93	101	111	124	131	173	178	188	194	208	221	222	245	420	#
894	1002.56	21	32	34	55	61	88	93	101	104	158	166	172	221	222	232	255	420	#
895	837.95	15	32	40	84	102	119	138	149	183	194	195	204	207	421	#
896	1108.91	13	32	81	89	90	93	136	156	181	199	215	228	229	421	#
897	1058.08	25	34	57	79	119	123	135	136	149	155	169	227	240	421	#
898	964.61	9	34	38	40	68	72	95	117	131	186	197	222	236	421	#
899	958.483	14	22	25	34	37	59	85	98	102	116	136	165	227	421	#
900	862.308	11	14	40	50	54	69	81	122	182	203	204	220	249	421	#
901	1003.27	6	18	32	49	51	54	88	91	114	121	128	146	149	162	186	209	213	422	#
902	1338.72	14	15	16	18	19	21	23	27	63	64	113	158	176	188	189	233	236	422	#
903	1320.9	16	60	81	120	121	123	129	131	164	165	182	191	196	213	216	235	242	422	#
904	1309.01	0	29	44	58	70	127	139	162	166	167	170	178	188	198	208	221	249	422	#
905	1270.1	26	39	41	45	97	121	156	157	205	209	217	228	234	242	245	248	254	422	#
906	1193.67	11	19	52	54	72	94	121	127	131	158	167	171	183	186	188	207	222	422	#
907	80.5553	50	89	423	#
908	89.5727	26	89	423	#
909	1142.14	9	33	38	42	69	71	128	136	138	144	170	188	214	226	249	424	#
910	1190.7	10	39	45	48	71	100	152	167	169	176	225	232	234	240	245	424	#
911	1168	3	20	33	35	38	76	86	123	142	148	171	175	197	199	214	424	#
912	1109.01	3	11	28	35	45	66	71	85	160	208	209	213	214	228	244	424	#
913	1105.49	14	32	38	42	76	108	129	139	174	184	192	199	225	232	249	424	#
914	1099.53	11	13	32	50	71	80	100	107	115	132	136	212	226	231	240	424	#
915	179.552	55	73	136	188	220	223	#
916	491.882	30	61	100	114	138	142	181	190	230	425	#
917	715.082	29	30	62	69	119	121	135	142	225	425	#
918	691.991	17	46	60	91	103	143	195	230	251	425	#
919	626.708	8	28	33	81	85	100	134	138	169	425	#
920	512.826	87	91	92	100	106	143	223	225	246	425	#
921	501.449	61	64	107	113	156	160	178	197	243	425	#
922	776.72	15	18	39	60	67	69	73	95	118	121	147	174	175	204	222	236	242	250	254	426	#
923	1136.17	18	22	23	46	78	106	119	123	127	128	134	144	166	203	218	224	235	247	254	426	#
924	1124.63	13	23	38	39	54	75	80	84	87	94	122	123	130	186	191	216	235	241	244	426	#
925	1082.68	28	32	38	42	53	57	68	89	92	98	127	167	188	202	204	205	223	236	243	426	#
926	1075.49	3	5	6	24	25	33	63	71	73	89	118	134	137	148	170	173	213	245	254	426	#
927	1058.29	22	23	32	42	67	78	92	99	114	133	144	160	170	171	197	200	202	220	242	426	#
928	136.371	123	233	427	#
929	183.533	187	233	427	#
930	100.716	88	123	427	#
931	84.3054	32	174	236	428	#
932	105.445	70	207	236	428	#
933	443.43	6	24	32	40	50	64	95	127	164	220	429	#
934	651.33	10	32	59	102	115	171	214	243	250	251	429	#
935	573.9	22	42	50	77	124	128	139	171	195	205	429	#
936	566.927	0	12	21	47	58	68	123	220	236	249	429	#
937	508.656	13	40	70	90	115	127	138	143	226	239	429	#
938	485.607	24	25	101	117	127	164	188	190	192	202	429	#
939	747.29	30	31	40	61	81	94	104	113	132	135	158	161	162	206	239	430	#
940	1061.38	0	2	39	40	70	74	88	124	154	156	161	181	196	238	249	430	#
941	1058.12	1	7	60	61	81	96	114	151	155	158	185	197	220	247	255	430	#
942	1030	13	66	78	86	88	94	98	105	151	157	161	174	181	227	243	430	#
943	1014.76	27	31	35	39	77	81	97	107	122	158	169	182	199	217	230	430	#
944	973.472	10	14	34	48	61	96	116	123	135	153	173	217	220	226	237	430	#
945	1400.17	26	29	32	33	35	37	47	58	90	115	133	147	162	180	192	196	198	232	238	245	252	431	#
946	1584.34	11	28	33	45	48	53	94	115	126	134	148	149	168	177	200	212	214	221	231	248	253	431	#
947	1531.63	30	33	47	64	66	80	90	98	108	112	132	138	146	168	197	198	206	211	225	232	243	431	#
948	1392.94	45	50	52	90	109	114	121	130	139	141	151	163	168	175	196	198	208	210	215	231	245	431	#
949	1374.53	25	29	37	64	74	122	129	139	140	146	157	179	180	181	189	192	197	206	212	251	254	431	#
950	1349.73	10	32	33	36	38	47	64	81	90	99	123	128	132	156	164	184	190	195	196	197	223	431	#
951	836.562	35	46	57	58	63	69	72	74	93	136	148	158	173	179	193	251	432	#
952	1232.91	4	14	33	47	60	63	84	99	141	150	152	155	185	198	205	235	432	#
953	1158.89	2	21	30	35	43	72	86	93	99	108	164	193	229	232	239	241	432	#
954	1144.3	9	14	33	37	53	56	70	74	91	93	102	121	122	154	230	237	432	#
955	1138.97	30	58	80	82	115	128	148	155	157	161	169	185	209	215	229	242	432	#
956	1135.05	8	12	69	77	110	115	131	145	155	168	181	195	209	210	230	240	432	#
957	54.3383	84	186	188	433	#
958	41.8319	3	84	120	433	#
959	172.832	112	130	143	177	434	#
960	232.444	19	160	177	213	434	#
961	192.424	143	144	234	243	434	#
962	189.117	38	72	112	223	434	#
963	689.011	7	14	19	32	40	54	77	88	159	170	435	#
964	839.351	0	14	37	42	155	212	221	225	236	243	435	#
965	703.998	51	133	138	153	170	181	211	216	221	239	435	#
966	661.473	3	7	11	56	96	124	192	195	217	255	435	#
967	597.193	5	24	39	45	77	78	86	189	209	249	435	#
968	581.89	5	32	35	38	52	105	117	134	135	173	435	#
969	268.718	2	156	160	162	436	#
970	332.998	2	182	204	214	436	#
971	267.294	12	150	156	195	436	#
972	184.329	69	136	160	227	436	#
973	163.581	66	68	145	162	436	#
974	1182.82	8	64	75	96	102	121	123	156	172	182	186	192	196	231	437	#
975	1304.35	26	36	75	98	132	154	156	166	172	174	208	213	239	250	437	#
976	1065.33	7	26	33	39	45	46	68	86	118	142	181	192	215	217	437	#
977	1001.35	8	18	37	40	69	82	85	96	104	144	160	167	208	213	437	#
978	997.513	3	30	64	96	97	102	121	165	213	215	226	234	241	255	437	#
979	984.086	39	88	89	143	148	165	182	190	195	196	213	215	229	233	437	#
980	318.745	30	46	99	109	141	158	438	#
981	463.076	35	36	99	141	183	230	438	#
982	443.246	51	64	104	109	125	191	438	#
983	336.143	31	46	72	112	118	189	438	#
984	305.881	89	99	122	207	235	254	438	#
985	126.257	9	11	30	234	241	242	438	#
986	491.294	55	56	101	186	203	223	439	#
987	577.096	59	107	186	197	206	240	439	#
988	574.09	44	99	122	137	203	246	439	#
989	421.218	55	65	134	199	223	251	439	#
990	420.948	10	20	101	149	201	211	439	#
991	419.702	53	56	81	83	86	105	439	#
992	243.913	37	169	183	440	#
993	260.251	92	183	213	440	#
994	118.55	57	103	169	440	#
995	105.174	37	133	216	440	#
996	89.0645	167	#
997	307.824	102	103	114	191	441	#
998	335.629	108	120	122	191	441	#
999	320.969	33	102	106	230	441	#
1000	237.001	103	188	200	241	441	#
1001	203.963	114	134	197	239	441	#
