%% File generated by CATS v.2.1Mon Jul  4 11:04:30 2011

%% The CATS webpage is http://robotics.stanford.edu/CATS

%% PARAMETER SETTINGS:
% Goods: 500; Bids: 1000; Distribution: arbitrary; Runs: 1; Seed: 1309806304
% Arbitrary Distribution Parameters:
% Max Substitutable Bids = 5
% Removing HV Neighbor   = 0.1
% Adding DIAG Neighbor   = 0.2
% Additional Location    = 0.9
% Additivity             = 0.2
% Budget Factor          = 1.5
% Resale Factor          = 0.5
% Uniform Private Value:
%   Deviation            = 0.5
%   Max Good Value       = 100



goods 500
bids 1004
dummy 185

0	368.28	74	196	206	335	500	#
1	329.813	74	103	315	356	500	#
2	312.969	31	95	196	313	500	#
3	288.924	124	129	206	331	500	#
4	238.191	335	348	423	464	500	#
5	1959.95	27	45	54	58	61	66	112	140	167	169	188	195	226	240	242	261	276	282	311	369	370	428	436	444	468	501	#
6	2166.09	14	16	18	39	87	101	117	120	148	173	180	192	206	210	228	244	272	288	323	366	373	413	429	436	447	501	#
7	2032.07	16	27	52	54	58	72	89	97	103	123	161	164	190	228	237	270	366	369	370	380	387	388	418	439	476	501	#
8	2022.37	87	98	104	146	149	154	179	195	223	243	251	255	274	276	289	299	323	327	359	366	373	375	437	465	466	501	#
9	1987.38	42	45	47	53	86	87	101	143	149	158	198	203	225	239	242	333	336	354	359	365	375	417	445	492	495	501	#
10	1949.49	0	25	27	43	52	92	149	154	158	161	164	168	173	219	260	271	314	370	373	375	387	398	438	449	485	501	#
11	401.401	147	245	260	327	353	422	484	502	#
12	531.089	24	34	42	201	285	327	339	502	#
13	488.508	27	57	75	147	383	435	487	502	#
14	459.045	30	41	146	407	448	484	485	502	#
15	445.579	260	288	310	329	383	393	413	502	#
16	397.577	226	251	310	327	353	433	462	502	#
17	356.902	281	282	338	357	458	503	#
18	445.867	56	248	338	433	459	503	#
19	357.407	49	51	81	225	281	503	#
20	283.492	93	248	357	437	489	503	#
21	262.047	114	282	335	394	395	503	#
22	257.17	330	426	458	462	473	503	#
23	137.353	123	130	504	#
24	60.6288	123	395	504	#
25	1274.75	57	98	134	147	160	168	177	181	228	257	268	323	328	335	341	348	383	505	#
26	1534.08	12	27	32	127	160	228	253	256	275	299	326	354	356	397	440	458	487	505	#
27	1386.45	16	54	75	80	84	94	142	143	168	260	276	303	323	341	386	407	409	505	#
28	1358.7	28	47	79	108	109	111	133	186	249	283	348	353	354	363	365	368	432	505	#
29	1333.23	10	19	34	39	56	60	187	202	228	233	242	301	340	393	407	415	499	505	#
30	1317.75	2	32	54	55	102	112	116	134	217	226	229	355	357	411	426	442	468	505	#
31	197.298	7	329	506	#
32	235.099	64	329	506	#
33	144.244	7	102	506	#
34	200.445	324	343	507	#
35	212.455	132	324	507	#
36	203.857	16	343	507	#
37	1328.48	38	55	123	139	144	175	186	204	266	268	286	319	349	363	368	402	416	471	476	477	493	508	#
38	1713.21	2	35	40	62	80	132	140	143	157	171	202	229	259	289	400	423	436	441	468	476	481	508	#
39	1657.94	18	20	22	25	32	78	120	296	304	315	321	331	347	363	368	373	423	447	464	468	471	508	#
40	1606.88	47	50	81	91	96	109	156	158	188	199	203	205	229	238	286	293	301	334	421	481	487	508	#
41	1522.27	38	48	50	75	94	106	133	187	250	300	316	328	335	337	349	388	403	415	455	476	485	508	#
42	1517.44	10	47	62	164	168	190	202	268	294	329	339	340	387	393	397	403	455	464	470	485	493	508	#
43	899.161	15	165	241	253	299	316	348	355	389	395	509	#
44	849.339	15	130	155	212	223	295	387	434	447	457	509	#
45	841.159	50	74	122	213	230	242	272	299	485	490	509	#
46	741.659	155	223	276	286	317	343	355	359	370	424	509	#
47	738.961	40	50	80	90	109	340	395	425	441	485	509	#
48	732.212	106	116	178	179	195	219	263	316	383	433	509	#
49	578.281	69	91	153	168	174	244	317	353	367	510	#
50	807.955	42	137	225	256	260	269	353	434	457	510	#
51	669.54	158	171	174	207	223	224	262	271	277	510	#
52	669.356	39	145	173	229	291	306	334	367	385	510	#
53	667.025	42	153	186	232	283	349	350	426	429	510	#
54	644.542	80	195	244	267	306	346	374	453	489	510	#
55	421.76	114	205	249	374	449	511	#
56	514.63	88	121	347	350	449	511	#
57	314.159	8	114	196	269	313	511	#
58	282.806	51	134	306	374	401	511	#
59	263.174	27	105	158	205	288	511	#
60	208.276	249	288	336	344	387	511	#
61	305.842	129	324	451	512	#
62	253.253	60	257	451	512	#
63	225.615	188	324	429	512	#
64	181.097	124	129	464	512	#
65	713.494	63	82	90	241	284	306	310	433	513	#
66	809.496	157	222	284	295	322	323	433	477	513	#
67	760.812	5	15	57	90	106	323	347	493	513	#
68	671.409	61	63	81	82	355	420	451	452	513	#
69	624.697	26	62	82	274	316	416	418	491	513	#
70	618.613	96	111	248	303	306	361	420	477	513	#
71	1021.32	23	27	41	61	67	79	117	177	211	322	344	389	402	447	473	484	514	#
72	1525.54	23	24	37	61	85	101	116	130	153	164	199	256	307	324	466	482	514	#
73	1229.58	46	59	79	108	114	225	253	258	283	293	323	350	358	450	460	470	514	#
74	1205.17	16	34	35	41	59	73	111	184	229	280	311	355	401	412	443	470	514	#
75	1179.79	0	21	24	75	76	117	131	287	355	372	385	400	455	460	468	496	514	#
76	1168.49	17	61	89	120	125	128	135	142	201	222	287	295	362	402	486	492	514	#
77	478.004	46	48	56	98	131	263	276	303	515	#
78	614.987	22	113	116	184	276	314	394	490	515	#
79	554.663	46	200	239	256	276	398	468	479	515	#
80	552.164	8	146	148	263	372	397	406	408	515	#
81	547.294	72	131	185	200	267	345	408	474	515	#
82	517.669	48	109	154	329	354	394	461	465	515	#
83	93.0534	39	340	437	516	#
84	136.83	14	39	128	516	#
85	141.394	6	#
86	63.2742	341	#
87	3207.64	1	2	6	8	21	93	119	123	135	141	147	162	188	203	204	216	226	229	232	249	251	256	266	269	286	305	308	326	332	335	361	373	376	381	382	389	399	402	414	439	443	448	453	478	488	491	494	499	517	#
88	4112.32	27	40	45	50	62	65	79	86	110	121	135	144	158	165	170	175	183	185	189	209	210	251	262	276	282	293	297	303	305	315	322	323	326	330	369	381	383	394	414	418	422	429	433	436	442	448	451	471	517	#
89	3763.91	31	45	54	62	81	84	93	94	107	118	138	144	156	159	166	181	199	205	210	211	221	223	230	234	238	244	256	275	276	289	305	310	318	345	349	379	381	408	423	436	443	444	451	458	467	472	487	489	517	#
90	3745.69	18	20	35	40	45	71	87	89	92	103	110	117	125	148	188	189	194	203	205	223	226	228	242	255	258	262	292	293	310	326	340	344	351	358	369	381	392	401	403	423	442	444	453	463	467	480	487	499	517	#
91	3631.23	6	24	33	45	52	70	77	88	90	94	117	119	131	132	135	140	175	190	194	203	204	205	221	227	231	244	260	266	268	296	297	312	314	318	319	361	373	382	396	402	421	429	435	440	442	478	487	497	517	#
92	3626.88	9	29	30	40	52	53	54	64	74	83	94	95	97	110	135	140	158	161	168	169	171	176	210	211	216	239	254	275	281	284	300	301	317	332	358	367	394	401	402	403	409	421	424	426	433	467	468	496	517	#
93	838.93	25	26	122	131	148	219	281	292	330	346	356	518	#
94	927.946	141	177	269	292	308	313	324	333	372	422	469	518	#
95	916.84	29	94	131	144	172	271	318	323	395	458	461	518	#
96	905.684	44	67	87	219	262	277	281	356	364	388	392	518	#
97	820.572	27	165	228	266	281	337	345	385	392	435	438	518	#
98	796.196	21	92	95	129	235	287	304	346	423	431	435	518	#
99	930.717	15	44	82	86	152	183	212	230	231	240	266	267	519	#
100	946.892	13	23	47	101	122	138	154	212	292	387	408	455	519	#
101	925.05	59	86	129	201	250	278	307	381	382	419	440	480	519	#
102	915.08	15	44	97	118	123	143	223	267	352	363	375	391	519	#
103	870.239	42	81	158	227	231	240	282	296	384	387	447	480	519	#
104	790.582	86	103	136	195	210	231	276	312	327	334	419	497	519	#
105	1901.75	0	25	40	56	67	71	74	115	179	194	195	199	275	306	307	316	338	391	416	441	456	458	520	#
106	2030.62	22	35	75	98	115	121	161	196	253	257	266	271	317	318	323	348	359	372	395	406	446	473	520	#
107	1928.66	40	43	45	76	84	92	95	112	163	165	198	264	295	318	319	332	359	367	403	414	449	454	520	#
108	1832.03	1	22	25	26	71	117	135	183	199	207	216	238	299	305	306	324	336	387	454	473	478	491	520	#
109	1805.31	5	16	43	52	69	71	118	138	143	158	161	182	249	290	317	339	371	373	414	416	481	490	520	#
110	1723.92	3	45	46	47	58	61	72	80	85	86	144	183	194	212	241	284	288	296	349	379	454	483	520	#
111	892.794	22	27	52	116	120	193	208	260	323	391	393	401	451	496	521	#
112	1201.17	45	102	116	120	130	215	291	303	392	412	419	463	466	496	521	#
113	1165.11	16	20	72	82	103	191	238	267	329	333	345	354	391	419	521	#
114	1108.21	7	39	58	93	127	191	195	315	323	329	350	415	423	483	521	#
115	1088.11	22	96	110	131	137	139	233	280	311	363	365	400	432	477	521	#
116	1076.75	24	82	99	194	261	276	330	341	372	419	421	452	484	496	521	#
117	346.962	4	148	267	276	286	346	406	522	#
118	374.834	97	260	261	267	305	311	462	522	#
119	367.004	4	23	79	146	200	345	362	522	#
120	366.624	79	159	193	256	286	465	481	522	#
121	335.243	304	346	380	394	416	435	437	522	#
122	253.428	166	204	291	353	406	461	472	522	#
123	585.237	27	57	67	95	97	100	107	115	142	316	438	523	#
124	849.542	45	48	67	111	119	132	145	171	209	396	397	523	#
125	838.833	97	107	112	182	303	320	347	378	413	446	494	523	#
126	809.229	75	87	95	112	116	150	193	206	312	346	380	523	#
127	764.305	36	39	48	80	138	142	169	297	315	317	329	523	#
128	743.842	0	5	38	55	184	197	205	234	298	394	438	523	#
129	94.0094	44	#
130	995.157	22	97	164	175	244	280	286	315	413	445	455	497	524	#
131	1002.3	99	147	162	192	196	236	270	286	292	293	322	426	524	#
132	991.17	12	75	121	321	335	369	400	405	413	462	486	498	524	#
133	989.771	15	22	32	42	66	135	137	306	337	413	428	497	524	#
134	988.883	31	118	185	199	232	286	303	335	375	387	416	445	524	#
135	986.809	44	65	81	135	162	165	256	274	291	315	405	487	524	#
136	2007.19	10	19	43	51	61	63	65	79	80	100	115	141	142	170	174	176	201	230	240	265	298	307	401	442	470	479	486	525	#
137	2270.49	18	52	63	72	114	132	135	179	188	210	211	214	238	280	283	287	303	311	322	330	351	395	419	425	451	457	466	525	#
138	2226.94	8	10	15	16	18	21	25	32	51	53	65	77	85	97	104	125	164	186	240	260	265	307	356	372	397	461	476	525	#
139	2111.37	10	24	26	59	174	183	207	216	217	254	264	265	283	298	301	329	351	357	360	366	372	375	384	434	435	447	457	525	#
140	2099.33	6	10	45	46	74	107	119	179	183	253	263	267	268	285	286	292	324	339	340	361	381	382	391	421	432	444	488	525	#
141	2094.73	2	18	32	108	113	114	115	129	132	134	165	190	199	233	270	280	283	307	342	368	382	404	422	430	432	442	493	525	#
142	170.957	48	118	526	#
143	183.637	118	467	526	#
144	113.178	48	313	526	#
145	651.963	26	57	76	113	147	228	315	379	527	#
146	769.969	26	122	135	153	169	215	324	373	527	#
147	637.412	21	48	147	318	323	366	367	444	527	#
148	606.869	57	127	251	354	368	389	417	453	527	#
149	554.094	20	134	206	237	298	315	325	456	527	#
150	550.202	111	116	188	228	252	258	455	493	527	#
151	1133.15	7	17	66	112	152	185	190	222	247	267	287	290	312	324	325	420	424	528	#
152	1363.44	68	87	93	177	189	209	246	251	276	287	295	362	376	379	395	420	425	528	#
153	1361.23	21	33	63	103	164	235	237	245	274	282	315	420	424	425	463	478	479	528	#
154	1278.77	5	7	13	65	103	150	165	187	190	317	325	342	343	382	394	498	499	528	#
155	1252.58	61	67	101	112	198	227	235	254	294	309	312	356	417	441	444	448	487	528	#
156	1233.12	11	17	28	100	120	128	129	153	231	268	270	324	330	343	358	379	492	528	#
157	832.467	52	201	234	289	296	305	311	396	408	437	442	465	529	#
158	948.155	13	45	50	202	236	246	311	323	425	437	469	495	529	#
159	931.474	18	21	52	136	176	188	199	218	227	323	386	434	529	#
160	913.89	4	126	135	150	154	202	205	220	247	289	323	324	529	#
161	847.829	10	120	154	166	200	205	216	251	308	331	429	442	529	#
162	823.296	71	81	140	201	238	259	261	269	273	327	379	431	529	#
163	1354.2	10	15	32	36	59	61	86	88	93	179	184	206	212	217	257	304	308	358	451	486	490	530	#
164	1785.56	23	61	62	115	124	213	248	249	257	292	305	324	338	339	369	416	459	487	488	489	498	530	#
165	1778.45	0	26	44	64	65	75	93	102	161	180	216	227	255	274	368	397	437	440	452	468	497	530	#
166	1715.05	0	15	40	43	165	257	264	282	290	301	331	378	408	416	445	449	459	467	472	477	495	530	#
167	1700.75	15	30	77	125	189	193	201	213	264	270	284	304	325	328	358	369	377	438	440	458	496	530	#
168	1675.04	1	10	32	44	59	83	118	170	176	177	178	255	262	263	303	366	378	395	439	445	497	530	#
169	671.03	17	40	76	122	155	215	260	387	489	497	531	#
170	850.861	47	80	251	260	320	323	405	411	418	499	531	#
171	834.945	17	32	61	140	152	190	330	347	363	416	531	#
172	826.758	44	135	155	187	233	310	335	338	419	448	531	#
173	729.885	27	40	115	138	161	189	267	323	349	365	531	#
174	676.14	80	199	212	358	365	395	425	470	479	497	531	#
175	483.066	11	234	371	378	413	418	458	532	#
176	598.045	11	64	70	137	174	327	487	532	#
177	564.661	105	191	276	349	352	413	490	532	#
178	558.176	47	138	158	315	458	489	496	532	#
179	550.861	33	145	290	378	415	443	466	532	#
180	515.314	138	232	304	386	387	418	475	532	#
181	247.417	13	70	131	212	250	318	533	#
182	368.375	178	212	218	421	483	484	533	#
183	352.289	231	318	388	411	468	485	533	#
184	334.018	42	70	257	296	350	408	533	#
185	274.541	44	159	250	404	439	473	533	#
186	82.7045	234	353	534	#
187	100.05	234	343	534	#
188	84.2872	353	392	534	#
189	167.787	108	291	535	#
190	160.281	108	278	535	#
191	141.387	203	291	535	#
192	1306.34	15	21	41	75	83	93	130	141	193	202	207	244	252	309	340	362	423	430	460	478	536	#
193	1571.43	20	35	64	77	103	147	168	179	210	246	289	292	318	321	338	375	408	423	451	477	536	#
194	1550.58	32	94	97	112	135	160	180	186	200	227	254	269	274	282	299	331	340	375	481	486	536	#
195	1505.37	9	44	87	106	121	130	143	150	176	183	198	232	268	355	376	393	406	457	458	462	536	#
196	1496.29	9	31	44	50	65	161	179	198	202	230	237	268	275	299	309	322	391	457	464	497	536	#
197	1483.87	6	17	29	77	93	138	152	153	186	197	201	218	232	262	277	329	358	364	416	454	536	#
198	530.245	14	43	62	77	94	195	412	443	537	#
199	657.39	14	152	170	288	356	372	422	442	537	#
200	573.375	43	131	137	256	264	370	384	391	537	#
201	525.488	94	211	283	412	413	426	469	477	537	#
202	505.13	62	81	86	219	274	334	392	478	537	#
203	503.517	7	94	117	144	244	282	284	485	537	#
204	721.599	74	177	200	283	319	348	379	419	460	538	#
205	733.114	91	123	233	321	334	395	399	419	435	538	#
206	674.284	54	60	64	161	177	315	340	366	462	538	#
207	616.021	92	123	261	267	326	379	434	470	482	538	#
208	581.287	27	41	102	127	184	290	313	344	348	538	#
209	579.877	4	74	169	235	399	400	401	418	471	538	#
210	2192.43	17	26	87	97	117	130	140	154	170	181	205	212	249	259	267	281	311	324	345	347	381	386	390	393	406	414	422	454	457	488	491	539	#
211	2548.6	26	27	32	37	50	72	145	148	152	157	165	194	201	244	256	257	264	297	313	327	349	375	399	400	416	424	425	432	454	459	484	539	#
212	2497.05	2	11	12	15	19	20	24	55	116	158	193	194	219	226	249	257	286	299	301	316	325	337	342	352	381	386	415	416	442	451	466	539	#
213	2493.23	3	14	31	71	92	109	133	134	169	226	235	236	264	274	279	291	329	337	338	343	358	372	386	416	432	445	451	469	478	481	484	539	#
214	2439.25	32	57	75	80	87	125	137	153	170	178	179	210	212	236	290	325	362	367	375	377	382	392	405	406	408	414	419	421	467	474	484	539	#
215	2438.94	7	11	27	33	59	83	101	116	121	163	207	255	259	271	279	281	285	307	321	324	325	327	332	354	359	386	400	445	457	462	467	539	#
216	291.13	179	304	458	540	#
217	322.612	413	457	458	540	#
218	217.143	179	217	329	540	#
219	185.794	304	340	351	540	#
220	2815.14	6	48	53	57	62	64	70	71	135	137	143	144	152	153	173	184	231	234	254	262	281	286	317	328	370	374	387	418	420	440	448	454	463	489	541	#
221	3215.92	20	49	51	53	58	70	89	101	109	112	113	132	135	137	140	144	159	161	196	273	301	305	306	321	336	346	363	368	376	411	454	471	484	493	541	#
222	2825.38	0	11	41	53	54	57	58	64	80	100	109	144	168	171	191	211	226	256	275	278	281	290	306	311	316	321	322	324	359	363	409	471	476	492	541	#
223	2819.64	21	47	53	76	83	88	91	116	125	135	196	203	211	214	228	232	245	250	254	256	263	276	285	286	328	337	348	395	400	420	421	436	450	461	541	#
224	2752.3	10	12	42	53	54	82	94	101	112	125	168	174	176	177	200	254	269	282	308	321	328	356	360	374	378	382	401	404	412	427	428	431	473	498	541	#
225	2727.68	4	15	17	50	58	60	71	80	109	111	137	144	158	187	231	234	259	268	270	309	322	331	334	343	344	355	393	397	403	458	469	472	477	498	541	#
226	426.715	164	196	286	448	451	467	542	#
227	477.407	24	53	164	247	318	422	542	#
228	444.565	244	257	348	351	382	467	542	#
229	403.464	133	267	276	286	313	339	542	#
230	384.112	54	175	365	368	448	497	542	#
231	377.302	66	288	303	313	451	479	542	#
232	727.321	51	88	90	164	307	336	341	369	429	438	463	543	#
233	976.925	56	118	189	227	259	312	346	386	406	429	491	543	#
234	911.8	8	37	158	164	172	297	307	322	334	431	490	543	#
235	892.739	36	40	90	164	170	196	224	307	329	375	385	543	#
236	860.032	16	25	31	99	162	195	276	284	394	463	481	543	#
237	846.6	14	67	125	126	240	300	329	333	341	434	443	543	#
238	212.078	178	311	379	482	544	#
239	239.846	145	178	271	430	544	#
240	186.791	12	238	415	482	544	#
241	92.7128	237	#
242	399.309	120	159	383	410	414	455	545	#
243	505.813	108	120	289	338	408	412	545	#
244	480.904	94	159	225	234	315	381	545	#
245	465.54	44	151	254	267	336	414	545	#
246	439.577	182	226	382	410	456	468	545	#
247	337.062	79	120	305	306	382	455	545	#
248	177.783	2	130	174	259	546	#
249	234.712	46	52	130	459	546	#
250	217.605	2	119	157	386	546	#
251	605.93	24	221	250	305	323	388	431	434	462	547	#
252	721.357	24	49	103	133	189	291	338	402	454	547	#
253	705.728	9	70	76	86	126	250	289	402	463	547	#
254	685.61	221	254	275	359	363	366	389	407	425	547	#
255	679.059	73	118	282	301	323	414	444	448	483	547	#
256	658.157	21	90	166	198	254	381	388	404	454	547	#
257	264.578	161	249	414	548	#
258	275.764	93	312	414	548	#
259	245.631	60	249	324	548	#
260	212.648	161	240	339	548	#
261	1897.31	11	37	51	83	124	126	186	192	194	238	241	256	263	301	304	352	358	374	379	402	408	432	474	489	549	#
262	2083.07	11	44	109	162	164	186	196	228	239	262	285	302	304	309	329	352	359	365	418	425	449	454	457	466	549	#
263	2070	22	36	40	68	86	93	141	161	193	209	241	269	297	317	333	346	363	373	389	408	415	454	457	462	549	#
264	2009.7	25	37	74	76	92	99	118	159	205	222	243	291	303	304	329	346	357	371	373	382	394	418	422	472	549	#
265	1879.67	2	22	47	78	90	110	176	199	209	264	281	289	301	304	309	342	374	380	409	423	433	448	455	481	549	#
266	1868.99	8	32	74	80	106	115	135	161	174	181	182	238	241	259	329	337	343	361	392	400	402	422	432	438	549	#
267	380.328	186	202	375	384	550	#
268	371.575	82	109	225	375	550	#
269	348.129	186	224	325	446	550	#
270	229.82	157	202	354	440	550	#
271	906.729	47	76	88	104	105	139	173	220	225	333	342	378	391	413	456	464	551	#
272	1307.92	19	35	60	76	135	140	175	246	275	283	332	350	393	414	456	479	551	#
273	1291.92	9	18	39	47	51	100	133	171	190	200	259	297	301	312	406	457	551	#
274	1254.46	14	19	58	78	136	191	213	222	225	264	270	328	352	405	420	433	551	#
275	1184.45	44	88	91	106	134	146	160	186	195	232	302	306	334	381	395	489	551	#
276	1143.57	19	30	84	103	111	120	126	265	296	312	344	412	437	459	464	474	551	#
277	3855.01	2	12	14	17	19	42	49	51	58	65	73	75	76	89	91	95	102	111	114	129	146	152	167	184	190	196	209	210	221	238	250	258	275	283	288	304	316	322	326	337	338	367	370	382	394	397	404	426	439	442	449	458	468	470	478	493	552	#
278	4514.79	6	14	50	53	65	72	83	97	104	109	111	132	142	146	155	156	171	173	190	199	225	233	242	248	250	252	256	257	263	269	291	294	300	304	309	312	314	317	320	327	328	341	343	348	355	381	401	402	405	414	442	449	454	459	482	498	552	#
279	4495.26	8	12	16	19	42	44	62	66	69	76	82	84	97	99	115	126	128	131	140	142	146	149	154	162	169	175	184	186	205	207	219	226	232	233	238	263	275	279	280	307	350	358	368	383	384	396	405	407	425	427	435	446	449	458	466	475	552	#
280	4336.85	6	10	12	15	23	24	53	65	72	74	101	102	103	104	133	142	153	181	184	186	218	219	223	224	226	227	235	238	251	253	258	272	291	297	300	304	307	313	355	358	372	379	394	401	406	427	435	442	452	453	461	469	470	490	491	498	552	#
281	4324.83	14	16	22	45	46	58	62	69	78	80	81	83	91	106	112	113	126	144	145	162	164	169	174	175	196	204	221	222	226	229	231	236	256	260	262	266	269	275	280	307	311	313	348	366	401	413	439	440	442	466	470	476	484	491	497	498	552	#
282	4217.35	2	6	7	18	20	31	51	66	75	90	97	100	103	104	111	112	122	138	148	164	192	207	210	219	226	228	229	247	256	266	275	292	348	356	357	368	391	394	397	401	402	412	417	437	442	452	457	462	464	466	468	475	477	482	485	491	552	#
283	702.398	10	27	36	162	181	248	322	401	411	412	553	#
284	870.348	106	121	177	244	308	315	322	370	420	490	553	#
285	749.237	31	40	74	171	175	301	332	377	383	401	553	#
286	736.926	19	137	162	163	175	202	233	275	290	297	553	#
287	706.099	5	87	92	212	248	280	374	381	384	462	553	#
288	692.502	27	161	178	203	302	305	309	375	395	473	553	#
289	303.065	185	222	294	432	459	554	#
290	355.811	94	123	185	334	474	554	#
291	351.839	79	222	277	398	487	554	#
292	339.489	178	245	294	394	421	554	#
293	253.911	79	160	207	432	452	554	#
294	622.237	31	61	158	170	187	230	495	555	#
295	595.876	20	61	127	214	215	285	428	555	#
296	568.657	34	108	187	216	340	461	492	555	#
297	561.222	28	170	213	260	428	475	483	555	#
298	540.135	60	127	170	176	329	477	495	555	#
299	491.156	55	91	158	200	312	404	430	555	#
300	1405.47	63	91	103	107	168	176	204	235	248	253	269	272	276	300	302	313	391	399	417	423	436	442	470	477	556	#
301	2080.83	7	11	32	34	64	77	82	103	135	145	154	168	175	180	193	199	230	243	271	305	322	369	423	489	556	#
302	1968.16	14	26	89	117	124	130	134	164	171	180	222	246	248	273	277	296	353	358	392	424	443	447	474	481	556	#
303	1929.83	4	14	24	46	59	189	199	203	204	208	236	248	274	276	294	296	317	323	338	345	398	413	431	488	556	#
304	1799.82	11	43	55	77	101	127	129	133	141	145	176	183	202	223	226	236	304	309	328	329	335	353	474	479	556	#
305	1793.34	2	7	64	77	86	129	130	133	169	186	188	200	202	204	223	234	242	322	375	414	431	447	478	491	556	#
306	797.893	108	238	254	260	265	272	310	351	352	364	387	413	432	557	#
307	1174.87	16	20	46	58	61	85	185	204	234	324	413	429	493	557	#
308	1043.84	16	62	109	147	193	222	254	261	331	352	389	433	461	557	#
309	1031.58	38	74	97	159	219	222	227	229	238	403	416	419	478	557	#
310	1025.69	65	96	139	146	147	227	261	273	313	364	420	455	481	557	#
311	1003.53	32	59	70	142	203	222	278	324	341	351	419	465	494	557	#
312	150.175	227	342	558	#
313	206.102	227	236	558	#
314	149.565	32	342	558	#
315	812.142	77	147	179	221	314	315	317	349	375	416	454	559	#
316	908.93	30	49	67	179	180	186	221	305	316	491	492	559	#
317	832.897	45	48	97	113	122	217	240	265	375	405	407	559	#
318	782.049	40	107	108	142	157	207	225	284	286	428	454	559	#
319	779.789	10	51	55	64	124	174	267	317	341	416	438	559	#
320	735.589	184	247	313	316	317	320	349	381	405	407	491	559	#
321	87.1828	31	#
322	105.74	214	479	560	#
323	66.3331	173	479	560	#
324	167.897	43	167	308	450	464	561	#
325	187.297	4	146	235	256	450	561	#
326	264.403	149	212	239	373	472	562	#
327	334.915	155	239	327	377	444	562	#
328	327.374	192	221	366	472	498	562	#
329	285.525	44	212	234	305	397	562	#
330	444.685	87	180	196	204	237	331	423	563	#
331	529.888	59	107	172	204	357	365	370	563	#
332	502.042	20	196	298	335	456	459	460	563	#
333	488.785	93	168	257	331	352	388	396	563	#
334	482.771	59	87	159	176	277	388	454	563	#
335	477.644	118	189	195	263	373	423	474	563	#
336	133.322	344	392	564	#
337	135.688	199	392	564	#
338	131.24	72	344	564	#
339	35.1413	28	#
340	159.274	2	101	565	#
341	142.629	2	396	565	#
342	88.872	101	174	565	#
343	487.841	28	156	172	325	328	369	458	566	#
344	676.673	37	82	99	144	156	386	444	566	#
345	555.21	120	172	303	373	464	492	499	566	#
346	543.378	55	156	170	182	369	434	458	566	#
347	519.54	84	116	138	327	328	380	436	566	#
348	509.287	1	52	223	369	407	408	422	566	#
349	728.671	37	53	73	197	222	347	353	431	461	463	567	#
350	875.478	110	145	185	220	227	232	316	347	358	366	567	#
351	823.327	20	47	114	197	203	319	350	442	460	479	567	#
352	777.169	3	50	69	202	205	231	278	303	425	463	567	#
353	745.296	53	106	196	198	202	332	372	393	429	440	567	#
354	743.35	51	77	79	153	307	336	394	416	431	452	567	#
355	776.502	36	47	72	133	154	163	166	220	224	280	466	568	#
356	994.196	8	16	55	110	126	133	163	331	346	383	447	568	#
357	935.055	69	72	99	114	120	175	292	355	368	372	495	568	#
358	920.955	68	72	154	158	212	289	375	391	438	461	499	568	#
359	871.914	18	37	127	262	286	326	374	434	466	472	477	568	#
360	847.984	27	39	41	63	142	158	189	220	372	461	498	568	#
361	110.771	124	#
362	37.8797	489	#
363	710.197	42	71	86	113	213	245	276	286	288	290	389	417	468	569	#
364	984.261	25	47	86	87	102	121	152	245	257	391	413	421	469	569	#
365	958.262	13	15	33	55	69	119	137	154	276	376	397	484	485	569	#
366	950.171	26	71	79	82	89	183	195	242	352	412	422	432	487	569	#
367	948.006	22	73	111	113	120	137	139	183	184	278	310	345	489	569	#
368	911.985	10	25	133	172	238	270	366	382	387	417	418	443	469	569	#
369	1729.13	20	91	97	108	111	152	163	168	180	222	246	304	322	326	341	346	372	387	397	404	443	475	491	570	#
370	2096.4	72	99	101	111	120	133	134	145	148	226	230	254	267	276	278	341	358	366	391	456	470	486	487	570	#
371	1796.56	20	34	80	82	97	129	160	186	193	195	199	214	222	231	249	258	315	332	355	381	405	428	493	570	#
372	1795.72	15	61	64	76	97	129	134	139	142	148	168	203	239	304	306	315	357	391	403	420	421	466	495	570	#
373	1792.68	1	5	8	17	44	64	127	171	192	202	211	268	278	325	355	358	384	397	439	444	454	455	485	570	#
374	1776.9	20	58	91	116	119	122	130	143	145	146	171	197	270	281	300	301	324	331	374	414	433	440	459	570	#
375	881.489	23	95	130	153	211	251	268	274	301	333	349	383	404	446	571	#
376	1297.63	6	14	36	145	219	229	244	285	317	383	421	426	428	487	571	#
377	1296.11	18	67	74	80	86	101	104	130	252	256	274	372	460	475	571	#
378	1225.59	23	72	83	89	118	132	142	205	228	295	389	453	463	488	571	#
379	1167.05	82	107	128	138	152	153	179	237	244	248	403	421	478	487	571	#
380	1145.67	34	74	80	110	130	131	142	185	225	274	353	392	451	460	571	#
381	234.819	259	392	431	572	#
382	252.504	272	392	420	572	#
383	202.898	193	345	431	572	#
384	147.251	66	228	259	572	#
385	140.49	17	342	475	573	#
386	177.687	17	89	424	573	#
387	166.67	300	328	475	573	#
388	118.75	46	342	475	573	#
389	843.019	113	147	167	207	235	241	243	254	260	316	361	389	491	574	#
390	1054.98	12	70	132	136	167	209	293	295	305	350	395	458	463	574	#
391	966.789	71	99	214	227	241	279	304	346	371	405	415	427	490	574	#
392	945.525	27	30	47	137	213	254	288	289	338	381	399	465	493	574	#
393	941.123	12	14	39	119	131	147	216	225	333	343	478	484	486	574	#
394	906.643	17	51	65	74	103	124	225	235	267	344	399	473	493	574	#
395	348.289	28	101	433	448	493	575	#
396	409.688	101	234	241	296	348	575	#
397	409.044	28	32	245	382	383	575	#
398	378.291	265	348	382	433	479	575	#
399	338.023	19	182	205	397	493	575	#
400	235.984	51	194	448	462	469	575	#
401	314.474	75	84	224	256	332	361	576	#
402	428.405	67	177	224	408	435	445	576	#
403	422.553	105	174	256	334	380	492	576	#
404	402.215	14	84	214	375	410	490	576	#
405	370.571	71	75	131	340	380	396	576	#
406	307.527	34	361	405	409	410	497	576	#
407	652.004	87	103	189	197	213	287	356	405	462	577	#
408	768.929	11	59	196	197	287	317	386	394	481	577	#
409	749.003	72	116	130	189	268	381	405	488	491	577	#
410	659.453	80	97	102	128	172	202	356	450	462	577	#
411	637.762	19	91	103	105	110	124	293	395	497	577	#
412	631.29	53	87	137	179	198	286	304	385	435	577	#
413	64.5289	445	#
414	943.233	24	83	199	248	259	299	307	386	402	472	578	#
415	836.692	20	83	88	140	307	325	358	457	462	491	578	#
416	819.797	35	281	293	325	401	402	435	442	457	482	578	#
417	804.467	4	32	152	179	232	307	327	365	407	496	578	#
418	743.53	104	131	189	247	248	256	270	307	326	493	578	#
419	705.493	20	57	67	77	203	259	303	377	425	468	578	#
420	127.266	95	208	359	579	#
421	187.59	206	359	452	579	#
422	500.501	12	128	135	299	335	416	427	434	580	#
423	750.225	14	57	110	112	256	299	303	463	580	#
424	656.268	21	103	173	197	316	415	427	451	580	#
425	622.187	63	135	139	164	338	365	408	474	580	#
426	590.607	60	94	105	147	288	316	395	434	580	#
427	533.133	12	165	246	315	327	338	423	426	580	#
428	772.689	50	100	122	140	173	275	344	364	367	451	460	581	#
429	954.969	67	79	132	207	261	344	366	407	433	437	460	581	#
430	922.095	23	60	75	178	310	312	357	359	367	417	443	581	#
431	811.267	9	56	61	94	223	234	243	292	310	337	344	581	#
432	775.006	11	38	60	80	122	162	165	268	328	345	443	581	#
433	764.517	50	74	143	164	178	181	240	255	285	359	441	581	#
434	448.158	8	14	83	90	254	298	388	393	582	#
435	665.212	87	101	146	388	402	410	428	441	582	#
436	618.156	21	58	76	83	88	220	413	459	582	#
437	611.628	158	218	241	251	254	402	416	422	582	#
438	610.337	14	136	347	352	363	391	444	481	582	#
439	590.512	41	58	90	132	182	406	420	440	582	#
440	136.791	328	#
441	261.109	83	155	197	389	583	#
442	314.942	114	115	197	443	583	#
443	307.533	22	49	155	262	583	#
444	216.759	86	266	389	447	583	#
445	960.759	6	43	47	166	179	206	264	301	303	384	386	429	465	483	584	#
446	1213.47	59	179	180	229	283	337	364	369	379	394	408	438	487	488	584	#
447	1150.9	23	24	47	53	57	131	144	191	201	302	333	376	381	460	584	#
448	1099.16	8	15	40	53	104	215	276	286	346	386	391	421	449	450	584	#
449	1091.74	29	95	121	159	164	171	274	301	327	351	446	451	456	465	584	#
450	1088.69	18	82	136	170	172	207	212	236	305	427	429	441	449	451	584	#
451	2555.09	8	28	37	57	70	72	75	78	83	92	101	127	138	147	149	202	203	216	232	243	244	248	261	264	282	284	305	374	391	428	445	469	484	496	585	#
452	2881.56	10	23	27	37	57	66	72	87	92	99	101	111	148	170	187	214	235	239	244	254	301	312	322	334	350	427	446	453	463	465	467	473	479	490	585	#
453	2792.2	18	45	52	91	123	132	149	161	185	202	217	222	223	229	248	259	260	263	274	280	285	295	318	320	322	343	356	375	381	400	425	447	448	459	585	#
454	2713.92	11	13	33	35	79	83	98	108	138	144	147	154	171	183	203	253	257	259	260	278	281	292	293	295	346	356	358	361	402	427	428	438	451	458	585	#
455	2671.76	10	41	58	68	80	108	111	120	134	148	187	190	217	233	238	239	244	250	261	271	274	282	283	328	329	339	366	417	424	434	448	451	456	463	585	#
456	2656.42	18	20	27	55	71	72	75	98	99	145	147	178	188	189	197	211	223	235	310	342	351	352	356	375	376	398	401	440	445	454	456	472	473	485	585	#
457	1235.11	46	63	74	80	111	136	145	173	203	287	291	296	303	311	324	357	387	397	400	465	485	586	#
458	1719.96	86	144	160	173	176	178	187	194	202	248	251	289	301	331	348	385	391	401	420	458	494	586	#
459	1640.2	0	9	25	33	50	60	75	76	131	139	203	305	362	367	378	396	414	441	445	456	486	586	#
460	1638.8	12	24	33	50	65	144	173	214	243	299	326	361	378	389	409	420	452	458	476	480	485	586	#
461	1606.45	50	53	62	72	144	164	216	220	225	257	275	345	351	353	357	387	421	425	431	441	452	586	#
462	1570.02	5	10	32	46	85	105	120	149	155	183	244	285	348	377	397	409	410	416	457	476	491	586	#
463	1212.77	3	60	130	135	164	235	258	279	286	301	310	323	343	349	355	382	419	430	450	587	#
464	1590.6	19	38	43	60	92	110	123	142	167	186	289	346	347	363	387	402	419	430	487	587	#
465	1574.82	72	74	84	86	110	113	135	156	172	203	233	243	253	258	280	294	332	372	413	587	#
466	1459.6	49	66	67	74	94	116	126	169	179	258	266	275	298	299	313	334	343	358	466	587	#
467	1425.27	3	27	53	76	84	156	203	227	244	264	321	345	353	388	415	436	439	459	487	587	#
468	1386.53	31	97	99	108	125	134	144	156	214	235	250	253	291	299	315	346	450	477	490	587	#
469	538.566	32	68	203	242	313	319	588	#
470	637.993	32	168	187	292	340	351	588	#
471	551.104	30	31	137	319	400	444	588	#
472	521.91	76	158	190	266	313	392	588	#
473	422.276	68	164	173	233	299	355	588	#
474	342.175	143	188	242	456	468	472	588	#
475	80.5411	139	#
476	292.32	309	400	412	459	589	#
477	315.662	221	302	412	457	589	#
478	302.207	5	11	264	459	589	#
479	215.589	161	215	309	400	589	#
480	106.857	286	336	345	400	589	#
481	482.78	1	135	166	211	232	311	365	372	491	590	#
482	719.338	66	74	82	135	176	178	274	286	401	590	#
483	640.228	1	31	184	275	371	391	407	457	473	590	#
484	626.325	20	128	172	315	340	400	407	489	491	590	#
485	619.78	24	137	171	234	244	319	324	365	478	590	#
486	555.521	25	39	126	160	211	255	348	412	499	590	#
487	748.963	19	48	55	62	64	73	171	174	216	254	444	458	475	591	#
488	1115.01	35	80	171	174	178	186	205	219	276	306	340	383	441	591	#
489	1107.44	9	32	39	144	227	238	292	315	334	418	424	458	469	591	#
490	1076.72	6	19	23	92	115	195	326	368	390	444	465	469	486	591	#
491	1037.57	6	29	59	62	67	74	260	285	343	353	406	424	472	591	#
492	929.026	72	73	98	107	179	186	253	259	296	368	390	413	487	591	#
493	128.338	344	494	592	#
494	124.9	113	344	592	#
495	79.1878	272	494	592	#
496	517.663	52	228	263	265	335	348	404	420	593	#
497	658.535	54	94	147	249	317	319	370	420	593	#
498	621.28	247	263	288	335	341	407	438	451	593	#
499	581.911	206	265	279	375	380	414	453	459	593	#
500	530.334	52	153	173	191	213	262	327	476	593	#
501	477.785	14	27	43	126	244	345	404	491	593	#
502	1886.26	75	78	79	92	99	113	125	126	134	141	144	173	193	200	208	238	249	266	273	315	383	385	405	454	487	594	#
503	2112.52	6	19	27	48	67	132	156	171	205	207	212	225	227	229	232	266	352	358	365	384	448	451	487	489	490	594	#
504	2030.24	13	23	49	75	124	131	155	166	175	186	200	222	230	246	269	318	348	349	368	373	394	397	462	480	481	594	#
505	1999.07	6	30	79	112	124	134	143	200	210	219	231	280	302	323	332	358	398	404	411	412	427	438	463	466	482	594	#
506	1954.5	30	75	126	132	134	151	160	185	200	226	236	246	247	298	309	325	332	342	365	388	414	457	459	486	487	594	#
507	1913.78	18	126	128	156	185	192	220	236	246	249	253	265	279	281	324	360	365	372	379	399	410	411	441	445	457	594	#
508	864.579	86	120	134	139	145	149	159	238	251	252	279	328	435	595	#
509	1062.3	6	29	71	86	108	158	167	170	182	215	239	268	328	595	#
510	1053.13	70	113	134	159	221	238	260	279	337	402	444	466	486	595	#
511	1052.17	6	33	119	134	140	159	161	294	366	405	451	472	487	595	#
512	1014.16	45	53	134	156	167	359	373	402	413	435	452	473	478	595	#
513	1005.12	99	120	192	221	224	233	249	294	401	439	442	466	495	595	#
514	531.071	37	152	297	308	322	346	596	#
515	522.173	37	91	142	200	269	464	596	#
516	452.107	39	273	297	322	347	434	596	#
517	412.533	13	152	155	177	220	469	596	#
518	376.962	89	156	233	304	308	368	596	#
519	188.299	53	95	304	346	406	472	596	#
520	1405.63	4	60	91	117	140	141	205	266	274	275	282	297	337	342	383	424	457	479	597	#
521	1494.9	8	20	66	67	87	123	145	171	182	189	225	242	291	305	435	463	475	479	597	#
522	1444.71	0	4	32	58	68	69	93	123	138	151	164	216	259	337	342	370	381	457	597	#
523	1295.35	12	40	45	89	91	143	210	254	256	263	275	332	365	436	452	460	463	489	597	#
524	1294.87	1	12	86	93	115	197	232	249	273	274	313	325	375	456	459	474	478	490	597	#
525	1291	20	30	48	68	93	137	142	173	198	264	311	317	341	353	367	383	396	436	597	#
526	516.329	5	29	35	57	158	406	462	598	#
527	626.098	145	158	239	293	303	401	463	598	#
528	521.263	65	163	191	327	348	406	469	598	#
529	511.303	5	103	138	155	178	223	250	598	#
530	453.828	29	89	104	199	332	340	494	598	#
531	439.957	57	98	130	143	204	253	346	598	#
532	684.043	87	169	202	216	225	350	430	456	599	#
533	774.325	114	124	225	299	389	421	431	442	599	#
534	602.927	74	122	298	334	350	357	419	430	599	#
535	599.118	44	132	176	202	226	395	484	485	599	#
536	572.478	86	87	102	122	208	263	390	454	599	#
537	496.488	20	51	79	173	179	196	350	422	599	#
538	80.0479	334	#
539	258.092	57	67	399	465	600	#
540	276.414	57	72	151	255	600	#
541	268.124	67	134	182	311	600	#
542	215.142	310	351	399	465	600	#
543	1142.77	14	148	165	201	213	227	258	292	305	308	312	359	414	415	416	601	#
544	1264.65	49	114	144	147	186	201	203	226	284	307	428	466	479	482	492	601	#
545	1111.17	14	49	132	150	208	216	276	288	299	388	424	436	438	482	490	601	#
546	1106.59	0	9	53	72	88	141	148	258	315	355	360	387	455	458	479	601	#
547	1041.65	0	1	37	61	110	118	269	312	315	324	364	385	427	482	486	601	#
548	1040.09	13	15	137	178	181	225	227	263	288	291	310	347	359	377	491	601	#
549	5.19797	197	#
550	1237.19	14	68	87	88	96	103	143	145	189	241	243	332	368	392	421	446	450	461	462	483	484	602	#
551	1821.68	1	18	19	25	34	45	75	97	100	124	161	203	211	246	268	306	323	336	418	461	467	602	#
552	1682.08	12	19	33	64	80	88	97	119	127	132	156	212	251	343	363	400	424	433	451	484	487	602	#
553	1571.17	53	87	113	150	186	188	189	210	249	274	295	317	328	330	336	400	407	413	416	424	427	602	#
554	1568.38	22	39	45	79	96	146	157	218	234	307	320	336	342	381	386	394	405	443	461	483	485	602	#
555	1552.06	46	62	81	97	132	160	176	236	237	250	256	275	296	332	343	347	454	455	457	462	475	602	#
556	99.5392	291	314	603	#
557	146.922	228	314	603	#
558	95.7513	291	343	603	#
559	379.976	12	36	79	84	219	455	461	604	#
560	533.446	101	219	231	264	279	299	431	604	#
561	504.572	31	36	139	203	217	270	339	604	#
562	477.549	12	142	297	307	334	341	422	604	#
563	422.676	13	106	143	171	325	455	461	604	#
564	316.027	61	78	79	123	359	468	470	604	#
565	1102.91	41	50	113	121	136	142	162	215	271	288	392	402	414	429	453	467	491	605	#
566	1470.55	8	10	31	42	113	152	175	227	259	298	328	366	375	385	441	467	469	605	#
567	1426.79	21	27	37	83	124	191	215	230	252	272	304	341	396	444	467	476	488	605	#
568	1389.18	31	44	115	123	125	161	186	192	228	303	354	363	457	462	491	495	496	605	#
569	1386.62	41	61	83	145	158	200	226	271	279	291	292	303	312	321	402	419	482	605	#
570	1364	20	21	31	59	70	108	131	178	219	226	255	275	298	327	333	392	414	605	#
571	748.101	138	148	235	243	266	270	420	425	430	606	#
572	761.839	92	122	125	165	239	243	251	275	352	606	#
573	715.657	18	20	30	134	149	198	270	284	458	606	#
574	656.53	62	130	272	305	357	410	425	449	480	606	#
575	644.774	37	148	281	309	377	404	407	435	461	606	#
576	623.572	36	40	53	138	202	249	317	361	440	606	#
577	529.535	50	80	120	271	367	398	456	607	#
578	658.159	35	52	120	137	179	211	273	607	#
579	597.855	1	15	151	274	325	367	461	607	#
580	567.183	50	52	71	237	278	344	479	607	#
581	552.022	92	162	328	334	398	411	485	607	#
582	539.051	3	67	123	147	152	221	271	607	#
583	2351.66	17	18	35	62	73	76	79	83	88	95	109	136	140	148	152	162	166	217	234	245	258	277	285	286	297	301	330	359	364	370	372	375	393	394	414	436	438	457	608	#
584	3047.24	6	29	40	60	86	87	90	92	141	144	145	164	174	175	194	199	205	207	214	233	251	286	298	301	311	316	325	327	338	378	384	419	434	438	444	460	476	498	608	#
585	3011.04	15	31	35	38	68	70	109	115	129	141	144	147	154	161	179	186	206	212	225	250	263	273	286	290	304	311	323	332	338	346	357	394	395	412	414	434	437	489	608	#
586	2950.67	6	13	31	55	58	72	73	76	98	111	116	147	152	185	186	192	228	244	253	260	267	282	299	316	327	331	334	347	357	381	394	445	456	473	476	483	492	497	608	#
587	2927.32	23	25	30	31	62	73	95	109	111	132	159	161	164	168	171	193	196	207	209	220	228	233	239	261	280	315	329	338	352	363	373	376	380	420	440	457	470	484	608	#
588	2914.64	15	20	24	45	47	65	73	87	88	93	105	115	133	144	153	194	196	203	241	258	275	286	290	299	313	338	364	372	375	377	394	403	405	414	438	444	463	486	608	#
589	514.102	187	188	196	210	361	384	436	609	#
590	632.695	18	45	76	115	187	213	325	609	#
591	576.296	33	92	112	196	200	290	378	609	#
592	539.447	39	172	188	196	219	281	386	609	#
593	488.339	5	75	249	331	344	361	437	609	#
594	457.571	6	26	35	191	193	210	308	609	#
595	1083.32	35	60	67	168	170	196	227	269	375	376	381	421	450	493	610	#
596	1275.4	60	71	92	165	191	197	202	239	249	287	347	381	447	457	610	#
597	1162.63	4	108	168	183	205	281	325	344	352	366	375	401	416	421	610	#
598	1136.73	39	61	159	168	203	227	233	262	286	301	302	316	347	375	610	#
599	1123.72	35	55	82	97	173	227	249	256	283	285	331	337	346	461	610	#
600	1112.93	99	151	165	221	227	260	279	291	306	376	377	401	412	499	610	#
601	349.995	2	19	40	69	81	104	611	#
602	466.335	2	104	112	379	425	480	611	#
603	453.315	23	69	132	201	380	483	611	#
604	453.232	2	23	24	174	433	442	611	#
605	349.845	26	40	118	163	212	462	611	#
606	251.002	19	69	184	208	359	380	611	#
607	249.993	297	344	479	612	#
608	251.598	200	289	297	612	#
609	217.561	389	431	479	612	#
610	199.913	344	423	474	612	#
611	933.211	0	34	55	85	118	127	176	188	290	421	439	479	484	613	#
612	1095.64	61	101	117	152	158	299	331	349	386	448	455	460	484	613	#
613	1084.8	5	18	31	44	187	262	304	316	339	353	421	450	467	613	#
614	1081.43	2	71	140	168	176	191	248	281	348	376	420	429	479	613	#
615	1010.36	23	46	74	84	104	153	168	172	188	189	224	225	453	613	#
616	968.215	53	55	126	145	161	231	245	336	420	449	457	490	495	613	#
617	536.601	113	134	146	169	199	253	317	614	#
618	512.544	146	149	201	218	350	368	498	614	#
619	509.975	28	73	150	317	375	424	464	614	#
620	507.201	33	92	96	113	253	296	325	614	#
621	498.022	26	57	169	253	258	267	300	614	#
622	445.637	61	79	157	169	304	313	352	614	#
623	234.514	100	313	380	454	615	#
624	312.366	14	29	176	454	615	#
625	311.672	4	380	441	451	615	#
626	249.759	59	85	100	165	615	#
627	992.916	85	104	122	133	136	165	170	219	241	260	336	405	616	#
628	1013.91	26	27	62	67	121	185	199	249	336	399	441	490	616	#
629	993.857	4	5	192	195	219	321	326	350	381	429	434	499	616	#
630	903.119	18	27	90	98	171	197	260	281	285	328	341	486	616	#
631	899.816	20	38	83	104	124	133	149	251	257	318	379	474	616	#
632	855.689	104	139	155	193	222	247	261	391	410	412	468	485	616	#
633	673.931	3	126	184	327	371	380	386	397	448	478	481	617	#
634	945.955	58	153	184	194	197	212	269	318	334	408	468	617	#
635	863.354	79	93	138	147	155	190	223	386	422	437	499	617	#
636	832.592	51	65	101	154	242	330	338	371	393	442	458	617	#
637	799.509	72	76	101	250	296	377	397	412	415	445	478	617	#
638	787.768	36	144	204	237	272	290	291	397	428	442	471	617	#
639	3026.65	6	22	27	64	68	69	78	81	86	107	109	117	120	124	142	160	162	169	186	189	191	211	219	233	237	252	269	292	307	314	339	353	362	368	403	426	434	436	444	451	473	488	618	#
640	3468.79	7	18	27	31	39	48	52	64	74	108	112	122	123	141	155	160	164	168	176	191	206	219	252	280	286	301	307	313	326	329	345	349	366	373	412	442	457	460	471	473	477	482	618	#
641	3444.79	11	13	74	77	86	87	112	129	164	174	179	185	189	191	213	228	246	252	256	284	292	300	307	308	324	332	353	358	372	385	386	389	434	437	444	461	466	471	474	479	488	499	618	#
642	3413.63	7	11	29	40	61	68	74	88	105	115	118	135	140	156	164	179	181	191	199	203	206	210	217	219	242	250	252	254	259	281	284	325	329	348	368	369	390	428	436	457	462	479	618	#
643	3388.62	7	8	18	27	31	67	75	79	96	130	133	137	140	161	166	167	168	179	202	228	230	254	259	279	280	286	292	313	315	321	323	329	337	338	340	381	404	444	445	481	491	496	618	#
644	3197.78	8	14	18	71	81	101	104	115	124	140	153	157	168	177	186	187	190	195	197	225	227	233	246	281	284	286	292	303	313	317	324	331	333	347	356	366	395	397	416	445	454	483	618	#
645	1727.12	12	50	61	105	163	168	194	201	218	232	233	243	251	358	389	391	393	396	411	413	435	462	472	619	#
646	1817.08	12	63	71	83	84	108	119	155	186	193	207	224	252	266	284	293	321	351	386	411	427	476	481	619	#
647	1758.99	6	12	64	75	99	105	115	157	170	175	179	181	189	248	273	293	300	366	391	395	398	447	472	619	#
648	1739.81	33	45	61	116	183	194	199	247	254	299	314	321	323	346	360	381	389	393	398	437	472	486	496	619	#
649	1701.13	110	114	119	155	170	179	206	222	230	254	263	265	272	273	277	286	320	331	389	393	424	444	469	619	#
650	1640	24	41	45	103	104	172	174	184	232	265	272	298	309	310	319	321	350	360	381	401	441	472	486	619	#
651	1314.73	18	24	37	50	134	219	254	307	332	348	382	435	461	476	620	#
652	1218.03	24	39	232	267	285	324	337	378	382	389	441	446	461	465	620	#
653	1205.07	8	10	37	61	140	164	170	206	236	313	440	449	453	459	620	#
654	1059.64	3	10	29	60	203	225	230	289	332	370	381	406	431	495	620	#
655	1057.02	18	28	30	127	149	184	193	211	230	264	310	338	407	423	620	#
656	1051.27	39	76	141	149	213	225	229	230	233	290	348	420	448	474	620	#
657	3569.38	12	40	62	65	75	83	97	110	120	127	131	138	149	157	178	181	186	199	216	217	246	256	275	306	310	317	325	328	338	348	366	367	373	375	381	391	401	403	408	430	431	453	468	470	480	497	621	#
658	3809.92	12	26	31	67	71	83	89	91	97	102	116	135	144	154	169	187	189	193	208	215	224	231	247	250	273	274	284	302	325	328	337	341	342	400	415	416	419	431	438	446	453	454	465	466	476	498	621	#
659	3758.38	14	15	21	23	34	38	45	59	64	99	131	139	141	147	150	175	177	194	209	238	240	246	270	280	317	338	345	348	351	353	362	375	382	385	386	401	405	408	410	412	426	453	455	483	489	495	621	#
660	3713.73	6	13	16	24	26	31	36	59	61	67	68	84	115	118	119	120	129	133	138	144	149	171	181	200	209	211	236	237	270	280	304	319	358	376	391	403	406	408	418	438	458	466	468	495	496	498	621	#
661	3677.4	8	9	21	22	34	61	64	79	82	87	89	95	104	111	114	123	150	158	165	194	207	209	226	227	234	237	243	246	273	297	304	319	326	345	346	348	353	355	381	383	392	422	430	438	461	480	621	#
662	3598.07	19	34	38	43	64	83	111	114	124	126	129	140	144	150	154	165	169	172	193	197	201	203	204	211	233	235	237	262	270	281	328	347	353	357	362	379	383	386	388	389	398	399	413	430	453	484	621	#
663	1709.36	16	51	77	91	98	140	188	193	195	223	237	253	269	274	277	293	329	331	395	413	420	453	475	494	622	#
664	1923.77	63	68	98	112	113	126	154	234	247	274	275	328	337	341	347	357	362	389	430	444	463	466	485	497	622	#
665	1900.28	7	10	22	31	104	144	150	156	159	165	213	269	272	274	275	281	288	355	358	389	404	418	423	481	622	#
666	1815.4	38	39	93	105	138	157	186	261	271	274	277	287	340	350	379	406	426	432	445	447	448	454	477	479	622	#
667	1771.47	13	51	63	67	109	154	156	186	232	233	238	247	288	300	317	321	338	356	388	430	436	469	475	479	622	#
668	1771.14	18	68	72	99	106	134	137	154	169	176	188	208	291	293	308	317	329	379	382	390	418	445	448	495	622	#
669	1859.76	12	24	33	52	58	78	99	132	135	174	188	212	240	263	287	291	334	341	345	357	379	382	415	421	448	455	465	484	623	#
670	2314.15	3	7	10	18	23	46	65	112	159	164	204	215	237	238	274	282	284	298	318	332	345	353	361	368	396	487	494	498	623	#
671	2291.89	3	31	52	75	86	107	137	166	168	169	175	210	211	221	232	297	298	328	367	374	416	430	438	447	457	461	487	490	623	#
672	2152.67	24	32	83	92	93	96	102	178	185	218	228	256	263	270	295	307	327	342	354	383	410	412	417	432	442	447	471	498	623	#
673	2135.24	6	12	23	50	122	136	142	152	159	161	162	192	266	267	278	318	321	330	351	369	385	426	432	444	446	448	460	479	623	#
674	2127.64	20	75	92	116	130	173	188	189	192	209	234	240	265	280	295	315	320	334	370	385	387	415	427	444	448	452	486	488	623	#
675	468.695	64	84	126	140	262	371	396	487	624	#
676	604.808	16	64	65	277	337	378	458	473	624	#
677	527.784	50	67	76	161	271	296	371	398	624	#
678	484.002	27	80	87	126	200	235	391	435	624	#
679	443.913	79	133	149	309	338	365	396	435	624	#
680	434.796	93	107	210	342	356	370	465	487	624	#
681	73.6268	4	62	625	#
682	85.5386	62	161	625	#
683	617.514	72	92	214	231	239	298	341	370	418	423	426	626	#
684	852.855	6	94	120	143	158	289	318	355	370	406	426	626	#
685	809.802	23	61	92	95	239	312	319	326	372	412	418	626	#
686	798.984	117	120	164	214	329	335	355	380	385	414	471	626	#
687	792.963	12	77	88	140	175	178	325	341	401	412	436	626	#
688	756.183	89	193	209	238	303	354	355	358	390	426	433	626	#
689	2922.9	14	31	32	40	69	94	101	115	124	130	149	156	192	202	210	211	214	215	288	292	301	306	312	315	321	359	361	377	394	396	417	418	421	422	423	440	448	458	464	466	490	494	627	#
690	3482.28	0	51	55	63	77	83	91	96	102	107	115	118	156	167	170	215	275	292	295	301	311	331	333	338	342	346	351	353	354	358	380	405	406	412	414	421	428	445	456	468	481	490	627	#
691	3446.76	10	12	25	53	62	63	74	80	99	105	118	124	165	184	187	208	210	234	248	256	260	274	286	292	294	310	320	324	343	345	361	364	421	422	425	441	454	456	461	466	479	494	627	#
692	3245.41	2	11	12	17	19	30	50	62	63	78	98	105	107	115	120	129	132	144	180	206	207	233	267	280	292	299	300	315	332	341	348	360	375	377	409	426	437	454	468	477	490	493	627	#
693	3227.4	10	32	36	55	60	81	86	107	116	129	130	131	146	148	149	159	161	182	215	254	276	278	307	311	312	330	342	348	356	359	364	386	399	410	424	440	441	450	476	480	481	487	627	#
694	3222.7	0	5	20	35	38	51	56	62	73	87	91	107	115	132	140	156	158	170	198	209	215	224	225	275	276	293	295	300	312	321	325	326	341	369	385	399	407	421	427	441	487	489	627	#
695	1320.65	74	92	97	138	157	200	218	303	358	368	393	420	448	451	475	489	495	497	628	#
696	1562.31	29	43	69	92	124	138	142	144	169	199	202	209	253	306	312	367	415	487	628	#
697	1560.49	4	48	72	75	94	132	153	215	227	228	238	266	306	340	406	427	449	497	628	#
698	1550.7	22	32	49	79	99	112	131	168	187	190	218	288	313	434	440	451	462	488	628	#
699	1515.73	67	74	98	103	138	146	174	217	219	250	398	399	417	424	449	451	477	492	628	#
700	1477.48	75	99	104	114	134	142	161	171	173	215	230	245	280	310	334	345	411	489	628	#
701	42.6292	3	473	#
702	157.117	304	461	629	#
703	201.234	461	498	629	#
704	158.718	292	304	629	#
705	854.239	14	26	32	108	131	173	204	208	227	279	329	374	391	409	630	#
706	1104.13	74	137	184	189	204	237	238	262	275	294	328	372	386	466	630	#
707	1100.56	14	22	101	149	178	186	193	231	273	287	330	370	415	498	630	#
708	1085.32	30	75	116	175	215	227	267	299	305	328	416	461	472	492	630	#
709	1072.58	51	53	113	131	136	152	218	248	260	277	324	342	374	427	630	#
710	977.127	14	30	32	156	170	215	227	235	333	374	385	453	461	477	630	#
711	175.582	139	285	428	631	#
712	207.811	271	379	428	631	#
713	161.404	174	285	441	631	#
714	157.534	139	169	203	631	#
715	635.377	21	67	180	313	320	331	351	389	473	488	492	632	#
716	952.255	21	28	63	97	138	159	199	321	340	353	424	632	#
717	859.908	9	244	271	301	309	365	369	445	460	473	482	632	#
718	821.669	52	67	75	92	130	232	261	311	333	387	404	632	#
719	808.663	57	193	281	321	326	336	377	392	399	404	488	632	#
720	804.653	9	107	185	263	339	348	351	355	423	443	486	632	#
721	666.08	0	201	321	364	366	445	461	480	633	#
722	715.648	58	104	289	391	445	456	481	486	633	#
723	691.538	43	138	158	362	381	461	474	492	633	#
724	662.181	25	42	61	156	201	292	463	481	633	#
725	660.548	18	54	99	227	268	276	321	405	633	#
726	604.216	4	72	97	103	260	388	441	480	633	#
727	237.232	209	421	441	634	#
728	240.164	65	136	421	634	#
729	232.196	200	424	441	634	#
730	144.452	70	101	180	635	#
731	192.819	30	60	180	635	#
732	112.213	48	101	220	635	#
733	17.8229	266	#
734	359.539	113	129	307	488	493	636	#
735	413.339	269	307	313	413	421	636	#
736	354.117	150	363	387	488	491	636	#
737	306.739	113	157	177	275	390	636	#
738	293.258	96	111	129	356	472	636	#
739	195.929	187	352	637	#
740	224.875	187	242	637	#
741	132.038	352	391	637	#
742	83.5284	311	#
743	190.618	68	279	310	638	#
744	263.335	68	155	381	638	#
745	247.849	79	164	279	638	#
746	144.786	99	216	310	638	#
747	1468.11	8	91	155	166	177	201	208	225	244	262	322	387	389	390	403	414	438	485	494	639	#
748	1567.97	8	16	27	35	51	87	93	131	180	187	199	211	215	248	294	312	318	441	476	639	#
749	1543.93	7	8	44	66	83	112	128	163	170	201	219	227	232	260	315	319	336	374	479	639	#
750	1493.26	16	24	62	83	166	262	268	273	280	354	370	382	390	407	411	413	414	464	485	639	#
751	1472.75	12	19	21	57	67	73	122	126	135	144	177	222	252	277	366	379	419	485	497	639	#
752	1447.18	22	63	72	102	104	152	161	171	175	244	272	295	330	346	382	385	394	475	497	639	#
753	110.978	293	376	#
754	682.095	10	11	39	161	254	274	285	299	306	308	469	640	#
755	920.618	7	9	32	39	146	237	299	338	441	455	461	640	#
756	877.542	25	65	74	93	124	131	241	308	357	366	437	640	#
757	766.186	114	115	127	158	217	233	274	285	290	378	408	640	#
758	720.944	68	82	93	100	199	220	231	296	413	418	469	640	#
759	717.539	15	39	66	97	175	261	295	301	363	366	472	640	#
760	194.631	6	340	461	641	#
761	194.651	338	362	461	641	#
762	90.7539	325	340	491	641	#
763	997.843	47	53	93	141	146	149	184	254	257	261	283	308	424	447	472	477	493	642	#
764	1333.34	0	10	13	14	46	92	108	137	139	154	261	269	296	317	326	449	463	642	#
765	1306.98	11	16	70	99	114	124	161	164	233	265	308	318	412	426	429	442	462	642	#
766	1296.35	16	33	38	47	57	79	90	106	143	214	225	293	342	389	417	429	463	642	#
767	1275.86	0	19	57	78	109	135	149	184	242	250	267	327	355	428	456	466	498	642	#
768	1259.67	14	42	51	91	106	131	156	232	257	305	323	362	382	433	445	447	495	642	#
769	962.167	1	73	77	104	144	176	188	232	241	334	418	428	446	449	643	#
770	1205.74	38	55	65	147	196	219	292	385	393	422	448	449	451	475	643	#
771	1078.93	49	64	73	93	99	211	213	236	238	240	268	273	448	499	643	#
772	1056.74	50	104	123	135	155	200	207	244	279	294	334	421	451	499	643	#
773	971.998	0	31	190	195	204	220	232	246	250	253	286	385	436	451	643	#
774	951.413	1	72	174	263	271	312	342	347	365	397	418	428	470	483	643	#
775	60.5715	8	167	#
776	386.044	131	204	264	270	298	644	#
777	479.375	148	162	204	270	295	644	#
778	355.175	50	56	75	131	390	644	#
779	345.445	90	139	176	204	353	644	#
780	182.84	171	264	298	343	497	644	#
781	513.274	10	200	242	319	418	452	479	645	#
782	615.699	65	80	90	230	294	319	478	645	#
783	573.74	36	207	271	334	386	409	479	645	#
784	515.316	10	58	152	264	341	343	389	645	#
785	474.165	12	19	54	132	281	418	440	645	#
786	465.506	17	132	219	221	242	401	443	645	#
787	82.5655	286	#
788	869.067	4	66	116	128	242	330	335	347	373	383	408	441	443	496	646	#
789	1167.63	15	21	40	65	115	173	192	207	272	295	374	431	443	485	646	#
790	1162.02	20	67	81	98	192	197	267	369	370	372	439	441	461	485	646	#
791	1132.11	2	25	52	187	199	213	230	302	357	383	402	462	481	485	646	#
792	1117.25	26	55	56	91	118	151	164	168	318	335	392	445	473	481	646	#
793	1109.05	32	53	84	115	117	199	222	257	267	367	373	404	414	446	646	#
794	264.487	227	468	647	#
795	249.731	360	468	647	#
796	2833.64	18	41	50	78	83	101	109	123	130	132	140	147	157	178	181	184	195	221	227	251	256	258	313	320	329	330	362	369	375	376	383	398	401	419	445	447	464	474	484	491	499	648	#
797	3484.35	9	40	58	65	108	109	137	147	160	164	173	178	195	209	210	240	267	274	280	287	306	311	328	336	355	358	364	365	369	373	382	396	398	400	411	414	422	433	460	461	477	648	#
798	3321.36	2	8	9	12	22	31	34	83	91	110	126	128	132	134	141	157	186	195	207	211	225	230	248	251	254	257	259	276	288	324	331	346	359	390	429	436	457	459	461	481	487	648	#
799	3223.7	4	5	9	18	36	78	90	110	123	129	132	137	167	174	181	187	189	202	207	214	216	221	248	267	273	294	313	336	358	384	395	402	433	435	447	455	461	466	468	489	498	648	#
800	3187.71	16	29	31	78	87	91	101	124	128	143	144	157	170	181	183	184	215	219	221	259	272	275	281	297	306	324	338	348	355	363	401	406	407	409	420	422	441	444	457	462	499	648	#
801	3186.66	5	16	20	81	84	124	143	144	162	164	167	178	201	221	231	234	266	276	287	292	296	321	330	341	346	351	358	370	387	392	396	410	416	420	428	451	458	459	461	477	489	648	#
802	88.0153	276	#
803	201.493	49	145	282	649	#
804	243.553	282	329	405	649	#
805	224.92	49	123	147	649	#
806	152.202	105	145	292	649	#
807	1970.79	6	28	69	81	90	118	128	149	155	214	219	239	242	281	291	318	331	335	346	365	369	380	391	443	461	474	484	650	#
808	2195.11	1	28	30	50	51	58	79	84	87	120	143	149	193	275	289	334	336	351	369	391	401	409	436	462	466	467	469	650	#
809	2189.72	21	28	42	61	68	96	101	102	121	126	127	129	136	142	145	181	183	201	204	213	221	227	290	372	389	416	421	650	#
810	2079.41	4	6	11	34	35	46	114	178	203	207	238	247	260	269	307	320	331	334	382	389	411	429	436	438	443	459	485	650	#
811	2055.3	14	15	46	101	110	116	118	147	150	158	163	194	196	246	267	278	285	304	331	341	354	375	385	460	479	491	494	650	#
812	2043.92	4	55	86	90	101	108	109	120	127	166	176	185	191	200	250	270	278	290	296	307	308	309	330	334	369	391	458	650	#
813	1953.51	14	27	54	64	119	125	130	141	144	183	242	274	286	306	322	328	330	332	334	384	434	466	474	651	#
814	1993.86	34	53	54	74	97	129	137	151	179	190	194	205	207	257	263	274	316	333	364	378	385	461	498	651	#
815	1818.14	9	13	23	33	44	54	55	60	99	110	131	148	162	164	184	239	315	332	362	402	429	436	477	651	#
816	1788.74	14	15	34	44	58	92	141	174	186	193	219	222	232	246	270	349	368	413	428	430	467	468	471	651	#
817	1777.97	15	21	41	66	90	100	111	129	134	144	169	183	216	218	279	289	297	312	334	351	367	385	432	651	#
818	1772.18	1	82	87	119	159	160	189	193	248	258	270	299	300	328	348	388	389	397	426	461	472	478	487	651	#
819	396.077	33	37	78	159	354	652	#
820	390.113	50	159	217	337	495	652	#
821	361.859	33	62	115	161	207	652	#
822	357.165	78	205	292	341	474	652	#
823	346.659	9	37	162	329	474	652	#
824	319.866	22	147	229	354	362	652	#
825	10.9752	69	#
826	264.973	334	368	476	653	#
827	260.074	275	290	368	653	#
828	224.168	334	395	396	653	#
829	155.848	433	460	476	653	#
830	75.5468	223	#
831	280.319	70	224	417	459	654	#
832	322.365	224	228	237	446	654	#
833	315.864	46	329	418	459	654	#
834	280.713	137	148	341	417	654	#
835	180.2	70	253	389	439	654	#
836	1786.33	15	21	41	56	70	110	118	144	154	163	209	222	238	250	265	292	312	317	318	342	348	390	405	415	417	467	486	655	#
837	2125.22	16	31	37	51	67	70	78	88	99	129	153	159	185	215	222	239	242	248	261	274	279	317	349	362	392	416	432	655	#
838	2125.07	16	29	41	50	70	93	105	168	185	188	207	248	251	288	294	312	314	342	350	355	366	369	403	433	451	456	493	655	#
839	1976.45	12	41	53	72	82	100	141	195	224	238	274	275	276	296	301	313	328	409	415	435	451	452	462	467	479	480	482	655	#
840	1975.86	46	55	67	70	81	86	94	110	141	147	150	159	169	174	179	222	227	241	289	302	317	328	329	370	380	438	444	655	#
841	1970.98	15	19	21	30	43	78	92	106	113	146	172	175	177	185	207	313	330	334	372	440	443	450	462	465	468	473	496	655	#
842	2457.93	1	29	37	51	61	76	116	118	121	179	190	196	206	208	216	248	256	258	272	315	355	369	381	391	394	411	426	443	447	449	456	457	468	472	656	#
843	2946.08	1	21	45	54	64	94	106	109	126	129	133	137	146	168	184	199	206	233	235	243	273	285	293	312	325	332	349	355	365	369	403	437	463	489	656	#
844	2726.03	7	8	14	47	96	100	129	137	169	190	210	215	248	261	271	272	274	287	336	339	349	358	366	381	387	395	411	416	421	448	463	474	477	492	656	#
845	2715.84	1	7	8	12	30	32	73	77	85	116	145	195	199	203	204	217	225	269	271	287	291	322	328	336	340	348	385	393	404	406	428	435	449	459	656	#
846	2689.38	7	9	16	24	68	86	91	103	114	117	168	177	185	188	196	218	256	299	301	315	343	350	358	367	369	372	381	397	399	406	419	423	448	477	656	#
847	2624.43	7	8	9	24	27	38	54	55	78	83	86	137	146	158	168	208	216	220	274	286	301	317	350	359	366	405	406	422	427	435	442	448	477	489	656	#
848	1463.34	32	35	58	77	96	118	175	191	230	231	255	268	270	272	292	296	320	337	338	343	361	430	472	494	657	#
849	2065.89	10	35	59	60	108	148	183	191	249	269	280	285	296	299	311	312	317	318	321	355	363	370	381	429	657	#
850	1992.23	6	12	24	31	37	77	87	104	181	183	213	239	244	287	289	337	352	402	424	430	432	457	478	498	657	#
851	1974.76	19	46	82	92	102	183	207	209	219	220	242	288	292	298	346	364	370	385	394	404	448	455	463	477	657	#
852	1902.14	21	31	35	45	104	143	146	154	183	204	208	297	299	312	327	346	364	367	381	406	427	453	486	491	657	#
853	1884.3	32	87	97	102	104	106	134	152	159	171	293	317	337	342	350	352	385	386	415	430	482	485	490	498	657	#
854	96.157	359	417	658	#
855	81.3859	105	359	658	#
856	1078.15	51	60	82	133	138	153	156	211	226	255	273	447	478	489	659	#
857	1156.94	10	97	145	156	211	241	273	297	315	334	348	360	428	448	659	#
858	1129.87	4	9	22	59	77	82	127	163	195	222	324	366	383	412	659	#
859	1120.51	26	47	139	245	264	273	287	301	314	315	418	434	450	461	659	#
860	1083.41	12	44	126	127	133	164	211	261	316	354	372	381	408	463	659	#
861	1070.4	38	71	87	92	109	110	280	326	356	402	412	461	463	489	659	#
862	2275.41	18	51	52	85	110	112	122	124	127	163	190	194	212	213	235	246	253	257	266	281	287	289	305	308	316	329	372	381	399	428	429	446	465	466	499	660	#
863	2843.89	7	9	42	47	60	61	65	72	104	106	113	114	120	130	144	159	176	180	185	199	202	238	247	273	287	307	333	346	355	414	426	433	448	459	466	660	#
864	2755.01	6	11	15	27	34	47	54	65	78	91	113	130	149	150	156	161	166	209	220	223	232	260	297	307	327	335	337	338	340	374	399	414	442	459	484	660	#
865	2683.48	47	78	88	95	102	109	127	133	134	135	150	156	204	212	220	244	260	268	273	299	327	333	337	344	348	354	368	393	408	432	444	454	461	468	482	660	#
866	2673.36	9	21	96	101	102	133	134	147	163	176	200	205	208	229	231	237	238	251	281	289	292	314	323	327	343	382	395	409	420	427	436	459	466	473	493	660	#
867	2658.92	5	28	34	42	53	54	78	85	112	116	144	154	161	190	199	203	208	260	289	290	301	308	310	314	319	323	344	365	366	416	437	440	443	450	473	660	#
868	959.239	51	149	160	166	168	195	200	247	281	297	358	365	368	413	661	#
869	1229.83	3	20	33	108	168	193	195	219	281	385	429	433	462	489	661	#
870	1219.29	6	20	157	179	184	196	356	358	372	388	402	429	481	490	661	#
871	1182.83	7	41	87	140	183	193	228	326	331	353	413	428	468	476	661	#
872	1115.73	14	80	97	120	148	154	159	166	200	235	392	401	433	456	661	#
873	1104.73	41	77	118	147	150	196	228	247	292	294	295	395	419	429	661	#
874	353.694	56	131	203	336	662	#
875	393.92	93	169	312	336	662	#
876	309.692	131	170	252	382	662	#
877	289.37	147	203	333	449	662	#
878	240.893	40	56	126	158	662	#
879	806.223	33	72	155	205	242	279	298	314	364	408	433	450	663	#
880	1011.56	72	82	87	96	112	159	252	274	298	321	460	464	663	#
881	912.928	46	90	92	186	201	249	274	298	302	416	469	497	663	#
882	906.496	6	126	155	184	255	261	268	292	308	330	364	448	663	#
883	853.173	29	73	222	244	247	300	314	367	371	372	436	440	663	#
884	826.282	73	87	127	144	165	186	205	393	431	462	491	497	663	#
885	2110.74	7	28	30	63	65	122	154	177	203	230	233	238	271	278	283	293	296	301	305	351	357	364	366	384	406	420	434	450	463	470	479	664	#
886	2418.65	1	4	19	39	44	45	103	111	113	171	203	254	260	268	271	283	309	316	318	329	348	352	357	362	393	415	420	455	458	463	499	664	#
887	2383.95	13	14	38	43	44	45	60	68	93	106	113	125	164	179	192	206	248	261	283	286	287	308	336	352	359	407	414	416	463	474	475	664	#
888	2352.49	3	6	45	46	88	111	135	146	177	204	215	234	250	260	261	285	293	336	348	349	352	356	365	368	378	427	433	463	477	487	492	664	#
889	2347.04	17	31	35	45	46	49	57	113	116	129	144	166	170	179	186	203	256	260	271	286	316	330	332	349	351	365	380	384	393	403	446	664	#
890	2337.9	35	48	79	88	92	99	100	176	206	213	215	216	229	230	236	262	285	294	307	319	327	328	352	380	407	423	427	443	460	465	484	664	#
891	473.813	22	24	71	172	315	352	484	665	#
892	584.371	52	115	229	277	327	352	484	665	#
893	560.91	21	26	173	223	282	295	315	665	#
894	545.791	22	163	221	244	324	390	403	665	#
895	493.561	24	67	233	283	316	419	446	665	#
896	418.947	156	187	210	268	297	307	352	665	#
897	901.137	13	17	55	130	178	204	240	343	356	440	456	463	666	#
898	1015.86	18	69	116	171	178	344	355	362	396	417	438	487	666	#
899	978.402	7	23	40	60	90	125	204	343	344	418	438	450	666	#
900	959.992	17	51	93	103	138	300	334	380	419	424	444	461	666	#
901	943.647	82	103	132	139	200	247	291	303	365	389	456	489	666	#
902	933.858	17	31	65	73	120	122	204	304	316	336	370	452	666	#
903	590.625	53	145	250	302	316	337	397	424	475	486	667	#
904	828.098	70	91	107	186	195	273	348	373	449	475	667	#
905	790.817	69	152	236	283	313	337	375	384	481	494	667	#
906	785.631	56	58	70	83	266	313	336	374	395	424	667	#
907	772.236	19	126	288	292	302	325	366	435	449	454	667	#
908	762.429	65	83	145	175	191	295	312	380	407	439	667	#
909	201.825	368	471	482	668	#
910	261.027	1	363	368	668	#
911	189.789	114	270	482	668	#
912	147.195	340	408	471	668	#
913	1380.11	42	48	66	91	93	126	152	155	182	188	189	193	355	400	437	450	478	486	491	669	#
914	1745.92	32	33	68	87	133	152	213	244	270	285	292	302	326	386	398	402	413	419	458	669	#
915	1586.07	66	68	70	72	90	111	118	192	199	232	254	265	300	356	360	422	458	459	472	669	#
916	1524.94	16	21	33	37	52	68	81	106	126	129	163	164	189	222	275	302	418	475	497	669	#
917	1483.46	18	26	55	57	163	169	182	215	265	335	356	360	431	458	460	476	477	484	491	669	#
918	1453.25	33	36	68	91	111	192	243	264	301	319	334	362	384	416	418	435	457	495	499	669	#
919	1177.58	3	21	67	132	133	151	225	232	296	307	320	369	428	455	670	#
920	1183.85	16	19	21	63	76	78	100	134	186	195	302	307	442	461	670	#
921	1147.81	15	112	118	134	180	301	307	320	328	369	392	420	462	499	670	#
922	1101.71	24	43	63	101	124	132	140	194	217	224	401	444	483	498	670	#
923	1065.7	104	130	147	224	232	240	262	297	303	316	364	365	387	450	670	#
924	1065.65	38	58	67	93	95	101	113	154	217	243	283	384	450	451	670	#
925	431.57	20	75	159	172	246	311	671	#
926	456.646	146	205	229	311	381	449	671	#
927	398.797	56	183	246	328	355	416	671	#
928	398.522	1	43	123	172	213	293	671	#
929	373.35	38	159	161	394	447	464	671	#
930	351.312	75	93	209	287	464	490	671	#
931	966.453	54	71	73	98	171	201	239	260	285	363	371	427	480	672	#
932	1154.17	23	44	54	65	85	101	106	131	171	251	453	487	499	672	#
933	1058.67	8	34	54	75	171	203	208	264	303	392	412	463	489	672	#
934	1016.74	91	109	178	193	260	281	297	318	319	372	408	420	492	672	#
935	998.581	175	177	180	235	239	243	334	346	386	402	428	436	487	672	#
936	930.998	18	150	157	183	201	265	302	320	326	359	437	466	498	672	#
937	6.42556	377	#
938	1324.82	35	52	76	88	108	130	148	198	244	255	275	276	282	284	396	407	410	448	479	673	#
939	1575.58	9	83	107	205	215	274	276	279	284	289	294	295	309	314	335	354	388	448	465	673	#
940	1536.16	21	29	35	75	78	108	137	218	256	313	321	384	386	391	399	404	411	414	454	673	#
941	1481.57	40	51	67	108	129	158	167	198	201	270	275	334	348	355	381	398	465	478	485	673	#
942	1476.81	7	11	24	36	70	104	121	159	171	207	271	276	298	309	375	379	429	479	494	673	#
943	1465.55	5	33	76	91	92	108	129	142	221	225	256	348	373	375	393	402	447	448	494	673	#
944	3337.9	0	1	11	12	28	32	38	44	58	60	70	75	85	96	107	120	130	134	141	148	155	158	203	241	254	289	298	309	315	328	329	333	336	345	353	373	382	397	406	415	420	429	433	443	480	484	495	674	#
945	3812.3	0	1	19	28	31	34	44	64	89	109	110	133	137	140	147	154	158	166	181	184	202	211	231	269	271	282	301	331	332	350	352	358	363	396	397	401	402	424	426	438	465	468	469	471	481	487	497	674	#
946	3633.73	3	5	12	37	55	59	64	70	75	76	86	89	124	133	137	139	144	156	159	161	168	179	187	201	232	276	288	290	291	296	321	336	344	353	361	397	403	415	427	433	445	452	453	464	472	488	492	674	#
947	3551.98	6	18	23	32	35	41	43	56	59	60	63	71	83	86	97	109	137	140	146	147	153	168	180	187	196	207	223	228	271	290	293	302	313	318	332	336	353	354	384	396	445	452	469	472	475	480	481	674	#
948	3543.6	17	18	22	34	40	69	71	86	101	107	118	133	137	149	153	154	168	172	207	231	233	241	244	258	262	267	271	274	290	293	299	301	305	336	345	360	364	372	387	393	401	411	422	433	463	474	483	674	#
949	3527.02	15	28	42	45	49	58	59	65	90	106	107	111	116	120	133	137	140	148	160	178	187	240	257	266	274	305	344	361	362	367	372	373	374	385	386	393	397	411	414	419	423	430	448	468	472	474	483	674	#
950	155.522	9	321	675	#
951	151.91	9	256	675	#
952	80.9382	250	321	675	#
953	618.16	67	109	161	260	298	302	373	486	676	#
954	764.869	33	67	70	82	168	189	369	386	676	#
955	594.701	7	107	231	238	272	288	302	373	676	#
956	594.079	25	48	109	145	158	243	355	356	676	#
957	579.986	5	28	64	79	260	310	363	481	676	#
958	558.426	18	26	38	74	210	215	258	298	676	#
959	697.049	18	87	142	185	244	267	277	420	422	438	450	452	677	#
960	893.754	13	57	72	131	258	322	379	381	426	438	442	491	677	#
961	873.31	16	19	20	269	345	370	422	423	428	444	459	472	677	#
962	866.323	31	43	76	111	114	124	196	277	392	425	466	472	677	#
963	863.851	12	19	68	266	288	294	309	342	345	421	452	481	677	#
964	854.168	43	73	81	92	112	132	175	385	401	436	450	499	677	#
965	107.222	193	#
966	345.276	162	213	257	318	320	386	678	#
967	463.607	0	215	294	318	419	452	678	#
968	440.582	140	174	209	257	322	372	678	#
969	403.821	86	162	176	325	479	484	678	#
970	367.768	149	213	372	376	379	448	678	#
971	241.246	37	56	220	320	384	417	678	#
972	3607.7	0	14	31	42	58	73	82	86	103	113	126	134	155	156	158	167	176	180	196	207	212	225	231	236	245	249	252	256	280	284	289	314	318	332	334	355	361	362	363	379	393	402	441	445	456	459	466	496	679	#
973	4087.17	10	12	20	31	32	34	42	62	76	83	95	102	103	111	114	119	135	136	148	165	182	188	201	215	231	263	285	286	289	292	297	303	330	333	347	385	388	394	397	400	402	419	422	423	432	449	451	472	679	#
974	3996.91	25	52	57	59	66	74	87	99	101	102	112	115	144	147	160	199	201	203	208	225	234	240	271	278	286	290	296	312	317	323	329	364	367	373	379	381	394	395	409	432	436	444	445	447	449	477	487	498	679	#
975	3963.13	2	15	20	34	46	47	49	71	76	77	83	86	92	109	112	123	134	147	148	181	201	212	225	248	265	285	302	310	313	334	342	350	361	379	389	393	394	396	402	406	420	421	436	441	451	456	475	490	679	#
976	3909.38	4	15	59	64	69	82	84	92	93	106	111	112	121	126	134	136	138	150	154	156	157	189	219	229	243	248	255	264	271	275	280	285	324	338	342	353	367	396	406	419	437	443	444	487	490	491	494	498	679	#
977	3900.68	6	26	38	49	59	61	67	75	82	83	103	111	112	129	140	144	153	165	171	184	191	194	199	201	216	258	289	292	299	307	315	317	331	342	347	355	365	393	394	411	419	420	438	441	453	459	466	487	679	#
978	163.515	200	428	680	#
979	188.692	427	428	680	#
980	141.192	36	200	680	#
981	960.37	21	64	110	114	143	152	159	293	300	403	425	484	681	#
982	1073.88	26	34	152	155	179	199	258	317	322	390	401	480	681	#
983	992.519	15	41	64	68	111	121	124	153	163	228	399	467	681	#
984	933.019	113	120	224	270	293	334	343	382	391	400	402	423	681	#
985	932.269	3	27	72	114	136	139	242	253	274	312	395	446	681	#
986	904.804	132	152	154	196	206	228	268	300	304	346	368	497	681	#
987	244.173	142	224	331	443	682	#
988	346.169	113	202	331	492	682	#
989	320.186	81	323	415	443	682	#
990	250.574	52	142	315	465	682	#
991	234.586	107	224	306	437	682	#
992	751.126	41	115	142	195	215	288	364	409	422	437	460	683	#
993	1040.69	3	15	215	244	274	317	352	368	414	432	480	683	#
994	953.28	1	2	18	115	162	191	270	291	295	300	374	683	#
995	932.348	42	179	180	345	364	373	451	459	460	463	480	683	#
996	913.078	124	145	150	172	176	178	272	309	414	437	462	683	#
997	896.277	2	132	154	168	181	232	301	374	408	460	481	683	#
998	611.465	6	29	45	139	188	242	359	377	466	483	684	#
999	866.612	99	112	113	205	251	264	340	383	424	483	684	#
1000	771.178	11	45	59	186	225	258	294	310	451	494	684	#
1001	762.496	24	180	201	231	242	342	353	358	372	440	684	#
1002	743.866	6	58	65	86	119	133	169	232	256	264	684	#
1003	689.044	29	34	38	71	93	107	143	215	377	395	684	#
