%% File generated by CATS v.2.1Wed Jun 29 15:51:32 2011

%% The CATS webpage is http://robotics.stanford.edu/CATS

%% PARAMETER SETTINGS:
% Goods: 50; Bids: 400; Distribution: arbitrary; Runs: 1; Seed: 1309379620
% Arbitrary Distribution Parameters:
% Max Substitutable Bids = 5
% Removing HV Neighbor   = 0.1
% Adding DIAG Neighbor   = 0.2
% Additional Location    = 0.9
% Additivity             = 0.2
% Budget Factor          = 1.5
% Resale Factor          = 0.5
% Uniform Private Value:
%   Deviation            = 0.5
%   Max Good Value       = 100



goods 50
bids 402
dummy 74

0	163.941	23	32	50	#
1	210.928	11	23	50	#
2	153.279	16	32	50	#
3	138.894	0	2	7	18	26	51	#
4	101.116	3	7	18	26	44	51	#
5	86.2363	6	#
6	514.061	3	15	23	24	35	38	40	44	47	49	52	#
7	751.423	0	2	3	11	16	19	21	27	31	46	52	#
8	747.374	14	16	18	21	27	35	36	38	40	49	52	#
9	741.648	1	6	12	15	19	21	24	31	35	39	52	#
10	718.347	11	14	19	25	31	37	43	44	46	48	52	#
11	693.227	8	14	16	18	19	21	28	33	38	43	52	#
12	567.334	3	6	19	37	39	40	43	53	#
13	776.557	1	11	17	22	35	37	46	53	#
14	706.61	4	6	13	19	36	37	41	53	#
15	691.793	1	3	19	23	35	37	41	53	#
16	661.671	6	7	20	23	30	37	46	53	#
17	606.399	11	19	25	35	36	38	39	53	#
18	610.955	0	9	15	21	22	23	33	44	49	54	#
19	710.895	4	7	14	15	19	22	35	46	47	54	#
20	671.998	0	6	8	12	15	22	39	43	44	54	#
21	612.205	5	6	7	13	23	24	32	35	43	54	#
22	596.073	14	21	22	23	36	41	44	45	47	54	#
23	587.111	0	7	14	17	24	31	34	44	47	54	#
24	777.953	3	4	5	10	18	19	27	29	35	49	55	#
25	950.257	1	6	10	12	20	23	32	37	41	48	55	#
26	916.668	1	10	17	21	23	27	34	37	41	47	55	#
27	911.221	12	16	17	19	20	24	35	37	41	49	55	#
28	857.938	1	3	12	19	29	32	34	37	48	49	55	#
29	826.94	0	3	16	19	20	29	32	34	46	47	55	#
30	1917.65	0	2	3	4	5	6	8	9	13	14	15	20	21	22	23	24	26	27	29	30	31	32	38	40	41	45	48	49	56	#
31	2092.27	0	2	3	4	7	9	10	11	13	15	16	17	19	20	21	22	24	26	27	28	30	35	38	40	41	42	43	45	56	#
32	2049.82	0	3	4	5	6	7	8	9	13	15	17	19	20	21	22	23	24	27	28	30	32	38	39	40	41	43	48	49	56	#
33	1957.66	0	2	3	4	5	6	7	8	9	11	13	15	16	17	20	21	23	24	26	28	29	30	39	40	41	43	46	47	56	#
34	1952.11	0	2	3	4	5	6	7	8	9	10	13	14	15	16	20	21	22	26	27	28	29	30	32	33	41	43	48	49	56	#
35	1937.27	0	1	2	3	4	5	6	8	10	13	15	16	20	21	22	23	25	26	27	28	32	33	38	40	42	43	48	49	56	#
36	931.231	2	4	7	11	12	15	18	21	23	27	28	41	47	48	57	#
37	1139.57	1	4	5	9	14	19	20	21	23	29	37	38	41	42	57	#
38	1065.59	2	4	7	9	15	19	20	21	28	29	34	39	41	44	57	#
39	1053.42	1	6	12	20	23	24	25	27	37	41	42	44	48	49	57	#
40	1046.01	1	5	7	10	11	12	19	20	24	28	38	39	44	49	57	#
41	1042.31	7	10	11	15	16	17	20	21	23	38	40	42	47	49	57	#
42	1077.16	4	10	11	14	23	26	27	31	34	35	36	41	46	48	58	#
43	1069.07	1	9	11	14	22	23	25	27	28	29	34	36	41	42	58	#
44	983.858	2	4	5	9	11	18	20	23	25	28	30	36	43	49	58	#
45	975.537	0	2	6	10	11	14	23	26	28	30	34	35	36	41	58	#
46	962.242	2	4	5	11	13	17	20	24	29	34	41	42	46	48	58	#
47	957.341	2	13	14	20	27	29	30	31	33	34	35	41	46	48	58	#
48	848.497	6	7	9	18	21	33	39	46	49	59	#
49	793.543	3	7	14	20	21	25	27	36	39	59	#
50	746.315	6	8	18	21	28	31	39	46	49	59	#
51	731.403	5	7	18	21	25	29	31	32	33	59	#
52	731.032	9	12	18	21	22	27	30	32	39	59	#
53	711.514	0	5	6	10	14	24	25	30	37	59	#
54	622.956	2	5	8	12	18	22	40	42	60	#
55	806.371	8	20	22	23	24	25	30	38	60	#
56	694.156	8	16	18	30	31	35	40	44	60	#
57	636.132	17	18	24	25	27	30	38	42	60	#
58	621.781	5	17	26	29	31	35	39	40	60	#
59	582.065	17	22	27	28	31	33	38	49	60	#
60	1083.75	0	2	3	8	11	13	14	17	20	23	26	28	29	30	35	39	44	48	61	#
61	1279.13	0	8	9	15	17	20	25	27	29	32	33	37	38	40	41	43	46	47	61	#
62	1262.26	9	10	14	20	21	22	23	27	29	35	37	38	39	42	43	44	47	48	61	#
63	1254.84	2	3	8	9	20	23	24	25	27	29	32	33	37	38	40	43	45	48	61	#
64	1226.8	6	8	13	16	17	18	20	22	23	24	27	29	35	38	39	40	44	46	61	#
65	1192.09	0	3	8	9	12	13	14	15	16	17	18	20	25	27	29	38	43	44	61	#
66	821.608	2	3	13	19	20	24	25	40	46	62	#
67	785.397	4	5	7	15	19	21	24	25	35	62	#
68	736.516	8	9	15	19	25	35	38	40	45	62	#
69	699.873	2	3	19	24	25	27	32	36	46	62	#
70	694.307	2	3	18	19	23	25	28	43	45	62	#
71	690.175	2	4	5	9	14	16	24	26	40	62	#
72	606.57	0	1	23	27	32	36	39	45	49	63	#
73	680.833	6	8	16	21	23	27	30	44	46	63	#
74	678.752	1	11	16	18	21	26	45	46	49	63	#
75	642.765	0	3	9	16	23	29	39	42	46	63	#
76	632.09	0	13	18	21	30	39	40	46	49	63	#
77	607.508	0	13	15	16	21	25	39	40	49	63	#
78	130.047	7	27	64	#
79	133.25	7	42	64	#
80	141.042	24	43	65	#
81	190.723	16	24	65	#
82	135.541	10	43	65	#
83	858.215	9	12	17	22	23	32	37	42	43	44	47	49	66	#
84	1018.34	1	4	9	15	32	33	35	37	38	40	42	43	66	#
85	1018.12	2	4	5	9	12	15	31	32	35	39	40	49	66	#
86	988.364	1	5	9	11	21	23	32	36	38	42	44	46	66	#
87	986.348	4	6	7	8	11	22	25	27	31	35	44	47	66	#
88	954.656	7	15	22	23	32	33	35	36	37	42	43	49	66	#
89	142.708	1	48	67	#
90	187.669	1	11	67	#
91	134.038	36	48	67	#
92	1493.67	0	1	5	6	7	10	15	17	20	22	24	27	28	30	32	34	38	39	42	44	45	46	47	68	#
93	1739.18	1	4	6	8	9	10	11	14	15	16	17	20	22	24	28	29	30	32	34	35	37	41	46	68	#
94	1639.27	0	1	2	4	6	9	10	11	13	15	17	22	25	27	28	32	34	35	36	37	38	42	47	68	#
95	1619.24	1	3	4	6	10	11	15	20	22	24	25	27	28	29	30	35	36	37	38	39	42	44	47	68	#
96	1615.47	1	4	10	13	15	17	20	24	25	29	30	32	34	35	36	37	38	39	41	42	43	46	47	68	#
97	1607.47	0	1	2	4	5	6	9	15	17	18	20	22	23	28	29	30	31	32	34	37	39	42	47	68	#
98	1913.17	0	1	2	4	5	8	9	10	11	13	14	15	17	18	19	20	21	22	24	26	27	29	33	34	37	38	40	44	49	69	#
99	2150.21	0	1	4	6	8	10	11	12	13	14	15	16	18	19	21	22	24	27	29	30	33	34	36	37	38	39	40	41	44	69	#
100	2088.81	0	1	2	3	4	6	8	9	10	13	14	16	17	20	22	24	26	27	29	33	34	35	37	38	39	40	41	44	45	69	#
101	2062.25	0	1	2	3	4	8	10	11	13	14	15	16	17	19	21	22	24	27	30	31	33	34	35	36	37	38	39	42	44	69	#
102	2060.54	0	1	2	4	6	8	11	12	13	14	15	16	18	19	20	22	24	27	29	31	33	34	36	37	38	41	44	45	48	69	#
103	2023.68	0	1	3	4	5	6	8	9	11	13	15	16	18	19	20	21	22	23	24	26	27	31	33	34	38	39	40	45	48	69	#
104	68.4694	1	#
105	487.426	0	5	16	19	41	70	#
106	367.801	5	9	10	19	23	70	#
107	355.107	12	14	19	39	41	70	#
108	343.749	4	16	18	36	48	70	#
109	328.916	0	8	24	30	47	70	#
110	307.478	14	29	41	43	45	70	#
111	248.331	3	7	37	71	#
112	260.167	7	37	41	71	#
113	169.244	3	26	42	71	#
114	162.019	25	37	44	71	#
115	1727.84	0	4	5	6	7	8	9	14	15	18	20	21	24	27	30	31	32	33	34	38	39	40	45	46	47	49	72	#
116	2118.59	1	4	6	7	8	9	10	16	18	19	20	21	24	25	27	30	31	33	37	39	40	41	43	44	47	49	72	#
117	2084.78	6	8	10	15	17	18	19	21	22	24	25	26	28	29	31	33	34	35	36	37	39	40	41	43	46	47	72	#
118	2014.45	3	4	6	9	10	17	18	19	21	24	26	27	29	31	32	33	35	36	37	39	40	43	44	47	48	49	72	#
119	2013.77	4	6	8	9	10	17	18	20	21	22	25	26	27	28	31	33	35	37	39	40	43	45	46	47	48	49	72	#
120	1982.54	2	4	5	6	8	9	10	11	17	18	19	26	27	29	30	31	32	33	35	36	37	40	43	46	47	49	72	#
121	2908.1	0	1	2	3	4	5	6	7	8	14	15	16	17	19	20	22	23	24	25	26	27	28	29	30	32	33	34	35	36	37	38	39	40	41	42	43	44	46	47	48	49	73	#
122	3071.3	0	1	2	4	5	6	7	9	10	11	12	13	14	15	16	17	18	19	20	22	23	24	25	26	27	28	29	30	32	33	34	35	37	40	41	42	43	46	47	48	49	73	#
123	3042.88	0	1	2	3	4	5	6	7	8	9	11	14	15	16	17	18	19	20	22	23	24	25	26	27	28	29	30	32	33	34	35	37	39	40	41	42	43	46	47	48	49	73	#
124	3039.89	0	1	2	4	5	6	7	9	11	12	13	16	17	18	19	20	22	23	24	25	26	27	28	29	30	31	32	33	34	35	37	39	40	41	42	43	45	46	47	48	49	73	#
125	3039.75	0	1	2	3	4	5	6	7	8	13	15	16	17	18	19	20	22	23	24	25	26	27	28	29	30	31	32	33	34	35	37	39	40	41	42	43	44	46	47	48	49	73	#
126	3035.05	0	1	2	3	4	5	6	7	8	13	14	15	17	18	19	20	22	23	24	25	26	27	28	29	30	31	32	33	34	35	36	37	39	40	41	42	43	46	47	48	49	73	#
127	283.184	13	25	27	74	#
128	292.782	0	13	20	74	#
129	254.434	13	27	45	74	#
130	217.977	3	21	25	74	#
131	894.554	0	4	8	14	15	16	18	24	26	28	29	34	36	40	45	47	48	75	#
132	1258.17	0	4	8	9	17	18	20	21	22	26	28	31	36	40	43	47	49	75	#
133	1257.37	8	9	11	12	14	17	20	21	24	28	34	35	36	43	46	47	49	75	#
134	1256.05	0	9	14	18	20	21	24	28	30	33	34	35	36	40	45	46	47	75	#
135	1149.74	0	5	8	12	13	14	16	17	18	21	23	26	31	33	35	38	40	75	#
136	1139.95	0	8	11	13	14	17	22	23	25	30	32	34	38	43	45	46	49	75	#
137	690.92	1	9	14	15	20	21	22	76	#
138	634.319	5	11	14	15	18	22	40	76	#
139	592.064	3	10	20	22	32	46	48	76	#
140	589.608	1	11	12	20	27	39	48	76	#
141	557.052	9	20	21	24	28	34	39	76	#
142	472.334	4	14	18	21	26	30	37	76	#
143	77.0874	46	#
144	247.933	4	27	29	36	77	#
145	334.987	4	20	29	33	77	#
146	330.334	4	13	32	39	77	#
147	312.258	10	11	27	35	77	#
148	291.718	8	13	22	36	77	#
149	1053.49	6	8	10	13	16	19	22	24	31	36	41	49	78	#
150	1040	1	2	16	17	20	22	31	36	40	42	44	46	78	#
151	1007.14	1	4	5	6	12	17	20	22	29	38	44	48	78	#
152	1005.52	1	9	10	17	19	25	40	41	42	43	46	47	78	#
153	1005.47	6	8	10	12	13	20	25	37	40	41	44	48	78	#
154	974.495	1	6	13	16	17	19	21	25	36	38	47	49	78	#
155	253.265	5	7	35	36	79	#
156	300.096	6	14	18	35	79	#
157	297.833	7	13	20	24	79	#
158	297.689	3	4	11	36	79	#
159	156.171	2	5	22	36	79	#
160	372.229	1	8	29	36	37	38	47	80	#
161	555.884	9	19	21	29	32	45	46	80	#
162	522.971	1	16	23	36	37	46	48	80	#
163	495.067	1	6	19	21	23	36	44	80	#
164	478.282	22	25	27	31	38	47	48	80	#
165	476.109	2	6	23	24	37	47	48	80	#
166	1137.59	6	8	13	16	19	21	22	23	28	31	34	37	40	44	48	81	#
167	1248.07	6	15	19	20	21	23	25	27	29	37	39	40	42	43	44	81	#
168	1157.73	1	3	7	9	11	16	18	19	21	25	27	33	35	37	42	81	#
169	1135.36	5	8	9	10	11	13	20	27	33	34	35	36	39	40	42	81	#
170	1135.16	1	3	6	8	9	13	16	19	21	24	26	27	29	34	37	81	#
171	1106.73	1	2	3	6	7	9	19	21	22	23	27	37	44	47	48	81	#
172	284.102	18	24	30	82	#
173	312.57	23	30	43	82	#
174	310.467	21	24	36	82	#
175	188.067	15	18	41	82	#
176	71.4931	22	#
177	360.899	12	17	25	37	83	#
178	400.56	12	16	17	35	83	#
179	389.48	5	12	22	30	83	#
180	267.466	12	16	25	44	83	#
181	244.573	2	24	27	37	83	#
182	68.3942	38	#
183	764.874	4	6	7	8	13	14	16	40	46	84	#
184	789.411	6	13	16	22	27	35	36	39	48	84	#
185	633.133	1	2	8	10	12	27	32	35	48	84	#
186	626.802	2	7	8	13	14	26	27	28	46	84	#
187	626.128	5	13	16	20	27	31	32	36	38	84	#
188	606.339	1	3	6	7	12	21	27	32	39	84	#
189	810.803	1	5	8	11	14	18	23	24	27	29	30	34	36	38	43	49	85	#
190	1176.16	0	1	3	5	7	13	16	20	21	22	27	30	33	34	36	42	85	#
191	1170.01	1	4	6	9	10	13	14	17	24	26	27	30	38	46	47	48	85	#
192	1148.23	0	5	7	9	11	13	14	19	22	31	33	34	39	41	47	48	85	#
193	1138.17	3	4	8	9	13	15	21	24	26	27	30	33	36	41	42	47	85	#
194	1128.98	0	1	4	5	7	9	13	17	18	24	27	33	34	41	43	45	85	#
195	1025.26	2	5	6	8	10	13	20	22	27	31	34	40	48	86	#
196	1056.71	2	3	9	10	13	15	19	24	25	27	30	38	40	86	#
197	1052.85	5	10	13	20	21	22	27	31	34	39	41	42	49	86	#
198	1021.31	2	3	6	13	17	20	25	27	31	36	40	42	48	86	#
199	938.15	3	7	12	17	20	22	27	30	31	34	35	39	45	86	#
200	917.348	2	3	7	8	11	19	21	23	27	30	39	40	44	86	#
201	657.77	1	13	16	17	23	28	34	41	44	47	87	#
202	922.424	2	4	6	15	16	17	24	27	31	37	87	#
203	872.273	4	6	13	16	22	34	37	44	45	47	87	#
204	855.614	4	5	13	14	15	17	22	27	45	46	87	#
205	847.7	16	19	22	24	25	33	37	41	46	47	87	#
206	832.071	11	13	14	16	20	27	28	33	38	46	87	#
207	764.973	0	5	9	13	14	15	20	22	26	28	36	42	48	88	#
208	998.899	2	5	10	14	17	19	20	22	30	33	35	39	42	88	#
209	995.639	6	9	10	12	15	16	20	29	32	33	34	35	48	88	#
210	979.711	2	4	5	6	10	18	26	28	29	33	38	43	46	88	#
211	964.599	1	4	5	13	14	15	19	29	32	33	35	38	49	88	#
212	943.256	2	4	8	12	14	16	28	29	35	39	41	48	49	88	#
213	469.217	0	3	5	7	18	22	26	35	89	#
214	607.001	10	11	23	26	32	34	35	46	89	#
215	540.483	7	23	24	26	29	45	46	48	89	#
216	525.039	1	5	9	17	35	39	44	48	89	#
217	496.011	3	6	8	15	16	26	29	35	89	#
218	493.019	5	6	7	15	24	30	31	32	89	#
219	277.534	8	35	42	90	#
220	296.87	13	25	35	90	#
221	224.612	26	36	42	90	#
222	153.722	8	14	30	90	#
223	144.28	25	34	91	#
224	181.766	15	25	91	#
225	152.434	4	34	91	#
226	532.767	0	6	22	25	37	40	44	92	#
227	640.979	6	9	15	21	22	23	36	92	#
228	587.152	3	6	20	25	40	41	47	92	#
229	538.547	1	3	6	11	16	26	39	92	#
230	510.267	6	14	23	25	42	45	47	92	#
231	392.705	0	16	18	25	39	47	48	92	#
232	506.853	11	13	22	39	41	49	93	#
233	577.59	3	19	22	31	45	46	93	#
234	478.867	0	1	11	15	19	26	93	#
235	400.036	1	6	32	43	45	49	93	#
236	388.255	0	1	15	34	37	41	93	#
237	360.516	7	20	24	29	39	44	93	#
238	2050.46	0	2	3	4	6	7	8	10	11	14	15	16	18	19	20	21	22	23	25	26	27	28	30	31	33	36	41	42	44	45	47	94	#
239	2168.93	1	2	4	5	6	7	8	10	11	15	16	17	18	19	20	21	22	23	25	26	27	28	29	31	33	35	40	41	42	44	45	94	#
240	2154.1	0	2	3	6	7	8	10	11	15	16	17	18	19	20	21	22	23	25	26	28	30	31	33	35	36	40	41	42	44	45	47	94	#
241	2142.26	0	3	6	7	8	10	11	16	18	19	20	21	22	23	25	26	27	29	30	31	32	33	34	35	36	40	41	44	45	46	47	94	#
242	2116.13	0	1	3	4	6	7	8	10	11	15	16	17	18	19	20	22	23	25	26	28	29	31	33	34	36	38	40	41	44	45	49	94	#
243	2107.75	1	3	5	6	7	8	10	11	15	16	18	19	20	21	22	23	25	26	28	30	31	33	34	36	38	40	41	45	46	47	49	94	#
244	932.623	1	6	8	10	20	22	29	40	42	48	95	#
245	826.419	1	4	7	10	12	20	29	38	42	48	95	#
246	789.933	2	8	11	12	18	22	39	40	42	47	95	#
247	758.859	5	6	7	10	11	20	23	41	43	48	95	#
248	753.986	1	4	6	16	28	38	40	41	43	47	95	#
249	667.345	10	12	23	26	35	42	43	44	47	48	95	#
250	648.502	1	7	8	13	19	23	24	36	37	96	#
251	798.244	6	10	12	13	23	31	36	42	49	96	#
252	716.895	10	17	19	23	35	37	42	45	47	96	#
253	712.153	14	20	23	25	27	35	37	38	43	96	#
254	709.284	1	5	8	12	13	23	29	36	49	96	#
255	689.294	7	13	14	19	23	24	25	29	30	96	#
256	158.744	1	9	48	97	#
257	229.857	1	11	23	97	#
258	194.026	9	19	48	97	#
259	147.478	9	18	32	97	#
260	172.489	25	43	98	#
261	191.429	6	25	98	#
262	182.09	27	43	98	#
263	177.426	1	36	99	#
264	180.975	1	32	99	#
265	1028.82	3	5	6	7	10	12	17	20	24	27	28	32	35	36	38	39	44	46	49	100	#
266	1220.82	3	4	6	7	9	10	12	13	14	16	19	21	25	26	30	36	40	43	46	100	#
267	1187.99	1	3	5	6	7	19	21	24	25	29	31	33	35	36	38	39	40	44	49	100	#
268	1170.44	0	7	9	16	19	20	22	23	24	26	27	28	30	35	36	38	40	46	49	100	#
269	1155.06	3	4	6	7	10	16	18	19	22	26	29	31	34	35	38	39	40	42	44	100	#
270	1128.77	3	7	9	13	14	15	17	19	21	24	25	26	27	34	35	36	38	44	49	100	#
271	1712.67	0	2	3	4	5	6	7	8	9	10	12	14	15	20	21	23	27	28	31	36	37	38	39	41	43	44	46	48	49	101	#
272	2169.73	1	3	4	5	6	7	8	9	10	11	12	14	15	17	19	20	21	22	25	28	31	32	33	39	41	43	46	48	49	101	#
273	2081.88	1	3	4	6	7	8	9	10	11	14	15	17	18	19	21	22	23	27	30	31	33	39	40	41	42	43	46	48	49	101	#
274	2079.28	1	3	4	5	8	9	10	11	15	16	17	19	21	22	23	25	27	28	30	31	33	37	38	39	41	43	46	48	49	101	#
275	2078.75	0	1	3	4	6	7	8	9	10	11	12	15	20	21	23	25	27	28	31	32	33	36	37	38	40	41	46	48	49	101	#
276	2047.96	0	1	3	4	5	6	7	8	9	11	14	15	21	22	23	25	28	30	31	32	33	37	39	40	41	43	46	48	49	101	#
277	357.821	3	16	24	30	42	47	102	#
278	482.574	2	9	15	16	23	30	102	#
279	475.139	2	3	13	16	23	46	102	#
280	430.888	8	9	30	33	34	37	102	#
281	364.231	11	21	23	34	42	49	102	#
282	329.149	14	16	23	24	28	38	102	#
283	318.002	2	23	33	43	103	#
284	461.23	21	31	33	35	103	#
285	339.643	2	11	19	48	103	#
286	269.628	16	23	24	48	103	#
287	228.582	14	17	43	47	103	#
288	1165.28	4	6	11	17	18	19	24	29	32	37	39	40	41	42	45	104	#
289	1231.02	1	4	10	14	17	20	23	37	39	40	41	42	45	46	49	104	#
290	1166.47	1	4	7	9	10	17	19	20	27	29	36	37	40	41	48	104	#
291	1110.41	1	3	7	9	11	17	18	19	20	23	24	29	37	41	45	104	#
292	1083.54	6	7	17	18	19	23	24	27	30	31	33	42	44	46	48	104	#
293	1070.44	10	17	18	19	20	24	26	28	31	34	37	40	42	43	46	104	#
294	1094.53	6	7	8	12	15	19	21	29	30	35	40	49	105	#
295	1068.29	2	4	11	19	21	23	30	34	35	41	42	48	105	#
296	1054.92	1	2	7	11	12	14	15	21	30	34	35	42	105	#
297	988.242	1	4	6	8	24	29	30	35	40	42	47	49	105	#
298	978.609	1	2	4	5	10	14	15	19	21	28	30	37	105	#
299	966.376	1	2	13	15	19	21	24	28	30	31	34	49	105	#
300	990.236	1	2	3	5	13	14	16	17	27	31	35	36	42	45	106	#
301	1281.76	3	4	10	13	15	20	22	24	27	30	32	40	42	46	106	#
302	1213.54	0	4	9	11	16	17	22	23	32	40	42	43	46	48	106	#
303	1184.95	0	2	4	10	11	19	22	25	30	32	35	37	41	49	106	#
304	1181.43	0	3	10	15	17	20	21	24	30	31	32	40	43	48	106	#
305	1157.5	3	4	5	9	10	11	13	20	23	27	32	41	42	46	106	#
306	293.292	19	33	46	107	#
307	320.043	2	19	23	107	#
308	256.048	5	30	46	107	#
309	156.346	33	38	42	107	#
310	1348.67	0	4	7	10	14	16	18	20	21	25	27	28	31	34	35	38	45	46	47	48	49	108	#
311	1682.67	0	3	4	5	6	10	13	14	20	22	23	28	29	31	32	33	35	38	46	48	49	108	#
312	1649.43	5	6	10	12	13	14	15	18	20	21	22	23	25	30	31	33	35	43	46	47	49	108	#
313	1570.07	4	5	6	7	8	10	13	14	17	20	22	23	30	35	38	40	43	46	47	48	49	108	#
314	1498.9	4	5	6	8	10	12	13	14	15	17	19	20	21	32	35	38	44	45	46	47	48	108	#
315	1492.66	0	3	4	5	6	10	13	18	20	22	25	28	31	36	37	39	44	46	47	48	49	108	#
316	564.381	6	10	15	27	38	45	109	#
317	587.722	12	24	30	35	38	40	109	#
318	527.823	6	7	9	21	27	36	109	#
319	520.227	2	9	10	11	15	23	109	#
320	499.956	6	11	15	26	34	42	109	#
321	462.627	2	4	20	28	41	45	109	#
322	28.8288	15	32	#
323	509.597	10	12	13	27	30	39	44	49	110	#
324	661.771	0	8	12	22	23	34	37	44	110	#
325	574.085	8	23	24	26	27	30	39	40	110	#
326	569.91	8	9	10	12	19	26	34	36	110	#
327	529.615	8	10	16	28	29	40	44	46	110	#
328	516.242	12	23	30	34	43	44	47	49	110	#
329	452.636	20	29	35	41	48	111	#
330	470.85	15	23	32	35	40	111	#
331	441.996	1	8	25	29	46	111	#
332	431.413	0	8	20	27	30	111	#
333	396.085	7	29	35	41	42	111	#
334	348.457	5	15	23	27	48	111	#
335	297.574	7	8	27	28	33	112	#
336	399.899	8	17	33	40	47	112	#
337	388.062	16	20	27	28	33	112	#
338	285.885	2	7	19	28	44	112	#
339	268.747	15	27	28	29	44	112	#
340	410.291	4	10	22	32	37	44	113	#
341	442.714	0	4	22	42	43	44	113	#
342	435.418	3	10	12	18	30	38	113	#
343	405.472	22	25	39	42	44	49	113	#
344	349.769	19	26	31	32	36	39	113	#
345	339.811	4	12	15	20	26	29	113	#
346	747.464	5	12	13	22	25	27	30	31	33	114	#
347	766.574	9	13	15	22	24	25	34	41	42	114	#
348	750.195	1	12	19	20	25	27	28	31	42	114	#
349	728.596	1	4	13	15	16	21	24	33	42	114	#
350	728.352	12	16	17	19	22	27	33	42	44	114	#
351	684.286	5	8	21	22	25	35	37	38	42	114	#
352	1405.62	0	2	4	7	10	16	19	20	21	24	25	27	30	44	46	48	115	#
353	1501.45	0	4	7	10	16	19	20	21	25	26	30	31	37	39	46	49	115	#
354	1439.65	0	4	9	10	14	16	19	20	21	23	25	26	33	37	39	41	115	#
355	1418.89	4	7	10	13	14	16	19	20	23	24	25	28	30	33	35	46	115	#
356	1406.22	0	4	14	20	21	23	24	25	30	31	33	36	39	44	46	49	115	#
357	1389.59	0	4	6	8	10	20	23	24	27	28	29	30	31	41	46	49	115	#
358	289.103	6	9	28	46	116	#
359	397.367	9	33	40	46	116	#
360	357.69	6	16	25	32	116	#
361	264.439	6	9	36	45	116	#
362	202.17	1	17	28	33	116	#
363	1048.33	6	8	12	14	15	18	24	27	28	29	33	34	38	40	43	48	49	117	#
364	1337.37	3	4	8	13	16	17	25	29	31	33	36	38	39	40	42	43	45	117	#
365	1264.55	3	4	10	13	14	15	20	24	25	27	29	38	39	40	42	43	49	117	#
366	1224.17	3	6	9	13	15	17	18	20	29	30	31	33	34	39	40	42	46	117	#
367	1219.22	4	6	8	9	10	12	13	16	19	25	29	33	35	36	43	47	48	117	#
368	1215.43	2	6	10	12	13	16	17	27	29	31	33	34	36	40	43	44	48	117	#
369	1480.61	0	6	13	15	16	17	18	20	21	23	25	27	28	29	32	34	36	40	43	46	47	48	49	118	#
370	1729.32	0	2	4	7	9	13	15	17	18	20	21	22	23	24	25	27	28	32	38	43	46	48	49	118	#
371	1680.54	1	2	4	6	7	9	13	14	15	17	20	22	23	25	29	32	36	42	43	46	47	48	49	118	#
372	1654.18	2	4	6	7	9	12	15	17	19	21	22	25	27	28	29	31	38	40	42	44	46	47	49	118	#
373	1647.05	0	2	4	6	7	13	15	17	18	22	23	25	28	29	31	32	33	36	38	43	46	47	48	118	#
374	1609.57	0	2	6	7	11	13	17	18	20	21	22	23	25	28	29	32	33	38	44	46	47	48	49	118	#
375	384.371	6	12	18	22	24	32	119	#
376	453.08	6	19	24	30	41	48	119	#
377	367.108	9	13	14	22	23	44	119	#
378	352.189	2	8	15	18	20	43	119	#
379	351.335	1	4	12	22	34	37	119	#
380	317.79	15	17	24	26	36	44	119	#
381	422.53	1	5	7	11	12	21	36	37	120	#
382	564.017	5	7	17	21	25	40	45	46	120	#
383	507.161	3	5	12	18	28	31	36	49	120	#
384	503.433	7	11	16	17	18	26	31	37	120	#
385	451.67	10	12	14	16	17	37	39	48	120	#
386	441.923	3	8	12	18	28	36	39	48	120	#
387	198.99	6	19	121	#
388	212.795	6	13	121	#
389	1073.64	7	10	11	13	16	17	19	20	22	29	33	35	44	47	49	122	#
390	1208.52	1	4	10	13	19	21	22	23	28	29	32	35	39	43	46	122	#
391	1089.64	3	4	10	14	17	20	23	26	29	33	34	35	38	43	48	122	#
392	1059.73	1	3	4	8	14	18	20	21	22	23	37	39	43	47	49	122	#
393	1052.09	1	5	11	13	18	21	26	31	33	34	36	42	43	48	49	122	#
394	1045.2	4	6	10	13	17	21	22	27	28	31	32	36	38	43	47	122	#
395	120.276	16	#
396	967.758	0	1	4	7	13	23	28	29	38	39	44	46	48	123	#
397	1069.74	3	7	11	18	21	23	24	31	34	35	38	40	44	123	#
398	1056.91	3	4	11	13	15	21	22	24	28	31	41	42	46	123	#
399	1053.93	1	2	4	8	10	13	14	21	24	34	37	38	41	123	#
400	1030.47	2	4	8	23	24	31	33	35	36	39	41	44	46	123	#
401	1024.33	1	2	6	9	13	21	23	31	32	44	45	46	48	123	#
