%% File generated by CATS v.2.1Mon Jul  4 13:58:23 2011

%% The CATS webpage is http://robotics.stanford.edu/CATS

%% PARAMETER SETTINGS:
% Goods: 256; Bids: 1000; Distribution: arbitrary; Runs: 1; Problems generated from distribution over features in files: qpstuff/cass-qp.txt, qpstuff/cplex-qp.txt, qpstuff/lehman-qp.txt; Seed: 1309817453
% Arbitrary Distribution Parameters:
% Max Substitutable Bids = 5
% Removing HV Neighbor   = 0.1
% Adding DIAG Neighbor   = 0.2
% Additional Location    = 0.9
% Additivity             = 0.2
% Budget Factor          = 1.5
% Resale Factor          = 0.5
% Uniform Private Value:
%   Deviation            = 0.5
%   Max Good Value       = 100



goods 256
bids 1002
dummy 180

0	688.471	9	19	20	37	73	122	154	204	215	256	#
1	691.999	16	56	112	115	151	154	202	207	227	256	#
2	659.927	11	19	66	105	106	131	141	183	202	256	#
3	614.278	20	46	56	72	94	114	204	235	244	256	#
4	613.352	5	8	10	37	83	116	117	170	197	256	#
5	590.514	6	7	56	73	93	95	177	227	233	256	#
6	1736.65	21	23	26	28	48	60	67	84	86	91	105	120	126	133	139	141	154	167	181	182	187	197	198	210	212	222	237	257	#
7	2036.23	13	47	48	67	73	91	92	95	110	117	134	147	149	166	167	171	173	185	189	201	208	218	221	226	235	237	247	257	#
8	2009.68	15	33	39	46	47	48	50	54	63	83	85	86	95	126	132	136	141	156	168	177	179	202	215	235	242	243	253	257	#
9	1989.95	2	9	48	56	58	74	77	83	84	88	101	117	121	147	156	165	166	171	182	186	200	212	221	223	225	233	235	257	#
10	1984.15	19	22	32	42	48	55	58	69	77	115	121	132	147	150	151	156	158	163	176	182	212	216	222	237	240	242	253	257	#
11	1967.07	14	24	25	28	32	48	72	74	85	107	120	122	124	126	131	133	135	141	154	155	158	171	201	220	222	243	255	257	#
12	90.0859	84	217	258	#
13	65.1701	84	100	258	#
14	936.766	2	16	34	102	105	125	171	174	185	223	251	254	259	#
15	992.183	6	8	17	34	47	65	119	180	181	187	201	238	259	#
16	966.888	1	4	16	35	49	59	78	89	107	138	189	215	259	#
17	964.129	35	47	72	79	88	104	115	130	163	174	192	242	259	#
18	916.825	5	35	55	92	105	125	138	195	208	209	224	254	259	#
19	890.331	24	38	90	102	135	141	168	169	178	207	223	232	259	#
20	757.398	27	33	34	75	86	122	155	163	176	183	230	260	#
21	989.837	15	22	44	65	85	86	90	92	153	182	203	260	#
22	976.66	54	65	68	73	98	103	119	155	161	182	242	260	#
23	852.515	59	85	100	111	161	163	170	171	196	199	220	260	#
24	849.194	15	51	87	102	115	122	191	196	199	226	240	260	#
25	846.335	22	27	61	87	102	180	182	183	197	202	218	260	#
26	633.358	19	72	159	169	182	187	190	209	243	261	#
27	745.779	60	72	111	115	147	169	182	211	213	261	#
28	696.945	8	13	50	75	141	159	210	231	248	261	#
29	633.096	8	42	44	88	167	169	243	247	248	261	#
30	598.361	10	52	72	89	134	195	215	229	244	261	#
31	578.793	38	68	108	131	161	181	182	213	240	261	#
32	701.822	32	33	37	55	58	110	122	174	187	207	208	262	#
33	936.418	35	66	79	92	96	110	114	218	226	232	253	262	#
34	855.032	14	20	22	42	47	134	146	161	174	235	249	262	#
35	844.585	1	18	44	66	82	112	154	164	168	201	207	262	#
36	755.049	60	68	83	100	110	113	154	205	208	224	252	262	#
37	733.812	9	21	36	55	81	105	122	153	173	192	252	262	#
38	1593.23	0	2	8	15	31	32	54	64	65	90	91	174	179	186	222	224	230	235	239	245	250	252	263	#
39	1893.26	3	15	36	50	54	61	73	74	83	107	108	113	130	135	154	163	164	174	175	188	221	229	263	#
40	1832.05	0	3	6	12	20	21	55	65	71	73	85	89	96	114	115	155	162	176	179	228	229	252	263	#
41	1778.02	6	12	32	50	51	55	65	70	74	86	104	109	111	112	113	115	132	136	234	245	247	252	263	#
42	1707.13	8	15	24	50	67	104	111	121	128	135	149	153	154	160	168	186	203	220	232	234	237	246	263	#
43	1646.33	2	6	10	31	32	39	51	64	75	78	80	104	151	181	190	193	201	224	226	236	239	249	263	#
44	212.873	54	135	177	250	264	#
45	296.559	21	54	129	214	264	#
46	249.679	31	96	250	252	264	#
47	158.534	97	171	177	206	264	#
48	439.133	92	133	190	234	243	265	#
49	515.702	73	131	132	238	243	265	#
50	449.207	30	122	133	147	157	265	#
51	379.885	55	92	136	216	241	265	#
52	356.271	12	52	109	154	234	265	#
53	295.918	58	83	110	190	225	265	#
54	364.174	1	63	93	102	157	199	220	266	#
55	510.373	0	1	182	206	220	221	252	266	#
56	439.917	34	37	81	102	175	199	249	266	#
57	360.585	1	15	103	109	190	211	255	266	#
58	347.662	2	50	57	60	93	191	221	266	#
59	316.12	3	63	73	112	156	158	219	266	#
60	1448.17	9	41	47	55	58	66	73	79	97	101	103	107	119	153	178	188	189	219	237	247	249	267	#
61	1789.23	2	12	54	66	71	87	112	121	122	146	155	162	169	184	189	192	196	211	212	230	249	267	#
62	1719	8	24	25	29	36	55	67	69	73	90	95	98	101	104	109	114	147	151	160	195	198	267	#
63	1657.94	12	38	53	54	75	81	97	106	130	137	162	176	184	188	189	195	207	213	215	237	249	267	#
64	1632.23	12	13	14	16	37	43	51	87	102	108	114	116	137	165	166	177	184	208	219	226	244	267	#
65	1595.71	2	6	29	40	45	71	101	106	136	141	146	172	178	185	189	201	213	223	242	244	247	267	#
66	213.125	118	185	222	268	#
67	215.357	81	82	222	268	#
68	199.171	10	74	118	268	#
69	180.516	61	185	189	268	#
70	172.415	149	169	228	269	#
71	207.844	110	121	169	269	#
72	187.926	6	216	228	269	#
73	807.488	3	4	20	27	48	63	67	86	99	130	170	177	197	202	230	250	270	#
74	1206	1	7	27	65	79	80	96	163	168	171	187	213	214	221	235	254	270	#
75	1190.99	1	24	29	67	81	86	89	148	168	173	180	194	196	208	212	216	270	#
76	1175.2	2	26	67	78	99	134	136	138	179	183	185	201	229	235	245	253	270	#
77	1156.8	18	21	28	31	34	66	67	72	79	118	149	163	197	206	246	250	270	#
78	1115.29	3	29	43	64	107	130	146	148	169	194	202	219	223	235	240	249	270	#
79	433.436	17	35	60	93	203	226	237	253	271	#
80	602.948	82	120	144	219	226	228	249	252	271	#
81	602.526	12	45	60	81	100	132	207	252	271	#
82	579.002	16	29	81	93	181	190	227	234	271	#
83	565.709	35	53	55	76	114	124	153	167	271	#
84	559.745	31	108	122	130	165	187	235	237	271	#
85	363.484	104	189	200	215	253	272	#
86	394.787	24	56	104	123	230	272	#
87	340.404	38	56	112	145	253	272	#
88	295.581	97	150	189	228	249	272	#
89	951.057	4	17	55	74	80	86	126	136	141	168	210	239	247	273	#
90	1102.72	4	22	43	51	78	82	83	147	155	190	192	232	244	273	#
91	979.438	3	7	24	26	38	43	82	86	98	133	165	192	229	273	#
92	967.253	22	41	43	57	64	74	78	80	113	129	147	152	225	273	#
93	967.003	32	39	55	67	75	81	111	126	169	208	210	211	220	273	#
94	949.127	22	28	54	60	70	76	122	126	141	210	243	246	253	273	#
95	222.879	65	92	212	274	#
96	274.495	65	218	245	274	#
97	213.868	78	169	212	274	#
98	177.33	92	138	205	274	#
99	2032.91	6	21	26	45	56	66	67	69	71	75	81	97	98	99	114	149	166	190	200	206	224	225	232	239	245	246	248	255	275	#
100	2445.81	4	7	30	33	41	51	58	66	75	85	117	118	141	153	160	162	166	167	173	176	177	182	196	201	211	216	235	238	275	#
101	2384.91	11	26	40	67	74	79	84	94	112	118	141	147	159	160	164	166	177	178	179	183	196	198	199	206	217	233	235	242	275	#
102	2356.51	8	31	55	69	71	79	83	86	94	112	115	128	137	160	167	175	180	182	184	199	201	216	225	232	235	239	251	255	275	#
103	2334.05	3	6	17	30	35	45	52	79	115	117	136	140	141	164	173	175	177	178	184	186	197	200	208	231	238	239	251	252	275	#
104	2291.4	6	7	13	16	17	28	33	69	71	75	77	80	111	154	162	166	177	181	182	190	207	231	233	238	239	246	251	255	275	#
105	1322.99	9	38	39	60	69	74	81	84	96	100	110	111	125	130	144	149	192	203	229	276	#
106	1652.9	26	27	28	37	40	51	56	59	62	66	67	111	116	123	146	189	192	226	243	276	#
107	1620.86	30	33	46	47	52	116	130	135	146	152	160	162	206	208	209	221	225	239	242	276	#
108	1504.14	4	16	38	41	60	78	84	85	103	123	130	142	151	162	178	189	210	237	247	276	#
109	1500.96	6	36	40	51	60	79	81	99	105	108	156	161	164	165	188	203	229	237	242	276	#
110	1498.11	0	6	30	31	47	51	60	62	105	132	138	144	151	199	202	205	208	211	225	276	#
111	322.43	10	51	81	106	120	133	172	277	#
112	470.649	1	39	51	71	138	230	253	277	#
113	213.878	36	60	106	191	213	236	239	277	#
114	665.138	6	73	83	84	89	101	106	216	218	278	#
115	843.761	6	41	45	54	86	141	186	211	251	278	#
116	783.074	20	73	79	89	109	118	141	215	217	278	#
117	751.178	30	36	43	87	89	107	157	175	220	278	#
118	743.736	32	71	74	88	101	133	150	204	218	278	#
119	743.485	31	83	99	110	169	208	222	238	254	278	#
120	266.689	28	185	195	279	#
121	292.671	178	195	229	279	#
122	242.149	28	84	103	279	#
123	992.521	30	32	38	65	68	76	128	130	164	180	231	247	280	#
124	1033.3	38	40	43	50	79	93	105	130	146	148	163	251	280	#
125	1008.83	38	42	61	72	77	116	149	154	175	210	221	236	280	#
126	899.727	1	19	40	50	132	150	161	176	200	221	231	244	280	#
127	871.79	55	74	120	128	134	164	172	186	200	203	246	251	280	#
128	851.856	30	51	53	57	94	103	176	197	209	214	225	227	280	#
129	181.454	28	139	281	#
130	197.006	28	124	281	#
131	125.953	139	199	281	#
132	1046.96	35	47	48	52	67	82	117	135	161	188	210	221	222	229	236	247	282	#
133	1287.73	20	30	68	77	78	86	98	103	152	167	171	188	192	221	222	226	282	#
134	1270.52	2	35	45	52	59	67	101	153	156	168	175	180	182	207	221	233	282	#
135	1239.64	22	49	51	54	64	96	121	160	176	179	207	211	215	221	236	239	282	#
136	1183.28	16	29	39	86	92	100	102	106	111	130	146	156	178	185	210	221	282	#
137	1181.22	2	35	47	56	72	75	99	148	156	172	185	207	215	221	241	245	282	#
138	320.828	69	128	195	219	250	283	#
139	469.792	14	16	173	195	211	283	#
140	454.222	128	172	200	201	230	283	#
141	450.071	66	69	93	162	176	283	#
142	401.381	12	151	171	218	219	283	#
143	324.066	61	81	121	173	250	283	#
144	212.719	52	186	199	284	#
145	209.142	135	186	222	284	#
146	184.689	81	143	199	284	#
147	175.945	52	225	232	284	#
148	303.811	45	90	138	204	255	285	#
149	331.458	45	97	148	165	173	285	#
150	307.495	46	116	183	203	255	285	#
151	294.981	65	84	138	179	254	285	#
152	287.49	56	84	158	204	243	285	#
153	222.999	21	23	90	130	219	285	#
154	522.538	31	32	63	113	139	191	206	255	286	#
155	696.98	52	73	110	121	167	202	206	237	286	#
156	576.602	16	18	32	36	60	89	100	173	286	#
157	533.324	27	32	55	106	111	139	168	185	286	#
158	499.847	5	31	53	55	61	87	192	248	286	#
159	468.581	22	34	35	63	106	189	190	214	286	#
160	69.9774	0	194	287	#
161	66.1701	0	254	287	#
162	992.546	29	39	53	94	105	149	161	163	176	190	195	205	223	224	288	#
163	1229.83	2	25	29	47	55	62	67	107	142	197	199	210	228	243	288	#
164	1137.92	6	18	25	29	41	45	51	139	140	185	192	223	243	247	288	#
165	1113.78	10	15	17	20	29	51	54	62	136	149	172	177	188	243	288	#
166	1098.96	25	72	74	97	114	138	142	157	160	188	205	212	223	231	288	#
167	1080.28	14	42	67	78	79	103	107	121	122	149	190	209	212	235	288	#
168	81.7847	147	#
169	976.678	0	2	3	15	30	38	63	72	75	90	94	114	206	220	237	239	289	#
170	1327.78	2	4	12	15	45	61	92	114	125	158	168	188	206	216	233	234	289	#
171	1226.2	2	5	6	7	22	54	58	60	71	75	128	185	220	222	248	251	289	#
172	1167.77	2	9	12	19	21	72	96	110	127	132	144	159	186	220	229	236	289	#
173	1153.24	15	19	72	111	113	123	143	159	191	192	204	206	221	228	232	237	289	#
174	1142.68	10	15	29	40	53	111	112	116	143	145	159	162	202	215	222	232	289	#
175	94.1482	26	#
176	2875.75	2	9	10	21	22	23	29	62	66	71	73	77	96	108	119	138	143	144	146	166	169	178	179	183	187	191	193	194	197	201	202	204	211	212	223	224	226	232	240	241	290	#
177	3430	3	12	22	27	38	41	52	54	57	66	80	82	96	102	107	119	125	130	137	148	151	152	157	164	168	175	178	181	185	190	201	202	204	205	206	214	232	238	244	245	290	#
178	3242	13	16	21	27	38	40	45	56	60	71	73	80	90	91	111	116	118	136	149	151	154	157	163	181	182	187	188	195	199	203	208	216	226	228	236	238	240	244	245	255	290	#
179	3226.27	7	9	25	28	50	52	65	78	82	83	97	98	100	101	108	122	132	136	141	148	150	151	152	157	167	178	179	188	195	196	205	206	214	216	217	229	230	237	245	247	290	#
180	3170.62	3	17	22	44	45	53	65	67	68	71	76	77	91	96	118	122	130	138	141	147	157	160	166	173	178	181	183	203	204	205	210	212	219	221	232	236	245	247	253	254	290	#
181	3121.91	4	5	10	11	12	16	21	36	52	54	61	72	73	80	91	98	107	114	116	122	132	138	144	145	147	150	152	157	178	194	203	204	220	221	222	229	232	242	244	247	290	#
182	1023.43	7	18	23	46	92	101	104	113	119	148	185	194	213	222	232	252	291	#
183	1402.46	4	43	47	61	100	119	124	144	146	163	189	194	204	213	226	230	291	#
184	1240.18	3	43	46	49	75	84	87	96	102	118	121	163	191	206	249	250	291	#
185	1220.91	41	50	54	64	83	98	126	139	162	169	170	189	194	209	217	254	291	#
186	1179.12	17	41	48	50	83	96	100	101	123	162	166	195	233	250	253	255	291	#
187	1176.6	7	23	36	43	48	50	64	89	96	122	132	183	198	210	235	237	291	#
188	115.781	45	#
189	700.891	22	25	72	88	102	104	105	166	194	199	244	292	#
190	1042.39	22	29	76	128	151	199	206	207	222	224	242	292	#
191	972.542	4	29	44	49	50	69	104	105	179	194	199	292	#
192	908.442	44	95	104	105	107	120	142	206	245	250	252	292	#
193	858.995	6	22	49	77	85	124	131	168	176	231	245	292	#
194	775.261	10	25	30	116	160	161	164	194	226	242	244	292	#
195	996.292	20	46	65	103	129	150	160	170	174	206	221	242	293	#
196	893.308	15	19	20	22	34	91	136	159	183	196	224	247	293	#
197	885.092	33	53	93	114	117	138	171	195	197	206	242	246	293	#
198	867.21	4	15	43	47	59	78	82	87	98	108	170	225	293	#
199	860.932	23	48	67	82	97	101	107	114	132	157	182	206	293	#
200	851.667	21	46	92	101	129	169	171	179	183	185	214	243	293	#
201	596.896	58	100	120	172	179	195	196	215	224	232	233	294	#
202	850.916	53	76	116	117	131	138	140	176	187	205	232	294	#
203	843.201	43	52	58	80	105	107	110	163	173	215	250	294	#
204	762.86	17	35	59	87	100	114	173	196	201	216	235	294	#
205	760.785	33	34	49	82	95	101	138	163	179	214	233	294	#
206	740.558	5	60	69	91	101	141	160	172	205	239	248	294	#
207	60.6258	118	#
208	576.063	58	75	106	151	160	230	241	295	#
209	625.232	32	75	139	183	202	204	230	295	#
210	600.568	12	35	45	56	158	160	204	295	#
211	591.318	134	151	160	182	187	204	245	295	#
212	498.271	26	52	75	118	208	235	237	295	#
213	450.407	58	81	129	151	211	241	246	295	#
214	44.0581	255	#
215	78.6774	182	#
216	835.764	5	28	31	57	83	97	125	129	141	166	191	224	296	#
217	931.26	8	58	87	111	123	149	166	168	180	221	243	254	296	#
218	925.199	16	21	36	47	82	109	125	144	192	203	215	221	296	#
219	914.098	3	20	28	31	61	78	125	168	177	180	186	224	296	#
220	909.769	49	87	97	98	121	129	132	160	170	221	242	253	296	#
221	909.137	28	29	44	61	99	149	175	189	191	203	227	240	296	#
222	500.232	33	95	119	135	154	156	218	241	297	#
223	731.802	69	89	96	188	215	218	230	241	297	#
224	657.24	27	72	92	119	140	156	166	235	297	#
225	651.554	46	99	124	144	154	202	218	226	297	#
226	603.91	30	135	147	158	160	184	218	255	297	#
227	542.08	23	71	92	134	152	156	174	178	297	#
228	787.21	1	5	13	20	36	41	59	89	143	201	206	215	298	#
229	1044.73	2	16	26	80	96	109	128	130	159	199	201	239	298	#
230	1026.67	11	19	59	96	110	151	160	169	206	231	239	241	298	#
231	1019.73	11	19	20	35	50	73	99	103	130	172	204	206	298	#
232	946.925	13	50	65	88	97	113	159	171	176	193	214	233	298	#
233	933.237	1	2	36	38	72	74	87	91	93	174	204	235	298	#
234	204.828	23	137	251	299	#
235	214.85	18	94	251	299	#
236	90.4364	5	23	56	299	#
237	1288.56	4	6	8	10	15	19	25	44	55	78	82	123	182	204	220	246	248	300	#
238	1394.46	28	29	39	45	80	90	107	123	172	181	183	187	203	218	221	238	242	300	#
239	1358.9	4	17	28	38	43	44	62	81	120	121	178	182	229	231	237	238	245	300	#
240	1287.7	23	81	82	111	130	132	134	136	137	142	154	160	200	204	214	228	253	300	#
241	1258.93	8	19	27	34	38	43	65	87	123	146	151	170	181	202	204	225	249	300	#
242	1232.04	0	5	33	37	80	116	121	123	150	161	181	182	197	240	243	246	251	300	#
243	35.2583	241	#
244	416.122	28	32	86	135	150	301	#
245	390.627	28	57	97	114	237	301	#
246	371.395	36	48	78	123	135	301	#
247	355.145	86	173	189	193	219	301	#
248	343.51	32	36	140	147	181	301	#
249	299.581	36	56	114	150	177	301	#
250	1483.09	1	11	13	16	23	45	63	70	74	103	113	162	166	199	204	219	224	226	227	233	247	302	#
251	1688.63	26	29	44	53	57	63	65	74	77	84	107	112	121	123	136	143	151	154	167	204	254	302	#
252	1687.9	7	56	61	65	92	96	99	113	119	121	124	132	144	148	152	206	207	219	221	222	250	302	#
253	1626.15	22	52	101	116	121	126	127	132	133	139	148	160	167	196	202	211	225	233	244	247	255	302	#
254	1590.96	14	24	26	40	41	45	61	65	74	77	151	162	191	194	208	211	213	219	230	251	252	302	#
255	1588.14	14	23	61	72	76	97	99	107	112	133	137	147	173	179	219	220	223	233	246	252	254	302	#
256	1011.85	8	10	46	48	67	74	93	131	134	142	150	160	171	195	202	218	303	#
257	1391.94	3	10	40	62	67	92	93	96	104	111	140	151	163	176	230	249	303	#
258	1205.74	5	8	23	58	72	87	93	99	124	132	150	154	162	190	197	211	303	#
259	1170.01	34	101	140	147	151	160	163	164	179	190	195	200	233	234	245	249	303	#
260	1131.97	2	7	9	20	21	35	46	55	66	73	129	131	153	178	180	233	303	#
261	1118.89	8	18	34	54	66	71	85	95	104	110	134	159	168	176	182	246	303	#
262	468.872	5	36	53	104	127	172	201	223	304	#
263	652.358	3	5	26	53	146	161	195	224	304	#
264	575.375	7	44	47	76	85	169	223	229	304	#
265	571.135	32	39	101	112	129	178	201	243	304	#
266	568.337	5	97	123	176	221	227	237	245	304	#
267	498.346	13	34	91	100	127	146	161	178	304	#
268	598.128	4	13	111	115	129	148	198	246	305	#
269	760.967	9	20	65	133	144	198	212	226	305	#
270	721.727	53	61	129	132	136	155	212	226	305	#
271	641.937	26	30	65	148	196	201	222	248	305	#
272	612.345	13	136	138	206	216	217	228	255	305	#
273	611.919	4	92	163	164	202	206	216	236	305	#
274	2330.41	3	22	23	27	36	37	43	84	100	103	104	117	119	140	141	144	150	156	157	173	178	183	199	201	216	220	222	228	231	244	247	250	251	306	#
275	2699.94	12	13	20	22	30	34	60	75	76	78	90	103	104	108	125	131	132	140	150	154	156	159	176	178	199	212	215	221	224	232	234	240	251	306	#
276	2690.32	6	12	23	36	54	62	71	75	87	98	99	108	116	119	136	147	150	161	165	170	176	178	182	196	197	199	214	218	220	233	234	241	243	306	#
277	2546.51	1	13	27	41	43	48	50	52	60	75	84	103	107	115	127	129	141	150	154	162	170	174	180	187	195	200	201	204	206	213	222	234	235	306	#
278	2525.6	2	7	9	13	19	20	21	32	51	59	60	67	76	93	108	113	119	125	136	140	165	174	177	178	180	183	187	212	235	237	242	244	250	306	#
279	2501.14	1	11	13	27	40	44	47	51	69	72	84	95	102	104	129	142	143	156	158	160	169	184	200	210	214	215	224	230	234	235	237	242	250	306	#
280	471.437	8	51	96	98	133	192	307	#
281	495.754	27	32	121	133	192	212	307	#
282	475.519	89	161	192	195	235	253	307	#
283	473.22	47	79	96	147	149	185	307	#
284	447.096	12	27	51	169	227	254	307	#
285	319.104	24	64	88	98	114	143	307	#
286	65.8213	129	#
287	2239.09	7	23	33	44	47	56	80	105	108	112	119	120	132	141	152	157	160	164	166	181	182	195	209	213	214	219	221	223	226	227	239	244	250	255	308	#
288	2763.18	2	3	6	7	13	15	32	38	50	58	64	73	79	83	95	99	100	105	129	130	147	157	163	176	179	184	190	208	214	233	236	238	240	241	308	#
289	2717.66	3	7	12	19	20	32	49	50	56	68	74	79	82	84	85	123	129	139	142	143	152	168	179	181	188	198	203	216	221	226	233	239	243	249	308	#
290	2675.21	11	23	28	32	42	50	73	77	85	103	109	111	117	122	132	133	140	142	144	152	155	156	159	160	162	178	189	198	214	216	219	235	236	243	308	#
291	2634.53	1	5	6	7	9	13	22	31	35	36	50	64	73	98	109	110	115	117	135	137	154	159	163	169	178	182	223	230	233	239	243	248	249	251	308	#
292	2570.13	6	9	11	12	23	35	40	42	64	68	77	85	97	112	115	119	143	146	148	154	161	179	188	196	211	213	214	223	226	231	233	236	242	244	308	#
293	1793.05	0	10	11	12	24	50	64	71	74	82	83	96	111	136	141	160	179	196	197	205	212	214	226	245	309	#
294	2001.56	7	13	22	26	31	34	56	70	71	89	90	96	99	136	140	179	182	188	189	195	214	217	239	250	309	#
295	1866.23	0	34	36	42	53	69	70	72	101	120	133	138	148	161	163	165	184	196	201	217	222	234	237	238	309	#
296	1822.81	13	24	26	32	35	50	54	65	80	87	88	99	120	126	148	158	204	209	215	226	227	228	245	254	309	#
297	1813.95	6	9	10	21	38	45	56	65	69	78	79	107	125	141	160	173	176	179	180	188	191	197	238	245	309	#
298	1758.33	23	29	40	50	55	73	74	80	93	109	115	127	130	131	149	154	173	188	201	222	235	238	245	254	309	#
299	616.969	2	96	115	146	154	191	199	202	219	310	#
300	783.114	12	16	82	96	120	202	230	245	248	310	#
301	740.611	15	115	120	132	146	182	202	207	248	310	#
302	667.679	87	89	92	98	154	160	246	248	255	310	#
303	660.478	109	115	123	146	159	194	197	218	252	310	#
304	620.707	10	31	47	102	110	151	192	199	250	310	#
305	412.331	60	79	91	157	219	311	#
306	471.681	60	114	128	188	207	311	#
307	385.301	76	157	207	235	254	311	#
308	378.689	19	37	60	79	160	311	#
309	342.877	91	131	186	204	239	311	#
310	292.474	15	171	172	219	239	311	#
311	116.593	117	#
312	784.83	7	70	78	93	146	168	187	195	233	239	250	312	#
313	858.275	48	66	67	87	90	116	145	163	220	224	233	312	#
314	843.244	26	47	66	84	93	101	174	195	235	241	254	312	#
315	779.052	7	30	57	71	101	125	148	187	188	218	233	312	#
316	776.433	24	31	57	74	96	101	115	125	155	168	214	312	#
317	740.729	0	45	57	62	72	93	95	197	221	240	250	312	#
318	805.387	31	54	86	87	97	129	135	163	233	255	313	#
319	756.956	4	22	39	61	100	135	145	192	211	231	313	#
320	717.458	29	54	59	62	112	117	181	197	237	251	313	#
321	662.854	15	80	87	115	140	161	171	198	205	245	313	#
322	598.4	31	50	93	141	163	185	197	216	225	227	313	#
323	579.953	8	39	63	93	97	118	124	132	160	172	313	#
324	910.285	66	69	94	97	111	115	132	139	157	163	191	193	230	314	#
325	1098.59	15	21	27	52	100	103	138	157	162	173	198	230	255	314	#
326	1054.66	34	65	100	120	132	137	141	151	175	178	201	225	254	314	#
327	1035.56	25	38	83	86	133	139	168	178	187	196	201	246	250	314	#
328	969.436	12	19	31	32	88	111	112	136	164	173	184	238	253	314	#
329	962.857	31	40	45	57	66	84	148	151	176	224	234	242	249	314	#
330	784.479	21	41	47	49	69	150	153	201	251	315	#
331	709.673	29	41	125	150	195	237	246	248	254	315	#
332	698.409	46	47	55	67	72	118	147	207	227	315	#
333	644.287	84	86	102	118	146	150	164	223	245	315	#
334	627.981	35	85	94	152	186	207	247	248	251	315	#
335	609.112	39	49	67	143	153	175	184	187	213	315	#
336	1369	22	74	87	96	101	107	110	114	120	145	173	181	188	189	193	227	252	254	316	#
337	1501.07	0	47	52	53	107	108	114	115	119	122	141	142	145	150	156	173	200	253	316	#
338	1369.94	41	43	47	71	73	96	103	115	120	141	145	147	169	197	227	239	244	253	316	#
339	1355.89	9	21	73	104	107	109	123	137	141	145	184	186	200	235	242	248	250	252	316	#
340	1343.62	0	4	47	51	53	62	67	85	94	95	103	110	130	183	188	196	228	229	316	#
341	1301.78	3	18	52	79	81	86	87	115	157	165	172	188	195	227	228	239	245	252	316	#
342	67.3833	219	#
343	837.612	4	18	41	95	113	120	124	149	158	159	180	196	219	241	317	#
344	1211.24	15	57	61	102	112	123	128	140	148	151	158	211	222	247	317	#
345	1208.86	4	72	82	97	123	127	140	164	180	183	193	206	218	236	317	#
346	1122.8	20	101	120	133	144	154	161	172	180	192	195	209	225	231	317	#
347	1113.44	29	76	83	112	128	146	180	189	193	229	231	240	245	255	317	#
348	1073.13	4	63	72	100	123	127	140	159	183	199	209	236	239	245	317	#
349	994.795	44	75	83	89	90	93	106	117	148	154	157	164	181	182	203	255	318	#
350	1318.24	4	10	70	117	141	163	164	180	183	190	196	200	206	207	252	254	318	#
351	1309.44	23	28	99	147	150	171	180	182	189	198	211	213	218	227	233	255	318	#
352	1257.96	8	54	75	89	90	130	141	146	158	173	181	196	200	217	228	245	318	#
353	1250.63	10	31	32	33	66	111	123	128	132	148	150	155	193	196	225	246	318	#
354	1230.07	13	19	35	47	54	96	111	128	132	148	178	179	181	185	232	243	318	#
355	562.377	60	66	149	156	192	201	204	232	319	#
356	694.741	11	66	83	85	115	160	204	221	319	#
357	647.811	20	28	42	120	131	149	208	252	319	#
358	646.95	54	95	103	108	201	207	222	237	319	#
359	612.075	11	26	36	60	96	114	122	132	319	#
360	587.855	26	28	137	140	167	178	192	254	319	#
361	1092.32	17	26	60	72	77	87	105	108	128	129	143	161	176	187	194	203	219	226	231	232	320	#
362	1540.76	5	21	26	60	67	101	104	108	112	117	129	131	164	169	170	191	230	236	237	241	320	#
363	1513.17	10	26	75	79	85	93	108	114	132	136	141	151	152	155	164	196	213	215	229	237	320	#
364	1494.27	41	67	71	79	84	85	105	114	116	127	130	161	162	169	188	189	197	202	230	236	320	#
365	1487.35	1	4	11	17	29	35	50	51	88	126	133	136	141	155	156	169	210	213	219	222	320	#
366	1435.18	11	15	36	90	105	111	115	139	152	170	188	190	197	219	226	231	238	243	245	248	320	#
367	1476.49	1	12	21	39	46	72	82	93	111	114	123	145	157	171	180	184	187	213	215	218	220	223	234	250	321	#
368	1938.3	7	11	12	16	22	37	45	48	90	118	121	123	137	157	159	172	181	182	196	202	211	226	233	249	321	#
369	1929.68	17	22	24	34	45	53	57	71	91	107	147	149	177	196	207	208	213	214	215	222	226	230	232	250	321	#
370	1895.17	9	16	17	19	22	31	37	52	69	72	116	129	131	137	151	182	187	190	194	206	213	220	234	246	321	#
371	1816.33	1	15	21	22	31	45	68	78	82	87	107	113	116	144	151	177	192	200	212	220	227	231	236	242	321	#
372	1812.72	7	12	18	21	26	36	47	60	75	93	107	125	128	135	155	163	167	207	220	226	227	232	233	243	321	#
373	135.682	155	163	322	#
374	152.869	43	163	322	#
375	989.711	7	33	40	62	75	77	86	94	142	156	166	180	184	187	323	#
376	1128.07	35	61	83	87	138	142	176	189	202	213	217	221	238	241	323	#
377	1107.36	12	69	81	104	119	135	140	153	166	168	189	191	232	252	323	#
378	1047.08	11	15	26	28	55	69	72	77	127	152	153	191	219	235	323	#
379	1024.31	9	47	86	115	124	138	148	164	176	191	202	204	206	210	323	#
380	1006.95	29	41	78	131	156	177	184	192	211	218	219	230	245	246	323	#
381	224.332	9	103	168	324	#
382	258.731	168	199	224	324	#
383	217.877	92	103	246	324	#
384	206.13	9	170	224	324	#
385	439.259	27	44	57	163	219	245	325	#
386	536.026	31	57	125	179	235	245	325	#
387	483.186	27	51	94	132	141	188	325	#
388	474.051	125	161	163	181	195	212	325	#
389	398.387	5	25	35	66	187	219	325	#
390	384.804	44	62	77	99	170	190	325	#
391	443.763	35	78	141	154	199	326	#
392	378.978	0	78	80	95	152	326	#
393	378.973	56	66	117	154	191	326	#
394	343.218	15	74	199	203	216	326	#
395	325.434	35	49	75	165	183	326	#
396	269.201	18	100	141	144	255	326	#
397	73.6113	100	191	327	#
398	108.123	191	211	327	#
399	1278.94	16	24	26	34	41	45	67	117	130	145	150	161	185	199	205	210	216	219	229	236	238	250	253	328	#
400	1765.29	32	44	53	59	68	91	92	151	156	163	164	174	176	181	190	199	202	204	210	217	226	236	254	328	#
401	1761.79	19	26	40	52	53	54	55	96	100	112	134	161	168	175	179	189	209	217	221	231	238	239	252	328	#
402	1746.03	7	11	24	42	46	60	63	74	78	102	112	132	136	155	160	163	167	174	205	207	210	249	253	328	#
403	1694.28	10	12	30	41	68	73	74	98	102	118	149	150	154	156	169	171	204	213	219	234	239	246	253	328	#
404	1692.15	2	4	12	21	45	54	67	92	93	101	104	105	135	136	160	168	179	185	207	221	223	227	253	328	#
405	720.169	99	106	129	141	159	170	178	214	227	238	329	#
406	921.795	6	125	132	141	147	168	178	214	237	244	329	#
407	863.236	25	36	101	103	133	136	141	147	171	238	329	#
408	803.49	1	6	15	70	104	119	199	214	220	231	329	#
409	788.345	20	37	38	108	141	155	187	225	228	244	329	#
410	786.738	13	21	66	87	152	154	170	186	238	247	329	#
411	78.9042	228	#
412	671.95	19	60	114	157	172	182	187	217	238	255	330	#
413	885.779	12	39	114	116	142	169	177	187	204	233	330	#
414	788.829	12	17	41	75	152	175	206	215	217	224	330	#
415	755.657	8	70	83	93	100	102	121	173	180	182	330	#
416	706.958	56	68	101	104	149	152	219	232	238	245	330	#
417	646.793	51	52	183	186	187	191	213	233	235	239	330	#
418	605.571	0	12	54	97	99	122	124	130	181	331	#
419	832.925	15	50	130	140	142	150	168	197	205	331	#
420	787.025	54	66	78	85	108	165	187	195	243	331	#
421	751.817	6	28	47	49	99	223	231	236	254	331	#
422	739.136	30	45	46	57	121	122	132	192	216	331	#
423	735.254	15	28	103	130	132	181	199	222	228	331	#
424	359.75	24	83	123	209	332	#
425	399.188	22	75	83	223	332	#
426	352.936	123	167	206	254	332	#
427	325.493	24	72	206	240	332	#
428	317.304	28	83	186	209	332	#
429	2090.93	1	7	12	16	34	44	75	80	81	90	96	106	109	113	115	116	130	135	143	145	152	160	168	181	194	195	211	226	230	246	251	333	#
430	2680.71	0	15	19	21	24	38	46	48	51	60	75	79	82	88	96	108	113	115	118	125	136	137	153	180	185	195	206	235	238	251	252	333	#
431	2464.4	12	16	20	21	25	31	43	46	79	96	107	117	131	140	145	153	157	181	184	185	188	192	195	207	211	218	221	231	235	244	249	333	#
432	2270.35	1	6	13	15	36	75	76	87	93	94	96	108	113	135	157	159	163	168	169	174	185	189	193	199	202	203	238	245	246	248	251	333	#
433	2257.06	2	5	6	7	8	12	18	29	62	67	77	85	116	118	130	136	140	145	146	149	169	174	180	181	191	194	195	198	221	224	251	333	#
434	2221.06	1	21	30	31	32	33	36	53	62	72	80	81	87	111	140	162	170	175	184	185	194	195	196	214	215	216	222	226	231	248	253	333	#
435	502.261	56	64	159	175	185	221	249	334	#
436	563.648	33	68	142	144	180	243	249	334	#
437	537.612	8	15	39	56	140	160	178	334	#
438	523.896	27	39	87	137	154	221	231	334	#
439	504.092	0	19	61	64	79	175	248	334	#
440	497.126	39	44	97	119	180	185	197	334	#
441	1273.98	42	67	80	83	95	96	102	114	116	125	167	178	199	215	236	335	#
442	1353.86	6	38	41	47	73	80	84	90	95	113	128	135	163	199	231	335	#
443	1278.94	4	69	78	107	109	116	117	121	173	184	199	215	241	254	255	335	#
444	1276.15	15	41	42	45	50	52	53	89	108	132	137	138	173	189	212	335	#
445	1254.71	14	15	38	40	61	65	78	85	116	132	152	179	184	210	236	335	#
446	1208.69	4	28	33	41	76	96	98	110	114	170	188	192	203	212	243	335	#
447	410.018	42	76	98	173	209	218	232	336	#
448	577.526	92	133	145	149	190	209	230	336	#
449	516.919	78	86	95	98	133	151	179	336	#
450	482.843	30	74	109	210	232	240	243	336	#
451	465.488	7	9	95	100	122	173	187	336	#
452	448.848	100	114	129	157	208	218	248	336	#
453	10.6609	120	#
454	822.15	11	26	48	61	94	111	138	178	209	232	234	246	337	#
455	1134.21	95	96	148	151	184	192	200	230	232	235	248	251	337	#
456	960.04	10	13	36	37	47	55	56	88	133	178	179	198	337	#
457	932.711	7	10	11	16	67	86	125	130	168	219	229	254	337	#
458	915.522	16	61	73	106	126	129	144	213	215	219	230	234	337	#
459	891.419	13	26	60	61	76	78	84	92	96	102	144	209	337	#
460	2066.71	0	5	6	9	15	30	46	59	71	75	89	92	101	109	112	118	124	133	134	138	139	143	155	156	160	188	204	209	226	228	242	338	#
461	2675.95	4	48	50	57	60	65	67	71	81	100	101	104	114	117	126	133	137	142	146	169	180	182	197	210	211	221	230	242	244	245	255	338	#
462	2415.41	2	9	10	13	44	47	60	69	77	78	81	104	106	117	126	128	134	144	169	172	179	180	189	197	198	201	203	210	222	236	244	338	#
463	2363.77	4	9	19	30	43	45	51	58	59	69	79	96	100	113	118	136	146	152	164	179	180	189	200	206	207	217	236	242	248	251	255	338	#
464	2347.5	6	12	13	29	43	44	58	67	78	80	81	92	98	100	109	117	118	127	137	144	152	171	180	188	197	200	204	230	235	250	255	338	#
465	2317.54	3	4	5	15	17	19	21	52	62	65	88	91	101	102	105	118	119	136	163	167	175	176	181	190	210	213	218	223	228	242	249	338	#
466	903.172	11	15	41	42	87	89	155	165	235	239	339	#
467	948.287	12	20	53	87	117	147	151	173	220	229	339	#
468	894.325	8	30	50	69	117	133	155	167	187	214	339	#
469	822.559	13	42	75	115	144	155	168	187	213	226	339	#
470	812.895	9	11	32	35	60	67	75	77	165	236	339	#
471	771.604	6	25	26	30	41	45	116	142	151	192	339	#
472	2221.5	0	5	9	30	35	43	52	56	57	87	90	92	106	109	119	125	133	136	142	153	159	160	163	169	172	178	180	192	208	210	214	219	240	248	340	#
473	2595.16	1	3	7	23	29	41	45	54	56	73	81	89	98	117	126	127	131	142	159	162	172	179	189	194	207	208	210	211	214	223	229	247	248	249	340	#
474	2569.85	14	26	27	28	41	86	92	103	114	117	119	121	129	133	145	147	151	153	157	160	165	169	171	189	190	193	194	211	212	216	235	243	246	248	340	#
475	2553.02	1	3	7	8	32	35	40	45	67	76	81	90	100	105	117	133	135	136	147	160	165	173	174	180	186	198	208	210	214	216	224	235	247	248	340	#
476	2540.31	3	11	46	48	62	64	72	80	87	103	105	106	107	112	116	117	126	131	132	134	145	152	153	164	172	173	192	195	201	208	227	230	231	233	340	#
477	2526.7	5	9	16	41	59	61	65	84	89	104	106	108	111	124	125	126	139	151	152	159	160	163	169	171	184	194	198	199	208	212	229	233	235	238	340	#
478	136.01	73	81	341	#
479	124.417	73	209	341	#
480	143.433	44	212	342	#
481	175.417	44	66	342	#
482	154.398	147	212	342	#
483	2096.03	5	21	29	42	55	64	70	73	75	82	89	99	111	128	129	149	150	162	164	176	179	184	202	209	212	225	231	235	239	343	#
484	2327.31	5	7	15	27	29	38	62	75	90	98	104	132	136	141	149	160	176	182	195	211	215	216	224	230	236	239	241	242	248	343	#
485	2276.79	7	8	9	11	32	51	62	66	95	101	114	121	124	129	149	153	154	156	162	173	177	180	187	213	230	231	243	248	252	343	#
486	2202.19	6	7	21	24	25	52	56	62	87	89	99	102	111	115	127	174	175	180	184	186	211	214	215	221	226	234	236	237	239	343	#
487	2190.39	21	24	30	32	34	46	62	66	67	77	89	94	95	119	127	129	133	138	164	170	179	191	195	205	211	212	219	231	240	343	#
488	2054.5	6	19	31	33	35	58	59	62	66	75	82	86	98	108	131	150	152	164	184	187	194	204	205	210	213	228	246	249	251	343	#
489	370.724	100	121	123	126	215	255	344	#
490	526.35	12	30	100	133	137	163	344	#
491	502.846	29	45	76	121	210	215	344	#
492	358.868	11	42	83	88	121	249	344	#
493	350.669	81	90	126	165	241	255	344	#
494	345.221	83	103	121	124	126	229	344	#
495	298.062	44	79	91	107	345	#
496	314.481	103	107	216	235	345	#
497	280.896	68	79	160	201	345	#
498	265.419	91	101	179	187	345	#
499	217.772	18	44	57	77	345	#
500	1835.97	15	45	49	59	61	62	67	74	79	87	88	98	100	102	119	124	134	146	148	165	166	168	178	181	197	204	254	346	#
501	2348.34	5	15	24	28	30	32	51	60	65	70	108	119	124	131	133	140	148	150	153	163	209	213	221	231	239	241	252	346	#
502	2181.66	5	11	14	15	16	38	47	75	86	95	105	106	118	123	124	140	154	159	165	182	190	196	205	206	212	225	240	346	#
503	2179.74	5	12	21	38	56	67	76	77	89	90	91	102	104	110	111	124	133	147	160	163	169	170	199	207	216	238	245	346	#
504	2154.75	2	12	15	21	49	54	65	67	72	77	91	105	106	113	133	153	157	170	171	178	191	200	205	216	233	236	245	346	#
505	2149.07	20	27	34	36	42	50	65	74	76	79	94	100	104	113	121	126	141	163	182	200	202	205	210	233	244	248	252	346	#
506	1488.08	10	32	39	40	43	53	60	95	104	117	124	125	141	164	169	171	178	197	215	229	244	347	#
507	1776.46	20	44	65	90	94	109	121	144	148	153	155	165	178	182	183	205	215	218	222	236	242	347	#
508	1748.97	20	32	42	43	51	67	94	106	113	114	117	123	129	131	141	147	149	171	206	227	249	347	#
509	1599.68	11	20	24	28	31	45	54	74	101	113	129	139	141	151	154	167	171	205	230	232	253	347	#
510	1581.52	6	31	39	40	43	49	51	65	74	85	124	137	139	141	160	173	187	192	198	201	243	347	#
511	1571.24	12	18	21	22	26	32	50	60	73	75	87	110	129	152	154	189	190	242	244	247	249	347	#
512	1377.98	13	15	16	27	41	74	86	101	106	116	140	149	150	184	202	210	215	235	238	348	#
513	1717.65	15	16	28	32	36	52	54	67	82	108	116	142	167	173	175	184	191	233	239	348	#
514	1576.79	48	56	62	67	71	75	79	82	95	106	123	142	155	160	167	178	195	217	253	348	#
515	1568.73	15	32	37	42	82	93	102	115	132	139	140	166	184	192	195	204	221	222	239	348	#
516	1443.68	13	25	32	65	71	76	90	123	135	140	165	168	175	192	204	224	225	239	244	348	#
517	1417.14	14	28	40	52	60	69	71	76	79	90	101	102	115	116	125	150	153	154	161	348	#
518	1451.26	4	8	23	42	44	45	66	79	101	106	109	135	139	182	189	193	195	199	215	219	228	247	250	349	#
519	1922.97	6	8	9	78	106	115	121	122	139	140	141	161	166	167	169	183	195	204	206	211	223	230	253	349	#
520	1844.03	23	37	38	44	57	73	90	98	121	130	142	144	153	182	183	190	201	204	205	207	234	240	243	349	#
521	1835.51	9	10	12	14	28	43	55	59	74	85	91	106	119	133	139	140	176	200	205	217	234	242	255	349	#
522	1804.07	24	29	30	45	52	55	67	82	97	121	123	153	166	177	183	207	220	222	224	230	238	239	244	349	#
523	1783.09	3	8	9	12	22	28	39	46	62	66	86	90	115	140	141	147	168	188	199	204	220	238	250	349	#
524	499.2	28	50	107	136	185	350	#
525	417.543	4	130	185	207	240	350	#
526	391.468	28	44	74	93	202	350	#
527	353.758	37	78	118	136	231	350	#
528	316.134	33	50	58	106	154	350	#
529	286.223	8	75	88	107	174	350	#
530	998.902	4	10	43	61	79	97	188	208	213	214	236	252	255	351	#
531	1018.32	17	29	61	65	69	116	160	176	199	203	209	220	223	351	#
532	1010.22	15	17	22	56	64	85	90	119	171	175	182	194	214	351	#
533	1010.06	27	65	85	113	125	154	176	181	182	206	208	221	255	351	#
534	1000.57	13	22	41	79	123	134	174	184	193	195	199	240	249	351	#
535	889.866	11	13	36	42	56	97	110	144	154	160	203	213	216	351	#
536	911.462	0	13	44	52	70	77	116	124	126	171	182	220	224	235	245	352	#
537	1297.24	6	43	56	67	72	74	91	106	116	137	177	223	230	235	251	352	#
538	1211.19	3	43	136	152	154	163	175	218	223	228	235	243	244	245	250	352	#
539	1135.99	8	13	27	52	69	77	100	117	143	150	163	171	173	184	238	352	#
540	1127.85	11	14	22	52	73	85	112	115	130	169	175	184	196	213	234	352	#
541	1114.62	3	6	11	22	36	43	56	72	77	79	89	149	175	223	244	352	#
542	1046.21	17	25	29	37	38	52	64	76	88	131	151	153	154	179	212	353	#
543	1213.47	14	29	49	50	69	75	103	140	154	162	177	205	234	236	250	353	#
544	1140.28	5	7	10	39	54	66	88	95	133	154	155	178	189	205	245	353	#
545	1100.29	7	19	42	45	50	63	66	75	77	83	94	127	153	160	165	353	#
546	1089.72	37	44	50	87	88	114	133	142	149	161	163	188	197	200	233	353	#
547	1051.11	2	5	19	23	32	39	55	57	66	98	131	163	173	189	224	353	#
548	63.2181	199	#
549	682.626	13	55	96	112	172	177	212	217	232	354	#
550	799.55	75	87	112	114	169	177	191	192	196	354	#
551	760.493	19	30	55	66	163	181	190	191	197	354	#
552	743.256	17	24	45	57	159	169	191	200	217	354	#
553	717.168	14	75	147	162	165	212	242	243	250	354	#
554	703.554	22	64	67	68	89	114	150	172	216	354	#
555	665.437	3	40	45	118	131	159	194	214	244	247	252	355	#
556	860.439	5	21	97	115	131	150	169	198	222	228	250	355	#
557	821.739	12	15	17	45	138	147	160	188	229	243	252	355	#
558	809.381	25	27	63	69	118	163	208	218	230	233	236	355	#
559	792.714	40	50	59	80	135	146	200	228	232	241	246	355	#
560	778.492	3	29	49	64	72	104	107	118	127	201	210	355	#
561	47.4928	78	191	#
562	176.561	164	174	356	#
563	215.679	87	174	356	#
564	618.3	29	54	74	126	133	188	206	234	357	#
565	752.664	6	42	122	160	163	174	188	199	357	#
566	667.424	21	54	96	100	138	163	199	202	357	#
567	619.99	69	74	91	137	162	193	221	222	357	#
568	619.12	10	103	111	122	126	155	200	231	357	#
569	599.257	18	42	105	133	146	178	186	189	357	#
570	770.333	6	65	86	91	100	120	134	141	183	207	225	245	358	#
571	904.628	3	20	61	106	127	129	131	154	157	183	189	194	358	#
572	899.736	14	73	111	120	123	132	136	142	177	179	207	241	358	#
573	896.422	24	43	85	86	107	140	157	159	179	188	197	201	358	#
574	894.529	6	11	15	24	85	137	164	183	185	218	223	234	358	#
575	891.356	8	14	65	79	98	127	133	139	205	222	234	247	358	#
576	185.176	13	39	359	#
577	243.497	13	108	359	#
578	160.912	12	39	359	#
579	425.225	44	84	85	148	218	239	241	360	#
580	633.606	36	53	65	76	148	152	230	360	#
581	598.924	50	62	140	161	217	218	241	360	#
582	588.552	18	68	75	84	134	152	154	360	#
583	563.835	65	103	148	170	181	195	241	360	#
584	476.388	9	44	58	117	167	197	203	360	#
585	565.258	13	24	26	37	39	70	88	127	199	361	#
586	748.671	13	23	26	39	53	60	160	166	206	361	#
587	692.811	1	13	28	45	111	142	144	169	181	361	#
588	692.229	39	89	121	135	170	176	188	225	255	361	#
589	650.008	26	37	46	70	79	96	114	216	218	361	#
590	621.422	21	24	27	96	140	156	179	219	227	361	#
591	270.565	59	120	138	194	226	362	#
592	399.666	87	117	194	231	236	362	#
593	380.234	117	127	138	188	199	362	#
594	369.363	4	18	106	150	226	362	#
595	295.947	19	120	123	150	254	362	#
596	273.942	9	13	59	98	189	362	#
597	106.942	55	#
598	268.242	53	69	132	166	209	363	#
599	395.324	22	53	73	129	167	363	#
600	358.739	2	75	160	166	252	363	#
601	341.665	69	101	122	137	207	363	#
602	318.504	64	133	150	158	209	363	#
603	249.404	4	169	364	#
604	180.859	93	169	364	#
605	148.774	4	240	364	#
606	263.92	102	107	207	244	365	#
607	323.591	104	121	132	207	365	#
608	283.464	11	85	102	254	365	#
609	138.379	1	77	107	197	365	#
610	52.4097	77	#
611	2072.07	7	17	23	30	60	69	79	82	83	84	92	93	95	96	101	118	122	125	134	136	137	174	176	187	214	217	220	233	239	245	366	#
612	2552.72	4	5	15	51	56	59	82	83	85	87	90	92	108	117	119	121	125	136	140	167	169	188	199	208	211	217	234	241	243	246	366	#
613	2431.97	4	8	25	40	47	48	53	74	76	82	99	100	101	105	108	121	126	138	163	164	173	176	182	188	196	217	221	233	247	252	366	#
614	2426.9	2	4	8	14	15	17	35	58	74	75	77	83	89	92	96	101	122	131	142	146	153	156	159	169	174	176	199	210	214	223	366	#
615	2361.2	4	17	38	47	51	55	70	74	77	86	91	92	96	107	117	120	121	122	136	141	156	159	165	167	210	217	228	240	243	245	366	#
616	2344.15	4	6	22	27	29	44	55	56	79	80	89	92	93	96	122	134	136	157	167	175	182	185	186	192	205	209	242	243	246	249	366	#
617	374.621	40	76	121	171	185	242	367	#
618	534.007	9	22	195	229	233	242	367	#
619	529.218	20	75	121	162	188	237	367	#
620	345.2	23	40	124	188	229	242	367	#
621	328.248	2	76	90	134	226	251	367	#
622	306.634	15	94	135	171	189	197	367	#
623	853.781	3	7	30	56	63	74	75	138	141	159	166	194	202	215	240	255	368	#
624	1239.13	3	30	38	43	47	59	60	66	86	87	96	141	200	216	225	233	368	#
625	1192.33	9	19	21	31	46	93	99	140	141	159	162	174	200	211	231	246	368	#
626	1185.76	6	7	29	35	36	49	63	77	99	114	155	190	192	196	215	231	368	#
627	1116.91	16	29	34	50	107	119	120	167	196	209	212	215	231	232	238	247	368	#
628	1109.48	24	30	32	35	65	93	94	107	131	138	155	188	211	221	222	234	368	#
629	250.409	46	222	236	246	247	369	#
630	373.034	44	77	113	170	222	369	#
631	371.234	12	45	46	56	131	369	#
632	308.716	26	77	236	244	250	369	#
633	276.024	37	74	203	246	255	369	#
634	231.743	17	67	84	111	247	369	#
635	107.473	91	172	370	#
636	152.994	91	144	370	#
637	107.709	159	172	370	#
638	148.795	17	192	371	#
639	106.696	177	192	371	#
640	88.3574	17	171	371	#
641	922.137	8	12	14	40	79	96	128	150	161	195	196	212	239	372	#
642	1091.13	0	4	14	65	81	87	108	133	175	195	212	214	226	372	#
643	1042.04	6	24	34	39	81	96	122	141	153	181	204	218	242	372	#
644	971.411	0	16	36	49	51	56	79	88	138	150	180	181	199	372	#
645	928.906	2	11	26	27	31	40	52	94	122	123	160	218	249	372	#
646	911.195	29	35	36	50	100	114	117	128	132	166	213	224	250	372	#
647	138.097	174	253	373	#
648	179.301	164	174	373	#
649	101.74	112	253	373	#
650	603.92	21	32	44	74	98	161	189	254	374	#
651	720.204	30	36	87	98	141	144	175	237	374	#
652	617.262	8	19	44	73	83	154	158	251	374	#
653	591.033	6	32	89	167	205	209	237	247	374	#
654	584.329	147	149	170	173	185	189	215	241	374	#
655	513.608	8	68	104	130	161	167	188	234	374	#
656	221.138	71	213	222	375	#
657	271.12	71	151	238	375	#
658	249.242	148	200	222	375	#
659	248.243	8	132	213	375	#
660	123.03	125	#
661	855.078	13	51	58	64	71	76	117	119	145	205	208	224	248	376	#
662	1152.24	47	51	55	58	73	95	108	117	129	172	175	190	224	376	#
663	1117.72	0	33	58	64	71	79	121	123	128	156	190	206	211	376	#
664	1094.42	13	17	78	86	92	102	131	158	172	178	205	235	246	376	#
665	1025.41	9	47	108	120	123	127	128	145	170	198	205	222	235	376	#
666	991.869	13	36	58	69	101	136	157	165	186	187	190	204	235	376	#
667	225.279	143	159	177	199	232	377	#
668	321.866	67	70	150	155	232	377	#
669	305.252	23	81	86	161	199	377	#
670	158.364	158	221	378	#
671	222.482	189	221	378	#
672	654.105	20	65	79	93	137	144	217	379	#
673	623.024	13	17	20	22	145	202	211	379	#
674	609.062	3	18	62	63	144	190	231	379	#
675	558.053	5	41	65	144	161	219	225	379	#
676	554.401	10	41	115	139	147	181	217	379	#
677	502.753	20	76	79	134	147	181	183	379	#
678	239.565	24	50	98	380	#
679	229.012	50	226	232	380	#
680	208.3	98	129	222	380	#
681	177.308	24	37	201	380	#
682	1148.05	18	23	26	33	57	63	105	114	125	130	131	140	156	183	185	232	241	252	381	#
683	1625.32	26	38	56	66	104	125	126	135	140	150	156	162	165	167	187	201	213	249	381	#
684	1371.53	1	14	22	54	63	64	66	90	91	104	146	159	164	188	210	221	225	238	381	#
685	1334.48	6	22	24	26	30	40	57	114	121	129	136	139	162	182	189	197	243	246	381	#
686	1321.86	54	57	98	99	126	143	150	155	163	167	168	175	180	200	208	215	224	254	381	#
687	1320.87	31	35	38	57	80	90	105	107	114	126	156	167	180	197	205	213	242	255	381	#
688	724.564	48	60	62	100	140	167	193	227	233	237	382	#
689	808.485	6	20	24	47	57	70	133	162	193	205	382	#
690	793.551	16	69	78	108	116	152	173	215	231	237	382	#
691	790.802	11	38	49	140	142	187	201	216	236	246	382	#
692	764.558	13	22	38	62	95	168	177	178	193	219	382	#
693	678.821	33	48	100	115	128	170	193	195	202	237	382	#
694	2279.45	12	17	21	49	51	78	81	91	97	99	107	111	116	123	125	129	144	145	146	148	154	166	174	186	187	204	206	215	245	253	383	#
695	2410.44	4	22	26	32	40	43	47	60	75	77	78	79	111	114	116	119	126	130	138	148	158	162	176	182	190	195	203	204	230	248	383	#
696	2271.47	3	4	17	22	30	35	50	55	56	57	67	78	84	93	101	123	127	129	139	146	155	159	162	195	202	206	211	228	246	254	383	#
697	2215.37	5	9	31	50	60	64	69	75	76	78	84	90	91	93	99	102	111	117	139	144	156	158	160	184	206	209	218	225	232	236	383	#
698	2207.27	3	12	14	20	23	27	30	39	53	71	76	97	102	108	111	131	138	144	152	182	185	188	204	206	209	210	220	223	238	242	383	#
699	2192.66	10	21	26	35	54	64	75	81	86	88	108	114	125	129	131	133	144	146	155	156	160	162	176	185	186	189	195	202	210	242	383	#
700	1745.34	6	10	16	44	55	59	61	68	97	115	128	129	151	152	188	196	197	201	206	219	237	252	384	#
701	1742.07	6	7	33	48	69	71	85	91	114	133	144	151	160	165	169	175	190	201	209	225	233	247	384	#
702	1631.63	15	22	28	32	51	55	61	62	65	69	83	90	99	109	115	129	148	170	176	206	210	248	384	#
703	1602.38	2	15	37	58	68	71	72	74	83	92	102	121	128	130	135	136	165	171	202	209	211	234	384	#
704	1600.5	12	16	55	69	71	74	78	88	92	107	109	119	130	136	168	199	201	210	231	237	248	253	384	#
705	1599.55	0	10	40	47	52	62	73	81	96	112	134	151	159	180	194	202	215	217	218	233	240	252	384	#
706	230.442	74	106	164	183	385	#
707	261.649	10	14	74	254	385	#
708	257.056	90	98	129	183	385	#
709	250.747	2	162	164	236	385	#
710	204.245	45	106	175	221	385	#
711	223.656	10	84	122	168	215	386	#
712	321.593	26	100	112	122	203	386	#
713	268.251	1	64	71	84	214	386	#
714	1822.67	4	17	24	25	30	33	34	47	54	57	66	73	77	91	102	108	125	131	135	157	180	186	210	212	239	241	242	387	#
715	2264.88	2	40	47	67	96	104	105	107	127	128	129	131	133	137	172	186	196	198	205	222	229	230	231	235	245	248	252	387	#
716	2241.3	16	17	26	29	44	56	57	58	75	76	78	83	102	105	117	133	146	159	166	195	205	206	223	242	245	246	252	387	#
717	2154.01	17	20	51	52	56	61	76	78	88	99	102	131	140	148	154	155	162	170	182	183	196	218	222	224	241	245	252	387	#
718	2125.41	17	27	29	40	54	61	67	73	84	85	98	102	159	160	166	173	178	181	182	195	202	219	221	224	229	241	245	387	#
719	2111.68	7	17	18	29	45	53	55	66	73	77	81	102	107	111	121	133	144	155	161	175	178	184	186	208	212	229	241	387	#
720	705.818	44	58	87	114	128	146	161	175	181	229	388	#
721	759.596	44	48	53	55	59	66	67	86	89	161	388	#
722	754.039	3	9	54	91	107	112	142	146	178	216	388	#
723	749.608	26	29	82	87	109	114	177	223	234	235	388	#
724	680.924	6	58	91	114	130	152	160	175	194	227	388	#
725	667.872	40	46	84	86	149	180	190	202	204	229	388	#
726	1080.93	8	57	63	78	80	81	116	129	145	204	213	215	239	241	252	389	#
727	1280.44	7	60	74	88	123	131	138	141	142	212	215	217	222	225	252	389	#
728	1253.13	13	15	19	32	52	59	78	88	123	167	176	204	224	240	254	389	#
729	1175.59	13	36	55	79	91	111	120	136	162	172	206	207	213	239	249	389	#
730	1137.89	7	8	42	75	85	91	97	120	177	178	188	221	223	236	254	389	#
731	1105.76	7	38	60	81	90	130	184	202	205	208	215	226	228	230	251	389	#
732	314.252	5	66	84	144	210	217	390	#
733	385.534	72	90	105	147	208	217	390	#
734	368.755	88	122	149	196	210	245	390	#
735	348.524	144	165	192	210	251	254	390	#
736	345.591	24	52	60	66	83	220	390	#
737	330.589	5	38	183	200	202	210	390	#
738	97.5481	89	#
739	504.786	48	51	154	178	235	250	391	#
740	552.083	29	51	70	87	128	156	391	#
741	496.125	13	22	78	129	196	250	391	#
742	469.528	15	72	136	151	154	244	391	#
743	430.216	26	48	78	104	183	222	391	#
744	407.846	25	164	209	235	240	242	391	#
745	520.204	46	70	88	139	169	172	183	213	224	232	392	#
746	731.324	35	51	88	96	196	219	228	235	248	251	392	#
747	706.841	44	56	61	66	84	93	112	172	213	254	392	#
748	673.186	1	46	58	67	88	125	149	204	207	238	392	#
749	627.885	6	7	23	76	136	155	183	215	225	235	392	#
750	611.319	17	48	99	112	161	183	185	232	235	239	392	#
751	998.783	15	21	22	49	90	93	141	147	154	195	201	220	228	393	#
752	1056.92	3	20	66	71	98	114	154	178	183	184	202	207	233	393	#
753	1056.11	20	26	65	98	114	141	145	146	147	159	216	221	229	393	#
754	993.201	6	11	30	89	113	130	144	145	187	211	220	238	248	393	#
755	918.962	20	23	33	50	93	106	131	153	162	174	180	187	230	393	#
756	913.908	20	21	43	84	87	101	133	154	159	165	191	200	205	393	#
757	770.279	56	108	127	140	162	178	204	228	237	394	#
758	900.282	64	108	133	140	165	215	233	239	240	394	#
759	725.156	55	75	123	175	176	201	213	224	237	394	#
760	720.097	35	41	43	178	180	224	233	240	248	394	#
761	718.283	66	67	108	122	128	181	184	187	200	394	#
762	717.237	22	35	36	64	144	153	192	204	248	394	#
763	1314.15	10	11	33	60	72	84	98	108	147	152	177	183	186	190	210	245	252	395	#
764	1424.24	1	12	49	74	131	142	144	177	206	210	217	218	228	230	233	244	252	395	#
765	1406.06	12	25	40	60	66	68	87	145	150	184	185	211	217	226	230	244	254	395	#
766	1371.28	13	25	28	32	37	44	61	133	146	150	152	162	175	194	215	224	230	395	#
767	1244.57	15	32	82	87	111	122	129	130	134	147	171	214	217	223	230	233	250	395	#
768	1243.2	13	25	62	66	80	84	139	143	183	195	210	214	224	230	233	252	254	395	#
769	960.483	26	32	71	104	145	146	147	165	182	205	229	231	236	246	396	#
770	1191.18	5	54	59	74	123	131	141	145	152	169	201	211	231	244	396	#
771	1176.89	6	7	8	73	121	127	128	135	152	179	192	198	205	218	396	#
772	1078.7	28	29	45	62	63	73	80	167	177	179	182	183	198	230	396	#
773	1067.68	22	49	78	111	113	123	131	136	145	146	156	180	187	244	396	#
774	1064.95	15	22	38	76	104	112	123	138	140	145	166	180	184	248	396	#
775	1882.11	4	6	23	27	30	31	49	58	59	64	75	87	98	106	118	120	142	144	146	186	192	199	204	205	212	215	224	249	397	#
776	2395.06	12	13	43	46	47	69	78	96	98	111	116	117	134	137	142	154	157	162	168	176	187	189	205	215	226	230	232	243	397	#
777	2330.68	4	6	35	37	49	52	63	72	82	86	98	99	106	121	124	126	133	142	175	180	186	192	206	214	218	239	241	252	397	#
778	2263.49	4	30	31	36	42	62	92	93	99	100	101	117	121	125	155	170	178	187	192	193	198	215	223	230	235	236	239	253	397	#
779	2236.85	9	20	27	68	78	84	95	99	102	105	112	114	121	133	137	142	162	170	186	190	192	195	205	211	218	239	243	247	397	#
780	2165.28	4	9	36	39	53	79	93	98	101	117	125	126	130	137	149	162	174	182	190	200	204	205	212	215	218	227	228	235	397	#
781	1075.65	1	28	51	76	113	120	128	142	179	215	218	219	242	398	#
782	1197.2	51	62	83	85	151	154	168	179	194	218	219	230	239	398	#
783	1126.59	1	6	66	67	121	125	140	145	159	204	215	218	254	398	#
784	1004.81	12	28	49	102	104	111	113	189	202	214	225	237	254	398	#
785	1001.73	2	4	32	47	79	98	142	157	173	179	206	217	239	398	#
786	1001.05	38	67	74	89	92	134	171	201	203	216	218	247	254	398	#
787	267.017	64	122	172	191	251	399	#
788	388.314	8	15	122	160	195	399	#
789	326.486	95	124	145	212	251	399	#
790	288.844	68	171	172	188	229	399	#
791	239.53	39	64	129	142	174	399	#
792	160.749	3	64	191	208	236	399	#
793	1765.7	6	16	18	53	60	66	68	86	113	153	156	159	164	166	172	176	179	187	211	222	223	230	235	400	#
794	1996.25	1	19	26	40	41	60	67	79	131	140	152	155	160	164	174	178	180	184	217	221	230	232	249	400	#
795	1755.3	0	16	28	31	56	60	66	72	78	79	85	94	114	122	124	147	148	162	170	187	188	204	210	400	#
796	1684.25	0	5	6	12	15	36	51	53	72	75	94	97	99	104	106	109	110	131	147	165	173	181	204	400	#
797	1679.71	5	9	10	27	28	29	31	33	37	40	47	67	122	136	143	147	154	156	192	230	234	235	240	400	#
798	1664.84	1	6	24	25	49	52	62	74	128	130	133	140	151	163	167	187	191	192	197	198	230	252	254	400	#
799	41.2848	37	#
800	264.8	33	41	165	173	224	401	#
801	355.378	57	124	153	155	173	401	#
802	306.571	165	183	193	235	249	401	#
803	290.012	24	60	123	224	248	401	#
804	238.547	33	48	49	174	238	401	#
805	237.769	41	84	95	238	253	401	#
806	91.4229	32	#
807	3128.38	2	16	18	20	25	32	35	39	50	60	62	63	65	84	86	99	123	130	139	143	144	151	153	160	161	163	172	175	184	186	188	195	201	202	211	212	215	219	222	229	236	237	239	243	254	255	402	#
808	3545.99	3	5	12	14	15	16	20	30	33	35	39	46	47	48	52	60	64	65	75	78	81	85	86	90	103	113	117	128	143	163	164	175	178	189	190	195	208	212	213	215	222	236	241	246	248	254	402	#
809	3480.22	6	13	18	28	30	31	33	35	48	50	91	108	112	114	117	119	121	122	129	133	135	143	151	153	155	163	164	166	170	180	185	188	189	190	191	193	195	202	205	206	207	212	215	222	253	255	402	#
810	3453.13	2	6	9	15	16	26	33	36	54	55	56	60	63	65	75	77	87	89	101	114	141	144	153	154	163	175	178	186	191	194	195	201	205	206	208	214	215	216	219	223	224	235	240	241	250	253	402	#
811	3396.96	4	5	7	19	20	30	33	39	40	46	47	48	49	65	66	72	80	97	102	103	105	115	117	132	136	137	149	152	158	173	175	195	201	204	205	208	215	219	222	236	238	239	243	244	248	253	402	#
812	3368.91	2	4	5	7	13	19	20	27	47	48	50	63	66	76	90	91	99	113	117	128	143	147	149	151	152	155	158	159	161	164	170	179	184	188	202	204	205	208	214	217	224	228	238	240	243	255	402	#
813	306.144	28	42	63	139	160	209	403	#
814	312.9	84	144	160	194	199	253	403	#
815	306.945	34	134	138	139	169	220	403	#
816	304.156	5	42	60	62	145	191	403	#
817	302.671	32	60	143	207	209	240	403	#
818	231.311	39	52	63	101	148	224	403	#
819	39.9131	53	#
820	769.184	42	59	64	89	118	153	215	221	239	241	247	404	#
821	966.656	8	19	28	32	60	64	89	176	199	217	219	404	#
822	884.106	8	28	94	116	138	188	197	219	239	248	250	404	#
823	847.833	0	6	75	76	188	193	215	226	228	248	254	404	#
824	751.468	3	17	75	118	153	168	203	204	223	235	253	404	#
825	705.16	48	59	100	126	168	174	177	195	238	242	252	404	#
826	185.684	25	107	232	237	405	#
827	212.916	25	61	91	97	405	#
828	205.437	107	118	218	223	405	#
829	151.658	50	74	191	232	405	#
830	373.651	17	41	110	121	148	196	406	#
831	522.746	24	40	41	52	121	161	406	#
832	500.474	19	31	70	121	155	218	406	#
833	479.907	124	170	177	196	218	219	406	#
834	470.364	17	38	49	89	97	179	406	#
835	464.783	110	138	150	157	196	219	406	#
836	191.883	32	158	225	407	#
837	205.521	16	158	225	407	#
838	160.754	61	71	158	407	#
839	143.163	32	109	146	407	#
840	2018.26	23	46	51	52	59	65	75	91	103	108	115	120	126	128	142	144	151	152	154	175	179	181	191	206	230	231	236	238	244	246	254	408	#
841	2460.13	6	16	23	29	44	47	71	86	93	95	100	101	114	128	168	181	186	195	199	204	206	220	225	227	230	231	238	243	245	253	254	408	#
842	2395.03	3	6	9	13	21	34	47	48	56	61	63	64	69	81	102	104	111	128	130	133	144	145	148	165	168	169	199	200	226	230	238	408	#
843	2349.1	15	18	27	32	42	44	51	55	57	65	82	91	99	102	108	124	144	148	149	152	163	186	200	212	217	219	225	230	239	246	252	408	#
844	2326.39	4	11	12	13	26	42	52	53	54	55	69	71	86	89	91	103	108	109	111	149	156	165	166	171	172	173	183	192	193	217	230	408	#
845	2268.95	25	38	41	47	53	59	65	82	89	102	104	111	114	120	123	132	150	164	165	171	192	195	199	207	211	212	220	225	226	228	253	408	#
846	1183.13	12	34	35	67	88	103	112	116	120	122	130	135	172	175	196	218	243	409	#
847	1474.65	12	19	43	45	54	67	85	103	128	131	146	151	193	200	205	210	244	409	#
848	1371.04	3	6	23	30	43	54	99	109	114	117	128	140	157	172	174	202	245	409	#
849	1335.78	3	16	29	52	88	92	134	154	171	172	202	204	217	230	240	241	252	409	#
850	1292.59	15	18	20	22	29	35	96	98	107	122	124	149	150	196	197	230	237	409	#
851	1235.95	20	28	43	114	129	134	150	159	162	175	196	209	216	222	226	232	251	409	#
852	1668.68	7	9	26	32	41	59	69	80	85	88	89	92	100	103	104	105	114	116	121	143	150	164	168	254	410	#
853	1922.94	5	11	24	25	26	32	38	51	87	100	114	121	134	141	150	153	156	157	190	204	214	230	237	243	410	#
854	1899.39	13	14	39	40	50	74	77	80	85	88	103	105	106	141	162	164	179	187	201	206	211	216	230	243	410	#
855	1848.91	21	58	61	67	87	88	92	105	128	133	151	153	156	162	171	174	190	196	207	212	214	227	231	242	410	#
856	1822.33	1	9	13	14	44	61	65	99	103	109	144	151	153	167	169	173	174	194	196	197	200	204	210	223	410	#
857	1786.21	3	28	35	41	56	71	76	77	98	99	102	103	151	168	189	194	196	197	201	211	226	232	238	254	410	#
858	760.75	1	13	16	26	63	130	138	144	236	242	411	#
859	839.363	1	55	72	78	128	152	155	157	196	236	411	#
860	809.588	16	66	72	119	134	156	169	185	190	221	411	#
861	786.016	21	62	83	94	125	129	157	206	236	254	411	#
862	729.44	1	26	43	45	46	53	77	80	190	214	411	#
863	708.375	1	14	16	43	45	102	225	235	242	245	411	#
864	980.119	12	15	117	128	156	180	181	184	198	205	235	240	250	412	#
865	1150.16	4	50	66	103	104	113	117	146	164	184	191	205	213	412	#
866	1076.91	21	24	53	59	73	86	88	162	165	184	205	237	252	412	#
867	1021.92	1	6	12	15	37	112	121	144	164	168	175	190	210	412	#
868	995.993	15	22	72	111	156	159	162	183	198	199	213	227	245	412	#
869	936.045	0	3	5	47	69	79	89	98	165	194	213	230	240	412	#
870	133.748	17	145	159	215	220	#
871	1344.48	43	48	54	56	59	69	82	83	85	87	95	120	130	156	174	191	192	196	202	211	234	238	245	253	413	#
872	1937.23	9	49	56	81	89	95	122	127	128	135	136	140	143	146	153	155	161	185	189	196	206	218	237	249	413	#
873	1883.21	9	43	48	53	54	64	72	80	93	95	96	136	137	139	161	166	170	185	205	209	218	225	231	254	413	#
874	1759.89	8	13	24	30	43	48	54	85	97	107	122	123	125	130	139	144	152	156	164	204	225	232	241	247	413	#
875	1758.95	6	8	28	29	67	84	87	91	96	105	119	120	146	160	166	169	172	187	202	216	217	226	227	243	413	#
876	1749.06	0	7	10	13	16	50	73	80	83	85	95	97	118	120	128	131	136	163	172	178	211	212	217	247	413	#
877	1730.86	13	19	21	46	48	78	100	111	120	132	144	145	148	149	152	193	201	202	207	208	223	232	236	239	241	249	414	#
878	2097.73	1	6	19	28	37	46	62	65	68	73	74	83	98	124	130	138	144	174	178	201	212	221	225	232	249	252	414	#
879	2067.69	6	8	29	32	35	37	47	48	51	56	63	72	89	137	149	151	168	170	178	189	202	208	226	229	232	251	414	#
880	1837.69	0	5	6	7	13	29	39	48	50	56	64	84	86	102	123	129	133	144	154	180	183	186	188	208	242	245	414	#
881	1826.96	5	8	13	28	35	43	57	63	67	68	75	78	98	111	126	145	159	180	188	205	213	218	227	228	229	242	414	#
882	1823.3	28	53	70	78	89	96	97	98	123	127	137	140	161	171	183	187	192	193	201	202	208	218	221	223	226	229	414	#
883	55.9493	33	#
884	153.163	225	248	415	#
885	146.45	187	225	415	#
886	122.575	1	248	415	#
887	401.176	78	98	157	174	222	223	252	416	#
888	599.078	16	59	123	156	174	251	254	416	#
889	536.998	28	46	78	92	122	222	235	416	#
890	518.99	11	50	64	78	123	125	130	416	#
891	501.415	51	95	128	157	197	217	250	416	#
892	500.687	98	106	116	136	150	151	241	416	#
893	666.889	3	42	90	103	107	114	122	182	231	233	417	#
894	918.686	42	62	66	74	133	160	231	241	250	251	417	#
895	829.716	2	12	97	133	141	149	211	221	229	231	417	#
896	748.593	8	10	54	116	122	133	165	197	246	253	417	#
897	741.463	63	90	100	136	140	148	153	154	222	247	417	#
898	732.084	54	74	95	105	107	108	123	161	246	249	417	#
899	1938.54	21	22	45	63	70	80	84	85	87	92	93	99	103	114	138	142	173	177	180	185	209	211	214	221	222	229	230	234	251	418	#
900	2355.32	1	7	20	27	28	31	40	53	75	80	85	88	92	102	107	122	140	149	150	155	159	168	188	192	196	204	206	239	243	418	#
901	2352.49	7	17	22	31	37	52	53	70	76	85	94	99	102	103	108	111	123	140	147	151	155	165	184	196	199	200	229	243	245	418	#
902	2300.67	6	18	26	28	45	67	72	86	87	89	92	94	141	150	153	162	166	168	176	178	188	192	194	200	203	209	222	231	240	418	#
903	2248.27	10	26	30	49	55	61	64	73	75	78	84	88	111	120	147	153	156	159	165	173	178	184	192	196	207	209	217	228	230	418	#
904	2245.73	12	14	22	24	27	30	36	61	84	108	113	122	125	127	132	139	149	153	154	175	182	187	194	200	203	211	216	243	244	418	#
905	782.603	8	10	17	25	44	45	66	69	86	149	237	255	419	#
906	1093.75	2	5	13	26	50	86	102	111	162	199	214	254	419	#
907	1083.95	10	22	29	38	40	62	86	149	157	160	231	249	419	#
908	970.636	33	44	66	106	117	128	164	192	195	219	224	233	419	#
909	932.451	11	14	17	54	104	108	122	144	151	217	224	246	419	#
910	864.334	6	20	60	66	68	131	134	186	203	211	217	236	419	#
911	580.937	1	60	73	79	103	107	185	253	420	#
912	717.381	12	29	60	77	137	152	159	162	420	#
913	632.724	71	97	103	128	163	165	167	215	420	#
914	592.455	7	29	51	79	95	106	134	165	420	#
915	583.803	25	85	86	89	125	146	179	253	420	#
916	581.386	1	16	68	160	166	209	225	240	420	#
917	2073.91	1	5	18	29	48	62	66	71	77	79	83	95	100	110	111	115	125	135	139	143	149	168	169	170	184	187	195	207	216	223	224	236	249	421	#
918	2647.21	10	11	22	24	29	31	32	40	60	66	70	71	76	98	101	113	130	141	148	174	179	183	185	187	188	190	193	204	210	229	238	242	244	421	#
919	2647.2	5	10	14	15	22	29	32	33	35	58	60	62	65	66	68	94	109	113	135	151	159	164	169	174	197	198	201	207	214	218	229	242	251	421	#
920	2631.32	0	5	23	29	32	42	48	49	62	64	65	68	78	79	91	107	117	137	141	149	161	166	169	179	184	192	198	206	212	230	238	241	249	421	#
921	2604.02	2	5	19	29	38	42	57	76	85	102	110	136	144	147	149	153	157	164	166	170	172	175	184	190	192	216	221	230	231	243	248	249	255	421	#
922	2596.7	6	7	11	16	21	29	41	47	57	64	66	76	80	85	96	98	113	127	133	134	137	148	151	157	166	170	175	192	209	219	224	236	247	421	#
923	2394.66	2	27	31	32	37	38	47	60	65	69	72	76	79	84	87	88	97	100	102	114	121	149	161	164	165	171	175	180	183	185	206	216	228	422	#
924	2542.29	8	19	22	27	28	34	35	37	50	53	56	60	74	75	82	112	118	121	128	129	131	132	149	163	167	183	195	209	214	219	238	239	245	422	#
925	2453.06	1	2	6	17	26	31	32	38	44	50	57	64	65	67	88	99	106	111	128	132	139	148	151	152	173	190	192	220	230	241	245	250	255	422	#
926	2450.46	13	16	24	41	46	51	67	72	74	75	82	103	115	138	148	152	164	166	171	179	187	191	214	216	218	220	226	230	235	238	239	240	245	422	#
927	2447.45	1	2	12	15	17	28	30	31	35	52	71	79	85	86	106	119	120	157	163	167	169	171	175	185	190	192	195	196	204	211	214	216	227	422	#
928	2432.11	1	12	17	26	33	39	46	47	50	59	67	69	87	96	97	104	129	131	147	149	163	169	170	175	190	194	195	211	216	229	235	243	245	422	#
929	1322.05	36	78	97	98	101	104	107	127	148	157	161	188	189	195	220	230	234	238	252	423	#
930	1579.77	13	28	35	60	62	66	68	95	97	126	156	169	174	180	188	189	201	206	221	423	#
931	1548.32	6	10	12	50	74	78	81	104	141	146	156	175	186	189	197	213	238	239	248	423	#
932	1440.47	4	5	36	45	56	87	92	108	111	119	133	134	153	168	169	171	214	227	254	423	#
933	1400.31	22	45	50	51	101	122	137	144	168	180	183	200	223	228	230	235	239	243	244	423	#
934	1368.71	11	34	35	62	65	89	92	95	103	107	130	135	146	170	186	187	190	210	230	423	#
935	728.447	29	62	103	116	129	138	164	231	243	424	#
936	713.183	56	61	77	118	171	218	243	252	253	424	#
937	650.316	0	30	41	85	195	224	231	239	241	424	#
938	648.988	4	29	55	64	70	81	101	221	236	424	#
939	644.712	0	12	62	132	184	197	221	224	250	424	#
940	619.443	30	58	78	81	101	103	116	193	214	424	#
941	124.665	195	#
942	111.631	184	#
943	404.789	70	82	86	138	145	146	219	425	#
944	544.402	53	82	127	146	201	206	213	425	#
945	511.265	54	63	86	94	138	189	233	425	#
946	487.025	10	32	138	164	187	239	247	425	#
947	432.193	7	63	76	117	126	146	168	425	#
948	415.978	26	27	73	145	146	155	226	425	#
949	686.461	77	84	92	166	206	207	214	240	249	426	#
950	959.682	6	29	60	96	103	136	206	208	240	426	#
951	767.618	16	19	29	78	136	156	162	194	207	426	#
952	720.112	24	30	92	97	104	116	154	160	173	426	#
953	687.381	4	5	12	29	57	88	117	140	249	426	#
954	599.401	6	10	55	56	84	108	109	157	255	426	#
955	551.932	96	116	159	174	213	226	235	427	#
956	722.416	45	61	80	113	208	218	235	427	#
957	591.045	6	13	37	98	109	116	205	427	#
958	553.557	127	132	151	184	189	218	226	427	#
959	553.551	61	96	146	184	225	227	240	427	#
960	518.922	48	56	87	140	179	198	213	427	#
961	924.056	22	42	55	89	91	122	130	177	181	192	200	211	215	231	235	250	428	#
962	1353.47	7	11	81	86	90	116	133	141	144	163	169	176	180	215	217	233	428	#
963	1216.2	1	13	30	54	81	87	89	142	144	160	162	220	221	224	232	235	428	#
964	1172.66	2	19	31	42	44	64	83	89	121	124	142	148	164	199	227	245	428	#
965	1170.13	2	8	22	43	44	47	74	100	111	116	129	142	163	181	216	235	428	#
966	1135.2	4	5	8	47	67	106	118	123	148	165	169	180	191	219	249	250	428	#
967	632.941	11	30	53	101	140	169	219	429	#
968	549.925	41	53	101	137	164	202	217	429	#
969	540.9	8	86	169	173	181	219	233	429	#
970	508.385	23	86	90	101	131	140	227	429	#
971	492.624	30	37	143	150	169	193	199	429	#
972	482.187	25	30	36	127	150	180	199	429	#
973	223.826	1	74	88	110	139	246	430	#
974	334.007	82	157	210	214	239	246	430	#
975	312.784	52	74	76	88	103	155	430	#
976	275.294	1	18	81	83	113	174	430	#
977	244.956	65	119	431	#
978	246.157	65	215	431	#
979	175.192	19	119	431	#
980	647.107	79	94	112	149	152	207	226	241	251	432	#
981	728.106	2	8	153	169	177	195	201	213	241	432	#
982	661.035	1	53	79	107	110	143	227	230	245	432	#
983	650.751	24	43	129	149	176	186	210	224	238	432	#
984	633.596	59	120	162	170	171	195	201	207	213	432	#
985	594.139	70	75	76	89	114	156	162	173	226	432	#
986	816.977	3	38	55	59	103	119	189	222	231	241	433	#
987	990.926	28	32	74	79	117	146	180	189	222	226	433	#
988	779.367	0	6	8	74	119	175	181	193	215	241	433	#
989	757.542	29	55	134	146	158	159	174	178	241	245	433	#
990	744.683	38	42	47	59	63	123	133	170	181	189	433	#
991	742.667	3	13	16	17	164	172	198	222	243	253	433	#
992	483.073	32	79	97	111	151	181	434	#
993	591.35	30	54	111	167	208	239	434	#
994	508.356	24	72	122	151	161	190	434	#
995	444.755	3	79	178	194	196	203	434	#
996	372.96	19	32	43	101	109	179	434	#
997	359.061	3	61	97	109	189	254	434	#
998	208.011	9	16	18	42	435	#
999	307.536	13	16	184	244	435	#
1000	284.677	9	89	108	127	435	#
1001	277.449	18	42	123	184	435	#
