%% File generated by CATS v.2.1Mon Jul  4 11:04:24 2011

%% The CATS webpage is http://robotics.stanford.edu/CATS

%% PARAMETER SETTINGS:
% Goods: 256; Bids: 1000; Distribution: arbitrary; Runs: 1; Seed: 1309806289
% Arbitrary Distribution Parameters:
% Max Substitutable Bids = 5
% Removing HV Neighbor   = 0.1
% Adding DIAG Neighbor   = 0.2
% Additional Location    = 0.9
% Additivity             = 0.2
% Budget Factor          = 1.5
% Resale Factor          = 0.5
% Uniform Private Value:
%   Deviation            = 0.5
%   Max Good Value       = 100



goods 256
bids 1005
dummy 187

0	959.337	5	13	27	49	82	85	89	102	106	133	141	151	181	186	234	256	#
1	1184.96	7	16	41	50	120	129	133	147	175	181	197	207	241	244	252	256	#
2	1176.63	3	17	41	64	78	84	85	91	100	175	187	192	211	246	250	256	#
3	1170.61	30	67	76	86	99	128	138	144	156	167	177	192	206	233	234	256	#
4	1151.98	8	19	41	47	49	106	132	137	180	193	207	218	222	246	255	256	#
5	1132.82	27	51	62	68	86	106	112	143	147	166	181	196	215	218	246	256	#
6	232.56	108	135	145	189	257	#
7	341.515	67	135	244	247	257	#
8	329.041	108	122	139	178	257	#
9	241.726	84	145	146	155	257	#
10	156.495	108	167	189	247	257	#
11	567.76	31	127	152	154	192	244	255	258	#
12	608.437	5	54	124	183	205	234	244	258	#
13	533.86	7	31	104	128	174	218	224	258	#
14	521.864	100	136	137	192	204	213	234	258	#
15	517.955	7	54	113	118	121	152	161	258	#
16	515.086	22	25	127	193	198	208	234	258	#
17	104.666	124	#
18	737.096	36	51	110	113	118	150	204	218	227	259	#
19	907.607	67	68	74	85	184	192	219	227	229	259	#
20	764.303	39	68	71	108	110	131	222	226	230	259	#
21	752.075	60	85	113	122	130	193	212	217	245	259	#
22	733.046	4	51	59	78	85	135	140	205	244	259	#
23	709.742	36	53	61	96	164	203	219	253	255	259	#
24	43.9037	46	82	115	154	#
25	201.504	21	205	220	260	#
26	294.431	186	198	205	260	#
27	872.801	16	33	50	73	148	152	188	200	215	233	234	261	#
28	954.592	38	57	69	99	109	124	148	149	184	216	234	261	#
29	927.027	7	11	67	76	84	94	149	185	200	204	214	261	#
30	847.128	34	39	42	45	57	67	133	149	190	215	233	261	#
31	816.829	16	33	39	45	47	51	95	175	192	228	240	261	#
32	816.386	3	42	99	129	144	148	161	206	212	227	234	261	#
33	1708.4	2	8	10	14	15	42	52	56	77	80	102	105	125	147	154	163	166	174	179	181	191	202	210	225	262	#
34	1882.62	16	43	56	65	71	91	92	122	159	169	179	181	184	190	193	195	203	216	220	221	243	244	249	254	262	#
35	1830.8	2	14	24	28	33	38	40	42	51	60	78	95	122	134	136	149	165	168	190	202	209	221	234	254	262	#
36	1805.1	5	18	24	33	38	41	43	48	49	51	56	58	66	73	77	99	135	196	219	227	231	235	249	253	262	#
37	1791.09	0	6	7	9	15	49	53	68	81	121	122	125	131	165	167	184	186	192	200	212	222	228	235	254	262	#
38	1758.37	2	3	8	10	11	27	39	48	55	56	60	76	101	130	162	176	184	192	203	210	212	213	224	242	262	#
39	919.559	4	5	33	91	115	123	136	141	154	156	240	253	263	#
40	1016.62	14	28	33	74	84	120	141	148	157	219	233	249	263	#
41	1007.44	40	71	79	98	106	115	124	127	142	146	222	229	263	#
42	961.709	5	18	31	51	91	119	140	145	154	164	190	227	263	#
43	898.817	28	36	74	75	87	101	131	177	190	191	202	253	263	#
44	871.649	24	31	32	34	46	75	130	136	140	157	229	249	263	#
45	1290.97	6	51	62	72	85	117	133	152	153	177	180	183	194	198	200	213	219	245	264	#
46	1606.25	31	52	68	69	93	112	131	134	137	159	169	186	190	192	200	234	243	245	264	#
47	1334.87	0	1	15	34	46	53	67	82	88	111	117	152	172	192	200	231	244	255	264	#
48	1253.84	8	12	32	33	41	68	69	87	91	98	125	133	144	173	177	219	239	245	264	#
49	1237.2	3	12	18	32	53	55	56	112	133	136	152	162	172	174	206	228	239	255	264	#
50	1221.08	0	69	101	137	141	147	149	154	169	172	174	179	180	190	215	242	247	253	264	#
51	538.529	21	47	85	149	170	179	191	231	265	#
52	709.683	29	66	85	86	131	136	218	245	265	#
53	690.537	24	33	108	170	188	214	220	234	265	#
54	677.123	19	22	41	47	129	169	176	204	265	#
55	672.106	29	86	88	149	199	224	231	246	265	#
56	613.558	2	14	17	103	163	182	191	228	265	#
57	1173.66	4	16	26	80	90	93	98	145	159	166	187	199	205	236	244	266	#
58	1341.35	16	34	48	59	93	105	146	154	166	170	213	221	224	227	244	266	#
59	1303.31	1	19	23	37	51	66	67	108	128	129	161	196	205	212	240	266	#
60	1212.85	7	18	29	43	66	105	111	117	128	138	140	143	159	196	248	266	#
61	1209.25	16	29	37	47	66	74	114	125	145	151	174	196	207	221	236	266	#
62	1173.81	4	5	8	13	15	50	106	129	138	141	151	165	171	187	244	266	#
63	870.361	55	58	68	70	87	127	137	144	164	204	231	243	267	#
64	1023.05	10	36	44	51	54	119	131	137	181	197	200	225	267	#
65	907.787	1	16	19	47	56	67	110	119	127	216	218	226	267	#
66	892.584	44	60	64	66	70	118	130	151	181	204	214	255	267	#
67	829.169	16	51	64	68	108	110	165	185	190	198	216	228	267	#
68	769.178	35	37	87	89	106	111	119	149	161	190	202	204	267	#
69	311.454	2	3	5	97	149	163	268	#
70	427.496	2	31	55	60	89	234	268	#
71	297.14	26	97	102	176	188	213	268	#
72	280.375	24	25	109	132	163	207	268	#
73	59.6957	168	#
74	599.981	12	73	95	116	161	167	168	194	232	241	248	269	#
75	841.915	8	25	39	43	95	124	138	194	205	221	237	269	#
76	800.216	4	11	72	86	138	167	203	206	213	245	255	269	#
77	777.514	2	41	101	116	122	178	194	206	214	240	242	269	#
78	703.726	26	95	96	119	121	155	157	189	221	232	254	269	#
79	675.142	12	35	97	121	154	156	177	180	226	242	248	269	#
80	3087.49	18	20	29	34	48	52	53	54	59	65	77	81	88	89	96	99	101	105	112	118	139	144	145	146	158	176	182	186	190	213	216	217	223	225	229	237	238	246	249	253	270	#
81	3184.17	3	5	14	20	22	25	26	51	54	55	59	64	67	87	91	103	137	139	142	143	144	145	166	176	182	183	190	196	197	201	207	210	211	219	220	221	225	229	234	237	270	#
82	3123.56	3	4	14	20	36	48	55	59	60	68	71	93	96	98	102	111	121	129	131	136	138	142	143	151	152	159	160	163	176	177	185	188	191	195	196	205	211	215	223	248	270	#
83	3057.52	3	14	26	36	47	57	59	61	65	67	70	71	77	85	88	91	111	112	116	118	119	127	139	142	146	165	168	176	186	188	191	202	213	214	223	224	228	238	253	255	270	#
84	3015.62	3	6	9	14	32	33	38	42	59	60	82	86	89	90	93	98	101	116	118	119	127	129	135	143	147	163	170	179	186	193	196	199	201	202	208	210	221	238	240	255	270	#
85	2997.94	12	26	34	36	38	42	67	75	80	89	96	101	105	111	117	119	125	129	142	148	149	158	163	170	176	182	185	191	202	215	219	223	231	232	238	245	251	252	254	255	270	#
86	1609.35	2	14	30	39	50	52	63	75	81	85	99	103	107	109	110	134	148	150	170	174	177	183	190	217	235	237	238	247	249	271	#
87	2368.3	1	14	22	26	28	31	43	44	61	72	81	99	109	119	125	128	142	154	173	175	180	191	194	215	219	228	234	238	243	271	#
88	2332.54	2	27	31	34	36	44	53	79	96	109	119	128	131	132	133	141	148	151	166	170	171	172	190	206	218	221	226	251	252	271	#
89	2250.57	1	8	12	25	29	31	34	36	42	61	80	102	103	106	109	110	121	132	133	150	151	161	195	210	219	225	237	243	255	271	#
90	2214.65	13	14	25	28	29	31	38	47	79	80	84	89	96	118	120	127	134	140	163	164	178	188	194	200	203	217	229	230	244	271	#
91	2136.33	2	18	21	34	36	52	69	72	80	82	84	119	127	131	154	155	171	180	187	190	199	206	215	217	221	223	232	234	238	271	#
92	264.87	7	19	139	227	272	#
93	346.227	19	44	59	205	272	#
94	214.47	7	211	215	253	272	#
95	881.292	10	20	38	41	53	73	87	152	180	203	221	273	#
96	956.225	20	21	74	95	120	124	152	186	199	202	221	273	#
97	866.633	29	38	46	62	165	166	185	199	234	249	252	273	#
98	865.676	2	4	23	38	41	66	75	149	201	233	243	273	#
99	829.503	2	19	35	58	76	83	87	134	147	169	172	273	#
100	823.136	51	73	76	86	87	171	209	233	239	240	249	273	#
101	1970.55	6	21	22	38	47	50	58	59	72	75	77	91	117	133	146	155	171	180	190	193	197	214	234	243	253	274	#
102	1989.18	6	8	13	14	16	17	34	37	38	50	57	67	71	103	113	126	154	182	194	199	202	211	225	233	254	274	#
103	1979.1	31	33	43	48	50	51	55	61	67	86	102	107	114	117	123	140	149	154	184	209	212	214	225	243	254	274	#
104	1927.33	19	48	56	74	84	85	88	95	106	113	117	119	120	128	163	168	187	197	199	201	202	211	231	242	255	274	#
105	1885.11	5	19	23	26	27	44	53	57	62	67	77	80	116	130	133	137	167	184	187	189	190	203	215	239	245	274	#
106	1873.84	23	25	39	63	75	77	88	89	95	99	133	145	156	164	176	191	194	203	204	210	218	221	243	244	250	274	#
107	235.691	26	58	68	196	275	#
108	335.251	20	26	49	169	275	#
109	262.396	67	68	115	244	275	#
110	201.287	58	95	140	195	275	#
111	41.4077	177	#
112	359.24	7	35	100	136	201	205	233	239	276	#
113	481.813	29	53	93	158	160	166	233	248	276	#
114	469.878	44	45	49	100	142	146	151	220	276	#
115	387.876	105	170	201	209	212	214	236	250	276	#
116	363.925	4	7	19	67	72	82	161	208	276	#
117	326.884	7	10	18	30	56	58	208	239	276	#
118	309.014	44	77	117	140	150	235	277	#
119	434.247	44	56	88	126	129	133	277	#
120	424.973	17	77	134	163	199	239	277	#
121	421.186	127	140	166	175	179	215	277	#
122	312.51	28	141	150	158	230	255	277	#
123	297.908	93	103	190	213	235	238	277	#
124	1545.84	1	15	19	31	51	56	67	106	108	145	166	178	180	201	212	218	231	233	245	278	#
125	1706.59	0	13	15	23	28	36	37	45	56	91	96	108	122	132	142	147	174	233	235	278	#
126	1514.1	1	7	10	11	15	19	28	41	46	67	84	98	112	133	139	142	163	172	233	278	#
127	1476.51	1	3	7	9	10	13	15	37	48	53	58	69	134	149	167	169	183	205	207	278	#
128	1457.95	1	13	15	25	36	43	84	95	122	123	124	128	132	153	169	180	185	241	250	278	#
129	1455.36	20	37	60	68	76	82	106	121	122	145	162	169	176	193	206	208	239	244	250	278	#
130	92.8495	43	212	279	#
131	43.2208	49	212	279	#
132	1945.65	7	15	17	21	33	39	41	49	58	63	67	83	89	90	96	99	111	114	125	139	142	148	149	162	164	182	189	202	225	244	246	254	280	#
133	2585.2	14	15	18	25	41	42	43	66	68	80	83	94	96	98	104	109	123	124	135	149	159	160	179	208	212	219	226	228	234	243	253	254	280	#
134	2484.03	9	13	32	37	40	42	43	44	50	68	77	100	105	111	116	124	131	138	154	160	162	164	173	182	184	202	221	225	226	228	234	255	280	#
135	2430.46	1	2	12	24	29	37	45	47	58	83	86	100	103	107	108	109	111	116	127	160	164	176	181	199	202	206	212	235	243	246	250	252	280	#
136	2386.77	1	32	34	37	50	63	65	83	93	101	107	108	132	142	150	180	187	192	197	199	203	205	206	209	218	225	228	235	236	240	242	249	280	#
137	2329.27	9	17	21	31	40	42	46	56	58	80	111	112	122	131	139	144	155	160	164	166	178	179	182	185	192	205	217	224	239	241	243	246	280	#
138	145.633	56	187	281	#
139	161.515	17	187	281	#
140	93.5538	56	113	281	#
141	387.634	7	9	60	73	88	102	114	244	282	#
142	527.566	15	36	85	135	146	240	244	251	282	#
143	507.443	7	36	105	114	163	192	211	222	282	#
144	506.419	7	22	79	140	193	206	223	248	282	#
145	481.36	22	27	45	56	57	73	89	158	282	#
146	915.532	4	16	28	33	36	44	64	73	104	121	127	151	197	220	222	248	283	#
147	1203.38	4	24	36	42	81	112	114	151	152	171	185	195	207	221	228	241	283	#
148	1140.81	23	26	71	81	150	170	173	182	185	197	202	211	239	241	248	252	283	#
149	1135.89	12	50	51	52	59	64	88	104	111	147	160	166	178	181	186	219	283	#
150	1128.56	2	40	49	51	59	63	85	104	121	128	131	137	160	161	229	240	283	#
151	1107.27	18	21	23	25	40	51	55	106	117	146	170	202	203	211	246	248	283	#
152	560.679	2	28	57	91	106	159	178	223	284	#
153	662.885	29	34	91	120	167	190	191	219	284	#
154	635.764	6	17	63	69	91	108	146	223	284	#
155	501.725	34	57	83	114	187	236	245	255	284	#
156	462.95	3	28	81	110	127	143	154	188	284	#
157	460.541	17	51	52	110	130	178	185	208	284	#
158	2129.45	0	8	19	31	45	50	51	55	61	63	67	71	75	92	98	106	109	117	129	137	139	158	164	183	187	196	222	227	229	230	240	285	#
159	2400.75	0	7	8	12	14	19	20	27	37	51	55	67	78	84	85	95	111	117	118	129	136	139	150	160	166	205	208	220	241	247	253	285	#
160	2364.31	1	4	15	19	31	43	44	50	53	73	75	87	89	111	119	123	134	135	136	142	166	177	187	191	207	220	221	233	239	248	249	285	#
161	2351.44	0	6	9	12	19	21	24	26	27	31	32	51	60	74	131	133	138	142	143	149	173	182	183	202	204	221	234	238	242	243	255	285	#
162	2276.89	5	27	32	37	43	53	60	61	63	75	87	93	96	103	109	115	118	119	123	143	156	166	167	176	182	190	210	220	224	236	247	285	#
163	2270.33	2	8	9	17	24	31	34	35	40	43	54	58	60	63	66	74	75	78	86	87	89	111	123	131	158	159	166	194	242	246	255	285	#
164	1197.78	0	2	23	36	81	82	88	91	98	105	117	140	141	150	158	193	240	242	286	#
165	1455.21	31	57	62	64	81	82	98	107	130	138	159	180	182	186	193	224	243	245	286	#
166	1436.78	27	56	81	121	132	140	142	145	146	158	166	170	175	176	178	184	193	240	286	#
167	1367.42	1	19	41	56	58	96	99	126	128	129	140	141	146	150	194	205	210	241	286	#
168	1312.32	15	25	41	53	65	66	87	96	98	130	146	158	171	193	222	226	228	246	286	#
169	1304.45	68	81	87	92	93	96	98	102	119	126	171	173	187	208	210	240	243	255	286	#
170	753.696	22	31	38	123	170	182	184	214	287	#
171	714.723	57	68	96	123	166	180	220	254	287	#
172	541.767	18	31	64	121	125	131	236	239	287	#
173	521.238	3	86	126	140	170	171	183	190	287	#
174	519.056	3	10	71	87	121	179	182	214	287	#
175	505.841	22	38	82	83	102	128	133	247	287	#
176	697.621	61	80	143	189	195	201	202	206	243	245	252	288	#
177	904.855	32	131	179	180	189	202	212	223	246	252	253	288	#
178	861.539	2	14	24	37	47	113	154	186	195	202	245	288	#
179	814.467	2	8	82	93	99	113	135	192	201	213	218	288	#
180	796.448	5	27	81	115	126	179	210	224	226	243	249	288	#
181	740.334	77	83	88	94	113	115	116	127	161	206	244	288	#
182	1407.4	2	6	38	41	47	48	53	63	75	78	83	101	110	123	127	128	142	145	212	222	237	289	#
183	1792.34	31	42	45	48	57	68	99	100	110	120	142	145	151	160	173	175	190	207	222	228	243	289	#
184	1736.95	32	38	48	59	65	71	94	103	116	164	170	188	192	193	210	212	218	225	228	235	239	289	#
185	1723.3	52	56	59	63	66	67	83	88	103	104	109	121	127	137	147	156	178	228	237	239	253	289	#
186	1605.14	5	50	62	65	75	79	82	86	93	100	120	123	147	149	173	182	184	186	193	246	254	289	#
187	1595.8	8	9	26	30	48	49	79	110	115	123	132	143	146	156	170	207	210	213	214	219	229	289	#
188	740.744	52	105	138	146	147	176	182	183	201	204	233	240	290	#
189	943.303	19	34	47	77	124	139	146	159	180	212	215	254	290	#
190	901.716	13	20	64	98	107	123	143	147	176	177	226	236	290	#
191	901.212	52	59	79	164	176	190	211	215	216	223	247	254	290	#
192	898.723	6	36	42	70	88	134	147	151	170	180	212	223	290	#
193	888.613	33	59	95	115	173	185	192	193	204	214	229	236	290	#
194	176.437	15	64	85	291	#
195	156.502	85	118	190	291	#
196	143.621	64	130	215	291	#
197	124.116	10	44	126	164	292	#
198	178.78	10	188	215	216	292	#
199	359.766	94	144	172	185	213	293	#
200	336.459	25	139	143	144	185	293	#
201	285.597	28	75	171	190	213	293	#
202	234.726	10	56	166	172	207	293	#
203	218.28	80	153	185	213	232	293	#
204	953.076	1	12	17	19	41	44	54	72	119	121	129	148	158	163	189	209	236	241	294	#
205	1203.78	6	23	35	39	46	54	58	73	121	131	137	171	177	194	228	230	242	249	294	#
206	1192.38	6	18	19	22	29	36	39	59	76	101	102	136	143	200	223	230	240	249	294	#
207	1191.4	7	14	26	36	44	49	54	61	93	110	115	129	133	141	147	157	226	246	294	#
208	1160.61	9	17	24	50	66	81	143	148	155	165	177	186	199	206	213	216	241	242	294	#
209	1159.42	4	6	13	28	30	44	45	103	109	147	149	163	169	177	182	218	224	249	294	#
210	42.059	150	186	#
211	170.278	47	83	109	295	#
212	164.676	47	154	253	295	#
213	263.999	40	56	101	152	204	206	296	#
214	362.758	5	40	47	99	109	156	296	#
215	348.314	9	37	38	56	97	178	296	#
216	333.612	73	76	96	119	134	204	296	#
217	327.829	11	31	70	118	138	206	296	#
218	24.6797	30	123	297	#
219	16.6955	123	167	297	#
220	667.789	83	86	132	210	222	230	234	243	298	#
221	735.434	17	43	63	77	86	132	204	234	298	#
222	693.054	4	34	57	149	186	222	230	254	298	#
223	656.74	28	68	127	198	210	226	227	234	298	#
224	552.722	3	109	128	138	139	210	213	216	298	#
225	542.438	62	83	96	130	177	214	220	221	298	#
226	812.158	16	94	97	101	125	153	155	179	186	210	216	217	219	244	299	#
227	1052.95	11	21	43	63	82	90	100	113	157	159	182	186	189	227	299	#
228	1046.72	21	28	48	59	61	77	120	125	131	147	154	159	196	219	299	#
229	1025.27	14	33	63	77	104	121	126	132	146	157	158	159	179	244	299	#
230	1015.7	23	97	116	130	147	171	172	182	183	192	200	201	217	244	299	#
231	970.012	15	20	28	30	48	78	83	96	101	123	144	214	231	243	299	#
232	146.258	50	216	300	#
233	204.027	50	52	300	#
234	1009.01	8	13	15	19	105	120	151	183	187	190	199	241	301	#
235	1082.42	2	19	29	89	102	109	157	169	210	219	250	254	301	#
236	934.299	5	42	43	86	88	96	101	151	163	176	192	229	301	#
237	927.379	13	17	20	55	89	112	135	151	152	176	202	215	301	#
238	885.361	14	50	52	83	84	93	116	120	130	133	202	241	301	#
239	871.093	0	38	55	72	80	98	105	165	187	227	240	254	301	#
240	1774.15	1	8	19	27	31	37	51	78	109	110	111	137	140	144	145	150	152	157	170	175	199	221	231	251	302	#
241	1851.9	30	40	45	48	56	62	66	78	80	81	84	91	96	133	134	157	168	169	175	177	180	184	186	247	302	#
242	1839.03	13	16	17	28	31	53	71	77	78	79	101	112	138	148	159	163	187	195	201	202	219	240	247	255	302	#
243	1771.17	10	14	37	57	59	63	78	84	101	104	107	145	156	164	168	176	180	185	196	215	221	225	226	228	302	#
244	1768.51	5	6	51	53	62	64	67	68	71	78	80	109	111	123	148	151	165	187	201	203	215	218	221	230	302	#
245	1766.5	1	2	4	8	23	34	43	64	90	92	111	135	142	148	163	167	169	173	177	191	203	205	228	238	302	#
246	3257.58	2	5	19	22	23	24	27	30	56	62	66	68	69	77	81	90	97	109	124	125	130	133	135	163	166	170	182	189	192	194	199	202	204	205	215	219	223	224	229	235	237	242	249	303	#
247	3153.35	3	9	10	20	34	42	50	59	60	63	69	85	89	91	109	112	125	128	129	131	135	145	147	153	157	160	161	163	166	168	174	175	182	183	184	205	215	221	226	235	236	249	255	303	#
248	3126.54	8	24	26	33	43	56	65	69	77	81	89	91	109	114	115	123	128	143	144	150	152	159	166	168	169	178	179	180	184	191	199	215	217	218	223	224	226	230	237	238	242	244	248	303	#
249	3117.76	15	22	35	36	40	44	50	64	79	91	100	113	114	123	125	131	137	152	160	169	170	171	173	175	176	179	182	183	193	194	197	202	205	210	213	218	222	224	229	230	244	254	255	303	#
250	3071.62	0	8	12	18	22	23	27	32	44	49	70	71	72	74	82	91	92	113	114	116	124	129	135	137	145	148	152	156	158	161	169	170	180	183	192	197	202	211	217	234	237	244	246	303	#
251	3063.23	1	9	16	19	25	27	32	38	41	42	49	50	62	63	72	73	77	90	91	106	131	141	146	152	153	158	159	168	169	173	180	194	195	199	201	212	215	223	228	232	246	253	254	303	#
252	252.592	89	104	111	112	147	304	#
253	355.969	38	102	112	131	223	304	#
254	327.565	57	111	133	168	233	304	#
255	278.131	89	150	173	218	241	304	#
256	267.389	55	104	194	196	205	304	#
257	42.6702	153	#
258	1433.53	13	26	50	60	98	106	134	139	163	184	206	207	208	221	226	229	234	239	305	#
259	1793.2	0	8	18	29	43	82	98	107	137	151	166	207	213	214	215	239	246	254	305	#
260	1523.05	6	23	26	32	41	79	85	86	89	140	164	193	196	203	208	221	226	227	305	#
261	1506.02	41	50	67	93	116	147	165	182	190	192	198	203	212	216	226	228	229	248	305	#
262	1473.96	10	17	25	67	98	99	101	108	151	158	159	163	194	198	202	210	234	251	305	#
263	1393.22	41	48	54	59	71	78	91	140	147	173	193	195	196	210	214	231	234	249	305	#
264	377.737	3	4	36	46	72	233	238	306	#
265	550.283	8	21	49	134	210	238	243	306	#
266	514.13	3	15	21	153	186	228	233	306	#
267	477.228	4	30	32	65	113	171	192	306	#
268	418.295	59	64	72	142	154	157	234	306	#
269	365.895	49	78	165	167	174	233	242	306	#
270	1359.18	18	29	31	41	52	74	81	89	128	160	162	182	183	197	211	213	237	245	307	#
271	1486.43	2	34	38	44	53	124	127	128	144	145	156	160	169	191	197	198	205	228	307	#
272	1460.13	13	24	29	69	86	93	98	117	132	137	142	145	146	156	159	188	192	218	307	#
273	1430.76	18	36	42	58	80	82	83	119	124	137	169	170	172	203	213	240	243	244	307	#
274	1249.54	3	4	32	40	41	48	80	85	86	100	105	115	132	183	186	205	219	239	307	#
275	1243.19	6	7	30	53	55	70	89	119	135	139	145	156	192	194	198	204	236	243	307	#
276	758.86	2	10	16	23	88	90	154	163	171	180	201	230	308	#
277	964.753	10	54	61	77	99	100	127	169	191	207	221	239	308	#
278	939.971	22	23	43	79	122	126	159	183	184	217	220	246	308	#
279	905.257	8	58	68	76	85	88	125	130	159	204	223	224	308	#
280	889.695	12	24	72	138	142	148	154	175	195	207	213	224	308	#
281	881.472	12	39	43	88	101	114	116	174	184	196	230	244	308	#
282	753.603	21	49	67	79	133	169	187	243	309	#
283	759.016	76	92	132	168	178	239	243	249	309	#
284	666.19	8	27	50	65	79	97	147	249	309	#
285	624.476	28	36	39	42	55	178	187	227	309	#
286	623.21	22	30	98	134	169	187	204	245	309	#
287	560.618	67	76	82	171	198	210	216	236	309	#
288	122.554	56	230	310	#
289	161.684	56	109	310	#
290	111.912	216	230	310	#
291	45.8114	76	#
292	602.399	68	79	82	92	115	141	167	192	218	247	311	#
293	875.8	34	43	66	77	98	181	191	192	232	241	311	#
294	808.785	36	82	84	100	112	137	193	202	218	246	311	#
295	795.573	0	37	98	105	106	127	141	164	223	234	311	#
296	753.227	7	74	89	98	128	167	197	221	226	233	311	#
297	644.09	50	75	79	82	121	133	138	217	233	239	311	#
298	390.62	54	62	200	243	312	#
299	412.637	6	66	108	200	312	#
300	289.137	25	188	210	243	312	#
301	268.56	62	66	96	231	312	#
302	256.888	54	116	173	204	312	#
303	104.36	92	203	313	#
304	88.1113	92	163	313	#
305	1662.69	0	22	29	32	53	79	83	86	93	105	110	126	135	163	165	166	172	190	202	210	220	224	227	314	#
306	1866.72	31	38	41	45	47	54	78	114	125	126	127	133	139	152	169	178	186	210	218	241	243	246	254	314	#
307	1842.91	3	9	19	22	32	34	38	53	63	82	87	105	110	135	149	152	175	176	183	187	248	249	255	314	#
308	1718.85	2	18	31	33	38	79	107	115	118	125	130	140	154	162	191	192	195	208	234	243	253	254	255	314	#
309	1695.87	22	29	38	55	71	83	90	98	105	106	116	122	129	140	142	162	170	173	174	183	184	189	243	314	#
310	1668.3	2	16	19	22	28	34	53	61	87	91	107	129	130	134	138	140	158	161	169	187	201	203	223	314	#
311	200.833	16	32	165	315	#
312	213.178	32	72	240	315	#
313	197.742	8	140	165	315	#
314	147.922	16	97	147	315	#
315	274.098	46	58	102	178	189	207	316	#
316	385.074	46	50	84	95	139	210	316	#
317	324.371	0	3	7	64	155	207	316	#
318	241.179	4	6	40	133	183	189	316	#
319	3499.51	1	3	8	24	33	47	59	60	63	64	66	68	75	81	82	85	87	88	90	92	104	106	111	115	123	125	140	146	148	149	150	155	157	161	172	174	180	181	187	188	189	190	198	203	205	209	213	217	220	227	229	230	243	245	250	254	255	317	#
320	4123.85	4	5	7	13	14	20	24	27	42	43	44	47	51	59	60	63	69	82	84	85	90	93	98	101	104	108	111	113	114	129	135	141	143	150	160	164	165	175	176	180	188	190	191	196	199	205	207	210	220	226	228	231	232	238	240	245	249	317	#
321	4058.11	0	5	13	22	27	34	40	41	44	48	49	51	54	55	59	65	69	81	85	89	90	102	104	109	111	113	123	135	138	139	140	141	142	150	164	169	175	177	184	186	187	188	189	191	193	194	196	202	205	206	218	220	225	240	245	251	255	317	#
322	3990.51	1	5	7	17	31	33	34	39	51	54	55	58	61	69	75	76	83	86	89	95	97	103	113	123	129	135	136	139	141	143	148	149	150	152	153	157	164	169	172	180	183	184	186	190	191	192	194	196	200	210	211	218	225	233	235	236	251	317	#
323	3978.16	1	10	13	34	42	44	46	54	63	70	75	76	83	84	88	89	99	100	103	105	107	109	110	111	113	135	141	148	150	155	157	165	174	179	181	183	184	186	187	190	192	201	203	205	207	210	211	212	224	226	237	240	241	242	243	245	251	317	#
324	3973.27	7	8	10	13	14	15	20	36	39	42	55	56	69	76	81	83	92	98	102	107	109	111	113	115	117	125	129	130	141	146	150	156	162	175	178	180	183	184	187	191	198	199	205	209	210	218	219	220	228	230	236	238	240	243	245	249	251	317	#
325	280.949	99	112	159	162	180	318	#
326	341.365	99	117	159	185	196	318	#
327	335.014	93	158	162	178	214	318	#
328	248.808	35	99	182	195	252	318	#
329	216.434	22	32	96	125	180	318	#
330	1468.97	3	8	18	31	35	38	49	66	74	88	89	140	190	192	219	228	232	255	319	#
331	1494.01	31	34	49	59	76	91	128	140	143	148	158	160	180	192	202	219	228	250	319	#
332	1465.59	4	18	19	25	36	39	72	85	106	112	130	144	151	174	194	202	218	222	319	#
333	1455.95	3	11	12	15	23	45	48	66	79	166	174	175	176	190	194	198	211	218	319	#
334	1449.01	31	50	58	67	78	80	83	93	105	123	130	145	174	202	227	235	254	255	319	#
335	1438.87	13	24	48	76	87	88	90	91	107	130	140	154	155	170	198	199	202	252	319	#
336	92.8384	1	44	320	#
337	103.925	44	200	320	#
338	93.1512	1	114	320	#
339	302.145	3	20	94	96	240	321	#
340	411.75	20	72	120	168	210	321	#
341	360.95	3	72	88	132	195	321	#
342	262.509	9	19	96	98	127	321	#
343	195.633	94	126	166	173	217	321	#
344	138.238	95	102	105	154	240	321	#
345	533.932	4	88	98	100	106	137	145	221	223	322	#
346	776.668	8	32	43	50	88	107	123	223	247	322	#
347	772.827	8	43	87	124	145	174	217	243	251	322	#
348	726.641	11	19	137	154	159	196	217	229	241	322	#
349	699.371	4	50	62	88	91	96	161	178	206	322	#
350	639.878	37	45	51	66	85	106	156	164	176	322	#
351	140.266	131	#
352	244.129	19	151	323	#
353	209.637	151	181	323	#
354	191.046	19	247	323	#
355	1193.41	16	19	21	63	88	119	137	141	157	191	200	203	236	238	250	324	#
356	1382.23	29	32	37	54	85	88	135	144	146	163	184	200	216	218	225	324	#
357	1217.98	11	65	72	79	109	124	152	171	180	189	192	197	202	225	236	324	#
358	1209.02	19	25	32	53	85	119	131	154	157	192	194	195	203	226	236	324	#
359	1181.45	26	35	49	50	65	84	100	118	119	122	143	170	184	191	192	324	#
360	1171.46	24	28	41	88	108	145	148	159	167	191	205	212	213	221	225	324	#
361	54.661	7	#
362	108.523	100	231	325	#
363	141.014	226	231	325	#
364	121.444	66	100	325	#
365	424.576	3	22	66	112	130	179	246	249	254	326	#
366	606.832	50	51	68	80	90	180	228	237	246	326	#
367	596.196	3	9	22	99	104	155	170	197	214	326	#
368	555.236	16	22	108	114	168	176	216	226	230	326	#
369	541.03	3	50	101	126	130	145	149	177	255	326	#
370	390.853	16	22	77	106	112	195	205	224	250	326	#
371	390.436	7	59	68	167	207	217	327	#
372	468.068	19	42	143	161	207	212	327	#
373	464.997	13	143	157	184	190	217	327	#
374	382.282	13	68	69	125	149	194	327	#
375	341.525	7	20	94	130	184	222	327	#
376	272.133	6	64	75	118	167	230	327	#
377	2135.42	7	23	29	30	34	46	56	61	69	70	72	73	81	87	119	121	133	136	165	169	192	209	215	217	222	226	230	233	241	243	246	253	328	#
378	2564.62	7	20	23	26	28	29	31	60	62	73	84	112	114	122	130	131	145	155	159	166	171	178	183	193	198	210	219	226	227	234	239	243	328	#
379	2442.51	5	9	16	26	45	54	61	62	72	78	90	92	99	102	109	120	122	128	147	155	157	164	174	183	195	217	234	238	241	243	250	253	328	#
380	2355.28	0	7	12	23	26	37	42	44	54	59	70	73	84	86	107	111	130	131	148	150	153	171	180	185	190	192	193	200	227	234	235	248	328	#
381	2333.38	0	2	6	17	22	29	34	60	61	70	76	87	92	96	97	109	130	147	154	159	167	181	182	193	202	204	209	211	214	222	253	255	328	#
382	2294.18	7	9	13	30	37	38	41	47	56	73	76	86	88	90	92	96	103	104	150	157	159	164	169	183	193	198	218	224	234	241	243	248	328	#
383	743.664	3	20	29	42	85	110	121	153	154	173	185	329	#
384	876.286	19	20	29	32	45	54	81	91	191	193	226	329	#
385	842.102	27	42	62	118	135	138	187	191	216	232	252	329	#
386	812.376	5	22	34	41	60	77	103	154	180	187	240	329	#
387	788.856	3	33	38	43	44	58	103	121	124	135	137	329	#
388	747.851	33	42	52	95	96	150	158	159	160	173	218	329	#
389	918.581	70	75	89	105	109	118	131	136	147	158	185	202	232	330	#
390	1104.75	4	12	20	25	33	54	86	113	114	131	132	203	243	330	#
391	950.34	33	51	53	64	72	77	108	112	202	207	232	248	249	330	#
392	942.847	42	60	89	96	99	111	124	128	171	182	202	213	232	330	#
393	896.215	10	58	72	77	100	109	159	162	171	184	186	232	239	330	#
394	894.08	4	23	73	86	127	158	192	213	217	235	240	243	249	330	#
395	501.615	41	73	133	160	176	231	245	253	331	#
396	592.583	13	28	84	117	142	154	160	184	331	#
397	531.139	2	4	43	49	81	140	148	231	331	#
398	521.009	24	41	43	49	94	100	140	253	331	#
399	446.986	68	116	120	133	138	168	189	224	331	#
400	411.64	9	41	92	115	172	183	206	215	331	#
401	427.657	6	66	153	185	190	200	332	#
402	575.157	6	63	96	145	168	178	332	#
403	558.831	49	51	147	166	185	253	332	#
404	422.777	1	114	144	153	162	229	332	#
405	405.046	53	70	89	128	159	200	332	#
406	342.748	41	51	66	100	133	250	332	#
407	890.536	9	27	36	62	73	82	127	140	141	210	235	247	333	#
408	878.427	49	61	71	73	76	77	84	91	97	134	141	153	333	#
409	874.858	27	30	69	74	82	111	146	156	157	177	210	213	333	#
410	862.184	4	9	27	56	76	85	99	133	138	145	151	225	333	#
411	850.729	43	50	61	105	128	137	156	157	160	168	171	235	333	#
412	829.705	5	9	62	111	133	138	145	211	213	218	232	244	333	#
413	1767.82	20	22	23	24	34	35	40	46	56	64	69	78	79	83	104	114	118	127	137	144	154	164	192	194	217	244	246	334	#
414	2069.03	19	20	21	29	52	59	72	79	83	87	93	100	116	131	137	142	152	154	164	175	177	185	187	207	221	241	243	334	#
415	2026.04	19	24	35	36	44	46	53	64	85	89	95	97	102	107	127	141	163	169	181	182	195	196	215	218	222	240	255	334	#
416	1964.34	13	23	24	40	52	63	78	80	95	107	121	127	130	139	146	162	163	164	166	168	169	201	206	230	247	249	253	334	#
417	1939.29	7	13	20	22	24	31	41	47	64	77	79	80	84	89	102	130	141	144	155	166	174	182	206	207	208	226	248	334	#
418	1936.37	23	28	30	37	48	55	75	78	83	85	90	91	92	97	130	160	168	177	185	197	221	222	225	229	237	241	251	334	#
419	501.81	26	37	45	50	136	142	179	200	335	#
420	682.418	54	57	96	136	139	142	175	184	335	#
421	669.395	50	131	134	151	185	200	232	241	335	#
422	628.018	57	91	144	151	157	179	222	225	335	#
423	579.451	7	42	50	92	104	217	232	245	335	#
424	484.463	21	37	60	68	184	209	210	247	335	#
425	696.098	6	59	64	78	85	167	181	189	202	206	248	336	#
426	1042.63	11	23	25	29	31	59	99	108	124	131	199	336	#
427	1004.38	6	29	34	53	59	87	131	137	197	218	238	336	#
428	931.928	15	52	60	64	68	87	117	122	130	139	218	336	#
429	792.252	1	13	83	93	96	161	193	202	205	207	231	336	#
430	771.458	23	45	68	136	164	167	191	194	233	236	248	336	#
431	1260.43	18	28	34	40	44	46	62	68	76	77	94	105	112	125	139	140	154	158	185	215	234	244	337	#
432	1715.42	5	16	20	43	60	74	79	80	104	120	132	137	139	157	168	169	180	183	197	213	229	250	337	#
433	1692.78	17	34	37	51	59	62	82	94	101	105	109	152	169	197	203	207	209	217	229	241	242	246	337	#
434	1686.4	37	40	44	47	60	77	80	99	119	129	148	167	172	180	184	202	214	218	220	242	254	255	337	#
435	1668.08	8	36	38	51	52	55	60	68	70	73	74	76	93	119	123	125	146	178	200	218	242	250	337	#
436	1656.23	16	27	40	56	68	69	88	112	120	137	148	157	159	162	173	204	207	214	228	232	241	247	337	#
437	168.705	40	113	138	167	208	338	#
438	167.82	40	83	226	230	232	338	#
439	235.167	119	133	162	172	339	#
440	290.521	78	142	162	245	339	#
441	233.585	105	145	172	244	339	#
442	179.427	133	180	208	252	339	#
443	991.989	31	60	84	101	128	131	133	137	148	184	220	340	#
444	962.198	31	54	62	76	99	114	130	132	140	153	170	340	#
445	836.495	26	45	48	69	130	135	148	164	178	186	194	340	#
446	825.492	10	49	66	73	84	89	106	129	133	185	237	340	#
447	759.177	36	60	75	133	146	157	207	216	222	240	242	340	#
448	733.47	10	44	47	76	113	145	165	184	185	191	221	340	#
449	692.962	1	16	31	54	109	116	119	151	172	341	#
450	785.094	68	76	116	154	172	192	195	226	247	341	#
451	647.379	20	82	88	109	157	166	181	190	252	341	#
452	646.89	31	44	74	101	148	149	152	212	229	341	#
453	630.317	58	116	128	153	163	171	172	229	245	341	#
454	601.946	1	20	23	81	90	186	193	198	224	341	#
455	992.353	1	15	22	54	58	137	160	190	194	200	217	232	252	342	#
456	1006.73	1	2	7	11	13	90	98	172	208	213	219	226	252	342	#
457	996.174	6	18	52	54	100	124	136	168	184	200	219	227	242	342	#
458	967.147	15	24	39	48	63	89	114	120	149	167	204	217	219	342	#
459	962.263	1	24	56	87	101	104	142	154	157	193	214	217	226	342	#
460	936.363	15	18	44	45	62	90	118	137	188	214	219	228	235	342	#
461	794.058	0	31	84	98	122	132	145	167	168	179	343	#
462	857.671	0	5	17	20	31	85	109	126	233	239	343	#
463	848.84	23	31	35	107	144	151	154	173	179	219	343	#
464	834.358	22	40	76	90	98	109	136	149	217	246	343	#
465	785.872	23	24	75	103	113	122	145	164	214	220	343	#
466	774	10	109	157	168	173	186	216	230	243	247	343	#
467	38.3314	9	102	#
468	78.7232	10	78	#
469	1956.08	0	30	32	53	66	67	80	86	110	114	123	125	131	143	157	161	174	176	180	185	196	199	201	208	214	225	233	238	246	250	344	#
470	2483.75	41	49	54	61	66	85	87	98	99	106	110	118	125	126	138	147	151	160	161	169	172	182	186	187	203	208	225	231	252	253	344	#
471	2339.02	7	11	37	41	46	67	69	84	87	98	103	108	110	121	135	146	151	167	169	185	187	191	201	206	214	229	233	248	249	254	344	#
472	2294.19	0	14	18	31	46	67	68	90	91	95	108	112	143	145	147	150	153	163	167	172	186	187	192	194	200	203	206	208	215	251	344	#
473	2285.24	29	30	38	45	57	66	67	85	87	110	121	137	143	145	146	148	153	157	174	182	185	195	200	211	223	244	246	247	250	252	344	#
474	2271.28	2	9	18	46	61	81	86	88	91	101	111	118	124	138	139	152	163	167	170	173	176	187	203	219	228	229	237	241	242	252	344	#
475	174.09	85	114	174	345	#
476	220.45	113	174	211	345	#
477	217.537	27	93	114	345	#
478	211.481	8	85	193	345	#
479	1051.12	23	35	99	131	148	156	162	179	184	187	228	231	255	346	#
480	1324.11	8	15	43	78	79	106	151	161	187	215	229	244	253	346	#
481	1055.18	1	9	15	19	31	54	133	151	191	212	214	228	240	346	#
482	1033.19	31	60	63	114	133	136	145	146	184	198	217	252	253	346	#
483	1029.27	15	34	43	49	63	66	131	153	165	224	231	244	247	346	#
484	1003.16	9	15	23	54	64	69	87	91	100	106	131	194	255	346	#
485	837.204	58	75	76	80	81	97	105	131	161	162	180	184	210	240	247	347	#
486	1244.36	18	24	55	84	93	136	137	152	162	166	176	190	194	208	244	347	#
487	1237.25	19	55	75	76	89	94	112	113	117	144	152	161	194	225	233	347	#
488	1197.79	14	45	59	137	141	143	152	161	185	194	221	224	236	247	254	347	#
489	1026.59	59	85	89	96	116	128	146	158	159	161	201	226	234	235	239	347	#
490	1011.72	2	59	104	106	136	138	150	174	187	192	201	222	229	240	244	347	#
491	191.54	47	70	149	238	348	#
492	264.061	16	47	103	126	348	#
493	249.074	1	56	138	238	348	#
494	200.151	70	86	168	170	348	#
495	243.856	130	214	349	#
496	199.715	63	214	349	#
497	184.484	76	130	349	#
498	511.551	17	54	55	93	157	197	222	350	#
499	608.935	16	157	180	187	222	226	240	350	#
500	497.522	8	52	75	93	138	159	179	350	#
501	489.008	10	33	51	54	79	153	225	350	#
502	459.533	69	88	113	127	165	197	234	350	#
503	438.285	116	126	144	157	200	222	235	350	#
504	558.642	0	46	71	165	178	224	239	241	351	#
505	783.469	8	43	76	82	107	117	178	243	351	#
506	661.623	13	62	84	91	102	166	178	224	351	#
507	650.26	15	51	93	102	113	160	196	239	351	#
508	579.98	0	2	71	139	171	176	222	249	351	#
509	490.695	0	14	15	57	81	95	139	168	351	#
510	1006.63	10	15	27	42	49	63	107	125	148	159	177	192	244	248	352	#
511	1249.15	8	45	59	71	89	122	131	141	145	152	183	194	209	248	352	#
512	1008.49	6	17	32	42	89	91	114	161	184	196	207	231	232	246	352	#
513	983.489	5	59	83	108	109	113	114	116	139	149	170	177	212	232	352	#
514	957.431	17	45	48	63	78	81	91	96	101	156	187	219	224	248	352	#
515	953.252	2	62	63	70	96	117	125	130	139	159	172	183	199	248	352	#
516	440.735	12	42	60	74	215	220	231	353	#
517	634.214	42	77	161	189	223	248	254	353	#
518	582.841	16	74	80	229	247	254	255	353	#
519	529.808	49	138	149	161	186	196	215	353	#
520	526.224	12	23	77	125	134	147	189	353	#
521	481.38	29	60	89	132	186	208	222	353	#
522	2957.38	18	24	25	37	41	46	57	66	78	84	89	97	99	108	110	119	122	125	129	131	139	140	145	146	169	173	180	186	188	197	203	205	209	216	217	225	231	236	240	245	247	354	#
523	3166.43	10	20	29	33	41	45	60	65	77	80	84	93	98	99	100	108	110	120	121	122	139	140	143	146	150	152	156	164	165	180	184	185	186	188	192	197	214	218	224	236	246	354	#
524	3065.43	3	12	24	37	38	40	41	57	77	84	98	102	111	115	119	126	129	140	141	149	150	152	153	163	169	170	186	190	191	197	208	217	222	224	227	235	247	248	252	253	254	354	#
525	3008.11	8	9	28	29	36	37	45	51	63	65	80	105	109	111	113	125	129	130	131	135	137	140	149	151	153	174	175	176	178	188	191	194	212	214	219	220	227	246	248	249	254	354	#
526	2981.68	8	16	28	36	38	47	53	54	58	59	60	66	72	73	74	76	78	81	95	99	101	102	110	123	134	150	156	179	180	188	192	197	200	212	217	225	229	244	246	247	249	354	#
527	2971.53	2	9	13	15	22	24	46	51	53	59	69	71	73	74	80	98	99	109	111	120	121	122	128	133	136	139	157	164	168	171	184	197	201	203	209	218	234	235	245	249	254	354	#
528	1382.98	2	20	51	54	55	61	67	74	87	105	106	107	110	111	121	146	166	195	215	219	229	231	233	355	#
529	1731.44	36	52	63	81	87	109	113	121	132	136	149	152	156	161	163	167	175	177	203	231	239	240	243	355	#
530	1731.4	26	38	41	48	52	56	72	86	92	134	146	152	163	165	177	187	189	190	192	215	228	234	250	355	#
531	1662.35	1	6	26	38	62	73	90	94	96	99	104	128	149	154	155	158	165	166	192	196	227	229	243	355	#
532	1653.02	18	21	26	67	121	124	130	149	166	167	190	191	194	222	224	230	231	234	235	240	248	252	255	355	#
533	1614.73	6	7	15	37	38	42	56	61	71	75	86	90	108	128	132	143	189	200	208	210	229	241	251	355	#
534	450.796	7	32	85	89	138	148	179	356	#
535	540.339	23	49	67	138	153	204	223	356	#
536	495.926	6	54	62	87	89	102	107	356	#
537	451.008	90	94	131	148	166	179	246	356	#
538	407.353	60	79	85	103	124	125	183	356	#
539	403.108	32	83	99	107	112	148	250	356	#
540	300.157	58	74	78	111	119	150	244	357	#
541	436.422	42	48	64	111	119	123	158	357	#
542	396.066	85	87	98	125	150	190	249	357	#
543	376.21	28	34	58	62	136	140	190	357	#
544	233.111	118	160	191	198	249	358	#
545	263.866	70	139	198	204	255	358	#
546	228.229	43	46	225	230	249	358	#
547	383.326	23	51	195	220	230	248	359	#
548	478.42	23	163	198	211	214	245	359	#
549	469.179	48	73	79	120	139	195	359	#
550	448.684	26	51	63	95	99	230	359	#
551	369.643	17	73	103	198	212	230	359	#
552	341.078	17	100	121	146	223	248	359	#
553	1705.24	20	31	37	40	63	64	66	79	84	89	95	115	116	140	141	147	149	152	190	198	204	235	237	360	#
554	1794.94	1	3	6	14	19	21	28	37	48	54	59	75	95	106	116	121	140	156	216	218	224	230	245	360	#
555	1734.61	6	12	19	28	30	40	48	50	74	75	79	84	98	119	133	143	156	173	197	200	214	233	246	360	#
556	1731.97	0	6	10	13	28	41	44	66	70	101	103	107	118	123	133	169	194	200	208	215	218	223	237	360	#
557	1656.27	6	17	25	38	55	77	87	95	98	118	123	143	151	157	174	180	182	211	215	232	238	246	248	360	#
558	1633.8	11	18	19	28	43	49	52	63	71	77	96	100	107	113	118	144	149	155	169	174	180	225	237	360	#
559	51.7054	237	#
560	1488.69	2	6	29	50	55	80	86	87	91	100	101	108	109	113	167	169	179	186	190	200	201	223	232	361	#
561	1948.37	0	1	6	20	23	32	68	78	98	103	108	110	113	115	159	186	210	211	215	218	223	230	244	361	#
562	1802.41	6	8	20	42	62	84	97	98	109	110	133	138	140	148	154	167	173	184	191	218	225	232	250	361	#
563	1791.99	1	10	25	29	32	62	63	65	97	109	121	128	131	132	141	174	188	191	214	229	239	245	247	361	#
564	1782.09	20	23	26	27	34	91	92	94	99	103	104	107	126	127	132	135	140	193	219	223	232	244	255	361	#
565	1768.64	1	2	5	25	27	42	47	107	118	126	127	144	150	151	165	167	174	184	200	212	233	241	246	361	#
566	99.7147	205	#
567	280.216	29	155	179	181	362	#
568	342.79	29	213	230	252	362	#
569	338.711	1	49	155	181	362	#
570	321.824	103	163	181	196	362	#
571	317.623	67	157	174	179	362	#
572	107.054	85	#
573	500.364	83	111	129	145	185	204	213	247	363	#
574	690.606	159	166	187	198	201	229	238	247	363	#
575	681.671	68	91	96	122	145	178	190	234	363	#
576	513.316	85	86	176	195	204	209	229	245	363	#
577	502.475	17	76	107	112	129	154	189	229	363	#
578	470.96	53	65	88	90	127	134	185	236	363	#
579	68.2424	134	#
580	963.765	6	18	54	88	136	137	147	182	184	186	236	245	364	#
581	990.734	13	34	35	44	59	78	80	113	158	185	186	229	364	#
582	924.684	48	50	56	80	157	168	177	182	204	229	251	254	364	#
583	900.583	11	54	66	105	130	142	156	180	187	191	221	242	364	#
584	897.775	14	33	59	69	88	91	98	107	169	197	212	243	364	#
585	896.339	12	21	82	119	132	136	160	202	214	236	242	245	364	#
586	1068.43	15	21	29	33	48	52	69	72	83	123	129	143	157	167	365	#
587	1136.93	28	33	78	114	128	130	132	152	171	197	211	213	229	235	365	#
588	1092.21	8	13	29	33	42	58	59	60	73	84	115	117	194	235	365	#
589	1069.5	17	26	28	29	59	61	72	74	130	178	186	206	241	247	365	#
590	1058.23	6	39	43	53	73	97	99	106	157	161	163	176	196	197	365	#
591	1016.81	6	21	41	52	60	87	91	113	115	129	190	196	213	222	365	#
592	767.038	14	15	21	26	52	86	183	224	235	247	253	366	#
593	913.387	2	26	34	69	98	99	105	117	123	169	241	366	#
594	859.806	5	44	58	69	76	90	138	146	182	225	235	366	#
595	826.456	55	86	89	145	167	180	224	241	244	253	255	366	#
596	825.533	27	31	57	74	77	80	107	114	142	155	253	366	#
597	815.999	0	18	30	52	94	109	120	190	205	210	243	366	#
598	1075.81	17	51	59	61	68	85	126	129	141	175	185	192	209	367	#
599	1121.15	2	30	33	43	84	112	137	141	149	175	184	219	252	367	#
600	1084.88	10	61	85	143	156	175	197	214	220	241	242	245	253	367	#
601	960.594	20	97	116	141	175	208	209	210	223	227	233	238	252	367	#
602	955.418	23	47	77	86	93	119	126	142	159	177	225	239	243	367	#
603	930.39	23	24	37	68	72	95	105	107	129	154	183	240	246	367	#
604	223.745	186	244	251	368	#
605	272.411	54	243	251	368	#
606	209.183	180	186	240	368	#
607	200.624	90	209	244	368	#
608	139.285	243	#
609	283.81	16	142	235	239	369	#
610	354.948	14	208	228	239	369	#
611	272.886	11	16	75	128	369	#
612	225.096	18	96	142	247	369	#
613	410.941	5	16	64	82	97	115	147	204	215	249	370	#
614	579.631	48	70	82	83	93	146	147	167	189	235	370	#
615	515.366	5	38	40	57	78	114	213	228	247	250	370	#
616	485.726	21	35	64	89	98	103	118	142	177	209	370	#
617	431.108	13	32	56	76	127	137	179	204	229	249	370	#
618	398.341	75	83	115	128	157	158	190	193	230	250	370	#
619	544.381	6	113	130	146	170	176	371	#
620	538.088	23	62	97	176	177	187	371	#
621	524.134	42	85	109	170	209	255	371	#
622	522.935	58	91	110	130	186	200	371	#
623	453.873	91	113	124	134	158	225	371	#
624	361.565	6	18	97	167	249	253	371	#
625	126.181	48	#
626	1072.64	32	38	42	57	105	117	141	150	154	163	171	179	205	218	237	372	#
627	1435.69	3	20	29	41	42	50	54	62	124	148	184	188	198	207	210	372	#
628	1305.62	14	28	29	45	54	62	65	81	85	113	141	144	175	222	239	372	#
629	1218.16	4	29	36	38	86	87	108	141	147	148	177	226	230	246	249	372	#
630	1189.72	1	27	57	96	113	150	172	173	174	211	218	225	228	232	245	372	#
631	1169.7	37	44	53	57	66	74	87	117	170	185	191	224	228	230	251	372	#
632	417.571	20	124	130	146	163	255	373	#
633	498.787	20	50	124	130	206	227	373	#
634	449.437	20	54	94	124	164	178	373	#
635	439	24	26	71	124	188	240	373	#
636	379.745	59	69	92	107	127	163	373	#
637	334.55	79	165	211	226	232	255	373	#
638	774.901	10	23	78	81	118	125	150	154	176	184	225	374	#
639	899.254	6	14	41	68	103	111	150	191	208	218	228	374	#
640	843.569	23	107	111	116	158	170	177	210	215	221	255	374	#
641	802.139	27	76	97	103	121	125	158	164	175	184	243	374	#
642	765.408	3	16	27	75	89	118	123	167	182	230	245	374	#
643	711.178	10	24	67	68	81	83	167	176	180	215	251	374	#
644	295.537	31	110	206	226	375	#
645	278.339	57	70	130	226	375	#
646	233.986	124	139	206	210	375	#
647	231.123	25	110	137	156	375	#
648	218.608	31	70	94	196	375	#
649	1137.99	24	29	43	60	62	79	83	93	132	135	136	160	199	200	376	#
650	1214.58	24	27	43	113	129	134	135	170	173	185	195	226	243	252	376	#
651	1187.92	43	70	82	93	132	136	178	186	195	201	214	238	244	253	376	#
652	1109.78	38	57	85	93	94	125	131	145	160	195	205	213	225	242	376	#
653	1073.75	4	10	38	39	71	72	79	83	89	101	140	175	188	246	376	#
654	1072.57	51	57	95	96	120	124	142	143	152	160	163	167	210	252	376	#
655	154.781	192	230	377	#
656	177.014	148	230	377	#
657	126.89	95	192	377	#
658	222.347	194	221	378	#
659	181.495	5	221	378	#
660	145	168	194	378	#
661	671.519	11	19	65	74	75	115	131	149	167	226	379	#
662	880.255	20	51	54	100	127	131	184	191	217	253	379	#
663	861.343	16	18	53	108	149	175	199	206	232	242	379	#
664	773.118	5	16	19	20	94	123	140	227	242	251	379	#
665	711.873	20	39	82	88	115	139	166	174	196	254	379	#
666	658.847	11	23	32	60	64	72	200	205	217	240	379	#
667	353.034	40	66	86	130	140	177	380	#
668	460.034	69	86	134	140	193	194	380	#
669	418.434	117	119	140	177	181	244	380	#
670	411.419	66	77	132	156	180	212	380	#
671	394.693	12	63	130	143	175	236	380	#
672	383.599	73	133	134	140	148	168	380	#
673	1202.65	23	59	98	106	120	138	149	179	185	186	214	243	247	254	381	#
674	1235.85	48	49	53	56	59	62	79	116	130	201	210	220	222	254	381	#
675	1089.71	1	19	42	59	111	120	133	138	145	173	195	217	220	232	381	#
676	1062.97	8	11	95	103	104	114	119	154	156	177	186	205	220	243	381	#
677	1057.54	25	101	116	130	131	137	162	176	217	220	237	247	250	253	381	#
678	1046.79	48	49	50	70	91	101	106	148	169	170	176	212	230	253	381	#
679	1138.3	1	46	54	56	68	127	131	141	175	184	197	205	251	254	382	#
680	1190.01	29	30	44	49	54	128	147	155	157	213	218	229	238	254	382	#
681	1054.42	19	29	51	68	122	144	147	153	162	163	164	165	191	195	382	#
682	1049.73	4	32	37	44	80	84	91	133	164	168	175	178	226	233	382	#
683	1048.6	14	39	79	93	163	177	179	184	197	201	203	223	254	255	382	#
684	1022.28	38	39	46	51	65	68	74	117	130	180	205	225	227	254	382	#
685	1495.76	18	25	26	36	46	62	109	110	113	138	142	160	175	189	192	198	202	223	236	238	243	383	#
686	1809.84	24	37	44	52	62	63	66	71	77	120	134	162	166	184	212	233	234	236	239	243	249	383	#
687	1682.31	9	16	24	25	29	46	48	52	62	118	122	123	134	152	160	164	168	184	195	211	213	383	#
688	1681.67	13	31	65	71	99	108	109	124	132	145	154	155	164	167	174	177	196	216	221	224	234	383	#
689	1681.62	9	17	18	19	62	93	103	115	123	142	145	173	178	193	197	198	221	225	238	243	248	383	#
690	1675.39	6	29	31	37	42	45	54	70	87	102	107	108	119	138	165	183	194	202	233	234	252	383	#
691	566.117	0	9	14	16	35	76	130	141	232	384	#
692	712.875	36	61	70	103	159	163	202	207	232	384	#
693	649.257	79	80	141	167	191	221	224	232	245	384	#
694	648.575	14	97	101	123	139	142	160	246	249	384	#
695	611.875	16	22	27	71	82	112	161	213	244	384	#
696	594.612	9	27	125	142	144	158	182	187	235	384	#
697	564.292	19	49	136	151	192	246	385	#
698	422.473	6	69	151	154	159	227	385	#
699	401.792	10	49	54	93	137	140	385	#
700	393.633	46	57	78	93	112	192	385	#
701	335.291	22	92	112	128	139	246	385	#
702	331.617	19	84	104	107	110	125	385	#
703	802.777	14	26	47	78	114	121	122	165	177	178	190	195	206	207	220	249	386	#
704	1171.19	14	42	47	66	74	75	111	121	124	149	180	205	224	227	244	249	386	#
705	1141.18	44	46	86	122	135	170	173	177	190	195	202	227	229	231	235	254	386	#
706	1102.84	0	15	40	41	62	70	74	98	153	176	187	191	204	207	226	252	386	#
707	1094	14	39	51	57	71	78	113	121	191	199	205	216	221	233	251	254	386	#
708	1092.77	5	22	91	101	103	104	111	162	171	177	220	221	224	225	244	245	386	#
709	328.946	71	80	192	230	247	387	#
710	433.723	9	30	128	192	223	387	#
711	371.692	14	71	140	170	209	387	#
712	325.262	39	191	208	247	254	387	#
713	274.555	65	80	104	149	176	387	#
714	237.678	46	66	177	230	238	387	#
715	101.473	46	161	236	388	#
716	150.032	35	46	122	388	#
717	106.068	13	123	236	388	#
718	197.9	1	213	222	247	389	#
719	222.394	54	92	100	247	389	#
720	158.462	116	121	142	222	389	#
721	125.154	76	201	213	242	389	#
722	390.955	12	52	73	88	148	171	183	390	#
723	564.358	23	39	59	88	116	156	199	390	#
724	492.624	54	72	171	199	204	218	254	390	#
725	482.541	42	52	114	121	124	152	255	390	#
726	443.95	9	49	66	134	148	182	204	390	#
727	439.751	14	40	44	73	77	194	203	390	#
728	154.258	54	135	391	#
729	177.397	54	58	391	#
730	135.68	34	135	391	#
731	1391.23	14	23	54	71	79	80	82	83	99	111	112	138	160	170	174	176	189	197	213	226	392	#
732	1625.13	8	13	22	31	37	43	52	62	67	80	88	119	120	148	168	170	210	227	228	247	392	#
733	1585.37	1	27	62	89	90	98	100	109	119	139	152	162	164	185	226	228	239	242	247	250	392	#
734	1510.4	2	8	31	39	50	63	70	72	79	102	109	111	132	176	181	192	207	213	218	230	392	#
735	1472.92	16	21	34	65	76	80	83	88	100	109	124	172	174	185	206	220	245	246	247	253	392	#
736	1438.78	4	43	46	52	80	84	86	99	122	138	148	150	155	174	180	198	221	246	247	250	392	#
737	76.4957	149	#
738	452.668	31	96	148	174	213	237	393	#
739	554.857	38	57	174	178	201	214	393	#
740	486.712	11	77	96	127	202	251	393	#
741	397.501	0	5	120	134	159	213	393	#
742	356.153	17	104	119	178	180	237	393	#
743	351.933	21	31	144	169	190	249	393	#
744	145.323	52	76	394	#
745	157.664	52	181	394	#
746	126.586	76	78	394	#
747	121.391	7	153	207	395	#
748	166.545	7	106	113	395	#
749	145.591	45	207	248	395	#
750	83.7223	21	153	185	395	#
751	285.687	20	45	110	248	396	#
752	354.69	20	124	178	233	396	#
753	253.123	45	56	70	149	396	#
754	197.67	107	150	153	248	396	#
755	164.818	31	50	83	110	396	#
756	485.019	64	69	83	94	99	119	126	135	180	249	397	#
757	703.068	34	101	126	133	134	135	176	189	207	219	397	#
758	697.138	1	34	48	61	64	110	114	128	196	239	397	#
759	637.286	7	18	35	41	50	63	93	99	145	204	397	#
760	629.263	43	73	104	125	137	147	154	180	181	214	397	#
761	619.197	62	69	75	141	146	177	202	207	229	239	397	#
762	101.827	146	172	398	#
763	137.833	5	172	398	#
764	99.4159	127	146	398	#
765	240.682	185	202	399	#
766	248.502	137	202	399	#
767	166.036	68	185	399	#
768	1.85139	204	#
769	1319.69	27	28	34	54	67	84	87	89	141	144	174	178	185	191	193	245	400	#
770	1318.28	2	8	23	42	67	86	106	110	112	130	144	145	166	202	219	230	400	#
771	1269.99	18	24	40	67	73	77	112	113	166	174	175	178	191	203	209	237	400	#
772	1208.43	27	54	85	89	93	99	101	103	105	142	143	178	183	209	211	217	400	#
773	1175.86	4	16	24	30	44	112	150	175	196	197	211	212	213	238	239	245	400	#
774	1164.7	0	38	58	72	77	99	125	144	148	175	177	183	191	195	228	250	400	#
775	743.706	15	22	25	84	130	169	173	206	217	242	401	#
776	802.484	26	31	84	112	118	131	135	176	217	252	401	#
777	774.515	28	50	77	169	181	207	210	238	243	254	401	#
778	763.997	25	28	33	37	113	130	137	146	163	217	401	#
779	745.565	66	117	146	147	154	190	206	210	214	227	401	#
780	733.067	25	30	33	80	155	169	171	235	242	253	401	#
781	499.184	81	121	153	199	213	230	245	248	402	#
782	700.753	6	16	20	49	73	137	157	230	402	#
783	595.675	11	20	38	121	139	199	200	208	402	#
784	591.071	50	65	123	138	174	190	213	216	402	#
785	569.195	1	30	58	81	89	178	203	228	402	#
786	499.739	0	88	107	112	119	153	182	213	402	#
787	4538.97	2	5	20	28	31	32	36	39	44	45	48	50	53	71	73	82	88	90	94	101	105	107	109	110	112	115	127	132	134	136	139	140	143	145	152	154	158	159	163	166	172	179	183	185	186	187	191	196	197	199	203	204	206	210	214	219	220	221	230	231	245	248	249	251	252	255	403	#
788	5131.64	1	2	4	8	20	21	22	24	25	27	28	38	56	59	60	66	67	69	73	77	79	83	84	85	91	98	99	105	107	109	117	127	132	135	141	142	143	144	148	151	153	158	159	163	166	167	170	174	186	187	188	194	195	203	204	206	213	215	231	233	239	246	247	249	254	255	403	#
789	5011.56	2	4	6	10	15	18	21	23	27	38	39	40	45	46	48	55	56	57	64	65	73	75	84	91	94	101	105	107	108	109	122	127	129	140	141	143	147	148	150	159	171	174	175	176	178	185	194	200	206	210	214	215	219	221	222	223	224	228	230	234	239	241	242	248	251	253	403	#
790	4993.55	0	1	2	3	8	10	11	15	16	18	23	25	26	31	38	45	46	48	55	60	65	66	70	71	77	79	91	105	107	109	110	115	119	120	123	131	133	134	135	136	139	145	150	156	159	166	173	178	179	186	189	198	207	212	218	221	222	224	226	230	233	237	245	246	249	254	403	#
791	4857.68	0	1	11	13	18	27	30	35	40	41	43	46	49	56	57	59	60	61	63	69	70	71	75	77	81	84	91	101	105	109	111	115	116	117	121	122	123	124	127	128	141	143	148	150	154	156	171	174	176	185	186	194	195	196	198	202	204	205	207	210	214	228	240	245	246	252	403	#
792	4794.72	2	8	10	14	15	21	22	23	27	33	41	45	46	47	50	61	63	71	74	75	82	83	84	90	95	98	101	105	109	111	115	117	119	121	124	126	128	138	145	166	167	176	187	193	195	197	201	203	204	205	206	207	209	210	212	213	218	222	224	231	245	246	248	252	254	255	403	#
793	1124.51	1	2	34	37	64	102	121	124	127	148	156	159	165	173	174	195	240	404	#
794	1439.31	0	15	19	37	48	51	63	88	113	116	163	178	188	194	211	225	252	404	#
795	1422.96	2	6	12	19	21	27	63	76	93	127	139	145	168	190	196	230	234	404	#
796	1343.03	9	11	31	73	92	110	112	113	127	144	148	151	173	179	186	223	253	404	#
797	1341.97	2	19	60	63	70	94	101	121	131	148	169	187	195	219	224	229	254	404	#
798	1319.36	3	15	19	47	63	106	107	128	156	159	173	181	194	197	211	240	249	404	#
799	176.22	77	238	405	#
800	203.397	187	238	405	#
801	119.308	77	137	405	#
802	771.568	45	53	99	119	129	133	139	164	170	181	406	#
803	848.284	3	17	18	81	127	170	181	187	205	240	406	#
804	805.734	17	28	38	54	55	81	98	133	138	187	406	#
805	741.981	21	73	88	108	148	151	154	164	169	205	406	#
806	715.779	27	45	46	51	56	76	92	128	141	197	406	#
807	712.364	8	15	23	53	96	127	183	201	213	243	406	#
808	280.232	63	155	207	220	407	#
809	331.846	155	202	207	237	407	#
810	293.105	63	74	178	213	407	#
811	275.228	103	155	195	218	407	#
812	144.491	39	65	121	220	407	#
813	57.6582	118	#
814	358.462	38	82	90	100	140	408	#
815	314.853	0	38	66	101	142	408	#
816	279.929	6	57	82	101	167	408	#
817	237.615	17	104	140	222	233	408	#
818	237.148	45	78	100	110	168	408	#
819	173.957	35	45	90	244	250	408	#
820	3231.57	12	15	17	20	22	29	32	34	37	39	47	56	58	70	73	76	80	86	91	94	95	99	111	112	119	121	123	136	151	152	160	163	167	168	169	171	172	175	176	183	190	191	195	197	208	212	228	240	242	409	#
821	3967.93	0	1	3	14	15	17	27	28	33	42	54	57	58	59	60	63	67	71	73	76	80	81	85	86	89	100	108	112	123	143	152	161	165	167	173	176	182	188	192	194	199	208	211	212	215	228	229	233	254	409	#
822	3837.69	0	1	4	5	6	12	17	19	20	23	27	34	48	50	51	58	64	81	82	85	89	91	104	108	114	122	125	130	132	144	145	151	163	167	183	186	189	190	192	194	197	201	208	220	225	232	235	252	254	409	#
823	3809.5	0	5	19	27	28	31	46	48	57	60	66	67	73	75	76	80	81	84	87	91	94	102	111	117	119	120	130	132	134	143	149	150	157	164	175	183	186	189	190	192	194	197	200	201	215	227	239	240	244	409	#
824	3795.27	1	7	15	16	19	20	27	29	32	37	49	59	73	76	83	85	93	94	95	99	124	130	131	134	140	144	146	149	150	152	153	154	157	168	169	170	173	178	181	185	190	201	204	222	236	239	244	252	254	409	#
825	3769.45	1	4	17	19	23	24	29	47	49	56	59	66	72	85	89	91	94	99	111	112	115	118	120	123	124	127	131	154	171	175	179	183	185	188	189	194	197	200	201	205	220	225	227	229	232	237	240	241	254	409	#
826	1011.5	1	20	21	57	116	130	161	217	229	241	247	252	254	410	#
827	1097.33	20	27	79	116	147	149	156	165	196	208	210	230	234	410	#
828	1031.21	10	27	52	82	89	93	111	161	165	205	225	239	255	410	#
829	967.786	6	10	15	41	57	86	103	118	129	135	174	209	254	410	#
830	906.134	21	40	45	64	66	67	70	79	83	114	133	174	192	410	#
831	891.272	18	28	39	78	81	88	103	149	217	244	249	251	253	410	#
832	1568.62	17	24	26	41	51	57	69	77	106	119	135	142	189	200	201	204	229	234	238	245	248	254	411	#
833	1897.43	4	28	37	63	66	72	74	78	107	109	120	129	132	149	179	186	189	196	221	231	239	254	411	#
834	1751.2	6	18	33	34	37	50	57	80	85	109	122	149	163	169	173	197	205	208	211	212	213	215	411	#
835	1732.8	14	17	23	25	45	51	54	57	72	95	116	170	171	180	187	195	199	234	243	245	249	254	411	#
836	1726.63	6	41	50	72	77	82	85	104	118	120	126	144	145	157	187	191	192	204	211	213	233	245	411	#
837	1708.59	28	45	63	76	77	119	145	149	151	152	156	157	164	167	180	183	197	205	207	223	245	247	411	#
838	350.316	44	53	105	110	117	172	412	#
839	495.217	17	32	49	50	98	172	412	#
840	442.182	2	91	105	111	120	129	412	#
841	374.938	44	80	108	109	144	201	412	#
842	328.359	7	55	110	163	167	240	412	#
843	242.318	22	33	46	115	117	134	412	#
844	710.97	13	42	79	91	112	134	135	143	165	226	413	#
845	886.995	7	16	18	50	79	93	119	128	196	226	413	#
846	881.307	45	69	93	109	111	135	144	187	197	199	413	#
847	808.478	18	63	91	110	127	149	186	198	233	235	413	#
848	695.9	13	59	64	81	93	101	128	172	202	209	413	#
849	654.98	9	41	79	132	153	170	194	204	236	248	413	#
850	72.6351	174	#
851	2285.91	4	5	6	19	34	36	43	64	77	82	83	101	116	137	143	148	153	154	155	156	159	160	166	167	188	194	199	200	213	215	219	226	237	240	414	#
852	2826.12	1	11	36	42	56	59	62	65	80	84	90	101	108	128	131	136	148	151	152	153	162	164	167	171	183	184	196	203	224	227	236	241	244	253	414	#
853	2743.42	1	3	9	16	17	26	29	32	36	37	50	57	84	87	91	97	103	130	131	132	148	149	153	154	162	166	167	185	195	203	217	237	238	253	414	#
854	2595.71	5	21	26	28	32	34	42	47	54	57	65	89	98	103	127	134	137	148	154	161	164	166	168	169	174	188	195	197	209	213	224	233	243	253	414	#
855	2576.99	9	11	14	16	18	21	30	33	42	57	60	61	65	82	87	91	130	152	162	166	172	175	188	194	196	198	204	205	209	225	237	243	250	255	414	#
856	2470.59	4	32	33	36	52	55	61	69	84	85	89	90	92	103	109	124	143	144	148	151	153	165	166	181	185	193	200	203	204	215	220	228	236	244	414	#
857	190.881	36	72	415	#
858	173.791	36	153	415	#
859	154.535	72	110	415	#
860	51.4148	227	#
861	631.179	12	29	133	145	147	173	244	254	416	#
862	647.197	28	49	59	105	147	169	205	220	416	#
863	592.647	29	44	47	49	66	83	227	241	416	#
864	567.66	30	35	44	77	123	128	145	159	416	#
865	565.505	4	7	110	184	193	227	228	254	416	#
866	554.524	36	49	63	109	133	175	189	199	416	#
867	459.225	21	24	63	65	83	93	115	417	#
868	575.433	30	93	95	159	161	200	243	417	#
869	554.13	13	24	65	75	90	221	243	417	#
870	541.068	2	23	36	93	115	120	131	417	#
871	534.374	15	42	50	83	144	161	245	417	#
872	484.621	23	63	77	90	97	100	248	417	#
873	3511.77	2	5	11	14	24	27	48	54	57	59	82	88	91	94	101	103	111	122	124	127	145	154	155	160	164	166	167	169	170	176	194	197	200	202	207	213	222	223	225	233	235	237	241	242	243	418	#
874	3846.56	1	6	18	19	20	22	37	42	57	63	65	66	67	84	101	111	116	121	125	127	133	146	147	148	158	160	163	164	166	170	178	180	184	185	190	191	197	202	203	215	217	224	235	242	254	418	#
875	3691.75	1	19	31	37	48	54	56	62	64	65	67	71	77	93	95	104	112	116	120	126	133	144	158	164	177	179	180	181	187	191	192	193	194	197	200	205	214	224	232	234	235	240	241	243	250	418	#
876	3536.1	0	1	2	8	11	18	19	23	26	41	42	49	50	52	54	56	64	73	74	80	88	93	115	117	120	123	127	131	158	161	174	184	189	203	205	210	214	217	220	221	224	225	230	231	243	418	#
877	3494.13	2	8	17	19	23	25	26	35	42	48	49	50	65	72	84	91	94	95	97	105	112	121	130	137	144	148	160	163	167	180	186	187	197	199	210	211	213	220	224	225	229	239	241	243	246	418	#
878	3488.09	0	6	8	23	24	31	37	41	42	49	50	56	57	60	62	66	67	83	88	93	94	110	116	117	119	120	124	126	127	139	160	162	169	191	194	197	218	220	222	224	225	231	245	246	252	418	#
879	294.382	74	92	113	149	419	#
880	335.323	15	138	149	161	419	#
881	316.869	23	35	38	113	419	#
882	313.871	64	92	178	233	419	#
883	273.701	74	78	212	252	419	#
884	1641.35	0	8	21	28	40	42	91	94	103	139	148	149	155	156	175	178	180	200	218	226	235	244	420	#
885	1755.71	0	33	60	68	69	103	120	138	149	155	175	176	183	185	186	190	191	218	219	235	239	242	420	#
886	1706.67	24	28	33	41	52	60	79	86	89	90	99	127	137	149	159	165	176	185	200	219	235	244	420	#
887	1699.55	25	42	52	60	68	93	103	108	130	138	163	176	180	196	197	208	213	218	228	235	236	247	420	#
888	1659.7	0	20	25	31	54	72	84	103	107	114	121	123	127	129	141	146	167	178	180	214	215	222	420	#
889	1630.73	13	40	64	102	105	135	138	143	144	151	155	160	163	171	174	183	196	230	234	239	246	247	420	#
890	111.616	218	#
891	101.612	82	164	421	#
892	138.571	82	233	421	#
893	131.528	120	164	421	#
894	825.32	6	19	26	73	110	139	189	200	203	253	422	#
895	1010.51	4	19	31	42	60	72	121	145	151	229	422	#
896	833.049	26	77	87	88	112	145	147	163	211	226	422	#
897	784.375	13	19	36	73	88	101	128	150	151	181	422	#
898	681.071	66	73	103	111	121	125	133	150	243	253	422	#
899	668.95	11	21	29	77	110	131	134	150	160	246	422	#
900	162.023	35	200	423	#
901	222.137	151	200	423	#
902	102.749	35	185	423	#
903	337.942	21	32	33	44	45	46	70	200	424	#
904	458.348	33	61	81	104	109	147	165	229	424	#
905	419.039	21	32	56	81	114	121	228	248	424	#
906	363.86	5	46	60	72	75	86	112	171	424	#
907	379.076	13	65	154	186	233	425	#
908	362.335	13	50	119	162	163	425	#
909	304.517	135	143	181	186	221	425	#
910	295.673	65	78	130	136	138	425	#
911	293.213	55	89	153	233	240	425	#
912	141.522	26	104	140	154	221	425	#
913	406.421	29	78	107	116	227	426	#
914	543.927	29	72	109	170	200	426	#
915	445.188	111	116	142	224	229	426	#
916	379.114	99	107	146	222	239	426	#
917	239.54	22	26	100	140	227	426	#
918	198.407	0	78	85	105	206	426	#
919	271.552	17	150	174	427	#
920	365.577	91	174	180	427	#
921	305.463	17	87	152	427	#
922	212.95	41	160	238	428	#
923	304.075	41	143	176	428	#
924	288.197	160	229	241	428	#
925	94.982	39	69	238	428	#
926	100.956	6	#
927	268.17	40	59	73	125	193	237	253	429	#
928	365.768	47	52	132	142	201	220	237	429	#
929	357.575	42	46	62	74	190	201	253	429	#
930	354.045	48	55	88	124	152	193	230	429	#
931	937.041	8	20	22	42	70	137	138	150	163	171	179	196	218	430	#
932	1148.9	7	36	43	50	52	66	72	88	117	147	171	205	241	430	#
933	1051.51	5	20	22	43	50	80	89	93	115	135	146	148	196	430	#
934	1018.7	20	22	27	50	53	82	119	150	151	176	189	218	243	430	#
935	995.966	42	51	58	117	131	138	139	140	143	188	196	221	225	430	#
936	974.277	44	49	73	94	122	135	150	173	178	184	186	243	248	430	#
937	1024.55	4	22	42	43	62	68	69	80	88	102	131	135	166	169	177	215	431	#
938	1477.47	6	27	38	48	54	57	81	115	151	166	176	177	184	187	219	228	431	#
939	1283.65	3	4	8	33	39	42	88	89	99	120	137	150	163	164	176	246	431	#
940	1225.47	41	43	54	60	73	81	114	137	140	144	186	197	200	205	249	251	431	#
941	1191.93	13	51	63	69	114	117	162	163	165	176	192	209	213	220	228	255	431	#
942	1182.28	26	29	46	59	66	71	78	83	90	115	139	148	162	169	177	228	431	#
943	348.212	56	70	109	138	240	432	#
944	387.181	138	147	148	198	243	432	#
945	352.747	64	150	163	240	255	432	#
946	344.113	50	70	89	183	193	432	#
947	319.543	31	77	109	126	177	432	#
948	224.803	13	25	56	118	232	432	#
949	608.301	18	74	89	91	130	148	168	205	433	#
950	762.274	20	59	82	111	124	139	141	205	433	#
951	747.894	19	31	69	78	91	141	145	170	433	#
952	681.743	79	88	89	149	182	185	195	255	433	#
953	654.783	18	48	117	133	144	175	206	254	433	#
954	623.274	0	128	138	146	148	156	196	219	433	#
955	225.426	61	191	240	434	#
956	302.56	5	191	218	434	#
957	220.592	61	138	203	434	#
958	176.122	16	77	240	434	#
959	485.686	4	22	46	54	137	177	214	435	#
960	597.756	37	42	53	119	122	135	214	435	#
961	577.07	1	2	17	42	108	177	241	435	#
962	563.878	54	57	70	206	207	236	243	435	#
963	530.1	42	84	94	137	142	177	178	435	#
964	476.517	17	29	46	54	58	121	249	435	#
965	145.783	19	#
966	1419.26	4	12	15	19	20	30	41	50	73	76	82	109	114	121	136	138	140	155	168	210	222	233	436	#
967	1803.72	1	6	20	29	54	70	72	73	81	84	113	121	132	138	140	144	186	198	199	220	236	241	436	#
968	1762.8	9	17	19	27	40	60	73	98	127	158	170	175	177	180	197	209	223	228	233	239	243	251	436	#
969	1760.43	3	6	11	34	55	72	73	107	115	118	119	128	140	162	173	180	199	207	221	239	243	247	436	#
970	1756.01	3	27	34	55	76	88	99	107	117	122	124	132	146	148	159	166	193	199	206	223	228	239	436	#
971	1705.87	9	12	28	34	36	38	59	81	87	95	98	105	107	125	130	141	144	185	213	218	239	246	436	#
972	195.677	4	15	39	104	188	437	#
973	231.844	39	66	73	97	224	437	#
974	211.973	4	87	115	180	251	437	#
975	204.008	80	81	87	188	241	437	#
976	924.727	0	69	89	106	116	139	159	168	169	180	186	213	229	252	438	#
977	1144.58	23	37	47	64	65	95	115	116	126	174	201	203	213	252	438	#
978	1040.85	36	37	64	69	73	126	136	169	192	197	200	210	222	229	438	#
979	1040.23	17	23	46	59	92	95	103	116	117	155	164	197	205	229	438	#
980	967.414	4	17	62	92	93	126	141	150	158	174	219	223	229	255	438	#
981	929.216	50	97	102	103	106	119	131	139	141	188	210	218	227	241	438	#
982	954.137	12	17	38	70	89	103	124	134	149	161	224	439	#
983	926.56	1	18	36	66	70	88	95	107	124	145	252	439	#
984	916.243	17	41	42	44	66	98	149	160	171	196	240	439	#
985	912.768	3	9	76	88	104	124	144	165	196	244	247	439	#
986	895.489	19	26	27	31	33	56	79	159	194	220	224	439	#
987	849.824	1	15	26	87	101	114	127	134	179	213	244	439	#
988	1202.02	9	11	23	36	50	77	99	109	176	181	186	190	191	440	#
989	1112.79	36	38	64	78	114	128	181	186	194	224	233	244	246	440	#
990	1073.58	20	46	71	76	77	108	120	129	136	185	224	228	246	440	#
991	999.574	32	33	56	84	85	96	98	124	161	191	199	210	214	440	#
992	995.582	9	21	48	49	76	93	154	175	176	187	198	200	232	440	#
993	973.641	11	13	17	24	39	46	50	69	97	100	169	205	246	440	#
994	272.922	1	29	112	207	441	#
995	358.09	130	207	213	254	441	#
996	331.052	29	126	184	236	441	#
997	293.764	1	51	180	241	441	#
998	147.202	112	185	205	249	441	#
999	1724.69	21	33	36	39	43	44	63	82	92	94	104	112	114	122	125	129	130	138	145	150	169	172	183	212	234	235	238	248	442	#
1000	2161.93	10	12	13	23	24	29	36	56	61	72	118	131	132	135	139	142	145	146	148	154	192	193	229	231	235	239	241	248	442	#
1001	2121.84	5	25	26	37	70	82	88	90	92	98	119	122	129	135	148	150	169	180	184	194	212	219	223	224	230	241	242	244	442	#
1002	2033.33	8	13	15	19	26	33	43	55	61	65	69	104	128	133	134	135	140	145	163	167	173	205	210	219	223	236	243	248	442	#
1003	2029.11	10	19	20	25	33	49	50	52	65	92	112	115	118	126	130	135	138	140	143	147	163	177	184	186	219	220	224	255	442	#
1004	2019.43	24	33	42	44	48	50	55	62	88	114	122	126	135	137	142	145	169	173	189	196	197	202	207	231	247	251	253	255	442	#
