%% File generated by CATS v.2.1Mon Jul  4 11:04:25 2011

%% The CATS webpage is http://robotics.stanford.edu/CATS

%% PARAMETER SETTINGS:
% Goods: 256; Bids: 1000; Distribution: arbitrary; Runs: 1; Seed: 1309806294
% Arbitrary Distribution Parameters:
% Max Substitutable Bids = 5
% Removing HV Neighbor   = 0.1
% Adding DIAG Neighbor   = 0.2
% Additional Location    = 0.9
% Additivity             = 0.2
% Budget Factor          = 1.5
% Resale Factor          = 0.5
% Normal Private Value:
%   Mean                 = 0
%   Standard Deviation   = 30



goods 256
bids 1002
dummy 185

0	450.484	26	32	135	139	210	219	228	229	236	256	#
1	661.893	24	71	108	113	129	135	230	238	241	256	#
2	661.853	27	28	48	52	73	85	198	219	255	256	#
3	634.995	0	19	59	126	158	172	214	236	251	256	#
4	473.54	1	27	29	36	54	88	143	155	228	256	#
5	469.821	14	36	116	140	148	172	183	189	229	256	#
6	1177.62	9	27	54	74	96	99	108	116	118	132	165	174	198	229	246	257	#
7	1619.15	43	83	90	94	97	116	123	124	132	144	166	190	197	211	241	257	#
8	1455.88	10	24	25	75	82	83	132	190	199	209	211	240	244	245	254	257	#
9	1407.86	9	17	25	42	43	96	106	109	151	152	154	174	196	234	255	257	#
10	1340.85	31	38	97	108	151	179	183	184	200	221	224	228	229	243	254	257	#
11	1318.29	10	12	17	57	59	69	74	89	93	145	151	166	202	229	244	257	#
12	260.854	68	97	149	209	217	258	#
13	318.361	3	105	118	154	209	258	#
14	309.75	2	97	98	225	250	258	#
15	284.91	0	29	68	192	207	258	#
16	256.591	81	96	117	149	183	258	#
17	119.862	16	24	29	217	230	258	#
18	502.733	39	70	92	238	255	259	#
19	445.99	39	48	72	122	188	259	#
20	428.808	26	43	70	95	111	259	#
21	372.304	147	174	236	238	251	259	#
22	228.804	139	163	196	246	255	259	#
23	89.4652	0	#
24	268.956	40	47	136	152	260	#
25	373.437	36	45	47	114	260	#
26	272.255	62	152	193	199	260	#
27	208.693	136	236	247	250	260	#
28	167.299	40	117	167	176	260	#
29	374.881	72	112	146	212	219	229	261	#
30	495.314	82	147	160	197	212	246	261	#
31	469.078	43	45	72	108	170	221	261	#
32	468.337	107	115	130	216	220	229	261	#
33	466.79	78	146	187	190	230	242	261	#
34	457.913	27	131	141	219	221	236	261	#
35	1323.18	24	35	41	50	51	91	126	142	151	175	195	223	238	245	255	262	#
36	1313.02	25	46	51	78	80	103	106	120	147	150	161	173	198	215	247	262	#
37	1281.02	24	32	34	35	53	54	80	89	139	168	190	194	208	237	254	262	#
38	1164.77	19	42	44	50	81	109	116	156	161	168	169	215	222	231	240	262	#
39	1160.59	23	121	126	127	128	146	152	163	190	201	225	235	239	240	247	262	#
40	1127.66	1	13	17	34	50	54	81	84	94	113	125	194	209	223	229	262	#
41	55.8111	139	#
42	378.402	44	78	130	140	151	176	179	207	245	263	#
43	547.265	11	61	107	112	179	227	233	242	255	263	#
44	323.381	9	78	81	87	97	132	153	156	207	263	#
45	465.372	23	37	44	70	88	158	177	219	242	264	#
46	665.927	1	64	70	83	95	121	203	227	241	264	#
47	661.053	28	40	102	150	153	158	203	205	251	264	#
48	644.687	8	83	95	102	148	159	192	236	242	264	#
49	616.013	23	43	70	87	91	205	213	237	244	264	#
50	610.982	21	81	109	132	138	219	229	233	234	264	#
51	464.979	8	81	92	133	246	250	265	#
52	636.413	0	8	115	170	238	246	265	#
53	612.286	0	119	133	191	200	205	265	#
54	499.066	97	159	173	205	239	246	265	#
55	403.628	8	9	10	17	212	250	265	#
56	403.286	65	81	96	140	181	211	265	#
57	84.9715	242	#
58	344.302	7	57	84	87	137	266	#
59	466.451	7	70	72	99	173	266	#
60	454.688	57	65	100	119	130	266	#
61	323.649	84	113	127	179	224	266	#
62	260.571	28	137	143	218	244	266	#
63	134.426	34	37	44	77	87	266	#
64	84.9619	98	201	232	#
65	1510.44	2	31	39	47	62	67	69	73	90	94	97	101	104	110	131	142	153	154	165	171	176	180	192	209	234	235	250	267	#
66	2151.2	7	34	37	52	57	76	88	89	94	100	126	127	130	142	154	173	196	197	214	215	220	221	224	239	243	248	249	267	#
67	2123.3	2	24	31	32	35	56	57	62	80	93	102	103	114	115	118	125	136	145	147	151	162	170	171	177	182	225	230	267	#
68	2091.21	7	12	36	41	46	55	75	80	83	91	97	106	113	122	124	127	128	130	137	138	143	145	146	228	234	242	251	267	#
69	2070.21	3	6	13	34	52	63	69	74	80	82	90	97	105	120	129	130	146	150	151	160	177	179	188	196	202	209	220	267	#
70	2024.07	6	12	14	22	38	68	73	76	80	81	95	102	120	125	131	160	164	165	167	170	172	175	181	184	205	221	224	267	#
71	380.506	2	74	174	268	#
72	344.148	2	220	246	268	#
73	235.976	37	74	102	268	#
74	459.281	49	110	116	165	269	#
75	496.841	6	42	49	136	269	#
76	422.25	48	116	164	221	269	#
77	334.408	100	110	150	193	269	#
78	305.96	12	87	165	186	269	#
79	463.502	40	56	69	74	137	246	248	270	#
80	547.902	45	48	56	64	136	158	176	270	#
81	539.499	36	46	67	153	174	248	252	270	#
82	435.55	4	13	19	123	137	189	218	270	#
83	415.692	37	74	96	124	161	186	221	270	#
84	329.991	33	40	121	155	191	194	244	270	#
85	453.497	43	145	151	197	203	271	#
86	480.532	30	50	197	212	252	271	#
87	477.143	19	43	143	168	249	271	#
88	470.828	35	94	183	203	253	271	#
89	406.053	128	145	199	241	246	271	#
90	1251.95	3	15	25	54	63	69	104	107	112	118	127	134	139	148	218	228	229	241	272	#
91	1395.7	0	8	17	26	37	38	51	62	87	88	120	135	147	162	170	174	192	228	272	#
92	1333.72	3	22	34	35	99	102	124	153	161	180	181	207	212	224	230	233	241	251	272	#
93	1283.67	5	6	15	17	20	54	113	119	125	154	157	167	181	182	183	227	247	252	272	#
94	1271.11	12	30	41	55	57	63	67	88	106	137	153	159	188	198	200	207	209	216	272	#
95	1236.25	25	55	81	85	87	97	103	110	118	123	127	147	156	157	192	221	226	232	272	#
96	483.145	22	51	155	180	182	188	273	#
97	575.024	20	51	89	93	102	224	273	#
98	559.448	19	25	110	122	155	178	273	#
99	553.109	22	40	41	68	159	195	273	#
100	549.652	32	35	41	69	182	190	273	#
101	377.016	5	7	156	172	188	237	273	#
102	288.052	2	55	173	255	274	#
103	312.881	0	3	173	183	274	#
104	262.822	52	117	172	255	274	#
105	237.11	52	55	95	165	274	#
106	1747.07	7	14	15	19	31	37	41	49	53	56	66	69	79	86	90	119	133	153	177	178	182	185	192	198	218	275	#
107	2158.52	7	8	29	37	54	71	82	83	87	89	92	118	123	136	150	170	175	187	197	207	217	218	226	236	251	275	#
108	2120.44	24	27	28	41	55	57	58	64	67	71	75	81	84	88	97	109	114	127	133	159	177	187	223	229	234	275	#
109	2097.38	0	14	29	33	38	44	48	50	58	74	81	92	110	113	144	149	154	184	217	223	228	234	238	247	253	275	#
110	2077.19	5	8	17	25	32	34	44	51	63	70	97	113	116	124	130	155	174	182	206	207	218	243	244	252	253	275	#
111	2056.87	7	17	36	45	49	61	88	109	111	114	116	128	150	152	157	171	178	184	204	206	210	228	230	231	243	275	#
112	967.871	9	15	23	49	136	149	176	180	193	204	236	249	253	276	#
113	1345.8	12	27	67	74	92	94	130	136	161	174	183	240	251	276	#
114	1309.68	27	49	55	57	79	82	100	115	125	210	215	227	243	276	#
115	1152.17	12	18	19	22	24	58	59	103	137	202	204	231	254	276	#
116	1061.9	55	58	65	84	141	155	174	209	227	232	236	239	251	276	#
117	1057.15	5	36	51	62	64	90	92	101	110	172	193	212	225	276	#
118	312.509	55	59	108	138	277	#
119	399.854	44	59	65	180	277	#
120	299.906	99	121	138	176	277	#
121	232.102	55	67	132	226	277	#
122	211.129	3	70	85	108	277	#
123	430.988	35	38	63	66	70	171	248	278	#
124	565.839	65	70	107	125	141	147	152	278	#
125	561.645	63	98	148	178	228	244	250	278	#
126	547.772	26	38	90	99	211	234	250	278	#
127	470.048	1	35	43	127	169	202	222	278	#
128	309.025	15	67	143	180	190	245	248	278	#
129	2279.16	24	25	28	30	38	39	40	84	87	97	101	116	119	121	126	127	129	132	133	140	152	157	158	161	171	178	179	184	186	204	206	212	227	237	279	#
130	2669	3	18	25	35	36	55	67	91	93	97	99	112	115	117	122	123	125	140	157	160	166	170	181	186	190	197	200	201	203	211	214	223	225	247	279	#
131	2665.93	8	14	19	24	28	30	35	57	60	84	89	107	116	117	118	119	125	126	129	152	164	168	187	190	191	196	208	212	221	223	224	227	235	236	279	#
132	2642.78	16	24	40	51	54	55	59	67	75	90	93	96	124	129	137	141	143	144	154	167	168	190	191	193	204	220	221	223	224	227	230	246	249	253	279	#
133	2628.53	2	49	50	55	60	67	80	91	93	97	98	106	117	122	124	133	134	136	141	142	159	160	169	171	178	187	191	215	223	231	236	242	249	250	279	#
134	2594.39	15	37	68	75	90	97	98	114	122	123	125	127	141	142	156	161	166	174	178	180	191	193	199	204	207	211	216	221	222	232	235	236	237	252	279	#
135	1889.19	0	13	29	69	77	93	95	110	111	113	118	137	139	145	161	162	170	180	195	196	207	209	219	222	230	251	280	#
136	2161.43	0	3	24	25	53	58	60	76	81	82	91	109	117	142	155	161	166	170	190	193	208	209	214	231	245	246	280	#
137	2129.79	5	7	12	50	58	62	71	77	100	115	131	137	145	168	176	187	193	197	213	219	222	224	225	228	230	238	280	#
138	2107.26	40	44	57	60	65	68	81	83	84	85	105	111	116	128	129	130	131	136	146	147	156	208	216	218	221	250	280	#
139	2100.03	20	25	35	47	53	56	80	89	91	99	103	105	111	136	139	146	159	169	179	180	190	192	219	221	225	230	280	#
140	2080.26	24	32	55	56	63	76	83	104	109	114	138	152	156	161	165	167	175	176	178	180	184	203	204	208	216	244	280	#
141	972.956	2	56	65	67	99	102	108	136	156	162	179	189	206	217	281	#
142	1194.87	14	38	41	45	48	49	57	108	116	127	136	157	249	255	281	#
143	1080.98	69	72	83	84	93	119	149	156	174	179	190	225	245	249	281	#
144	1058.59	28	30	44	49	88	98	124	131	143	144	189	191	203	206	281	#
145	1047.59	12	33	43	72	89	106	162	175	178	194	205	209	213	237	281	#
146	971.269	5	31	32	49	99	114	117	148	160	161	168	177	183	192	281	#
147	888.689	5	48	54	60	67	85	106	120	129	144	146	163	207	217	227	282	#
148	1324.73	7	18	22	48	72	85	90	107	112	137	182	212	235	246	251	282	#
149	1278.04	27	46	60	118	125	129	132	154	155	156	170	206	228	231	250	282	#
150	1267.87	18	35	44	86	94	95	105	124	143	144	189	220	227	243	253	282	#
151	1252.52	4	6	16	21	23	24	67	80	82	136	188	209	212	222	241	282	#
152	1248.19	5	6	13	19	44	55	69	111	125	134	156	177	206	219	254	282	#
153	44.3022	17	#
154	1509.59	2	7	9	16	23	38	76	79	82	86	98	109	119	168	169	217	221	224	235	248	283	#
155	1832.3	23	24	25	41	54	65	97	116	118	129	134	142	159	174	196	213	222	243	246	251	283	#
156	1722.94	6	19	35	41	64	79	82	97	101	119	135	157	159	160	181	187	194	197	220	223	283	#
157	1710.48	17	19	38	75	81	88	89	91	99	106	119	125	127	140	161	169	216	232	234	252	283	#
158	1708.98	25	78	96	97	99	104	110	118	119	139	153	166	181	184	196	232	236	238	239	255	283	#
159	1608.71	16	49	79	90	94	145	146	151	168	172	176	182	199	203	205	217	221	243	247	253	283	#
160	934.27	22	50	62	72	110	126	174	180	190	196	204	253	284	#
161	1106.23	50	82	111	130	134	150	183	212	223	227	253	255	284	#
162	1089.15	12	25	55	93	122	177	184	190	197	216	242	254	284	#
163	1062.04	5	45	48	83	100	110	113	122	130	135	144	187	284	#
164	1033.57	13	15	49	72	83	125	135	137	145	150	184	232	284	#
165	900.927	3	47	58	65	125	131	158	180	190	224	233	252	284	#
166	313.982	62	92	102	131	145	250	285	#
167	412.985	3	102	115	143	191	217	285	#
168	373.648	41	73	101	131	181	188	285	#
169	315.077	32	35	92	176	182	201	285	#
170	273.931	62	75	165	166	193	252	285	#
171	1334.27	16	32	37	38	65	76	136	152	185	189	198	214	217	224	231	242	244	254	286	#
172	1530.3	11	14	15	20	21	33	45	69	86	114	124	137	144	174	177	209	217	242	286	#
173	1526.7	2	9	26	52	102	105	110	136	145	161	189	216	220	222	223	234	249	255	286	#
174	1515.82	16	25	35	50	59	101	104	112	137	153	188	191	210	223	232	240	241	244	286	#
175	1513.72	1	21	23	32	35	65	98	120	122	158	160	171	173	188	198	200	201	244	286	#
176	1382.03	15	33	70	75	77	105	111	131	133	135	144	152	163	176	187	217	232	242	286	#
177	911.772	15	30	31	32	80	101	155	188	252	255	287	#
178	1052.45	6	32	61	82	118	125	189	236	250	254	287	#
179	917.697	34	74	101	116	125	138	155	206	214	226	287	#
180	808.032	15	27	42	53	92	117	153	188	209	229	287	#
181	807.44	19	30	36	39	67	180	238	246	247	254	287	#
182	695.17	31	56	73	76	91	137	149	152	222	236	287	#
183	74.9256	176	#
184	1792.53	3	12	25	36	51	59	62	63	81	82	83	95	126	130	132	137	143	147	158	160	169	170	209	218	223	225	235	239	288	#
185	2182.14	0	12	14	19	21	28	31	38	40	68	69	76	77	86	94	103	110	114	123	135	160	172	174	182	192	235	240	246	288	#
186	2171.28	5	13	14	44	47	49	51	61	64	65	85	91	95	98	101	106	132	145	148	170	175	190	192	193	195	214	221	222	288	#
187	2167.84	24	27	39	51	64	77	84	97	107	125	135	145	146	155	169	183	192	193	199	209	219	223	225	233	239	240	246	247	288	#
188	2153.73	3	12	15	18	26	32	35	39	47	50	65	66	84	89	91	96	110	153	160	169	172	190	199	214	219	232	236	250	288	#
189	2049.12	3	8	9	13	30	76	85	92	107	110	111	116	128	130	135	149	187	189	194	208	218	222	223	235	238	242	246	252	288	#
190	1303.34	3	18	35	39	52	76	84	89	91	93	94	108	132	133	158	184	209	251	253	289	#
191	1692.62	78	89	91	95	101	107	108	133	153	155	158	188	197	199	218	222	238	246	254	289	#
192	1580.07	23	29	42	54	59	82	89	90	109	125	146	150	155	161	168	172	174	230	251	289	#
193	1575.41	20	21	38	58	69	76	82	111	115	133	139	142	182	186	203	218	224	239	254	289	#
194	1523.43	8	14	22	29	43	45	66	94	97	103	108	124	133	134	152	187	190	205	230	289	#
195	1414.59	4	13	28	32	38	39	41	44	50	59	69	71	108	110	112	141	146	166	221	289	#
196	1082.65	15	50	70	73	83	117	128	135	155	192	194	196	222	224	239	254	290	#
197	1400.33	15	29	48	63	100	116	152	159	182	183	184	198	229	240	243	248	290	#
198	1393.17	50	63	82	89	91	102	127	134	151	168	169	186	194	205	212	233	290	#
199	1346.44	3	24	40	46	47	70	83	94	136	146	164	169	190	192	203	243	290	#
200	1315.94	6	15	46	105	111	150	155	194	201	211	213	214	222	239	249	254	290	#
201	1191.79	3	7	12	20	58	88	108	112	114	130	135	194	200	205	213	238	290	#
202	62.6683	100	#
203	517.658	26	27	47	50	153	291	#
204	423.264	27	33	41	138	157	291	#
205	345.3	39	50	80	214	236	291	#
206	343.282	26	33	45	138	242	291	#
207	277.659	30	40	153	174	230	291	#
208	184.482	33	47	102	115	192	291	#
209	157.514	45	144	180	292	#
210	217.849	180	208	224	292	#
211	480.107	6	45	46	85	162	193	217	238	241	293	#
212	660.734	0	6	34	86	149	157	182	196	200	293	#
213	653.689	2	34	65	68	104	126	178	238	239	293	#
214	647.178	46	60	63	124	128	193	214	221	236	293	#
215	619.012	73	85	166	177	183	200	217	218	232	293	#
216	540.679	7	46	71	85	117	173	216	228	237	293	#
217	1865.66	8	14	19	30	31	46	56	70	87	92	103	105	109	121	136	151	161	162	164	173	180	181	200	208	239	250	294	#
218	2448.36	17	76	79	90	101	103	105	107	111	119	120	126	128	134	150	152	165	175	188	193	200	211	220	234	240	242	294	#
219	2263.67	0	26	34	43	45	55	56	62	66	69	70	82	94	95	125	143	152	161	167	172	176	177	203	223	250	253	294	#
220	2258.23	0	1	6	8	28	42	43	68	69	71	82	86	91	107	120	121	141	146	177	195	196	201	205	209	212	225	294	#
221	2216.7	14	18	19	26	28	53	54	75	78	91	92	110	115	125	131	138	141	154	158	180	200	201	211	216	221	236	294	#
222	2147.87	3	6	7	14	19	20	51	58	65	78	81	83	105	111	128	132	140	146	155	170	174	182	196	201	225	236	294	#
223	969.534	4	21	32	65	70	136	187	200	218	231	295	#
224	1009.48	48	64	65	76	84	120	136	164	240	247	295	#
225	978.357	11	64	72	76	79	108	112	117	118	187	295	#
226	934.536	3	21	38	67	120	136	137	191	213	244	295	#
227	917.137	0	4	32	109	141	147	152	158	223	235	295	#
228	868.964	2	53	64	70	113	149	193	231	233	252	295	#
229	295.617	99	167	177	198	224	238	296	#
230	374.033	25	143	178	185	224	236	296	#
231	317.769	24	31	40	80	114	238	296	#
232	317.713	15	95	96	177	207	224	296	#
233	243.346	115	132	146	167	202	244	296	#
234	528.39	10	35	56	86	116	127	133	135	146	205	232	246	297	#
235	748.768	7	53	116	117	127	138	141	167	184	190	206	210	297	#
236	715.712	20	37	40	46	57	147	156	186	210	234	242	246	297	#
237	684.723	2	53	78	89	91	114	116	118	127	129	193	233	297	#
238	662.185	24	82	84	86	91	100	152	155	189	198	199	219	297	#
239	657.264	51	87	101	107	113	135	137	174	200	216	243	248	297	#
240	189.038	60	193	298	#
241	93.6582	57	193	298	#
242	80.7634	60	159	298	#
243	1250.85	9	38	83	99	104	109	119	122	123	147	172	174	192	218	234	242	251	255	299	#
244	1511.6	6	15	25	40	71	82	88	89	93	99	112	132	137	142	163	188	198	199	299	#
245	1486	4	21	55	67	71	77	85	91	110	114	128	152	162	192	227	232	235	249	299	#
246	1465.96	10	23	35	48	72	76	83	122	130	140	167	175	192	203	207	210	221	229	299	#
247	1461.93	2	6	22	24	85	89	104	105	109	118	125	137	150	174	178	180	188	228	299	#
248	1374.06	8	9	10	31	68	71	83	97	100	105	109	140	150	178	185	188	215	231	299	#
249	975.512	18	29	39	93	96	118	122	124	177	202	233	242	300	#
250	1160.03	29	70	71	72	109	116	124	146	208	232	237	241	300	#
251	1102.83	18	19	40	84	98	113	129	131	157	185	226	244	300	#
252	1089.62	27	43	53	81	97	122	124	209	219	226	241	251	300	#
253	1061.23	53	72	73	99	102	108	110	164	170	197	224	242	300	#
254	891.722	29	46	66	85	119	124	128	132	149	177	201	241	300	#
255	2795.24	0	5	20	27	28	34	42	43	45	76	87	88	91	98	103	105	111	121	122	129	138	143	153	155	161	175	177	179	180	185	198	200	209	223	229	230	231	232	301	#
256	3141	8	13	16	18	19	25	36	43	58	63	70	80	83	106	107	111	113	122	124	126	139	153	160	167	171	180	190	197	211	223	227	234	236	241	248	250	253	255	301	#
257	3018.93	0	3	7	8	9	38	39	54	71	88	91	93	109	113	115	117	126	136	139	148	149	155	163	164	167	180	182	183	194	198	201	214	222	223	225	230	238	241	301	#
258	2925.54	17	24	26	29	33	39	47	50	51	65	68	75	89	91	94	97	98	108	111	122	129	135	145	146	148	158	160	165	174	175	177	181	186	197	198	231	233	241	301	#
259	2913.34	0	6	21	27	28	30	43	47	49	54	60	65	72	74	83	87	89	90	103	104	120	121	123	135	137	144	147	150	172	175	182	199	206	215	222	223	239	241	301	#
260	2910.62	4	7	29	45	46	47	50	54	68	73	77	88	91	98	106	107	110	111	113	116	129	130	132	133	136	137	152	160	161	162	165	176	180	189	191	196	222	229	301	#
261	768.344	26	39	40	114	126	160	173	184	224	252	302	#
262	918.801	18	24	51	67	76	145	147	176	239	252	302	#
263	820.096	92	94	107	114	175	191	197	204	227	234	302	#
264	766.879	7	15	37	40	52	94	126	127	164	200	302	#
265	741.151	6	19	92	97	108	147	163	173	197	246	302	#
266	728.969	18	37	49	62	101	120	162	184	209	212	302	#
267	776.94	32	62	100	117	131	145	160	181	225	303	#
268	1029.19	26	58	86	91	92	141	160	183	234	303	#
269	660.642	100	111	117	171	182	194	215	216	241	303	#
270	656.964	33	46	50	62	76	108	142	201	207	303	#
271	613.676	21	80	94	126	131	184	215	232	234	303	#
272	542.221	45	51	109	119	145	183	212	238	242	303	#
273	1472.34	2	9	19	35	37	54	73	82	106	113	125	147	153	162	171	188	201	218	235	244	304	#
274	1609.51	7	11	23	27	48	56	109	113	125	144	150	161	164	180	199	202	205	218	239	246	304	#
275	1594.88	30	32	34	45	81	82	87	106	127	130	146	167	171	186	194	211	223	238	241	248	304	#
276	1583.29	9	18	47	54	56	58	59	65	72	108	109	123	131	143	157	200	205	218	229	236	304	#
277	1549.92	12	63	64	67	68	82	85	96	111	112	113	119	125	138	142	160	165	182	207	247	304	#
278	1549.48	8	16	29	32	37	57	73	120	136	142	162	165	166	179	198	224	228	243	246	248	304	#
279	103.658	97	#
280	126.062	29	129	305	#
281	139.603	129	146	305	#
282	89.0147	29	73	305	#
283	129.204	179	208	306	#
284	142.692	94	208	306	#
285	110.927	155	179	306	#
286	149.046	194	#
287	1097.85	23	35	46	71	95	104	109	123	132	138	140	145	152	168	180	189	195	213	251	307	#
288	1422.07	4	18	23	40	50	72	90	94	99	117	131	145	156	163	168	201	204	205	231	307	#
289	1386.1	4	23	37	97	108	116	131	137	145	158	159	166	198	213	215	222	233	234	249	307	#
290	1324.37	15	19	35	45	73	78	94	97	104	112	113	137	190	199	205	212	223	246	255	307	#
291	1313.39	0	6	19	31	34	35	45	52	62	63	96	116	178	187	205	208	213	215	219	307	#
292	1293.17	41	56	72	82	97	104	138	147	156	172	179	191	217	219	227	233	239	244	255	307	#
293	838.956	12	60	63	65	192	201	236	242	308	#
294	919.347	19	62	63	99	103	125	192	241	308	#
295	861.116	2	6	12	65	148	197	232	233	308	#
296	849.023	32	63	76	134	135	223	237	240	308	#
297	774.916	53	58	70	72	152	197	199	236	308	#
298	634.518	22	34	60	83	114	124	177	203	308	#
299	1437.67	1	3	4	11	45	47	48	111	122	124	132	155	156	168	172	178	191	196	213	235	236	249	309	#
300	1869.75	0	3	10	11	30	37	74	77	81	82	94	97	118	119	135	146	153	162	201	222	236	248	309	#
301	1821.45	2	6	8	18	64	94	120	122	123	132	133	147	149	154	164	165	170	178	182	197	215	235	309	#
302	1818.95	27	39	48	74	88	97	120	121	127	132	136	160	164	171	184	188	189	193	224	237	243	248	309	#
303	1784.48	2	4	24	30	36	38	56	97	122	126	144	145	166	178	185	190	201	215	225	237	249	255	309	#
304	1780.51	7	24	28	75	82	90	109	123	159	161	162	163	164	166	181	183	200	221	235	236	248	251	309	#
305	1202.72	27	34	55	58	68	76	88	100	110	112	158	166	187	204	207	209	215	223	234	241	310	#
306	1781.3	0	9	48	50	88	99	117	145	151	153	157	159	173	175	180	192	199	212	231	247	310	#
307	1776.03	89	97	98	99	118	122	138	140	149	157	160	170	189	204	205	207	227	237	241	248	310	#
308	1588.33	4	12	57	76	84	87	88	99	119	122	134	140	151	157	162	180	222	232	234	236	310	#
309	1440.95	0	37	51	60	69	78	88	93	104	106	115	156	175	181	183	205	207	220	226	227	310	#
310	1407.73	27	34	56	70	82	98	109	123	127	128	158	159	167	199	207	209	211	231	241	245	310	#
311	1757.6	14	31	45	64	69	90	95	124	125	131	132	135	140	150	173	175	182	185	195	205	215	219	242	247	311	#
312	2149.82	14	15	25	45	57	80	91	101	113	120	124	133	134	143	144	150	160	165	169	178	183	221	250	251	311	#
313	1862.81	15	25	27	46	55	60	66	70	72	95	101	103	113	114	137	151	181	184	185	212	227	229	254	255	311	#
314	1801.73	0	10	15	24	43	49	52	53	94	104	132	140	147	169	170	185	205	215	218	228	234	236	237	255	311	#
315	1753.52	2	41	43	45	58	60	64	71	77	103	109	113	140	164	174	176	182	207	213	220	226	231	241	244	311	#
316	1742.13	8	35	54	71	101	128	130	132	137	150	153	160	164	168	177	188	191	209	215	219	225	230	231	255	311	#
317	437.605	72	93	148	180	186	199	235	312	#
318	604.58	9	27	67	93	117	133	136	312	#
319	524.552	58	72	139	183	184	208	212	312	#
320	468.688	41	85	148	210	212	249	255	312	#
321	461.347	35	77	147	158	180	217	228	312	#
322	395.321	16	68	84	91	133	196	199	312	#
323	795.726	5	18	33	110	127	139	152	164	190	208	209	214	313	#
324	1152.27	18	29	75	117	125	127	139	162	179	224	237	240	313	#
325	1059.23	38	58	79	96	101	111	127	136	148	160	204	221	313	#
326	1053.36	102	113	116	133	146	150	163	190	214	237	246	250	313	#
327	1023.14	5	8	54	76	115	137	149	198	209	216	217	241	313	#
328	967.731	6	82	97	124	135	156	190	206	238	241	249	252	313	#
329	389.077	44	54	74	90	131	250	314	#
330	553.648	11	30	44	187	194	247	314	#
331	518.232	50	62	72	82	131	154	314	#
332	473.285	11	54	82	151	173	243	314	#
333	404.313	14	30	90	169	185	219	314	#
334	396.227	72	74	75	144	165	222	314	#
335	186.179	14	29	52	151	#
336	101.46	103	#
337	91.451	52	220	#
338	701.297	8	11	15	80	94	158	188	201	221	241	244	248	316	#
339	971.503	7	28	43	62	83	119	163	165	169	171	185	188	316	#
340	891.545	5	10	11	19	82	114	153	160	164	183	216	242	316	#
341	866.691	20	32	86	119	152	158	169	175	187	188	195	230	316	#
342	756.719	15	28	30	39	53	77	80	82	91	135	146	163	316	#
343	732.864	15	18	35	79	89	100	105	151	199	201	219	243	316	#
344	40.305	211	237	#
345	224.257	194	245	255	317	#
346	236.962	84	229	245	317	#
347	211.745	40	64	255	317	#
348	106.331	10	22	194	317	#
349	303.357	36	74	75	123	318	#
350	393.155	123	158	193	223	318	#
351	359.235	48	75	131	171	318	#
352	215.99	13	27	36	223	318	#
353	190.576	8	74	196	203	318	#
354	44.2571	143	#
355	53.9805	112	#
356	74.2197	252	#
357	107.849	106	249	319	#
358	106.95	106	146	319	#
359	66.5368	203	#
360	112.775	92	165	320	#
361	155.35	165	166	320	#
362	1051.02	15	21	32	50	68	107	132	152	161	163	195	200	203	209	220	230	321	#
363	1271.81	15	38	42	44	46	50	71	94	96	101	115	148	152	184	189	228	321	#
364	1244.56	3	26	56	71	101	126	132	139	155	180	183	214	220	230	242	245	321	#
365	1195.08	6	10	28	36	78	96	100	128	149	161	167	184	211	237	243	245	321	#
366	1191.04	35	36	44	70	81	96	99	108	114	115	185	195	206	220	248	249	321	#
367	1176.83	6	8	58	68	114	116	129	136	159	166	179	191	209	214	221	240	321	#
368	77.827	40	121	322	#
369	90.085	115	121	322	#
370	304.002	75	100	138	323	#
371	317.286	47	100	138	323	#
372	313.659	100	169	185	323	#
373	227.33	75	167	232	323	#
374	187.905	1	102	203	324	#
375	220.759	102	149	249	324	#
376	102.451	34	188	203	324	#
377	956.409	20	22	25	66	137	185	194	210	244	253	325	#
378	786.796	15	19	25	58	80	88	113	134	177	210	325	#
379	782.474	40	52	82	114	118	153	193	230	240	253	325	#
380	769.165	9	21	22	35	45	93	121	192	206	218	325	#
381	759.331	18	20	45	87	111	112	126	169	207	211	325	#
382	739.717	16	38	96	110	118	140	181	185	200	226	325	#
383	138.48	51	101	176	235	251	#
384	814.926	4	24	30	64	107	158	185	194	195	243	326	#
385	853.94	28	46	97	135	140	174	195	222	233	235	326	#
386	793.764	18	33	65	73	91	127	159	194	195	200	326	#
387	770.856	18	85	133	171	180	185	198	225	248	253	326	#
388	763.453	6	9	24	42	56	85	140	179	195	234	326	#
389	723.594	124	126	184	188	200	207	209	224	233	243	326	#
390	218.419	2	23	240	250	327	#
391	276.637	57	71	94	250	327	#
392	213.483	23	41	240	242	327	#
393	135.974	16	23	39	158	327	#
394	36.0869	2	3	108	252	327	#
395	1983.35	14	19	21	23	68	69	92	98	107	142	144	146	147	153	167	204	215	218	227	231	238	240	241	246	254	328	#
396	2260.2	0	5	6	48	52	60	63	68	113	120	133	135	142	150	153	158	164	180	184	186	207	215	244	246	249	328	#
397	2124.54	11	23	26	39	42	43	50	68	121	136	138	139	145	160	165	166	191	192	193	194	204	209	230	245	254	328	#
398	2099.27	0	4	11	17	47	55	72	97	98	103	107	138	139	142	161	165	167	185	200	210	215	226	240	249	253	328	#
399	2054	10	18	21	31	59	63	69	99	118	125	129	136	147	167	172	173	193	213	225	227	230	237	240	244	248	328	#
400	2000.71	6	31	35	41	59	69	79	93	107	112	137	152	164	165	169	205	211	216	226	237	238	240	248	253	255	328	#
401	651.344	9	18	133	144	163	188	205	208	214	217	219	329	#
402	947.882	53	69	74	78	86	92	109	138	160	181	219	329	#
403	913.66	34	54	79	93	133	168	194	212	224	225	228	329	#
404	879.728	11	19	60	64	88	89	186	188	194	196	208	329	#
405	865.464	11	37	63	81	141	142	208	215	247	248	250	329	#
406	860.41	59	72	93	162	168	181	192	214	225	240	245	329	#
407	355.587	81	171	186	192	223	330	#
408	504.617	48	50	67	81	213	330	#
409	364.803	63	104	113	194	223	330	#
410	341.005	161	180	186	231	243	330	#
411	302.646	18	192	193	206	244	330	#
412	252.701	32	119	153	171	223	330	#
413	968.049	7	19	32	41	85	95	98	105	149	171	182	184	211	236	243	253	331	#
414	1439.99	32	42	43	52	57	74	101	120	125	131	159	164	190	219	225	226	331	#
415	1389.11	12	19	29	35	57	93	95	109	115	160	170	172	184	194	211	233	331	#
416	1377.2	7	11	18	21	38	57	63	70	89	107	119	128	144	165	205	232	331	#
417	1338.06	0	11	13	19	28	53	75	105	113	135	149	159	198	208	236	252	331	#
418	1241.04	4	20	21	29	82	95	105	128	131	135	172	190	225	249	253	255	331	#
419	234.727	14	99	332	#
420	172.118	14	192	332	#
421	100.522	99	182	332	#
422	359.669	63	74	85	217	333	#
423	380.334	60	63	99	193	333	#
424	337.988	27	119	205	217	333	#
425	244.861	74	176	184	204	333	#
426	443.685	19	65	81	96	105	122	129	174	202	209	213	334	#
427	660.353	12	15	26	86	96	113	162	163	180	239	246	334	#
428	647.312	6	38	77	102	119	139	150	174	236	242	253	334	#
429	628.338	39	52	98	123	143	166	178	188	202	224	244	334	#
430	626.728	1	35	53	60	64	91	109	129	200	205	248	334	#
431	620.798	12	44	81	87	89	106	112	162	164	228	231	334	#
432	233.255	185	193	210	335	#
433	312.288	33	210	239	335	#
434	245.831	13	97	185	335	#
435	97.2024	77	163	193	335	#
436	1089.6	14	37	76	122	136	139	155	166	167	180	204	217	224	244	255	336	#
437	1271.57	24	42	45	57	58	61	81	92	94	99	111	136	160	175	255	336	#
438	1178.53	2	11	23	35	52	79	94	116	122	178	186	192	207	222	238	336	#
439	1176.82	42	53	92	100	113	133	135	139	150	158	167	204	228	243	250	336	#
440	1170.81	2	11	39	43	46	47	79	155	156	170	178	194	215	242	246	336	#
441	1052.93	22	38	39	40	75	91	105	128	149	158	168	204	219	227	236	336	#
442	840.929	6	51	60	92	160	165	181	211	337	#
443	752.909	7	85	99	105	117	181	205	234	337	#
444	655.435	6	115	144	178	180	205	209	241	337	#
445	594.793	16	18	53	75	145	165	172	214	337	#
446	504.679	9	58	131	154	155	160	221	255	337	#
447	500.265	51	70	87	107	120	147	176	196	337	#
448	247.97	26	47	197	255	338	#
449	281.475	89	114	216	255	338	#
450	240.876	26	121	129	207	338	#
451	82.0191	13	215	339	#
452	57.6285	204	215	339	#
453	598.412	24	38	62	90	102	105	120	340	#
454	678.923	1	21	30	38	67	114	244	340	#
455	588.258	8	24	36	41	93	130	140	340	#
456	567.428	24	52	72	116	120	151	184	340	#
457	506.821	9	24	25	62	66	102	136	340	#
458	455.202	8	16	34	87	105	131	163	340	#
459	88.4466	91	102	341	#
460	116.886	24	102	341	#
461	464.844	33	73	74	100	110	119	124	228	342	#
462	642.854	54	110	143	144	157	167	241	244	342	#
463	609.988	75	104	106	132	149	200	228	244	342	#
464	549.445	26	33	56	71	92	146	211	217	342	#
465	489.705	3	30	31	73	124	144	202	223	342	#
466	481.991	6	11	63	119	131	163	169	249	342	#
467	434.451	7	26	42	126	170	343	#
468	404.014	124	126	131	213	216	343	#
469	367.612	25	42	220	245	250	343	#
470	358.076	8	26	119	142	220	343	#
471	315.088	13	74	111	170	247	343	#
472	170.559	7	52	96	153	219	343	#
473	375.204	13	46	89	102	120	183	222	344	#
474	509.593	12	80	82	89	115	141	242	344	#
475	487.073	10	46	48	68	222	245	247	344	#
476	422.567	69	97	120	179	196	203	244	344	#
477	344.014	13	14	33	51	53	98	209	344	#
478	288.987	63	66	102	120	212	224	235	344	#
479	1034.79	3	14	21	61	72	117	133	140	151	170	187	201	205	246	345	#
480	1168.6	18	25	46	75	109	139	150	151	167	184	230	247	251	255	345	#
481	1090.62	2	32	61	76	125	139	147	150	161	187	200	216	223	224	345	#
482	1056.05	7	26	67	101	119	125	137	146	170	215	217	229	251	254	345	#
483	993.118	0	19	21	29	35	44	62	71	100	133	138	142	163	200	345	#
484	986.102	3	4	6	39	61	63	100	143	155	159	179	193	236	255	345	#
485	1235.23	7	14	17	26	30	84	85	100	106	119	138	149	169	175	198	200	214	346	#
486	1650.66	18	22	37	44	48	51	59	69	149	159	161	187	200	202	210	236	255	346	#
487	1562.87	14	18	19	60	88	98	101	103	114	115	148	156	168	170	197	224	226	346	#
488	1529.23	3	25	28	31	33	46	63	67	71	102	113	124	132	136	158	166	198	346	#
489	1435.24	12	22	24	26	36	51	59	71	95	122	136	137	139	144	200	225	244	346	#
490	1384.97	70	86	108	125	128	142	154	175	188	193	198	199	201	203	250	251	255	346	#
491	44.7405	120	#
492	466.046	28	91	105	122	148	157	163	223	242	347	#
493	682.506	8	17	32	82	132	144	148	194	234	347	#
494	678.644	39	52	92	153	169	196	198	200	242	347	#
495	659.218	42	51	63	130	132	157	172	191	194	347	#
496	637.21	63	122	136	169	179	197	235	245	251	347	#
497	592.492	37	48	105	135	169	223	234	235	248	347	#
498	311.868	16	98	224	348	#
499	325.804	98	111	200	348	#
500	268.719	16	224	230	348	#
501	49.423	115	224	233	348	#
502	289.561	37	112	193	250	349	#
503	328.521	41	188	207	250	349	#
504	273.834	19	112	219	221	349	#
505	210.688	37	52	62	100	349	#
506	155.141	44	84	154	193	349	#
507	451.742	108	155	194	212	220	237	350	#
508	626.166	29	81	93	192	194	220	350	#
509	612.14	0	34	87	130	237	242	350	#
510	582.711	38	79	101	153	212	220	350	#
511	571.196	13	30	79	91	108	139	350	#
512	459.937	38	52	109	188	220	253	350	#
513	175.85	127	150	351	#
514	228.898	69	150	351	#
515	1002.79	31	58	59	61	69	75	83	102	115	134	135	138	154	159	173	205	216	240	352	#
516	1466.23	6	7	25	42	60	90	99	102	106	117	125	127	154	170	217	227	242	249	352	#
517	1419.9	3	6	28	63	69	73	107	124	144	159	184	194	203	208	213	223	241	250	352	#
518	1406.87	18	32	60	65	70	88	98	114	117	122	152	160	195	205	223	236	242	243	352	#
519	1383.48	55	58	65	83	111	140	149	172	175	180	181	188	204	216	224	236	238	247	352	#
520	1297.36	29	46	75	87	93	107	132	134	136	139	149	165	189	210	228	233	249	254	352	#
521	845.556	14	53	90	125	149	155	166	168	172	206	210	212	353	#
522	1040.21	6	10	36	68	120	156	180	187	212	228	246	247	353	#
523	956.723	11	22	24	25	76	77	84	125	135	170	173	224	353	#
524	948.557	30	35	78	130	168	178	181	187	192	219	232	234	353	#
525	921.356	77	80	90	102	109	123	143	205	207	228	229	248	353	#
526	873.62	12	54	60	71	74	90	97	172	174	176	223	242	353	#
527	50.8843	53	#
528	187.973	20	63	211	229	354	#
529	247.715	13	36	63	197	354	#
530	148.32	20	59	115	205	354	#
531	142.674	106	109	211	237	354	#
532	2888.89	10	11	13	22	31	32	34	52	54	57	58	63	64	69	70	75	90	92	94	102	105	106	109	116	119	125	134	141	143	145	149	150	164	179	180	182	186	189	194	196	215	227	237	241	242	244	355	#
533	3557.69	1	3	6	22	23	24	32	33	45	48	49	51	56	68	81	83	85	86	90	92	100	110	112	117	122	131	136	144	145	159	161	165	167	169	181	210	214	215	223	224	225	226	227	233	237	244	355	#
534	3497.83	1	5	7	15	18	20	22	24	25	32	40	42	43	57	60	83	84	95	101	104	115	116	117	118	121	127	153	158	161	164	165	167	175	177	201	208	214	215	222	224	225	226	234	237	247	251	355	#
535	3475.1	2	8	11	13	14	23	25	32	45	46	48	50	55	60	65	68	69	70	72	73	88	90	91	97	104	105	114	117	126	130	131	137	141	145	156	180	199	200	203	207	208	215	220	234	236	248	355	#
536	3425.61	0	4	15	22	32	37	44	49	50	54	56	57	72	74	81	82	84	90	97	104	110	113	116	125	130	134	138	144	152	164	170	174	179	190	192	196	200	203	209	214	221	224	226	243	246	250	355	#
537	3421.8	1	9	33	46	62	63	77	83	90	91	97	99	101	102	103	109	111	116	128	129	133	134	139	141	143	145	150	160	164	169	180	185	187	190	196	198	226	227	237	240	241	242	247	248	249	253	355	#
538	868.232	1	10	18	74	75	91	93	97	159	163	185	251	356	#
539	1021.23	0	6	47	65	74	168	216	219	241	248	252	255	356	#
540	1012.68	9	17	27	31	66	103	159	193	199	215	228	237	356	#
541	946.798	7	12	34	45	54	67	110	112	163	183	205	235	356	#
542	931.187	1	46	94	101	114	136	198	207	225	228	232	234	356	#
543	895.284	26	27	42	44	50	74	85	93	114	118	138	251	356	#
544	57.1112	232	#
545	540.973	0	54	64	95	131	223	227	357	#
546	707.921	54	63	85	132	165	225	240	357	#
547	685.887	29	75	131	184	200	226	252	357	#
548	625.942	0	1	130	153	195	212	241	357	#
549	603.939	41	42	95	98	145	189	194	357	#
550	421.579	41	76	187	190	195	227	248	357	#
551	230.599	72	254	358	#
552	176.068	72	212	358	#
553	102.266	71	254	358	#
554	205.84	6	220	232	359	#
555	227.493	119	220	232	359	#
556	227.279	232	236	253	359	#
557	157.316	6	83	221	359	#
558	3023.94	1	4	9	11	20	21	28	31	33	34	38	43	62	73	83	84	90	94	102	113	118	126	131	137	141	147	150	155	161	163	175	180	181	189	195	201	202	218	219	220	223	232	235	240	244	250	252	254	360	#
559	3754.93	1	8	11	17	21	26	28	31	33	43	48	50	55	58	62	63	68	73	75	80	82	83	90	91	92	95	123	125	129	136	137	142	149	152	160	161	169	171	174	182	186	200	222	224	227	233	253	254	360	#
560	3677.17	0	5	6	11	12	20	28	32	34	42	47	54	63	65	68	71	72	80	82	89	94	96	102	106	112	118	119	125	133	140	144	146	160	161	163	164	172	182	184	189	204	214	215	220	225	231	238	242	360	#
561	3676.8	12	23	26	36	41	50	53	55	62	72	73	81	82	83	88	94	97	104	118	122	124	128	133	136	141	145	147	150	151	170	172	175	176	178	183	185	194	195	202	207	208	209	211	224	225	230	233	249	360	#
562	3669.68	13	16	17	22	35	43	44	48	56	58	62	66	69	70	80	81	82	85	90	106	113	118	122	126	140	144	149	150	153	161	162	163	164	174	175	179	180	183	195	213	219	226	239	240	246	249	254	255	360	#
563	3548.92	0	6	15	24	26	29	31	42	54	62	63	64	67	69	70	74	83	84	92	93	102	104	115	123	125	156	157	162	164	165	167	169	170	173	175	177	183	185	190	224	225	226	227	228	233	242	252	255	360	#
564	427.386	8	15	38	89	94	115	156	158	195	237	361	#
565	630.629	6	27	93	100	120	122	166	193	237	239	361	#
566	622.31	23	38	63	101	105	138	143	169	177	225	361	#
567	456.469	2	16	20	35	47	71	166	175	195	217	361	#
568	435.806	31	41	46	89	131	149	197	208	216	245	361	#
569	2054.98	17	18	32	35	40	54	66	87	95	104	121	123	132	134	138	141	144	148	154	155	169	171	172	178	179	181	184	202	208	223	225	227	229	235	244	255	362	#
570	2931.23	1	18	19	20	25	27	33	35	37	38	40	49	58	65	70	88	90	95	101	121	134	153	166	174	180	184	192	201	209	221	224	227	232	240	241	249	362	#
571	2898.37	2	18	34	37	57	70	72	83	87	90	95	114	126	127	132	134	136	140	155	156	166	167	185	200	205	207	211	214	220	221	239	243	244	245	247	253	362	#
572	2744.36	27	33	35	40	63	65	66	68	76	82	83	89	96	97	99	106	110	114	117	122	126	142	145	153	159	162	164	177	183	184	219	233	235	239	241	244	362	#
573	2734.73	5	7	18	24	25	45	56	63	70	72	73	84	86	97	100	102	120	127	130	134	136	140	153	155	157	163	165	166	187	192	198	228	230	236	238	246	362	#
574	2672.1	0	19	25	29	33	37	41	42	46	57	64	65	72	76	82	90	110	113	122	127	128	134	160	169	172	181	184	185	186	189	200	217	220	222	230	245	362	#
575	431.522	3	10	17	142	153	166	194	213	217	363	#
576	634.686	10	28	52	59	90	107	164	232	240	363	#
577	619.691	9	17	37	59	71	94	102	199	241	363	#
578	593.47	37	99	119	152	154	166	169	196	215	363	#
579	572.45	20	40	77	99	206	210	213	244	255	363	#
580	558.962	21	64	65	142	152	208	214	241	248	363	#
581	369.371	13	20	54	79	195	210	228	364	#
582	518.411	54	84	91	131	134	231	234	364	#
583	477.476	19	21	91	124	126	195	210	364	#
584	440.867	47	99	110	210	225	239	252	364	#
585	358.731	39	79	105	127	229	244	248	364	#
586	268.072	2	13	16	52	75	203	212	364	#
587	170.263	121	238	365	#
588	156.288	156	238	365	#
589	69.1985	121	180	365	#
590	367.246	39	49	50	138	366	#
591	438.259	49	65	109	152	366	#
592	427.595	39	78	125	238	366	#
593	321.722	43	44	138	150	366	#
594	313.159	50	108	129	141	366	#
595	518.269	13	30	47	75	124	149	177	183	199	367	#
596	693.314	30	55	159	176	177	182	187	191	215	367	#
597	684.527	8	81	95	124	139	180	183	213	237	367	#
598	622.705	22	27	91	98	104	112	124	135	171	367	#
599	620.41	13	47	128	145	181	204	234	243	250	367	#
600	619.723	4	54	75	81	89	159	181	210	212	367	#
601	1963.1	2	3	9	11	24	34	40	47	51	69	81	86	113	114	117	119	133	164	174	185	195	200	201	220	239	246	254	368	#
602	2446.73	2	4	23	40	50	63	72	76	87	94	99	103	105	139	141	162	167	194	196	214	223	228	233	238	239	249	251	368	#
603	2324.43	3	7	13	23	25	29	45	48	62	71	72	87	92	98	127	134	160	197	204	205	216	220	221	230	235	243	249	368	#
604	2222.18	7	10	23	40	43	78	98	104	109	111	116	119	146	165	185	188	205	209	217	219	220	224	229	234	237	246	247	368	#
605	2143.12	11	12	22	24	35	48	51	62	69	71	73	91	98	109	160	165	166	168	175	181	182	188	195	205	206	224	250	368	#
606	2127.76	6	27	47	48	50	51	54	55	62	106	129	134	160	162	166	172	185	201	205	209	228	234	239	244	245	247	251	368	#
607	2586.48	2	20	26	32	34	49	50	81	88	94	98	102	108	118	135	136	138	143	153	163	183	187	195	206	208	209	212	220	221	243	250	253	254	369	#
608	2768.73	5	7	11	20	27	38	49	63	66	76	82	85	109	119	126	136	149	166	171	187	198	205	206	215	216	225	226	228	241	244	248	251	254	369	#
609	2756.73	0	5	6	7	19	33	48	55	66	70	81	90	101	103	110	118	125	137	146	158	167	169	174	176	209	214	221	224	228	230	239	241	251	369	#
610	2630.6	0	2	4	10	11	15	21	25	29	30	31	42	47	57	74	76	77	85	90	94	108	112	134	143	144	158	160	207	208	221	230	232	239	369	#
611	2598.01	1	11	15	18	33	34	38	59	82	85	91	103	106	107	112	125	134	143	147	149	152	153	166	183	185	197	211	229	233	238	239	240	245	369	#
612	2564.98	6	12	24	27	28	29	34	38	44	57	82	89	97	102	104	109	119	124	145	153	157	158	171	178	184	191	195	197	213	220	233	238	252	369	#
613	1715.74	2	7	39	66	74	83	112	125	126	130	135	139	147	148	155	182	185	189	193	201	205	215	224	239	370	#
614	2094.98	11	12	14	44	57	70	72	89	90	97	113	114	116	130	132	136	148	150	171	184	202	206	224	253	370	#
615	1994.25	9	48	54	56	60	62	66	67	68	72	79	83	112	120	124	131	134	144	146	155	166	171	204	243	370	#
616	1982.44	12	15	35	49	56	58	78	96	99	109	112	113	125	147	165	166	179	193	202	225	234	246	247	253	370	#
617	1963.71	7	9	20	25	26	43	58	64	67	80	90	101	111	119	134	144	147	148	162	174	207	228	230	235	370	#
618	1861.42	11	15	35	45	46	50	66	67	90	92	133	134	137	159	164	198	204	208	215	216	222	226	238	245	370	#
619	746.401	11	19	39	126	136	138	156	210	214	227	246	248	371	#
620	973.071	15	30	98	109	111	123	124	136	139	235	236	239	371	#
621	960.465	25	55	58	61	72	123	133	155	174	183	197	210	371	#
622	943.495	47	57	110	149	155	166	169	173	178	201	215	246	371	#
623	895.199	22	49	126	142	168	169	170	179	188	203	215	240	371	#
624	887.145	18	38	47	55	69	75	99	110	187	212	241	248	371	#
625	1000.22	5	23	38	52	76	97	159	175	176	179	193	199	208	219	223	250	372	#
626	1418.68	50	60	75	97	149	150	174	176	177	189	198	199	209	214	236	255	372	#
627	1406.46	0	7	16	33	86	98	103	121	146	155	175	211	213	238	239	246	372	#
628	1362.3	5	15	16	27	51	72	75	78	103	114	158	170	177	187	197	221	372	#
629	1360.73	16	23	31	50	58	62	90	99	147	176	181	213	219	235	240	251	372	#
630	1289.24	0	23	26	41	74	80	90	96	111	146	159	164	189	204	211	213	372	#
631	1199.13	22	26	28	33	37	47	50	80	91	102	151	156	190	199	219	240	251	252	254	373	#
632	1643.81	47	67	84	102	107	117	134	141	143	149	168	170	180	187	212	214	231	245	246	373	#
633	1522.43	0	18	21	30	37	41	44	65	117	141	158	167	171	201	211	215	235	239	251	373	#
634	1519.58	14	21	25	27	29	31	33	44	52	84	99	139	170	185	188	208	220	229	249	373	#
635	1503.18	2	10	19	40	50	59	75	107	112	116	122	125	134	141	148	157	201	212	254	373	#
636	1452.21	9	10	22	25	30	47	50	62	70	78	102	143	151	182	193	209	224	242	246	373	#
637	185.63	93	231	374	#
638	242.419	93	145	374	#
639	939.099	11	15	27	33	64	73	91	92	116	119	165	170	171	246	375	#
640	1402.76	6	32	33	54	64	68	93	162	208	210	220	230	244	250	375	#
641	1145.77	0	4	9	18	49	54	111	130	152	159	214	227	229	246	375	#
642	1100.18	3	24	25	27	43	60	64	113	122	160	163	167	206	230	375	#
643	1054.32	11	35	42	68	84	92	109	149	162	181	193	230	236	246	375	#
644	934.232	18	30	33	81	86	92	106	114	116	155	158	188	195	250	375	#
645	912.701	7	52	60	64	83	85	91	149	179	180	186	193	218	233	243	376	#
646	1264.68	8	62	77	103	109	115	117	124	147	162	167	178	233	241	251	376	#
647	1248.69	2	5	48	56	70	72	91	94	138	140	146	189	200	227	229	376	#
648	1186.86	2	34	61	65	80	109	111	146	147	149	163	178	194	213	247	376	#
649	1173.53	7	8	20	32	82	90	102	119	169	177	186	194	197	219	229	376	#
650	1170.53	14	20	31	32	63	69	72	99	122	130	167	181	214	218	229	376	#
651	390.129	5	47	80	86	90	144	157	377	#
652	537.166	47	134	153	173	195	240	254	377	#
653	523.815	53	61	90	100	101	214	234	377	#
654	518.945	36	114	126	144	199	225	238	377	#
655	504.432	22	86	92	162	184	201	233	377	#
656	492.041	5	65	105	117	128	157	167	377	#
657	293.54	68	81	128	212	253	378	#
658	384.465	42	68	181	220	225	378	#
659	289.834	94	101	229	237	253	378	#
660	281.892	30	207	212	230	248	378	#
661	172.922	27	128	157	213	248	378	#
662	589.288	1	21	24	183	188	227	379	#
663	523.162	25	124	131	188	198	226	379	#
664	494.404	1	48	60	106	141	239	379	#
665	487.267	80	164	183	188	208	232	379	#
666	417.926	2	21	135	138	162	171	379	#
667	384.419	24	87	89	113	142	212	379	#
668	140.568	114	#
669	251.204	20	43	130	380	#
670	336.039	6	24	43	380	#
671	127.599	51	130	131	380	#
672	103.52	20	54	232	380	#
673	1522.02	33	39	70	83	89	134	151	174	177	191	196	208	240	243	255	381	#
674	1275.72	3	32	84	89	94	103	109	111	134	153	177	180	187	191	235	381	#
675	1226.65	33	39	41	78	90	95	127	138	141	167	186	232	239	242	255	381	#
676	1196.42	21	77	86	94	110	115	143	153	155	159	168	176	198	243	255	381	#
677	1164.63	6	39	90	97	126	141	148	153	193	200	202	207	213	242	249	381	#
678	1141.88	25	52	102	108	109	120	125	140	147	151	191	194	212	220	228	381	#
679	222.601	39	92	105	122	382	#
680	239.804	39	89	106	164	382	#
681	163.596	70	92	231	240	382	#
682	570.989	8	29	61	100	113	172	188	221	246	255	383	#
683	718.511	6	84	97	113	128	148	184	201	209	218	383	#
684	688.608	4	6	14	18	93	130	175	216	219	221	383	#
685	682.1	2	29	104	147	153	195	213	224	239	244	383	#
686	607.469	8	22	45	55	60	101	106	131	253	255	383	#
687	579.505	41	86	119	124	160	205	220	228	246	252	383	#
688	810.335	20	46	74	75	80	84	97	126	133	165	175	189	190	384	#
689	1197.96	45	57	58	74	77	98	127	169	189	208	213	227	241	384	#
690	1113.65	49	63	70	80	81	84	95	114	161	184	188	213	241	384	#
691	974.701	18	25	54	76	97	98	137	150	174	190	205	211	226	384	#
692	883.979	54	57	80	84	116	164	177	182	202	217	241	243	254	384	#
693	840.418	127	128	133	144	152	154	157	168	174	187	194	212	227	384	#
694	171.522	128	190	385	#
695	229.699	170	190	385	#
696	161.527	128	132	385	#
697	140.829	103	211	386	#
698	164.001	103	180	386	#
699	129.117	186	211	386	#
700	1160.09	11	12	21	43	70	80	100	141	144	153	211	215	227	387	#
701	1230.99	14	39	56	70	78	83	114	145	153	160	182	183	202	387	#
702	1196.68	51	56	96	111	146	175	208	227	235	237	238	247	255	387	#
703	1171.91	0	21	66	81	95	102	109	127	130	141	201	215	234	387	#
704	1049.22	14	37	43	74	80	89	105	109	124	126	162	183	184	387	#
705	1039.23	11	15	41	72	80	93	120	133	148	183	198	212	228	387	#
706	645.158	63	72	75	93	107	120	171	175	221	388	#
707	725.2	19	65	72	82	108	111	121	160	217	388	#
708	701.557	34	99	104	172	175	194	224	232	235	388	#
709	697.196	50	75	77	82	149	167	180	223	228	388	#
710	696.239	35	52	93	130	131	160	182	194	221	388	#
711	631.251	28	46	63	122	153	156	198	205	253	388	#
712	244.037	39	50	151	174	389	#
713	333.039	24	39	96	210	389	#
714	274.226	63	78	151	182	389	#
715	245.695	50	199	236	242	389	#
716	267.288	21	58	205	390	#
717	296.999	76	113	205	390	#
718	265.593	21	49	185	390	#
719	205.113	58	82	121	390	#
720	66.9153	90	#
721	5.3574	189	#
722	1717.38	10	31	33	36	41	44	52	74	88	101	106	113	118	128	143	160	183	225	236	245	248	391	#
723	1829.66	9	31	48	55	64	72	81	118	124	125	126	158	173	182	183	184	201	230	234	249	253	391	#
724	1746.95	12	31	45	62	66	81	87	106	114	128	136	150	154	184	185	190	212	216	217	231	235	391	#
725	1704.91	0	1	12	20	33	38	50	58	64	110	134	150	163	166	183	191	235	237	243	252	253	391	#
726	1674.74	8	15	17	37	42	51	56	63	71	78	80	94	149	182	184	222	228	233	245	248	251	391	#
727	1667.17	10	29	41	45	50	66	72	74	79	93	97	106	128	134	160	165	179	197	216	235	250	391	#
728	133.422	11	121	226	392	#
729	5.54468	73	121	172	392	#
730	875.266	34	56	69	74	86	92	105	131	143	148	187	233	246	393	#
731	1148.78	21	22	36	86	91	92	102	122	127	141	162	175	242	393	#
732	1098.71	41	52	60	63	85	86	117	121	139	190	215	246	247	393	#
733	972.982	27	56	71	75	86	90	104	127	174	217	222	238	239	393	#
734	930.806	3	44	58	69	93	117	124	130	144	155	183	207	230	393	#
735	918.965	3	28	65	86	102	120	148	186	204	205	209	216	229	393	#
736	1908.08	11	20	33	47	73	88	90	96	109	112	115	117	128	129	140	155	157	159	161	163	191	216	223	236	241	247	394	#
737	2056.72	21	34	47	56	57	72	73	82	109	113	124	128	151	166	177	195	200	205	213	219	230	231	240	252	253	255	394	#
738	2020.11	15	19	54	75	77	81	82	88	95	100	112	121	125	128	133	136	144	164	165	191	193	205	214	237	247	250	394	#
739	2006.16	1	20	29	34	50	54	82	98	102	112	129	136	139	145	165	185	201	203	222	244	249	250	251	252	253	255	394	#
740	1959.23	13	16	23	35	50	51	61	79	80	81	83	91	103	109	114	123	135	159	165	171	189	204	213	233	241	250	394	#
741	1940.69	8	34	49	53	55	58	60	62	78	80	83	90	95	113	120	134	139	142	149	155	165	176	186	223	250	251	394	#
742	94.1212	89	218	395	#
743	89.9148	181	218	395	#
744	795.944	3	20	26	39	50	61	68	95	126	143	168	181	189	200	206	238	396	#
745	1158.5	27	39	77	88	92	113	118	126	129	146	158	162	178	190	192	205	396	#
746	1142.52	1	33	35	47	53	66	72	84	95	106	122	186	188	214	222	241	396	#
747	1130.06	16	20	37	53	57	71	80	85	98	107	117	139	157	181	225	237	396	#
748	1124.83	12	46	50	69	79	126	127	132	138	142	170	186	206	228	243	251	396	#
749	1115.99	3	9	126	132	135	138	139	144	149	155	170	177	210	214	222	238	396	#
750	914.15	12	57	86	106	134	182	208	209	211	214	397	#
751	1056.76	12	19	22	28	74	86	125	200	242	254	397	#
752	922.983	2	28	39	98	104	107	149	201	209	247	397	#
753	922.637	8	45	50	78	106	113	147	185	200	209	397	#
754	849.52	2	46	60	69	150	170	182	185	201	220	397	#
755	784.695	8	69	75	81	154	175	177	208	211	231	397	#
756	541	28	61	70	83	123	211	398	#
757	599.97	83	136	137	162	173	251	398	#
758	456.264	24	47	83	161	211	217	398	#
759	448.325	76	123	166	188	223	252	398	#
760	439.783	28	58	121	122	152	232	398	#
761	423.26	1	51	70	86	188	239	398	#
762	180.868	64	174	202	399	#
763	241.165	18	174	192	399	#
764	123.996	174	199	202	399	#
765	866.16	5	23	25	32	35	44	57	66	69	85	100	148	163	231	400	#
766	1294.72	20	24	57	67	70	78	86	94	121	126	130	133	183	240	400	#
767	1116.98	5	41	57	92	94	107	133	170	176	193	222	228	239	240	400	#
768	1046.44	30	31	49	59	64	69	71	98	105	107	136	142	159	230	400	#
769	972.46	10	72	92	107	120	126	130	158	163	182	229	232	246	252	400	#
770	969.23	25	32	37	54	55	57	70	111	150	179	204	237	242	249	400	#
771	103.341	109	#
772	111.742	246	#
773	359.136	7	22	92	105	156	401	#
774	433.951	49	105	112	169	170	401	#
775	364.648	51	104	156	185	250	401	#
776	361.302	17	75	92	176	255	401	#
777	147.895	7	14	40	92	161	401	#
778	435.844	16	86	90	176	188	223	402	#
779	427.555	86	112	158	174	180	198	402	#
780	420.725	24	50	80	183	188	191	402	#
781	415.745	16	134	167	205	246	247	402	#
782	371.02	26	117	137	163	223	252	402	#
783	344.295	4	33	91	135	176	207	402	#
784	1416.49	25	26	50	62	72	84	96	119	133	141	168	188	201	206	212	222	246	247	252	403	#
785	1666.22	25	28	49	60	65	88	93	122	134	146	175	182	183	190	197	198	209	225	249	403	#
786	1630.24	28	54	57	72	73	96	108	119	120	123	173	185	188	191	192	207	211	227	246	403	#
787	1610.64	2	4	39	60	84	102	111	129	130	148	190	196	209	211	232	235	244	247	255	403	#
788	1548.68	24	50	84	98	99	114	127	128	142	146	152	153	158	180	191	193	207	216	255	403	#
789	1494.44	8	55	64	72	74	105	118	137	159	168	176	189	190	204	210	232	234	242	245	403	#
790	2366.04	18	19	20	23	32	42	46	48	63	65	67	72	87	91	94	103	108	114	121	129	130	143	148	158	174	175	179	195	199	212	216	220	228	234	236	244	246	254	404	#
791	3123.05	6	10	12	35	40	52	66	71	84	90	91	98	114	121	123	133	144	147	150	169	172	178	184	188	198	200	202	203	205	211	216	220	228	229	239	240	241	247	404	#
792	3030.24	3	12	16	19	21	22	24	29	41	44	67	84	85	90	94	98	112	124	145	162	165	168	171	172	173	174	180	187	203	204	207	210	229	238	239	244	246	251	404	#
793	2946.94	0	4	7	8	13	49	51	53	82	84	91	97	99	107	118	119	121	122	131	139	141	142	145	149	159	178	190	196	199	200	205	207	211	214	240	250	251	255	404	#
794	2874.32	4	8	12	14	19	20	23	24	28	29	35	46	58	67	72	77	88	105	113	115	118	121	135	148	159	160	162	167	171	178	179	180	190	204	238	241	254	255	404	#
795	2842.04	3	32	42	53	54	55	58	70	72	75	76	87	104	105	108	119	130	140	156	157	163	165	173	189	190	193	194	200	203	208	209	216	221	229	239	247	251	254	404	#
796	1248.42	14	28	77	99	104	116	125	126	135	155	165	198	217	226	405	#
797	1113.84	21	25	28	29	35	98	111	112	143	188	203	221	225	239	405	#
798	1078.12	8	11	25	54	81	90	96	140	178	217	224	245	246	248	405	#
799	1040.46	6	25	41	50	60	63	81	125	151	155	156	166	209	247	405	#
800	975.687	0	6	42	64	68	80	103	126	147	160	168	210	220	236	405	#
801	947.456	30	34	51	53	62	91	96	104	113	122	125	143	180	192	405	#
802	142.015	63	#
803	89.5179	3	26	50	101	248	#
804	1637.49	14	24	35	43	57	59	64	71	80	97	106	117	134	146	147	163	171	173	187	188	195	203	218	235	245	249	406	#
805	2398.31	11	14	24	36	52	58	68	72	77	80	110	113	118	127	128	134	145	146	166	174	187	227	231	232	247	252	406	#
806	2312.88	2	7	8	9	11	43	47	49	61	62	66	69	70	76	83	104	108	120	133	156	160	161	185	187	203	239	406	#
807	2283.79	22	31	48	57	58	64	67	69	71	77	89	94	108	135	136	137	156	157	169	173	174	175	191	230	236	251	406	#
808	2186.31	7	9	46	52	57	59	65	71	82	89	91	108	118	134	140	157	160	169	179	185	189	200	201	226	229	247	406	#
809	2151.34	1	2	12	13	15	18	33	37	71	72	80	89	100	135	136	147	154	158	171	183	187	194	207	227	232	254	406	#
810	342.428	31	120	205	211	244	407	#
811	320.977	61	88	116	223	244	407	#
812	316.387	31	50	109	126	167	407	#
813	304.377	1	41	51	188	211	407	#
814	127.349	20	120	139	174	195	407	#
815	892.773	16	17	24	34	52	60	89	128	129	133	147	148	170	194	206	408	#
816	1326.34	32	34	86	91	116	128	132	133	139	141	166	182	194	219	243	408	#
817	1231.18	2	38	140	144	147	149	169	188	201	214	221	224	232	235	239	408	#
818	1149.71	9	12	20	42	47	71	77	114	135	140	148	200	213	219	246	408	#
819	1058.78	3	51	61	84	120	133	137	195	206	216	224	234	235	239	244	408	#
820	1013.93	30	39	44	60	69	82	101	128	129	155	171	172	174	175	209	408	#
821	596.544	54	59	140	144	163	169	172	208	210	234	235	254	409	#
822	887.367	34	49	88	129	132	153	169	192	200	222	239	244	409	#
823	868.204	8	27	38	70	72	107	128	138	160	208	238	246	409	#
824	799.14	27	51	69	76	99	147	163	165	171	182	190	241	409	#
825	708.904	22	26	43	142	155	183	202	210	214	226	228	247	409	#
826	611.323	16	30	37	79	82	129	152	174	183	195	209	254	409	#
827	1600.21	3	11	30	41	61	77	93	99	104	119	150	178	193	197	205	206	225	226	228	230	240	241	250	410	#
828	1953.44	18	24	29	31	33	45	56	61	78	90	91	94	98	100	105	150	177	205	210	228	241	251	254	410	#
829	1939.25	3	11	14	15	33	38	61	82	90	93	98	99	106	113	127	138	146	162	163	185	207	209	238	410	#
830	1935.13	15	18	24	30	46	63	67	78	80	82	105	111	118	124	150	166	192	193	205	216	220	241	244	410	#
831	1806.66	15	17	24	41	61	72	81	83	116	130	144	145	146	173	180	191	200	206	208	211	213	231	238	410	#
832	1732.34	9	18	28	30	78	82	111	113	114	125	142	146	151	177	200	203	210	211	213	216	245	246	252	410	#
833	110.586	115	117	238	411	#
834	127.32	115	140	158	411	#
835	95.8809	5	112	238	411	#
836	48.2486	8	26	117	411	#
837	574.495	43	70	176	177	212	226	239	412	#
838	653.672	43	70	80	164	205	239	240	412	#
839	627.829	117	118	134	151	157	162	226	412	#
840	613.846	23	28	40	43	92	183	230	412	#
841	537.407	79	93	100	104	184	226	239	412	#
842	403.821	62	72	130	160	164	165	176	412	#
843	421.088	23	94	117	176	213	216	413	#
844	426.53	77	109	132	152	176	195	413	#
845	377.064	38	40	108	173	180	213	413	#
846	285.059	59	64	117	133	152	238	413	#
847	282.868	23	37	80	111	117	177	413	#
848	259.801	16	25	32	94	135	141	413	#
849	722.981	2	4	5	14	18	78	127	158	163	194	216	227	239	249	414	#
850	1072.38	1	2	4	7	13	34	39	48	60	116	145	151	178	200	414	#
851	1055.52	36	38	51	74	78	83	96	123	126	230	236	238	239	254	414	#
852	1037.89	42	51	98	114	130	152	158	169	180	185	188	204	234	239	414	#
853	1029.57	10	29	63	93	96	97	101	161	194	200	207	216	241	249	414	#
854	1009.06	4	5	7	18	57	91	95	100	118	124	175	190	213	247	414	#
855	560.208	16	63	114	151	167	214	415	#
856	668.458	82	114	133	147	189	234	415	#
857	553.701	63	129	131	180	214	230	415	#
858	419.229	39	52	98	151	178	183	415	#
859	412.228	3	66	119	126	214	216	415	#
860	384.049	38	42	52	74	106	167	415	#
861	577.175	35	42	107	122	184	205	237	255	416	#
862	667.263	42	83	99	120	155	205	207	218	416	#
863	641.498	22	35	44	75	130	194	215	247	416	#
864	589.788	32	52	79	88	114	122	207	248	416	#
865	562.741	115	136	231	235	237	238	241	255	416	#
866	561.465	36	82	88	128	184	214	245	254	416	#
867	279.062	99	142	158	214	249	417	#
868	411.579	2	99	175	212	239	417	#
869	389.629	20	48	58	64	214	417	#
870	348.64	64	90	93	195	249	417	#
871	256.495	25	29	142	210	214	417	#
872	645.169	5	58	103	189	195	238	250	418	#
873	707.809	55	58	72	99	146	176	238	418	#
874	517.096	32	58	63	96	109	113	220	418	#
875	444.369	71	138	189	221	229	245	252	418	#
876	357.851	55	87	103	151	179	189	201	418	#
877	351.106	7	12	26	165	170	195	244	418	#
878	1140.63	18	33	48	60	95	103	107	111	146	159	163	166	171	183	187	193	206	213	215	222	225	245	253	419	#
879	1643.45	8	17	23	24	38	63	111	114	119	134	138	139	144	145	175	176	183	187	193	197	203	223	246	419	#
880	1624.1	4	7	11	28	29	42	54	57	82	85	91	95	138	141	149	150	170	190	212	238	246	252	255	419	#
881	1620.56	4	14	24	29	68	75	89	91	107	118	127	133	149	152	157	158	165	209	215	238	239	242	243	419	#
882	1609.01	17	18	20	28	65	76	81	88	98	109	110	121	127	150	173	183	192	206	213	227	233	242	248	419	#
883	1561.23	1	8	29	60	62	64	70	82	84	120	126	127	130	143	156	158	162	171	174	207	222	234	245	419	#
884	601.65	38	46	55	103	117	128	170	223	230	420	#
885	851.571	25	35	65	78	103	185	192	204	238	420	#
886	777.712	32	38	117	121	135	142	170	234	244	420	#
887	718.003	29	30	33	46	60	116	138	184	194	420	#
888	669.261	9	40	45	64	170	211	212	220	221	420	#
889	627.379	38	72	93	106	108	117	129	185	244	420	#
890	543.414	31	38	41	64	89	98	110	157	194	248	421	#
891	800.763	80	88	110	111	145	146	166	183	208	212	421	#
892	709.298	3	11	14	38	58	66	117	150	183	190	421	#
893	672.415	59	71	96	98	131	151	167	197	203	213	421	#
894	661.361	34	35	68	80	89	125	144	221	242	248	421	#
895	660.571	0	141	142	144	151	157	187	198	208	218	421	#
896	2572.97	12	14	17	18	26	30	49	56	59	64	68	74	84	88	96	97	109	114	115	123	128	137	147	150	154	157	158	172	198	200	206	214	228	231	249	422	#
897	3320.35	1	19	21	31	34	37	40	50	64	65	71	87	97	106	113	118	136	140	147	148	149	150	154	159	165	171	174	175	184	192	220	229	236	243	250	422	#
898	3028.05	9	15	17	26	27	29	35	48	51	54	55	70	90	96	106	107	108	114	131	137	139	148	149	150	152	163	170	174	193	199	212	213	220	232	249	422	#
899	2967.93	6	18	20	32	50	55	64	65	91	96	99	107	108	115	141	147	154	155	159	161	162	163	174	181	182	186	189	218	226	232	236	241	248	249	250	422	#
900	2953.95	6	15	19	21	35	38	43	48	50	64	71	79	90	93	98	111	113	114	115	128	144	155	169	173	192	195	200	204	205	207	226	229	233	240	249	422	#
901	2947.28	1	14	23	34	35	47	63	71	75	78	85	94	102	111	112	113	117	120	122	123	143	147	149	151	159	164	172	177	183	185	191	217	234	243	250	422	#
902	443.955	116	153	213	243	252	423	#
903	474.63	27	84	174	197	252	423	#
904	395.38	20	25	78	116	181	423	#
905	342.524	1	46	111	153	162	423	#
906	252.386	3	170	218	243	254	423	#
907	694.539	0	12	25	106	119	124	143	164	194	215	236	424	#
908	882.78	26	51	56	89	106	130	185	206	207	211	224	424	#
909	780.959	34	118	119	130	131	154	173	174	208	212	216	424	#
910	767.693	21	45	62	71	74	89	93	106	164	199	254	424	#
911	712.296	21	66	72	85	112	122	124	186	190	224	255	424	#
912	666.652	0	4	25	93	98	127	172	174	182	187	235	424	#
913	188.884	189	216	218	425	#
914	264.631	87	189	220	425	#
915	263.755	62	99	216	425	#
916	241.175	145	184	218	425	#
917	362.503	15	60	107	197	223	254	426	#
918	503.283	27	33	56	68	184	197	426	#
919	371.388	10	15	28	155	197	235	426	#
920	330.965	11	60	100	140	180	205	426	#
921	320.585	17	32	130	182	222	223	426	#
922	280.468	72	84	107	133	140	229	426	#
923	98.0423	4	226	#
924	21.8177	95	227	#
925	216.233	77	122	198	219	427	#
926	314.875	122	124	144	200	427	#
927	198.42	89	116	203	219	427	#
928	187.325	30	176	198	242	427	#
929	171.387	77	122	226	245	427	#
930	157.476	29	112	145	183	196	428	#
931	18.7488	29	42	127	159	199	428	#
932	268.098	9	80	165	196	206	429	#
933	389.064	87	99	136	139	196	429	#
934	340.609	80	83	102	136	254	429	#
935	327.03	165	179	182	232	236	429	#
936	306.989	9	13	24	146	159	429	#
937	303.342	182	204	206	220	251	429	#
938	41.1806	52	#
939	906.597	3	24	31	35	65	102	107	116	152	171	192	211	232	251	430	#
940	1247.92	1	8	28	35	91	94	160	171	172	192	197	199	223	227	430	#
941	1228.16	30	34	35	37	49	57	69	73	79	95	134	170	187	227	430	#
942	1100.72	1	43	65	89	106	160	170	179	206	209	211	228	241	242	430	#
943	1022.22	7	29	76	102	130	133	135	144	170	203	209	211	232	249	430	#
944	1010.07	2	9	23	37	53	121	134	142	171	179	181	188	201	224	430	#
945	359.576	25	95	124	214	431	#
946	384.415	44	124	128	199	431	#
947	347.483	15	25	76	173	431	#
948	316.752	18	75	91	214	431	#
949	218.319	23	52	66	95	431	#
950	384.236	29	125	136	184	432	#
951	528.049	67	136	174	244	432	#
952	364.154	29	37	88	142	432	#
953	213.302	118	125	131	169	432	#
954	650.809	20	51	78	89	113	142	145	148	161	254	433	#
955	779.498	20	59	113	117	119	138	204	235	243	252	433	#
956	759.239	6	10	20	38	45	89	102	125	160	241	433	#
957	733.426	38	61	140	148	170	175	201	219	230	254	433	#
958	721.722	39	63	112	126	148	197	201	221	224	251	433	#
959	538.484	53	77	87	117	118	145	215	226	242	245	433	#
960	26.9849	198	#
961	557.044	6	13	47	51	72	76	120	130	157	159	163	215	434	#
962	812.133	15	22	51	67	105	108	132	159	181	184	236	252	434	#
963	804.996	6	10	31	38	93	100	113	149	153	220	248	251	434	#
964	752.241	7	20	59	87	90	93	96	98	146	162	215	229	434	#
965	736.921	11	13	29	55	64	98	99	120	126	136	172	173	434	#
966	609.407	13	21	31	51	65	68	83	106	143	231	239	253	434	#
967	3242.07	0	1	4	5	15	30	32	33	41	45	52	60	61	62	66	79	81	93	100	101	102	112	113	120	125	136	142	152	153	157	159	161	172	187	191	196	205	213	215	220	222	223	232	240	244	246	254	435	#
968	3920.57	3	8	11	15	31	36	48	50	53	55	65	68	75	78	83	84	88	90	97	99	106	108	112	114	119	122	128	139	140	142	143	145	146	153	166	172	173	175	180	195	199	212	215	225	240	250	254	435	#
969	3877.34	4	6	9	17	32	33	35	36	38	45	56	60	61	63	64	68	69	79	88	89	98	106	107	108	109	113	125	126	127	147	152	160	177	178	182	184	190	195	197	205	211	225	227	234	239	244	251	435	#
970	3776.25	14	19	30	31	33	36	42	46	52	55	60	62	64	67	70	72	79	82	83	88	94	101	102	103	113	114	121	127	144	146	165	169	171	173	191	194	197	209	222	225	237	238	239	240	241	243	244	435	#
971	3755.3	4	5	7	8	16	17	20	24	25	30	43	55	61	63	71	73	82	83	84	97	100	103	106	119	120	136	159	164	165	167	180	181	195	196	204	207	210	212	217	229	238	239	241	244	250	251	254	435	#
972	3682.26	0	6	8	18	24	27	32	42	44	51	52	53	54	68	71	72	79	81	82	83	84	85	98	103	113	124	130	146	153	158	161	170	172	178	190	192	196	208	209	210	220	224	239	242	243	250	255	435	#
973	2312.37	6	11	25	27	31	32	57	65	75	85	93	102	108	125	130	143	164	166	170	193	200	214	216	220	223	228	233	241	246	436	#
974	2544.67	0	11	17	47	58	85	93	95	97	101	108	117	122	124	137	139	150	154	162	163	164	177	202	218	222	235	247	251	255	436	#
975	2518.35	4	7	17	18	35	39	56	64	74	79	84	97	98	114	116	136	161	164	170	202	204	208	219	221	232	245	247	248	249	436	#
976	2378.51	0	7	12	27	38	39	72	87	113	116	132	134	142	148	150	151	152	157	160	165	167	184	187	203	220	229	249	254	255	436	#
977	2236.46	3	4	6	26	38	39	51	72	75	76	82	94	98	102	105	108	109	113	116	121	125	136	137	139	179	203	234	235	253	436	#
978	2236.05	26	27	29	30	34	57	65	72	81	82	87	95	99	114	124	143	146	162	164	172	178	185	187	205	211	224	232	235	247	436	#
979	1070.02	29	99	117	125	127	155	162	193	202	204	245	251	437	#
980	1008.84	24	50	93	117	120	125	196	197	200	208	237	240	437	#
981	982.063	0	17	36	60	68	111	116	121	139	191	193	208	437	#
982	933.27	0	28	82	89	90	106	111	113	158	204	219	233	437	#
983	887.424	24	38	41	87	102	107	145	159	166	202	215	234	437	#
984	783.759	10	90	91	99	106	125	162	163	181	196	226	228	437	#
985	740.042	53	54	72	131	200	204	207	246	255	438	#
986	850.371	54	61	82	125	144	177	210	227	236	438	#
987	816.769	60	88	98	102	103	192	224	243	255	438	#
988	766.449	18	22	103	112	142	155	196	204	241	438	#
989	736.112	49	54	109	119	131	143	221	223	245	438	#
990	529.499	9	72	107	119	136	208	218	232	248	438	#
991	98.8155	196	#
992	270.38	18	111	152	255	439	#
993	312.981	41	111	117	197	439	#
994	260.557	9	152	216	220	439	#
995	225.388	18	164	175	182	439	#
996	1128.2	10	33	66	72	95	112	116	134	142	203	208	214	216	217	218	241	440	#
997	1447.52	10	14	29	63	76	89	113	128	134	135	153	185	199	207	216	236	440	#
998	1415.12	32	40	45	74	80	113	145	158	177	200	211	229	234	238	241	245	440	#
999	1308.75	10	19	37	62	69	71	84	86	95	117	118	129	216	236	247	251	440	#
1000	1257.65	6	23	25	30	71	76	88	94	105	112	115	140	160	214	219	236	440	#
1001	1210.83	21	25	29	33	49	51	56	58	74	96	121	135	181	191	203	208	440	#
