%% File generated by CATS v.2.1Wed Jun 29 15:51:32 2011

%% The CATS webpage is http://robotics.stanford.edu/CATS

%% PARAMETER SETTINGS:
% Goods: 50; Bids: 400; Distribution: arbitrary; Runs: 1; Seed: 1309379623
% Arbitrary Distribution Parameters:
% Max Substitutable Bids = 5
% Removing HV Neighbor   = 0.1
% Adding DIAG Neighbor   = 0.2
% Additional Location    = 0.9
% Additivity             = 0.2
% Budget Factor          = 1.5
% Resale Factor          = 0.5
% Normal Private Value:
%   Mean                 = 0
%   Standard Deviation   = 30



goods 50
bids 400
dummy 75

0	945.246	31	32	34	35	37	42	44	46	47	48	49	50	#
1	1081.72	1	6	15	16	21	26	29	33	34	45	49	50	#
2	1052.99	7	10	13	15	17	25	27	35	47	48	49	50	#
3	1001.16	17	21	24	25	30	32	35	36	39	45	46	50	#
4	930.931	3	6	19	25	30	31	34	44	47	48	49	50	#
5	929.174	0	1	6	12	14	24	34	35	37	39	46	50	#
6	92.3848	43	#
7	336.89	9	12	31	45	51	#
8	334.487	17	31	38	45	51	#
9	251.087	19	31	45	46	51	#
10	200.048	12	15	20	47	51	#
11	83.7071	2	9	15	47	51	#
12	30.946	7	33	52	#
13	17.9771	33	37	52	#
14	1073.19	9	11	14	16	27	30	31	36	43	44	45	49	53	#
15	1196.72	6	10	16	17	24	26	27	30	36	39	42	44	53	#
16	1102.19	6	16	17	22	27	30	33	39	41	44	48	49	53	#
17	1071.43	1	11	14	16	21	22	25	27	41	44	45	48	53	#
18	1032.85	8	9	11	16	17	27	31	34	38	40	43	45	53	#
19	978.912	9	11	16	18	22	23	27	35	39	41	48	49	53	#
20	430.177	18	31	38	48	54	#
21	452.338	1	21	32	38	54	#
22	326.136	0	18	39	43	54	#
23	255.157	15	26	31	38	54	#
24	190.244	11	33	44	48	54	#
25	1815.73	0	1	3	9	11	14	15	16	18	19	22	23	24	27	29	34	35	38	40	41	42	43	48	49	55	#
26	2047.94	0	1	3	8	10	11	14	17	21	22	23	25	27	30	31	32	35	40	42	43	46	47	48	49	55	#
27	2008.63	0	1	4	6	12	13	15	18	19	22	25	30	31	32	33	38	39	40	41	42	43	46	47	49	55	#
28	1975.89	0	1	2	6	8	13	15	17	24	30	32	33	34	38	39	41	42	43	44	45	46	47	48	49	55	#
29	1932.81	0	4	12	14	18	19	20	22	23	25	29	30	31	32	33	34	35	38	41	42	44	47	48	49	55	#
30	1861.2	1	2	4	7	8	12	14	17	18	23	24	30	31	32	33	35	36	38	39	41	42	43	48	49	55	#
31	117.237	4	15	36	40	#
32	1108.44	0	1	6	12	13	15	17	21	22	30	35	37	38	40	44	46	56	#
33	1533.85	1	6	7	8	9	10	13	17	19	20	22	23	24	34	39	44	56	#
34	1459.81	1	7	9	11	20	21	22	23	25	30	31	38	40	41	46	47	56	#
35	1397.06	1	8	10	11	13	16	20	21	22	23	24	26	30	37	39	41	56	#
36	1327.79	5	6	9	12	13	15	17	18	20	22	23	31	35	38	39	40	56	#
37	1301.87	8	13	15	16	17	20	22	31	34	35	38	39	40	41	46	47	56	#
38	697.278	6	7	11	24	29	32	36	41	42	47	57	#
39	975.38	11	14	18	24	26	29	36	39	42	48	57	#
40	937.892	10	11	16	17	19	36	40	41	42	45	57	#
41	875.672	6	16	19	24	26	35	36	37	45	48	57	#
42	872.199	0	6	7	17	22	27	38	40	42	43	57	#
43	864.818	25	27	36	37	38	41	42	45	47	49	57	#
44	765.904	2	3	5	11	13	14	24	26	35	48	58	#
45	1091.69	11	18	22	35	39	42	44	46	48	49	58	#
46	1017.85	1	12	17	18	23	30	36	45	46	48	58	#
47	1000.65	1	2	3	11	18	19	21	42	47	49	58	#
48	964.184	1	11	12	13	24	26	36	39	45	49	58	#
49	762.982	1	13	18	22	23	25	26	31	40	45	58	#
50	2473.08	2	6	7	9	11	13	14	15	16	17	19	22	23	24	25	26	27	29	31	32	33	35	36	37	38	39	40	41	42	43	44	45	46	59	#
51	2796.84	3	4	6	7	8	10	11	12	13	15	17	20	21	22	23	26	27	28	29	30	31	32	33	34	35	36	38	39	40	41	42	45	47	59	#
52	2766.54	2	6	7	8	12	14	16	17	19	20	21	22	23	24	25	26	28	29	30	31	32	33	34	35	36	37	38	39	41	44	45	46	49	59	#
53	2728.04	4	5	6	7	8	10	12	13	15	16	17	18	20	21	22	23	24	25	26	27	28	29	30	32	33	34	37	38	42	43	46	48	49	59	#
54	2719.2	6	7	9	10	11	12	14	15	16	17	18	20	21	22	23	24	25	26	27	28	29	31	32	33	35	36	37	38	40	41	42	43	46	59	#
55	2705.88	2	4	5	6	7	12	13	14	17	20	22	23	24	25	27	28	30	31	32	33	34	35	36	37	38	41	42	43	44	46	47	48	49	59	#
56	1478.01	6	10	16	17	20	29	30	33	35	36	37	39	40	42	46	47	48	49	60	#
57	1514.3	6	7	10	12	16	17	20	22	28	31	32	39	41	43	44	45	46	48	60	#
58	1474.01	6	11	13	15	16	21	22	23	29	30	31	32	35	39	40	41	45	46	60	#
59	1429.39	1	7	8	19	20	22	23	25	26	28	31	37	39	40	44	47	48	49	60	#
60	1428.51	0	1	3	8	10	20	21	22	23	24	28	29	32	33	44	45	48	49	60	#
61	1414.32	6	9	11	16	17	18	20	21	25	28	30	31	32	34	38	41	44	47	60	#
62	1134.18	6	12	13	14	15	16	28	29	33	34	35	38	41	42	44	48	49	61	#
63	1251.38	0	5	7	17	21	28	29	34	35	37	39	41	42	44	47	48	49	61	#
64	1205.69	4	6	12	13	16	17	26	30	33	34	36	37	41	42	46	48	49	61	#
65	1201.49	4	5	6	7	12	15	17	21	28	31	32	33	38	39	41	42	49	61	#
66	1185.92	3	6	7	12	16	17	19	21	26	28	29	34	35	37	41	42	46	61	#
67	1156.01	1	4	5	6	10	12	13	17	24	25	30	32	34	36	46	48	49	61	#
68	470.226	1	4	6	21	37	46	48	62	#
69	669.393	1	6	9	10	14	28	31	62	#
70	626.842	6	11	19	20	25	31	42	62	#
71	625.886	6	20	24	29	33	42	48	62	#
72	549.463	2	16	20	22	25	28	37	62	#
73	465.981	6	15	28	29	36	37	46	62	#
74	122.714	29	#
75	761.824	5	9	15	16	20	21	22	29	30	40	41	63	#
76	1032.8	16	17	24	28	29	34	38	39	41	45	49	63	#
77	865.303	1	6	7	10	16	23	25	40	41	45	49	63	#
78	760.925	15	21	23	29	30	31	39	44	46	48	49	63	#
79	754.445	4	7	11	13	16	22	23	27	35	40	48	63	#
80	728.82	4	5	6	9	12	16	21	28	30	38	45	63	#
81	350.593	0	13	17	64	#
82	307.401	9	17	26	64	#
83	278.781	13	27	44	64	#
84	185.026	0	8	33	64	#
85	1254.78	6	7	11	15	18	25	30	33	34	35	36	39	41	43	48	49	65	#
86	1512.77	7	8	10	11	16	19	20	24	25	28	29	32	35	37	44	49	65	#
87	1504.92	10	11	16	18	19	20	21	24	25	26	28	34	43	44	45	49	65	#
88	1360.2	0	3	6	8	10	14	20	22	23	24	28	33	34	36	39	44	65	#
89	1320.41	1	6	7	11	14	17	20	28	30	35	38	39	41	45	48	49	65	#
90	1267.67	10	11	14	16	19	23	24	25	28	29	38	39	41	42	47	48	65	#
91	106.766	24	#
92	48.1418	2	16	33	#
93	194.754	18	40	41	66	#
94	270.704	39	41	44	66	#
95	235.52	17	18	46	66	#
96	228.03	11	25	40	66	#
97	334.308	6	16	19	42	46	67	#
98	447.572	16	17	18	20	45	67	#
99	413.334	6	8	11	27	28	67	#
100	188.823	7	33	41	42	44	67	#
101	1041.76	1	14	19	21	24	25	26	31	33	35	38	39	44	48	68	#
102	1215.4	8	17	18	20	21	23	25	29	30	32	39	42	44	49	68	#
103	1171.28	1	7	8	9	20	24	27	32	34	35	36	37	43	49	68	#
104	1137.56	1	9	15	19	22	26	27	30	31	33	34	35	36	37	68	#
105	1109.97	8	9	11	12	17	30	34	35	36	38	39	44	45	48	68	#
106	1104.03	8	9	17	23	24	26	29	31	32	36	37	40	42	43	68	#
107	712.128	7	8	12	17	18	20	28	39	69	#
108	907.881	0	1	6	13	21	32	34	39	69	#
109	653.871	10	14	20	25	26	37	39	47	69	#
110	614.336	8	10	19	23	25	31	37	45	69	#
111	608.922	4	12	15	19	25	40	46	47	69	#
112	547.731	7	11	17	19	26	35	41	49	69	#
113	252.323	11	40	45	47	70	#
114	323.886	18	20	31	40	70	#
115	318.066	11	44	45	47	70	#
116	308.264	2	12	19	47	70	#
117	233.533	11	20	26	35	70	#
118	1932.81	0	1	5	9	12	16	19	24	25	26	27	28	30	33	34	35	39	40	41	42	43	44	47	48	49	71	#
119	2169.63	1	4	5	6	7	9	14	17	19	20	21	23	24	25	27	29	32	34	35	38	39	44	45	47	49	71	#
120	2147.48	1	3	4	5	6	8	11	17	21	24	25	27	28	32	33	34	35	36	38	40	42	44	46	47	49	71	#
121	2140.86	4	5	6	7	9	12	16	17	20	22	26	27	30	31	33	34	38	39	40	41	43	44	45	47	49	71	#
122	2137.94	0	4	5	6	7	8	9	12	23	24	27	32	33	35	37	38	39	40	43	44	45	46	47	48	49	71	#
123	2128.26	0	4	5	6	8	9	14	16	20	21	22	25	26	27	28	29	32	33	34	39	40	42	45	46	48	71	#
124	1348.56	5	12	13	20	21	24	28	29	31	43	44	45	47	72	#
125	1235.49	5	12	16	19	22	24	25	28	30	34	39	40	47	72	#
126	1224.52	2	3	5	12	19	21	25	29	30	36	43	45	49	72	#
127	1201.29	4	12	14	15	17	18	20	21	23	24	31	37	38	72	#
128	1174.92	2	8	13	17	19	21	25	28	39	41	42	44	45	72	#
129	1152.27	5	21	25	26	30	36	39	40	41	44	45	47	49	72	#
130	1574.54	0	3	5	6	10	11	14	16	18	20	23	25	26	27	29	30	31	32	33	38	39	45	73	#
131	1863.43	0	1	2	3	6	11	16	17	18	19	21	22	24	26	27	30	32	33	43	46	48	49	73	#
132	1806.9	0	1	2	3	9	11	13	16	17	21	22	25	26	27	28	32	34	36	39	44	45	48	73	#
133	1754.75	1	6	8	10	11	14	16	17	18	20	22	23	24	26	28	32	33	35	39	43	44	49	73	#
134	1719.12	0	1	3	4	5	6	8	10	11	13	16	19	20	23	24	25	26	33	35	44	45	48	73	#
135	1718.6	0	1	2	3	9	10	11	13	14	16	21	22	24	25	27	33	34	35	36	39	42	48	73	#
136	333.683	14	20	37	74	#
137	315.774	14	20	31	74	#
138	265.182	7	20	37	74	#
139	262.716	25	37	47	74	#
140	948.175	3	4	6	12	17	19	20	21	23	28	29	32	34	35	39	46	75	#
141	1328.56	1	6	8	9	10	26	27	28	33	34	39	42	43	44	46	48	75	#
142	1286.13	2	6	8	9	15	19	24	26	27	29	33	38	39	41	43	48	75	#
143	1235.27	1	3	6	7	9	10	18	22	24	26	27	39	40	43	45	46	75	#
144	1229.3	0	1	4	6	7	9	14	20	23	32	33	38	39	40	47	48	75	#
145	1170.61	7	9	17	18	19	20	21	24	27	33	35	38	39	41	42	48	75	#
146	897.064	0	3	11	14	15	19	27	32	35	43	45	46	47	76	#
147	1307.58	18	19	25	27	28	29	30	31	34	35	45	48	49	76	#
148	1139.34	13	14	17	18	19	22	28	29	34	37	42	45	49	76	#
149	1118.99	0	15	17	18	20	22	24	29	31	36	43	45	47	76	#
150	1058.25	0	9	10	14	15	18	20	23	24	29	31	32	45	76	#
151	1012.75	17	18	19	20	22	27	29	30	33	34	41	47	48	76	#
152	377.244	6	16	18	30	41	44	77	#
153	479.236	6	7	21	24	25	40	77	#
154	465.194	15	31	32	33	34	41	77	#
155	430.888	3	25	27	28	30	46	77	#
156	399.421	3	13	15	16	17	19	77	#
157	393.267	11	17	21	24	40	44	77	#
158	994.232	0	1	2	5	14	16	22	24	27	28	29	38	40	41	78	#
159	1137.55	1	2	4	5	6	18	19	22	26	28	32	34	38	39	78	#
160	1101.12	1	2	3	6	8	14	17	19	23	28	30	34	37	39	78	#
161	1022.49	5	6	7	15	16	18	19	22	23	24	25	28	29	42	78	#
162	1014.51	0	1	6	7	12	22	23	24	27	28	29	30	38	41	78	#
163	952.31	0	7	12	13	16	17	22	29	32	34	35	43	44	48	78	#
164	493.445	11	12	21	24	29	40	45	49	79	#
165	675.801	5	10	11	23	24	42	48	49	79	#
166	649.832	10	24	25	26	32	41	44	49	79	#
167	638.313	1	3	14	21	28	43	46	49	79	#
168	555.441	15	17	25	30	31	36	45	47	79	#
169	538.327	4	14	24	37	40	44	47	49	79	#
170	148.113	4	24	44	80	#
171	111.044	24	40	41	80	#
172	123.862	14	#
173	442.184	12	20	33	35	48	81	#
174	598.35	12	13	20	44	49	81	#
175	474.93	12	18	35	43	49	81	#
176	362.033	22	23	26	35	49	81	#
177	352.765	0	13	21	26	33	81	#
178	174.702	37	38	45	46	48	81	#
179	118.219	20	40	82	#
180	155.078	30	40	82	#
181	478.346	4	11	13	15	16	19	25	26	31	35	37	83	#
182	648.662	1	6	7	11	14	18	21	24	25	43	45	83	#
183	636.54	2	3	9	12	17	22	31	35	38	40	48	83	#
184	469.078	3	7	9	13	15	19	24	25	29	37	45	83	#
185	234.28	4	8	23	84	#
186	339.811	8	20	29	84	#
187	275.647	4	30	34	84	#
188	182.559	8	23	35	84	#
189	546.828	4	26	32	33	41	45	85	#
190	702.848	6	10	17	20	32	48	85	#
191	574.349	2	4	7	8	24	47	85	#
192	572.458	6	15	20	33	41	47	85	#
193	554.85	9	26	33	41	42	44	85	#
194	505.978	9	12	14	22	31	45	85	#
195	2875.32	0	1	2	3	4	5	6	7	8	9	10	11	12	13	14	16	17	18	19	21	22	23	24	25	26	27	28	29	30	31	32	33	34	35	36	37	38	39	40	41	42	43	44	45	46	47	48	49	86	#
196	2944.33	0	1	2	3	4	6	7	8	9	10	11	12	13	14	15	16	17	18	19	20	21	22	23	24	25	26	27	28	29	30	31	32	33	34	35	36	38	39	40	41	42	43	44	45	46	47	48	49	86	#
197	2926.76	0	1	2	3	5	6	7	8	9	10	11	12	13	14	15	16	17	18	19	20	21	22	23	24	25	26	27	28	29	30	31	32	33	34	35	36	38	39	40	41	42	43	44	45	46	47	48	49	86	#
198	2926.2	0	1	2	3	4	5	6	7	8	9	10	11	12	13	14	15	16	17	18	19	20	21	22	23	24	25	26	27	28	29	30	31	32	33	34	35	38	39	40	41	42	43	44	45	46	47	48	49	86	#
199	2891.54	0	1	2	3	4	5	6	7	8	9	10	11	12	13	14	16	17	18	19	20	21	22	23	24	25	26	27	29	30	31	32	33	34	35	36	37	38	39	40	41	42	43	44	45	46	47	48	49	86	#
200	2889.79	0	1	2	3	5	6	7	8	9	10	11	12	13	14	15	16	17	18	19	20	21	22	23	24	25	26	27	28	29	30	31	32	33	34	35	37	38	39	40	41	42	43	44	45	46	47	48	49	86	#
201	741.582	0	1	12	20	28	29	42	87	#
202	666.079	2	7	17	34	37	42	47	87	#
203	640.988	0	9	20	21	29	31	40	87	#
204	610.282	0	9	13	20	29	39	41	87	#
205	596.883	0	9	11	20	29	36	37	87	#
206	590.66	12	25	36	38	39	41	49	87	#
207	826.552	2	3	5	9	14	17	19	20	23	28	42	49	88	#
208	1064.71	3	4	5	13	16	18	19	20	21	25	40	48	88	#
209	1052.02	2	3	6	7	9	17	20	23	24	29	42	45	88	#
210	1017.84	3	4	8	9	10	18	19	21	27	34	38	48	88	#
211	955.345	0	6	7	9	11	15	17	21	35	39	41	44	88	#
212	955.161	2	5	6	7	9	10	13	17	28	39	40	48	88	#
213	725.516	1	4	8	10	13	19	21	27	37	41	89	#
214	876.491	3	4	6	8	13	16	17	19	29	39	89	#
215	820.837	5	9	11	13	18	34	37	39	40	49	89	#
216	787.049	4	9	12	16	32	36	39	40	41	46	89	#
217	771.658	0	2	4	8	9	11	20	21	29	34	89	#
218	737.605	1	5	10	13	27	29	34	40	41	48	89	#
219	1311.07	1	3	5	8	10	12	13	14	21	22	24	26	28	33	36	37	40	41	44	47	90	#
220	1695.86	1	12	13	14	15	16	20	24	25	28	29	30	31	32	39	40	41	45	47	49	90	#
221	1661.92	1	4	5	8	12	14	15	20	24	25	29	31	32	33	39	40	41	44	46	48	90	#
222	1542.51	3	4	5	7	9	12	13	14	15	20	25	27	28	29	31	41	44	45	48	49	90	#
223	1518.29	0	1	2	4	5	10	12	13	14	24	28	29	31	32	36	40	41	42	44	46	90	#
224	1489.01	4	7	9	12	13	14	18	22	24	25	26	29	30	31	37	44	45	46	47	49	90	#
225	768.724	0	8	9	10	14	18	23	26	91	#
226	833.501	1	11	14	24	27	35	44	48	91	#
227	724.098	9	10	11	14	23	43	45	48	91	#
228	695.624	6	9	18	25	30	31	34	38	91	#
229	681.656	9	10	18	23	30	34	43	45	91	#
230	674.699	5	10	14	18	25	36	39	43	91	#
231	458.708	1	5	32	49	92	#
232	511.291	1	15	34	38	92	#
233	478.066	1	4	44	49	92	#
234	415.415	1	32	46	47	92	#
235	252.185	5	17	32	46	92	#
236	414.371	1	4	9	30	49	93	#
237	343.472	4	31	43	44	49	93	#
238	321.977	6	11	12	24	30	93	#
239	299.821	2	4	9	12	40	93	#
240	269.435	2	4	14	35	40	93	#
241	150.416	1	7	16	37	43	93	#
242	40.2805	4	32	94	#
243	48.6802	4	23	94	#
244	878.322	1	20	21	23	29	31	32	33	38	40	43	44	47	49	95	#
245	1231.64	2	8	11	13	19	20	21	25	29	30	31	32	36	47	95	#
246	1126.6	10	11	12	20	21	27	29	30	34	36	37	40	42	45	95	#
247	1103.01	2	5	20	21	22	25	26	28	29	31	36	37	43	47	95	#
248	1095.23	2	4	6	19	20	21	27	28	29	30	31	32	33	36	95	#
249	1086.79	1	10	17	20	25	26	28	30	33	36	37	38	39	44	95	#
250	1279.19	3	5	8	9	11	13	15	16	17	19	22	24	25	26	27	28	31	33	37	40	96	#
251	1872.02	3	5	7	17	18	19	20	22	23	24	25	27	29	31	32	42	43	46	47	48	96	#
252	1774.09	0	1	6	8	9	15	16	17	19	21	22	23	24	26	29	32	33	42	46	49	96	#
253	1757.99	2	4	5	15	16	17	18	19	20	23	24	25	27	28	31	36	43	47	48	49	96	#
254	1754.45	1	4	10	11	17	21	22	23	25	26	27	29	32	37	42	43	45	46	47	48	96	#
255	1680.94	0	3	4	6	9	10	17	18	21	22	23	24	25	27	29	31	33	42	45	48	96	#
256	126.978	8	9	97	#
257	153.161	8	29	97	#
258	112.293	9	47	97	#
259	644.947	0	3	8	17	19	20	22	29	37	39	98	#
260	841.857	1	4	14	18	19	20	21	23	28	39	98	#
261	792.424	3	5	8	18	22	23	29	30	40	49	98	#
262	792.078	1	4	5	6	14	22	23	24	29	43	98	#
263	776.863	1	4	16	17	23	24	25	45	46	49	98	#
264	719.74	6	8	23	24	26	28	33	38	39	45	98	#
265	183.32	3	8	9	26	28	99	#
266	274.425	3	10	35	37	39	99	#
267	247.049	1	5	9	15	16	99	#
268	54.3779	25	#
269	409.018	6	30	34	38	100	#
270	445.763	12	30	32	39	100	#
271	390.489	28	30	33	34	100	#
272	361.51	6	34	38	39	100	#
273	302.282	6	41	42	45	100	#
274	2566.58	1	4	5	6	10	11	12	14	16	17	18	19	21	24	25	26	28	29	30	32	33	34	37	39	40	41	45	46	47	101	#
275	2791.97	1	2	6	7	9	11	12	13	15	16	17	18	22	23	24	25	29	30	31	32	33	35	40	42	43	44	45	47	48	101	#
276	2740.93	0	1	2	3	4	5	6	7	9	11	12	13	14	15	17	23	24	25	27	29	30	31	32	34	39	41	42	43	48	101	#
277	2704.6	0	1	3	4	8	10	11	12	15	16	17	18	20	21	23	24	27	28	29	30	33	34	38	40	42	43	47	48	49	101	#
278	2688.16	0	1	3	4	5	7	8	10	11	12	13	16	17	18	20	21	22	23	24	26	28	29	30	31	32	34	37	41	49	101	#
279	2683.13	1	2	3	4	5	6	11	12	13	14	15	16	17	20	22	24	25	27	29	30	31	33	41	42	43	44	45	46	48	101	#
280	238.572	16	30	34	102	#
281	271.674	22	30	48	102	#
282	161.824	33	34	35	102	#
283	598.69	11	15	17	39	44	46	103	#
284	650.218	9	13	16	29	38	39	103	#
285	472.999	1	12	14	15	27	30	103	#
286	399.419	0	19	28	39	41	44	103	#
287	399.035	11	13	14	26	29	46	103	#
288	376.883	4	5	8	15	17	46	103	#
289	906.255	1	4	13	19	25	32	36	38	40	41	42	104	#
290	1203.27	1	17	18	19	24	25	34	36	41	47	48	104	#
291	1008.12	4	17	18	19	21	23	25	28	30	39	49	104	#
292	989.754	1	3	4	16	21	22	36	37	42	44	46	104	#
293	953.269	7	12	17	24	35	36	37	38	40	41	43	104	#
294	921.383	4	13	15	17	18	25	27	36	38	40	45	104	#
295	524.607	3	22	23	27	30	48	105	#
296	464.346	4	6	24	25	27	42	105	#
297	456.586	2	11	12	14	26	30	105	#
298	452.318	21	24	27	42	45	48	105	#
299	419.698	3	9	12	14	27	42	105	#
300	398.393	6	12	14	23	40	48	105	#
301	71.6412	40	#
302	1829.17	0	1	2	3	4	5	6	7	8	13	14	15	17	18	22	24	25	26	27	28	29	32	33	35	39	40	42	46	47	48	106	#
303	1962.89	0	1	2	3	4	5	6	13	16	17	19	20	21	23	24	25	26	27	29	32	34	35	37	39	41	42	43	46	48	49	106	#
304	1959.26	1	2	4	5	6	9	11	13	15	17	18	19	20	21	22	23	24	26	27	28	32	33	34	35	39	40	41	46	47	49	106	#
305	1937.48	0	2	3	4	5	6	7	8	12	13	16	17	18	20	23	26	28	29	32	33	34	35	38	39	40	42	46	47	48	49	106	#
306	1935.49	0	1	4	5	6	7	8	10	12	13	16	17	19	21	22	24	26	28	30	33	34	35	40	43	44	45	46	47	48	49	106	#
307	1935.11	0	1	2	4	5	7	8	9	11	12	13	16	17	18	19	23	26	27	28	29	30	33	34	35	39	40	42	46	47	48	106	#
308	603.226	4	5	10	16	24	26	30	107	#
309	585.473	0	7	10	11	20	22	30	107	#
310	583.369	21	26	27	28	30	32	36	107	#
311	581.491	1	21	23	24	31	42	49	107	#
312	580.012	15	16	17	20	24	25	41	107	#
313	566.275	4	5	14	16	20	32	38	107	#
314	249.419	17	32	45	108	#
315	248.092	0	17	44	108	#
316	207.283	10	37	45	108	#
317	205.811	9	32	39	108	#
318	271.134	0	15	24	49	109	#
319	302.678	12	20	21	24	109	#
320	263.101	0	34	44	46	109	#
321	218.803	15	19	26	49	109	#
322	108.542	13	15	39	41	109	#
323	2735.12	1	4	5	6	7	8	9	10	11	12	13	14	15	16	17	18	19	20	21	23	25	26	27	29	30	31	32	33	34	35	36	37	38	39	40	41	42	43	44	45	46	47	48	49	110	#
324	2886.52	2	4	5	6	8	9	10	11	12	13	14	15	16	17	18	19	20	21	22	23	24	25	26	27	29	30	31	32	34	35	36	37	38	39	40	41	42	43	44	45	46	47	48	49	110	#
325	2856.62	2	3	4	5	8	9	10	11	12	13	14	15	16	17	18	19	20	21	22	23	24	25	26	27	28	29	30	31	32	34	36	37	38	39	40	41	42	43	44	45	46	47	48	49	110	#
326	2788.81	0	2	3	4	5	6	8	10	11	12	13	14	15	16	17	18	19	20	21	22	23	24	25	26	27	28	30	31	32	34	35	36	37	38	39	40	42	43	44	45	46	47	48	49	110	#
327	2729.95	0	1	3	4	5	6	8	9	10	11	12	13	14	15	16	17	18	19	20	21	24	25	26	27	28	30	31	32	33	34	35	36	37	38	39	41	42	43	44	45	46	47	48	49	110	#
328	2729.5	1	2	3	4	5	6	8	9	11	12	13	14	15	16	17	18	20	21	22	23	25	26	27	28	30	31	32	33	34	35	36	37	38	39	40	41	42	43	44	45	46	47	48	49	110	#
329	853.041	8	9	15	18	19	23	26	30	31	37	40	111	#
330	1026.79	1	8	18	24	26	33	35	37	43	44	49	111	#
331	1017.87	1	6	16	18	21	26	27	30	33	37	43	111	#
332	1000.15	1	3	17	18	20	23	30	39	41	44	49	111	#
333	991.006	4	5	9	10	19	20	21	27	36	40	48	111	#
334	965.748	9	12	20	22	24	25	32	33	36	39	41	111	#
335	563.929	2	13	25	26	32	39	42	46	112	#
336	595.945	3	10	13	18	19	25	43	47	112	#
337	568.46	13	16	22	24	28	34	38	39	112	#
338	565.111	6	13	18	26	31	35	37	39	112	#
339	556.621	19	29	32	38	39	41	42	47	112	#
340	529.409	17	21	39	40	41	43	44	46	112	#
341	49.0648	12	#
342	248.09	6	29	30	113	#
343	360.097	18	20	30	113	#
344	267.866	6	20	28	113	#
345	128.614	6	29	40	113	#
346	329.654	12	14	28	46	114	#
347	338.523	2	12	23	37	114	#
348	312.504	12	21	29	46	114	#
349	298.164	12	28	37	46	114	#
350	277.451	12	14	16	39	114	#
351	321.195	5	18	22	29	40	47	115	#
352	372.148	9	11	28	29	31	33	115	#
353	215.896	2	5	6	19	44	46	115	#
354	470.606	4	5	9	14	17	29	36	44	47	49	116	#
355	666.55	13	16	21	29	32	36	38	45	48	49	116	#
356	610.37	9	14	16	20	23	28	30	31	36	49	116	#
357	539.634	5	6	14	21	26	27	36	39	42	44	116	#
358	535.584	1	8	10	13	15	19	28	31	36	44	116	#
359	530.569	0	12	21	24	26	29	32	33	47	49	116	#
360	541.836	2	3	6	7	17	22	35	46	48	117	#
361	805.938	12	17	18	26	29	30	34	47	48	117	#
362	636.767	14	17	23	25	27	32	34	37	48	117	#
363	619.308	2	3	7	8	12	17	29	34	35	117	#
364	611.639	1	3	10	27	29	30	31	35	37	117	#
365	525.309	11	15	17	21	27	30	35	38	44	117	#
366	376.4	40	41	42	46	118	#
367	442.291	17	40	45	47	118	#
368	379.563	14	22	42	46	118	#
369	267.143	30	35	42	44	118	#
370	176.664	5	15	18	41	118	#
371	48.3232	9	#
372	60.0033	26	45	#
373	319.778	20	21	37	119	#
374	291.679	21	22	37	119	#
375	243.696	4	20	41	119	#
376	254.55	26	28	33	43	48	120	#
377	361.712	26	32	41	43	48	120	#
378	318.183	26	28	33	34	39	120	#
379	287.657	6	14	33	34	38	120	#
380	235.511	5	26	34	41	46	120	#
381	194.497	15	27	33	46	48	120	#
382	358.282	10	13	18	21	121	#
383	403.493	13	21	31	34	121	#
384	367.229	11	13	34	45	121	#
385	300.195	14	18	19	20	121	#
386	207.775	10	16	25	36	121	#
387	453.832	6	28	34	35	42	122	#
388	392.196	0	5	34	38	41	122	#
389	373.697	14	22	34	35	44	122	#
390	264.138	23	35	37	40	42	122	#
391	203.889	10	15	26	28	39	122	#
392	152.529	6	10	37	42	47	122	#
393	305.886	4	13	20	22	25	35	123	#
394	449.179	8	10	18	25	31	33	123	#
395	414.881	2	4	12	35	42	46	123	#
396	388.049	0	3	18	20	31	36	123	#
397	176.888	27	36	124	#
398	260.08	25	27	124	#
399	201.857	24	36	124	#
