%% File generated by CATS v.2.1Wed Jun 29 15:51:32 2011

%% The CATS webpage is http://robotics.stanford.edu/CATS

%% PARAMETER SETTINGS:
% Goods: 50; Bids: 400; Distribution: arbitrary; Runs: 1; Seed: 1309379617
% Arbitrary Distribution Parameters:
% Max Substitutable Bids = 5
% Removing HV Neighbor   = 0.1
% Adding DIAG Neighbor   = 0.2
% Additional Location    = 0.9
% Additivity             = 0.2
% Budget Factor          = 1.5
% Resale Factor          = 0.5
% Uniform Private Value:
%   Deviation            = 0.5
%   Max Good Value       = 100



goods 50
bids 405
dummy 75

0	129.649	9	#
1	1643.38	0	5	6	7	9	11	14	15	16	17	18	19	22	25	26	30	31	34	37	38	39	41	50	#
2	1981.18	0	3	4	9	11	14	15	18	19	21	22	26	28	30	34	35	37	41	44	47	48	49	50	#
3	1960.02	0	3	11	12	14	16	17	21	22	25	26	28	31	34	37	39	40	41	44	45	46	48	50	#
4	1895.49	0	1	3	4	6	9	11	13	14	15	16	21	26	34	35	37	39	40	42	44	45	48	50	#
5	1894.47	0	3	5	6	8	9	14	15	16	18	21	22	28	29	30	39	40	41	42	44	45	47	50	#
6	1894.13	1	6	11	12	14	16	17	19	22	25	26	28	29	30	34	35	39	41	42	44	45	48	50	#
7	763.494	11	16	21	23	31	36	38	39	41	51	#
8	788.375	4	14	16	18	21	24	28	30	43	51	#
9	760.736	16	18	25	34	35	37	41	47	48	51	#
10	714.005	10	11	23	24	26	33	35	43	47	51	#
11	683.033	2	10	13	14	23	25	31	38	47	51	#
12	644.056	7	9	23	24	31	35	37	42	48	51	#
13	623.709	6	8	14	22	25	30	36	37	52	#
14	783.014	7	16	20	21	30	37	45	49	52	#
15	606.521	8	9	14	19	22	30	36	49	52	#
16	558.138	1	2	9	10	22	25	29	30	52	#
17	529.841	1	3	10	19	25	28	34	46	52	#
18	523.545	14	20	24	34	37	39	42	43	52	#
19	19.0502	14	#
20	424.198	3	5	36	37	41	45	53	#
21	392.814	10	22	29	30	45	47	53	#
22	379.192	13	18	19	34	36	43	53	#
23	376.255	23	24	25	35	38	41	53	#
24	376.128	3	9	22	29	46	49	53	#
25	346.833	3	12	15	18	37	42	53	#
26	702.944	1	3	12	14	18	21	23	33	44	54	#
27	796.877	3	7	13	18	21	27	33	34	49	54	#
28	708.842	13	14	17	23	26	30	42	44	45	54	#
29	693.713	3	13	17	21	27	30	31	33	42	54	#
30	682.809	5	8	9	13	14	20	23	30	35	54	#
31	642.221	10	17	18	23	26	34	42	47	49	54	#
32	387.113	5	15	17	20	21	41	44	55	#
33	560.434	2	7	16	17	18	30	43	55	#
34	507.945	11	16	17	20	22	47	48	55	#
35	427.562	15	25	26	31	40	41	49	55	#
36	287.193	3	5	17	20	25	40	43	55	#
37	456.069	5	7	9	20	24	33	38	56	#
38	660.247	9	11	13	20	37	40	48	56	#
39	570.388	2	8	9	10	28	30	33	56	#
40	556.715	11	23	24	31	38	39	42	56	#
41	493.967	3	7	11	12	20	30	43	56	#
42	474.188	5	11	33	35	39	40	42	56	#
43	756.802	7	11	21	25	26	29	34	48	57	#
44	760.611	1	2	3	11	21	27	29	36	57	#
45	752.658	1	9	12	15	16	25	26	30	57	#
46	739.349	0	9	10	11	16	19	21	26	57	#
47	622.826	3	9	15	22	27	29	40	49	57	#
48	619.838	7	11	21	25	31	34	43	45	57	#
49	934.42	2	8	9	10	19	20	22	24	26	28	30	38	41	58	#
50	1228.36	0	1	16	18	20	22	24	26	28	29	39	41	47	58	#
51	1190.59	1	4	15	16	18	20	21	22	24	28	29	38	46	58	#
52	1122.33	8	13	14	18	19	24	26	29	30	33	40	48	49	58	#
53	1114.85	1	4	8	10	16	20	24	26	33	38	39	41	48	58	#
54	1077.65	9	12	13	15	18	22	24	29	30	41	42	45	47	58	#
55	1099.66	4	9	13	18	20	22	25	27	28	29	35	40	41	42	45	47	59	#
56	1300.6	3	7	9	10	13	15	23	25	26	30	32	34	35	37	40	46	59	#
57	1291.5	3	4	11	13	18	22	25	26	29	30	32	34	37	40	45	47	59	#
58	1280.62	7	9	10	11	12	19	23	26	27	29	34	37	40	41	46	47	59	#
59	1269.24	9	11	12	23	26	27	31	32	33	34	37	39	40	41	46	47	59	#
60	1190.35	7	12	14	18	24	25	26	28	30	31	32	34	39	41	45	47	59	#
61	1513.48	0	1	2	5	10	11	12	14	21	22	23	25	26	28	29	32	38	40	41	43	46	47	60	#
62	1830.5	0	1	2	3	8	10	12	16	19	21	25	26	28	32	34	37	39	40	41	45	47	48	60	#
63	1764.69	0	2	4	5	8	10	11	12	16	20	23	28	29	30	32	36	38	39	41	47	48	49	60	#
64	1661.09	4	5	6	8	10	12	14	16	19	20	23	25	28	29	34	36	40	41	43	47	48	49	60	#
65	1652.74	2	3	5	8	10	12	16	17	19	20	21	23	26	28	30	36	39	40	41	43	47	48	60	#
66	1652.24	1	2	4	7	8	9	11	12	16	21	24	27	28	29	30	36	38	40	41	42	45	48	60	#
67	177.068	15	31	41	61	#
68	172.432	6	15	31	61	#
69	1006.95	1	3	8	10	11	14	16	23	25	35	36	43	48	62	#
70	1133.95	3	5	9	10	11	13	18	35	36	39	40	45	48	62	#
71	1080.14	3	9	11	12	14	18	28	33	35	36	40	42	45	62	#
72	1015.79	3	11	14	16	21	28	31	36	41	42	44	46	48	62	#
73	985.824	1	5	8	11	14	23	28	31	33	35	40	41	48	62	#
74	981.974	5	10	11	14	16	26	33	37	40	41	44	45	48	62	#
75	1250.92	2	3	10	11	16	24	26	28	29	31	38	39	40	43	45	46	47	63	#
76	1418.92	2	3	9	16	22	26	27	28	30	31	33	34	36	39	40	41	43	63	#
77	1247.51	3	14	22	24	25	26	27	28	29	30	31	34	35	37	40	41	49	63	#
78	1218.8	3	8	15	16	20	22	24	28	31	32	33	34	35	37	39	41	43	63	#
79	1216.75	0	3	9	12	21	22	25	28	31	32	34	35	37	38	39	40	48	63	#
80	1211.58	3	9	10	12	17	24	26	28	29	31	34	38	41	44	46	48	49	63	#
81	73.3101	42	#
82	1769.02	0	3	4	7	11	13	14	16	19	20	22	23	27	31	32	34	35	36	37	39	40	41	45	48	64	#
83	2075.88	0	1	3	7	9	11	16	18	19	22	23	27	30	31	34	35	37	40	41	43	44	45	48	49	64	#
84	1917.77	0	3	4	6	7	9	12	16	19	20	22	23	24	25	30	32	34	35	40	41	44	45	46	48	64	#
85	1876.01	0	3	4	6	7	8	9	11	12	16	18	19	20	24	27	35	36	37	39	40	42	43	46	48	64	#
86	1855.14	0	1	2	3	4	11	12	13	16	18	19	20	23	25	27	28	33	35	37	41	44	45	46	47	64	#
87	1853.72	0	1	3	4	6	8	11	13	16	17	18	19	20	21	24	27	33	35	37	38	40	42	44	48	64	#
88	531.208	0	2	6	12	13	16	27	32	65	#
89	709.585	5	6	16	21	30	32	35	38	65	#
90	690.986	4	5	6	8	16	25	33	37	65	#
91	680.538	2	13	16	30	32	37	38	40	65	#
92	616.876	0	7	25	33	35	41	42	43	65	#
93	604.313	6	7	12	25	33	35	41	47	65	#
94	2421.15	0	1	2	3	4	5	6	10	11	12	13	15	16	17	18	19	20	21	22	24	25	26	27	28	29	31	32	34	35	37	40	43	44	45	47	48	66	#
95	2518.31	0	1	2	3	4	6	8	9	10	11	12	13	15	16	17	18	19	20	21	22	24	26	27	28	29	31	32	34	35	37	39	40	42	44	45	49	66	#
96	2494.14	0	1	2	4	6	11	12	13	16	18	19	20	21	22	23	24	25	26	27	28	29	31	32	34	35	37	38	39	40	42	43	44	45	47	48	49	66	#
97	2489.95	0	2	4	6	7	8	9	10	11	12	13	14	16	17	18	19	20	21	22	23	24	26	28	29	31	34	35	36	37	39	42	43	44	45	47	48	66	#
98	2460.05	0	1	2	3	4	6	9	10	11	12	13	16	17	18	19	20	21	22	23	24	25	26	29	30	31	32	33	34	35	37	38	40	44	45	47	49	66	#
99	2455.42	0	1	2	4	6	7	9	10	11	12	13	14	16	17	18	19	20	21	22	23	24	26	28	29	30	31	33	34	35	37	43	44	45	47	48	49	66	#
100	794.724	2	3	5	7	9	10	12	17	18	21	24	27	34	35	47	67	#
101	1177.79	2	3	4	6	11	12	18	26	37	38	39	41	45	47	48	67	#
102	1093.76	0	3	5	10	18	21	31	34	35	36	38	39	41	45	47	67	#
103	1074.3	0	7	11	12	14	23	27	28	29	31	32	34	37	39	49	67	#
104	1072.03	3	4	5	6	7	10	11	18	25	32	35	38	41	47	48	67	#
105	1057.76	1	3	8	13	20	23	24	25	28	29	32	35	38	45	48	67	#
106	319.444	25	37	38	68	#
107	272.801	15	37	46	68	#
108	271.766	38	44	46	68	#
109	247.744	3	25	36	68	#
110	169.331	5	8	31	42	69	#
111	209.728	5	8	39	49	69	#
112	134.597	1	13	70	#
113	169.532	1	24	70	#
114	156.496	9	13	70	#
115	181.35	5	29	39	71	#
116	228.935	22	39	40	71	#
117	211.819	20	24	29	71	#
118	402.223	11	23	42	44	72	#
119	511.292	11	18	23	48	72	#
120	437.32	23	25	35	48	72	#
121	297.07	17	39	42	49	72	#
122	259.687	0	7	40	44	72	#
123	88.5151	2	7	12	44	#
124	252.14	11	45	73	#
125	243.87	11	18	73	#
126	231.836	45	49	73	#
127	1475.04	4	5	7	10	11	12	15	16	19	21	22	23	24	29	30	31	34	37	39	40	41	45	46	74	#
128	1792.29	5	6	11	12	13	18	20	21	22	26	28	29	30	31	32	34	35	37	39	40	42	45	47	74	#
129	1713.43	1	3	5	11	12	13	16	18	20	26	27	28	29	30	31	32	33	34	37	39	40	42	46	74	#
130	1689.96	3	5	7	12	13	15	16	18	19	21	22	23	24	26	29	30	32	34	37	40	42	43	45	74	#
131	1686.09	1	3	5	7	11	12	18	21	24	27	28	29	30	31	32	33	34	37	39	42	43	46	48	74	#
132	1672.38	1	3	5	12	13	14	18	19	21	22	26	28	31	34	35	37	39	40	41	42	43	45	47	74	#
133	1916.3	0	1	3	4	6	8	9	11	18	19	22	23	24	26	29	32	34	35	36	38	39	40	43	45	75	#
134	1944.55	0	1	3	4	6	8	9	11	15	18	22	23	24	25	26	32	33	34	37	39	40	43	45	46	75	#
135	1877.96	4	8	9	10	11	12	15	19	24	26	27	28	29	30	32	34	35	37	38	39	40	43	45	46	75	#
136	1851.85	2	3	4	6	8	9	10	11	15	19	22	24	25	26	29	30	32	34	35	38	39	40	43	46	75	#
137	1794.32	0	2	3	4	5	8	9	10	11	13	15	19	22	23	24	26	29	32	34	35	37	38	40	47	75	#
138	1785.38	4	6	8	9	10	11	12	13	15	16	24	25	32	33	34	35	36	37	38	39	40	43	44	46	75	#
139	262.435	5	39	43	76	#
140	315.465	19	23	39	76	#
141	192.155	5	12	48	76	#
142	459.096	1	4	12	20	24	25	35	77	#
143	611.956	9	19	25	30	33	35	45	77	#
144	546.555	3	7	12	15	21	30	48	77	#
145	493.302	1	7	9	18	25	34	40	77	#
146	472.269	12	14	19	24	25	31	35	77	#
147	433.404	4	10	11	16	32	38	40	77	#
148	611.269	3	5	14	19	33	34	35	36	38	42	46	78	#
149	838.357	3	5	8	14	22	23	28	29	34	35	36	78	#
150	788.568	1	6	9	12	19	25	28	34	37	39	47	78	#
151	777.487	9	11	15	28	29	34	36	38	42	46	48	78	#
152	761.114	3	12	15	22	28	29	31	33	34	38	44	78	#
153	731.642	1	5	24	28	31	34	38	40	41	48	49	78	#
154	1251.44	4	5	7	10	13	15	17	19	20	21	26	29	31	32	34	36	38	39	41	45	46	48	79	#
155	1718.3	4	8	9	10	13	17	21	24	25	27	28	29	30	33	34	35	36	37	39	41	45	48	79	#
156	1707.61	2	9	10	11	13	15	16	17	19	20	21	24	29	30	33	37	39	40	43	45	46	48	79	#
157	1666.42	1	4	9	10	15	16	18	19	22	23	24	26	34	35	36	37	38	40	41	45	47	48	79	#
158	1608.73	4	5	9	10	15	16	17	22	24	26	27	30	31	35	37	39	40	41	45	46	47	48	79	#
159	1555.33	1	2	6	12	13	15	17	18	23	24	25	27	30	35	37	38	39	40	41	45	46	48	79	#
160	1292.97	0	4	7	9	15	16	18	21	22	23	31	32	38	40	43	48	80	#
161	1346.87	4	9	10	15	16	20	21	22	30	32	37	38	39	42	45	48	80	#
162	1340.49	0	2	5	16	17	18	21	29	31	35	38	39	40	41	43	49	80	#
163	1333.21	2	4	6	9	10	16	17	18	20	21	32	35	37	38	39	41	80	#
164	1301.39	2	4	9	15	19	20	26	29	33	35	37	38	40	41	43	48	80	#
165	1291.25	7	10	11	15	16	18	20	23	33	35	39	40	41	42	43	47	80	#
166	122.028	5	29	81	#
167	123.13	27	29	81	#
168	386.645	7	17	33	37	40	42	82	#
169	492.201	4	11	13	17	29	31	82	#
170	426.158	4	20	21	37	38	48	82	#
171	357.484	0	2	33	40	47	48	82	#
172	343.753	17	25	29	38	39	42	82	#
173	324.655	20	22	25	33	37	40	82	#
174	202.835	9	19	83	#
175	176.836	9	33	83	#
176	146.072	13	19	83	#
177	129.461	12	46	84	#
178	148.529	12	26	84	#
179	1001.09	13	16	17	18	19	20	24	25	27	28	29	35	41	48	85	#
180	1126.07	7	9	13	16	18	19	20	24	33	37	39	41	44	47	85	#
181	1043.62	2	4	16	17	27	28	29	34	39	41	42	44	45	49	85	#
182	1029.97	7	13	16	24	30	31	35	37	39	40	41	44	45	48	85	#
183	1008.36	2	7	9	10	19	23	27	30	37	38	40	41	45	46	85	#
184	1004.09	9	10	11	16	17	26	35	38	39	41	45	46	47	48	85	#
185	594.676	2	7	9	12	28	29	49	86	#
186	647.015	2	9	16	27	28	38	48	86	#
187	573.096	2	19	28	29	33	46	49	86	#
188	539.558	3	7	12	13	29	32	40	86	#
189	489.907	2	3	4	26	38	43	49	86	#
190	480.194	12	19	22	27	29	38	46	86	#
191	47.4524	1	#
192	154.147	10	24	33	87	#
193	211.919	24	35	39	87	#
194	210.494	15	30	33	87	#
195	206.817	10	15	41	87	#
196	1150.67	3	4	8	12	13	14	16	21	24	25	38	39	42	45	46	88	#
197	1215.15	4	5	6	8	11	12	14	19	21	23	34	42	44	45	46	88	#
198	1136.82	3	11	21	28	32	35	36	37	38	39	41	43	44	45	47	88	#
199	1127.54	0	3	4	6	8	13	14	19	28	30	32	37	43	44	46	88	#
200	1117.97	0	1	3	5	11	23	28	30	33	38	39	43	44	45	46	88	#
201	1061.97	1	3	8	11	14	19	21	24	25	33	35	42	44	45	47	88	#
202	307.328	0	2	7	19	43	89	#
203	421.305	2	7	12	21	26	89	#
204	388.922	6	19	27	43	49	89	#
205	340.605	0	9	29	32	43	89	#
206	327.48	2	8	27	43	49	89	#
207	246.428	0	1	20	30	31	89	#
208	22.4527	46	#
209	7.88489	24	#
210	70.3823	31	47	#
211	514.198	5	11	16	21	40	48	90	#
212	619.99	10	16	18	23	30	48	90	#
213	499.242	11	18	21	31	34	36	90	#
214	455.292	7	11	21	22	30	36	90	#
215	432.521	5	27	38	42	45	48	90	#
216	373.914	17	22	40	41	45	47	90	#
217	240.854	12	25	38	91	#
218	281.264	19	25	49	91	#
219	257.307	12	32	37	91	#
220	204.367	0	38	46	91	#
221	538.342	9	12	17	32	34	41	43	92	#
222	712.13	4	9	19	34	38	39	41	92	#
223	675.798	1	21	23	34	38	39	40	92	#
224	579.557	4	7	9	27	30	38	40	92	#
225	471.055	12	27	29	30	31	41	43	92	#
226	464.047	2	7	14	30	40	43	49	92	#
227	77.3119	3	#
228	636.444	5	9	10	18	23	24	26	43	93	#
229	647.456	1	5	6	9	17	19	34	43	93	#
230	609.9	0	5	10	18	44	45	46	47	93	#
231	608.774	1	4	6	9	17	23	26	35	93	#
232	598.107	4	5	9	10	30	40	43	44	93	#
233	574.773	5	9	10	25	27	39	40	43	93	#
234	146.657	21	#
235	685.613	8	9	10	14	21	33	35	41	44	94	#
236	829.484	1	9	12	21	24	25	30	35	49	94	#
237	663.347	5	10	24	25	33	35	37	40	41	94	#
238	619.715	5	7	8	23	25	31	33	35	40	94	#
239	615.09	1	9	10	26	29	31	40	42	47	94	#
240	582.435	0	12	22	25	39	41	44	47	49	94	#
241	122.452	18	#
242	682.109	0	19	20	22	25	28	31	35	36	39	40	95	#
243	941.472	0	10	11	12	18	20	22	23	39	45	47	95	#
244	881.583	11	14	17	20	23	25	29	30	35	43	45	95	#
245	876.843	3	6	10	11	20	35	36	39	45	47	49	95	#
246	853.122	0	3	12	14	20	22	23	29	39	46	47	95	#
247	818.354	10	19	20	21	22	27	28	29	39	44	47	95	#
248	540.387	3	21	28	29	30	32	35	36	38	96	#
249	735.461	0	23	25	30	32	33	43	44	47	96	#
250	663.964	13	18	26	28	33	36	45	48	49	96	#
251	660.182	0	12	23	28	29	32	42	43	44	96	#
252	643.931	5	23	27	30	32	38	42	46	48	96	#
253	602.902	1	7	9	27	29	36	43	47	49	96	#
254	1941.66	1	2	4	5	7	11	12	13	14	20	24	25	26	27	28	31	33	34	35	36	37	41	42	43	46	47	49	97	#
255	2195.17	1	2	5	7	8	11	13	14	15	18	20	24	25	26	27	28	31	33	34	35	37	39	40	41	42	44	47	97	#
256	2140.03	1	2	4	7	9	11	12	13	18	20	22	25	26	27	28	29	30	31	32	34	35	37	39	41	47	48	49	97	#
257	2116.97	1	2	3	4	7	8	12	13	14	15	18	19	20	22	24	27	28	35	37	38	39	41	42	43	44	45	47	97	#
258	2100.93	1	4	5	7	8	11	12	13	14	15	18	19	20	22	23	24	26	30	31	34	35	39	41	42	44	45	47	97	#
259	2093.36	1	2	4	5	9	12	13	14	18	20	23	24	26	27	28	31	32	34	35	37	39	41	42	45	46	48	49	97	#
260	1728.49	1	5	9	12	13	14	15	19	20	21	22	25	26	27	28	29	31	32	33	34	35	36	37	41	42	48	98	#
261	2069.45	2	4	5	9	13	14	15	19	21	26	28	29	30	31	32	34	36	37	39	41	42	43	44	46	47	48	98	#
262	1991.07	1	3	4	9	11	12	13	14	15	22	23	24	27	28	29	30	32	34	37	39	40	42	43	44	47	48	98	#
263	1966.84	0	2	3	4	5	6	9	13	15	16	21	25	27	28	30	31	34	35	36	37	39	40	43	44	46	47	98	#
264	1961.52	0	1	4	6	9	12	13	15	19	20	21	24	25	26	28	31	32	37	39	40	41	42	43	44	47	48	98	#
265	1949.94	1	2	4	6	7	9	13	15	17	21	23	24	25	26	27	28	29	30	31	33	37	39	41	42	45	47	98	#
266	249.735	4	15	24	42	99	#
267	362.657	4	26	28	42	99	#
268	274.487	24	28	32	43	99	#
269	209.178	25	32	42	49	99	#
270	83.0732	37	#
271	305.277	6	38	44	100	#
272	353.892	21	38	44	100	#
273	226.494	6	13	31	100	#
274	224.928	29	34	38	100	#
275	535.984	0	5	16	19	22	24	35	46	101	#
276	659.009	9	16	24	25	27	45	46	48	101	#
277	644.5	4	5	19	21	26	28	33	46	101	#
278	584.093	0	17	20	24	26	41	45	49	101	#
279	564.502	8	9	14	19	20	22	25	27	101	#
280	536.54	2	5	12	24	27	28	35	47	101	#
281	993.698	3	7	11	12	15	18	20	29	34	39	46	49	102	#
282	1018.8	7	12	13	15	16	18	29	34	36	38	41	49	102	#
283	938.29	2	3	12	15	23	24	29	34	41	44	46	49	102	#
284	922.636	3	7	11	20	27	34	36	37	40	42	45	46	102	#
285	914.69	7	11	12	13	15	16	24	29	40	41	47	48	102	#
286	902.074	2	7	11	15	17	18	24	28	42	45	47	48	102	#
287	241.152	4	13	44	103	#
288	268.806	13	44	46	103	#
289	240.372	34	38	44	103	#
290	237.647	4	46	47	103	#
291	1662.2	4	5	6	7	8	9	14	19	21	23	26	30	32	38	40	41	43	44	45	48	49	104	#
292	1701.09	1	3	9	10	11	15	16	21	22	23	26	31	35	37	38	40	42	44	45	47	48	104	#
293	1640.03	0	1	4	5	6	8	12	13	18	22	23	27	32	35	36	37	42	45	46	47	48	104	#
294	1572.33	0	1	3	6	8	10	13	14	20	23	26	27	28	32	35	36	37	40	42	45	48	104	#
295	1568.7	3	9	11	15	21	22	23	26	27	28	30	31	32	35	36	38	40	41	42	45	49	104	#
296	1566.51	0	3	8	9	10	11	19	22	23	24	26	27	31	33	36	37	38	41	43	45	48	104	#
297	1392.73	3	7	9	10	11	19	20	21	22	25	27	28	31	34	35	36	38	43	45	46	49	105	#
298	1696.51	2	6	7	8	9	13	14	18	25	26	27	28	33	34	37	38	45	46	47	48	49	105	#
299	1646.1	1	3	6	7	9	10	12	13	18	21	22	25	28	31	33	37	41	45	47	48	49	105	#
300	1560.96	2	3	6	7	8	10	11	12	20	22	25	26	27	28	33	36	37	41	45	46	48	105	#
301	1556.66	1	2	3	6	7	8	10	13	20	21	25	26	29	30	33	36	38	40	41	48	49	105	#
302	1553.89	2	3	6	8	9	11	13	18	20	26	27	28	29	30	33	35	38	40	41	48	49	105	#
303	168.143	8	20	106	#
304	204.758	8	47	106	#
305	682.801	5	6	16	25	31	35	40	47	107	#
306	674.287	1	15	16	25	29	31	44	47	107	#
307	670.943	5	9	15	16	24	31	32	35	107	#
308	640.311	5	6	17	35	40	44	45	47	107	#
309	630.485	4	9	12	17	24	26	35	45	107	#
310	609.51	1	18	21	22	26	34	40	49	107	#
311	122.228	30	46	108	#
312	136.273	30	41	108	#
313	113.39	1	46	108	#
314	226.553	8	19	49	109	#
315	256.063	7	19	48	109	#
316	256	7	8	25	109	#
317	133.469	4	8	49	109	#
318	81.6473	29	#
319	150.723	1	14	110	#
320	170.001	1	40	110	#
321	132.967	14	26	110	#
322	694.118	1	4	5	17	18	21	25	28	32	33	41	111	#
323	939.355	12	16	21	28	30	34	35	38	41	45	49	111	#
324	927.845	5	13	15	16	21	22	24	28	32	41	45	111	#
325	921.128	3	8	11	13	21	26	29	33	46	48	49	111	#
326	871.095	3	7	8	14	15	18	26	28	42	46	49	111	#
327	866.63	0	6	7	8	11	14	21	22	28	33	49	111	#
328	495.492	9	21	22	27	30	39	47	112	#
329	643.85	11	18	23	35	41	45	47	112	#
330	625.121	6	13	21	28	35	42	47	112	#
331	556.335	4	9	12	21	26	28	33	112	#
332	486.626	5	8	13	27	30	31	41	112	#
333	459.12	12	31	33	36	39	40	41	112	#
334	3065.7	11	16	21	3	40	9	2	1	34	33	18	4	7	25	17	47	13	46	45	23	26	27	0	8	10	43	12	44	38	15	6	36	35	20	29	5	49	37	14	48	22	19	41	31	32	24	30	39	28	42	#
335	707.272	2	6	12	13	17	18	26	37	48	113	#
336	826.796	0	6	12	17	18	21	32	37	45	113	#
337	826.188	2	14	16	18	21	25	26	36	49	113	#
338	757.886	12	18	19	20	37	43	45	48	49	113	#
339	753.559	6	12	18	19	20	25	32	37	42	113	#
340	705.134	0	12	14	20	25	36	37	47	49	113	#
341	49.1582	17	#
342	1010.96	0	1	4	7	9	14	15	16	20	22	26	29	33	34	38	46	114	#
343	1309.5	1	3	4	7	9	18	20	21	24	26	27	28	32	34	39	45	114	#
344	1255.44	0	3	7	9	17	20	21	25	26	28	33	34	37	45	46	49	114	#
345	1252.69	0	2	3	4	6	11	14	15	24	25	28	34	37	38	45	49	114	#
346	1248.87	0	1	6	8	15	16	20	22	25	27	28	32	34	38	45	49	114	#
347	1235.28	5	6	8	9	14	16	20	24	25	26	28	32	35	37	38	48	114	#
348	779.578	7	15	19	29	31	33	42	44	46	48	115	#
349	814.394	4	7	15	16	19	21	23	24	26	46	115	#
350	785.641	4	8	20	24	27	37	44	45	46	47	115	#
351	738.955	3	7	12	22	26	28	29	44	46	47	115	#
352	698.332	6	7	8	12	15	27	33	38	39	40	115	#
353	697.494	1	2	4	15	19	22	23	41	42	47	115	#
354	1009.77	3	13	23	25	27	30	32	39	41	42	43	49	116	#
355	1036.12	1	8	19	21	22	23	25	40	41	44	46	49	116	#
356	1015.13	5	7	9	13	21	22	27	30	35	43	46	47	116	#
357	990.463	5	6	7	11	23	25	29	32	41	42	44	49	116	#
358	959.121	0	1	6	12	13	25	30	33	37	41	42	44	116	#
359	946.054	0	5	9	10	24	25	28	32	37	41	43	44	116	#
360	891.101	2	6	11	15	23	25	32	33	35	42	43	48	117	#
361	1018.99	1	6	9	11	14	16	17	18	23	25	35	39	117	#
362	935.941	7	22	23	25	26	29	31	35	36	38	39	49	117	#
363	875.723	2	5	9	11	23	25	26	27	34	35	40	43	117	#
364	837.325	10	13	15	18	22	26	31	33	34	36	39	44	117	#
365	829.482	4	14	17	29	34	35	38	39	43	44	45	49	117	#
366	511.103	5	8	11	33	41	48	118	#
367	498.526	3	9	11	17	34	35	118	#
368	462.866	2	16	31	41	47	48	118	#
369	406.345	10	13	16	20	33	34	118	#
370	375.708	6	10	13	25	26	41	118	#
371	329.609	5	8	15	17	31	49	118	#
372	1060.23	0	1	2	4	6	12	14	15	21	23	26	29	35	36	38	42	119	#
373	1255.81	1	3	6	7	8	13	14	18	21	22	23	26	29	31	39	45	119	#
374	1222.1	0	1	2	8	9	12	13	14	21	23	27	32	33	38	44	48	119	#
375	1201.27	0	1	4	6	8	11	13	20	27	28	34	37	38	39	42	45	119	#
376	1198.28	1	2	6	7	8	12	17	18	19	20	21	31	35	36	39	48	119	#
377	1183.91	1	6	7	12	14	18	21	22	23	27	28	30	32	36	44	48	119	#
378	1906.5	1	2	3	5	9	10	12	14	18	19	24	26	27	28	29	30	31	32	34	35	36	38	46	47	48	120	#
379	2057.61	1	2	5	6	7	8	9	10	11	14	17	18	19	23	27	28	29	30	32	33	37	39	43	45	46	120	#
380	2002.27	1	2	6	7	8	9	11	13	14	17	19	20	23	27	28	29	30	32	34	36	39	41	46	47	48	120	#
381	1943	6	8	9	10	11	12	14	17	19	21	22	26	28	29	30	31	32	34	36	37	41	45	46	47	48	120	#
382	1938.94	0	1	2	3	5	6	7	9	10	13	16	18	26	27	28	33	34	36	37	38	39	41	47	48	49	120	#
383	1933.72	0	1	5	6	7	9	10	11	14	15	16	18	19	22	23	26	28	29	31	32	34	36	39	45	47	120	#
384	556.57	1	2	11	28	29	35	38	121	#
385	576.232	16	19	22	29	39	42	48	121	#
386	545.292	1	8	13	29	32	34	35	121	#
387	524.633	1	3	12	21	28	31	42	121	#
388	486.714	1	11	14	17	20	39	42	121	#
389	472.991	19	21	28	33	34	36	38	121	#
390	1063.94	0	3	7	8	10	12	13	14	15	18	25	26	27	33	37	45	49	122	#
391	1366.04	0	1	5	7	10	11	13	18	21	25	26	27	28	35	37	39	42	122	#
392	1341.86	0	1	7	11	13	17	21	23	25	26	27	28	39	41	42	45	49	122	#
393	1278.05	1	5	7	11	13	16	21	23	27	28	30	33	38	39	41	42	47	122	#
394	1223.35	1	3	5	11	13	21	24	25	26	27	31	37	38	42	44	46	48	122	#
395	1222.68	6	8	13	19	21	22	24	25	26	27	28	35	37	38	39	40	48	122	#
396	134.596	28	#
397	91.4592	15	40	123	#
398	104.793	12	15	123	#
399	539.354	0	14	18	27	33	35	38	41	48	124	#
400	718.721	18	19	23	24	29	34	36	41	48	124	#
401	707.169	1	23	28	30	31	33	44	46	48	124	#
402	692.937	5	8	10	14	16	23	29	41	46	124	#
403	659.165	0	1	16	23	33	35	36	38	48	124	#
404	637.537	2	6	9	10	18	27	39	44	47	124	#
