%% File generated by CATS v.2.1Mon Jul  4 11:04:22 2011

%% The CATS webpage is http://robotics.stanford.edu/CATS

%% PARAMETER SETTINGS:
% Goods: 256; Bids: 1000; Distribution: arbitrary; Runs: 1; Seed: 1309806286
% Arbitrary Distribution Parameters:
% Max Substitutable Bids = 5
% Removing HV Neighbor   = 0.1
% Adding DIAG Neighbor   = 0.2
% Additional Location    = 0.9
% Additivity             = 0.2
% Budget Factor          = 1.5
% Resale Factor          = 0.5
% Normal Private Value:
%   Mean                 = 0
%   Standard Deviation   = 30



goods 256
bids 1002
dummy 188

0	373.194	33	223	245	256	#
1	392.32	93	223	231	256	#
2	280.795	33	196	215	256	#
3	239.837	130	164	245	256	#
4	1377.95	13	15	40	47	83	86	90	106	119	136	145	150	164	196	230	241	243	257	#
5	1735.07	33	50	75	77	91	92	93	139	150	152	164	165	185	197	232	237	248	257	#
6	1613.46	15	25	40	42	87	150	155	166	168	171	172	183	201	210	221	229	241	257	#
7	1543.6	25	33	83	86	123	140	164	167	183	184	203	210	213	225	235	236	252	257	#
8	1476.71	27	29	59	74	86	90	111	157	166	207	212	213	220	228	234	244	248	257	#
9	1430.55	5	40	63	86	91	109	118	122	140	162	164	178	211	238	244	245	249	257	#
10	142.679	77	157	161	258	#
11	129.767	30	157	244	258	#
12	63.7334	13	83	161	258	#
13	939.935	7	15	17	24	48	57	61	96	117	138	148	164	219	223	224	259	#
14	1333.88	10	14	25	37	57	61	90	92	93	109	112	124	147	168	239	259	#
15	1215.5	10	21	40	52	67	68	96	122	142	151	168	181	186	219	254	259	#
16	1198.73	14	15	26	32	36	41	70	98	115	116	140	158	191	207	212	259	#
17	1132.33	11	24	38	61	84	96	98	108	132	173	184	190	204	213	219	259	#
18	1099.19	19	37	42	46	65	83	96	100	110	142	148	167	178	187	204	259	#
19	331.764	97	116	195	260	#
20	273.157	82	116	229	260	#
21	235.115	111	187	195	260	#
22	119.173	76	77	97	260	#
23	1234.98	22	29	36	55	65	76	89	100	101	121	130	145	148	149	159	194	234	237	253	254	255	261	#
24	1839.27	1	12	24	26	36	66	77	94	98	101	118	133	158	174	175	178	194	201	216	235	236	261	#
25	1787.33	4	25	27	47	48	59	66	87	90	92	121	135	138	144	148	153	165	186	215	225	226	261	#
26	1787	8	32	47	49	59	73	79	98	100	119	121	131	144	149	161	169	174	196	215	222	231	261	#
27	1774.84	26	40	64	69	106	114	137	144	147	159	174	176	186	190	193	197	208	223	228	236	237	261	#
28	1767.67	22	26	30	63	68	89	111	113	119	131	136	155	157	175	177	178	187	206	221	223	225	261	#
29	945.644	3	22	37	82	133	156	157	186	194	249	262	#
30	873.536	0	8	52	53	56	77	92	147	170	194	262	#
31	839.747	5	37	54	89	90	122	128	129	159	255	262	#
32	791.967	5	19	38	79	110	148	159	167	186	194	262	#
33	786.78	3	13	15	46	133	138	162	216	229	242	262	#
34	762.743	57	74	78	89	104	156	158	235	243	253	262	#
35	326.891	159	173	187	212	263	#
36	437.099	88	151	173	215	263	#
37	281.748	76	128	159	225	263	#
38	162.433	84	108	120	212	263	#
39	1419.7	0	32	37	78	90	95	118	119	132	133	139	171	172	175	216	248	264	#
40	1498.59	19	49	53	78	109	110	119	138	159	172	178	181	191	211	243	253	264	#
41	1460.63	1	15	40	74	86	88	95	98	169	188	207	208	215	227	237	255	264	#
42	1421.8	0	14	17	71	75	79	83	104	123	129	179	208	210	212	214	244	264	#
43	1316.7	5	17	61	101	118	144	160	168	179	205	206	208	211	228	229	235	264	#
44	1310.57	3	24	91	96	97	119	125	128	131	133	135	181	216	224	229	235	264	#
45	780.915	33	54	63	88	90	150	172	210	237	245	265	#
46	863.201	47	65	75	88	98	117	148	150	159	164	265	#
47	858.319	63	75	82	94	107	141	144	148	191	221	265	#
48	755.066	31	33	76	85	88	92	105	106	169	227	265	#
49	724.903	22	80	89	96	146	150	151	202	210	253	265	#
50	694.276	39	44	54	99	108	117	123	152	197	237	265	#
51	738.171	54	71	72	110	140	143	164	176	186	193	212	243	266	#
52	1020.05	4	5	14	41	54	61	85	128	135	192	206	221	266	#
53	927.208	7	10	51	81	118	142	143	212	216	222	237	245	266	#
54	919.165	42	50	54	71	85	149	159	181	198	212	218	243	266	#
55	901.03	0	5	28	64	87	148	162	169	190	193	219	248	266	#
56	894.9	28	34	62	70	75	94	132	139	152	164	173	175	266	#
57	1105.6	11	16	28	32	48	56	59	72	80	88	100	155	159	194	201	242	255	267	#
58	1434.15	26	42	52	54	56	57	59	77	98	109	112	116	135	147	150	157	189	267	#
59	1377.16	14	16	26	30	65	88	155	171	186	191	195	205	210	212	231	235	241	267	#
60	1361.03	0	32	54	80	100	112	125	137	143	159	168	171	217	219	223	228	229	267	#
61	1318.86	3	17	21	45	57	58	59	71	81	93	123	151	189	190	195	227	242	267	#
62	1247.91	4	11	13	17	28	48	93	98	147	155	160	161	171	177	207	222	239	267	#
63	1582.28	3	18	22	45	50	68	69	74	112	138	170	175	184	187	191	196	212	236	237	250	268	#
64	1893.1	8	26	27	32	56	62	68	73	118	119	127	138	142	152	172	203	223	245	250	254	268	#
65	1722.85	3	7	10	19	33	35	43	67	113	115	122	125	128	190	192	194	203	212	223	236	268	#
66	1532.54	15	27	28	52	69	82	114	122	123	124	128	138	142	151	157	158	182	208	218	240	268	#
67	1529.32	35	44	46	48	59	75	93	102	110	118	120	122	138	140	175	191	200	230	238	255	268	#
68	1515.23	3	18	24	27	53	69	96	118	141	156	166	167	168	177	212	213	225	234	240	244	268	#
69	464.338	0	15	35	61	70	93	128	129	164	269	#
70	663.572	0	1	39	59	94	106	150	165	227	269	#
71	632.646	50	52	99	113	139	164	175	182	224	269	#
72	608.133	30	32	35	86	131	154	174	207	218	269	#
73	545.653	5	16	25	46	53	111	128	204	216	269	#
74	524.852	88	119	129	131	163	200	218	222	248	269	#
75	1138.49	24	57	58	59	62	63	70	83	86	122	135	140	173	175	200	253	270	#
76	1366.73	21	26	48	55	62	116	142	150	155	196	212	214	220	231	235	246	270	#
77	1316.9	14	22	58	63	74	135	153	175	180	187	192	193	196	206	215	223	270	#
78	1316.2	25	31	46	59	70	84	95	109	110	159	175	198	231	236	239	250	270	#
79	1248.96	1	6	20	23	46	74	88	89	97	129	135	152	162	194	231	236	270	#
80	1167	29	57	68	70	79	114	135	146	174	182	217	223	229	232	235	253	270	#
81	240.663	2	65	92	167	204	271	#
82	346.114	22	65	167	179	183	271	#
83	320.441	89	92	151	214	244	271	#
84	305.393	2	10	79	136	220	271	#
85	200.462	41	100	102	204	220	271	#
86	166.447	51	65	137	146	205	271	#
87	40.3458	238	#
88	242.762	36	121	186	213	272	#
89	339.952	10	21	76	213	272	#
90	319.113	6	43	121	253	272	#
91	280.081	1	128	186	233	272	#
92	243.293	36	150	174	212	272	#
93	1463.3	30	33	36	65	71	82	86	100	107	110	113	118	133	137	159	175	195	227	242	245	248	253	273	#
94	1729.57	12	31	46	49	73	82	95	99	100	112	136	141	145	157	158	190	197	206	230	236	245	250	273	#
95	1621.1	1	14	17	23	24	74	75	96	108	113	116	123	134	143	160	161	188	193	221	227	232	254	273	#
96	1615.02	5	13	37	44	46	47	64	65	73	86	92	99	112	135	154	159	161	166	194	197	206	221	273	#
97	1613.9	4	9	14	22	26	27	36	44	77	83	95	127	128	141	156	160	175	178	185	189	253	254	273	#
98	1571.17	13	36	40	44	58	71	82	83	89	97	105	108	116	126	147	177	183	194	200	206	222	249	273	#
99	1567.9	0	14	35	41	45	73	74	85	93	95	112	130	150	198	214	216	245	274	#
100	1572.17	14	31	32	40	44	48	51	55	58	99	106	134	175	177	188	216	218	274	#
101	1517.18	0	6	13	31	45	51	86	94	96	98	99	105	130	136	140	202	247	274	#
102	1385.22	6	28	37	48	85	106	155	161	163	170	172	179	198	214	218	233	252	274	#
103	1379.46	17	26	73	94	98	104	112	120	128	150	154	165	167	176	182	197	202	274	#
104	1330.68	36	37	51	52	73	88	95	102	114	129	131	142	144	176	183	198	218	274	#
105	683.777	10	15	24	45	86	143	145	181	208	214	228	275	#
106	873.387	24	31	91	99	126	141	189	193	200	224	237	275	#
107	798.26	66	79	107	111	118	126	181	214	225	234	254	275	#
108	763.829	60	108	128	151	156	189	193	199	228	235	241	275	#
109	753.508	0	6	15	45	87	106	107	153	166	214	249	275	#
110	741.433	19	26	38	39	77	104	157	171	181	216	223	275	#
111	227.406	47	53	172	276	#
112	253.121	53	219	234	276	#
113	240.761	73	139	172	276	#
114	201.332	1	47	160	276	#
115	254.645	57	100	109	140	143	232	277	#
116	162.475	83	222	232	240	244	249	277	#
117	236.686	77	101	112	164	278	#
118	313.226	34	57	112	250	278	#
119	247.934	100	164	168	247	278	#
120	200.505	10	25	101	152	278	#
121	157.557	18	77	179	236	278	#
122	1617.74	6	10	15	29	35	46	58	66	77	88	96	118	121	131	134	140	141	147	148	155	156	157	170	176	184	214	234	236	245	247	279	#
123	2413.45	4	27	36	38	43	44	50	51	90	92	100	104	117	119	143	148	154	155	160	172	175	190	196	201	222	223	234	244	245	253	279	#
124	2413.42	5	7	16	26	28	39	50	51	53	62	84	90	105	106	125	131	158	184	186	196	207	211	219	227	231	235	236	243	250	252	279	#
125	2397.07	9	10	11	15	39	53	74	93	99	108	109	115	120	133	139	141	154	155	161	174	178	183	187	207	215	220	226	228	230	242	279	#
126	2396.58	6	16	40	41	50	56	69	80	87	88	95	96	97	101	110	112	119	122	133	141	147	171	175	178	183	191	205	233	236	252	279	#
127	2289.72	5	14	19	20	21	22	29	31	41	71	92	96	109	114	148	149	153	155	157	163	176	207	223	225	226	230	237	238	242	243	279	#
128	293.606	46	79	231	280	#
129	240.007	13	231	233	280	#
130	222.969	36	79	246	280	#
131	170.42	42	46	55	280	#
132	421.998	1	69	145	162	172	281	#
133	571.025	139	145	175	177	208	281	#
134	542.309	1	10	49	144	189	281	#
135	342.513	56	58	129	162	244	281	#
136	252.284	69	90	197	214	240	281	#
137	226.382	107	159	172	211	248	281	#
138	815.476	27	50	77	89	126	152	162	189	202	209	215	236	252	282	#
139	1205	28	36	68	71	77	90	127	137	151	203	209	215	243	282	#
140	1012.82	24	68	98	101	113	135	159	185	198	245	250	252	253	282	#
141	970.172	34	71	99	101	106	139	152	169	185	234	236	238	250	282	#
142	936.068	17	18	25	46	103	115	142	156	206	215	225	228	240	282	#
143	909.318	37	73	117	133	142	157	162	166	171	185	199	202	239	282	#
144	114.791	5	98	101	102	283	#
145	51.4077	5	91	176	218	283	#
146	1342.61	1	6	11	16	20	30	46	57	68	72	77	80	86	87	91	130	147	159	179	186	189	202	204	284	#
147	1839.41	25	75	95	104	139	144	148	164	174	180	193	195	199	202	208	217	219	222	223	231	233	241	251	284	#
148	1812.16	13	16	36	43	45	73	79	96	130	137	141	143	150	167	172	174	176	179	181	186	214	238	240	284	#
149	1768.62	1	5	54	56	62	64	76	78	88	89	107	121	147	152	167	177	180	186	210	215	218	236	252	284	#
150	1754.22	25	54	57	58	77	80	117	125	154	161	174	180	186	187	196	206	224	228	229	234	245	246	247	284	#
151	1750.38	6	9	40	62	87	112	113	115	124	129	155	174	178	180	185	199	208	215	219	238	241	248	250	284	#
152	631.216	34	40	69	128	133	161	224	285	#
153	580.926	15	73	108	128	149	210	255	285	#
154	576.987	34	50	99	161	202	221	243	285	#
155	560.927	4	10	40	44	50	98	119	285	#
156	525.863	34	102	129	133	137	220	238	285	#
157	518.968	6	23	69	122	128	143	172	285	#
158	166.489	62	132	226	286	#
159	198.892	37	86	226	286	#
160	107.038	62	140	154	286	#
161	76.281	66	132	163	286	#
162	649.584	7	35	39	71	72	106	122	131	134	135	152	165	168	287	#
163	969.011	25	35	59	70	77	82	88	134	143	176	177	195	241	287	#
164	934.433	32	36	41	56	57	74	80	109	122	156	183	186	231	287	#
165	919.919	15	21	39	45	54	58	93	121	131	171	187	234	236	287	#
166	893.98	1	49	72	82	90	130	148	159	162	167	187	210	229	287	#
167	891.776	18	40	64	65	93	132	142	147	168	177	209	235	254	287	#
168	75.1332	88	#
169	88.8096	253	#
170	1717.39	2	5	9	11	50	53	75	78	92	100	101	111	133	140	145	155	162	174	190	191	231	240	288	#
171	2001.79	13	22	37	52	59	75	97	99	102	104	110	127	130	131	133	141	145	148	185	216	221	245	288	#
172	1981.2	12	18	56	58	74	77	97	108	123	132	154	173	183	184	187	191	208	231	232	234	243	247	288	#
173	1820.36	8	9	10	11	20	36	58	72	75	83	97	122	125	143	155	170	176	184	185	188	224	230	288	#
174	1814.32	7	29	47	49	51	78	79	100	105	116	117	180	185	187	210	216	230	231	232	235	240	252	288	#
175	1769.07	40	41	53	54	74	77	91	104	134	142	143	155	165	173	178	189	191	194	196	206	228	243	288	#
176	126.485	64	221	289	#
177	106.8	119	221	289	#
178	90.8654	64	172	289	#
179	205.651	153	180	290	#
180	265.463	73	153	290	#
181	148.621	55	180	290	#
182	410.117	83	112	150	153	291	#
183	359.497	97	112	162	172	291	#
184	313.568	31	38	83	150	291	#
185	153.526	24	153	217	240	291	#
186	118.863	26	83	217	249	291	#
187	527.794	6	13	27	47	98	177	186	237	247	292	#
188	739.249	114	115	143	157	174	175	177	185	191	292	#
189	665.063	13	44	79	112	156	161	174	188	207	292	#
190	566.131	16	20	27	94	107	147	179	208	230	292	#
191	548.77	2	6	8	21	118	142	149	160	217	292	#
192	523.582	63	83	94	98	125	201	208	237	244	292	#
193	309.823	15	88	173	207	236	246	249	293	#
194	375.675	7	88	96	157	165	203	228	293	#
195	205.12	12	77	106	114	144	146	236	293	#
196	61.2907	126	#
197	158.308	82	132	173	240	294	#
198	143.48	17	46	62	173	294	#
199	67.2962	19	45	118	240	294	#
200	1515.46	2	15	31	36	76	80	84	105	106	136	149	151	156	162	166	192	203	204	207	224	229	230	236	295	#
201	1828.58	3	50	51	79	84	93	105	117	119	120	126	136	143	144	156	158	176	178	189	191	194	208	225	295	#
202	1813.96	1	58	59	79	85	93	98	102	127	131	145	151	158	159	162	183	188	200	202	217	225	236	239	295	#
203	1774.91	2	8	13	19	41	74	83	84	89	105	136	144	147	152	153	166	172	173	174	190	195	212	228	295	#
204	1656.37	15	17	22	24	46	64	68	73	86	87	91	105	108	112	127	134	135	166	176	211	231	232	250	295	#
205	1645.38	28	30	49	76	97	106	112	114	133	137	156	159	171	201	202	203	205	215	216	219	231	236	242	295	#
206	282.442	50	147	185	196	216	231	239	252	296	#
207	413.511	0	2	37	160	161	167	249	252	296	#
208	395.917	11	45	80	133	171	205	231	254	296	#
209	328.466	50	68	83	84	96	101	150	235	296	#
210	950.163	12	26	53	64	75	79	96	140	190	211	218	228	231	235	297	#
211	1274.42	8	18	40	49	62	69	75	117	118	175	176	228	247	255	297	#
212	1128.19	73	82	87	89	99	102	111	148	170	172	193	205	228	231	297	#
213	1105.38	1	23	27	64	89	90	113	148	175	181	196	216	231	234	297	#
214	1081.1	21	41	47	53	68	79	113	151	174	199	224	232	235	251	297	#
215	1027.86	7	8	25	68	78	154	160	163	172	192	196	218	222	235	297	#
216	1456.29	7	31	46	47	49	60	64	118	148	152	165	181	191	204	212	222	298	#
217	1463.9	6	18	19	25	56	65	87	114	131	141	148	152	166	169	176	201	298	#
218	1328	21	39	43	49	51	63	68	76	87	99	105	111	124	158	177	222	298	#
219	1247.55	3	5	26	31	73	87	100	108	132	152	180	197	200	205	208	250	298	#
220	1223.82	3	19	21	41	43	67	111	127	134	160	181	196	217	240	253	254	298	#
221	1221.06	25	40	52	59	68	78	87	95	118	155	165	170	203	210	228	236	298	#
222	65.2506	139	168	222	226	299	#
223	63.6189	60	148	168	244	299	#
224	372.69	44	57	87	185	219	238	300	#
225	439.576	41	57	65	188	207	220	300	#
226	433.999	13	31	44	68	163	224	300	#
227	408.31	36	53	67	91	218	219	300	#
228	384.937	87	100	135	208	212	225	300	#
229	367.406	35	105	147	150	164	238	300	#
230	148.393	215	#
231	342.912	24	34	124	140	207	228	301	#
232	501.819	12	75	121	185	201	228	301	#
233	430.886	24	28	99	118	126	148	301	#
234	399.313	34	101	117	120	175	191	301	#
235	385.533	28	72	132	207	223	225	301	#
236	213.84	59	115	140	175	211	238	301	#
237	913.183	36	90	94	104	127	142	162	163	191	198	230	302	#
238	1029.02	7	41	66	104	149	158	159	174	181	192	198	302	#
239	995.002	33	72	97	123	133	150	180	191	193	207	219	302	#
240	791.235	0	23	26	107	133	142	146	149	167	201	230	302	#
241	751.697	0	49	50	52	116	127	139	193	203	224	232	302	#
242	722.879	8	16	30	160	163	178	182	186	199	236	247	302	#
243	1960.57	11	19	25	31	33	38	44	57	80	82	94	96	103	107	113	115	117	118	121	124	128	130	131	140	141	161	164	169	205	211	231	303	#
244	2643.25	0	6	7	17	18	24	46	49	54	61	70	107	111	113	128	150	154	155	157	162	176	185	196	226	229	240	241	243	248	250	251	303	#
245	2615.06	6	16	29	74	91	93	103	106	107	111	112	118	119	122	129	133	156	159	162	195	198	201	203	204	205	218	232	233	236	247	252	303	#
246	2578.78	1	10	20	27	29	38	41	51	59	70	71	73	105	106	109	111	116	128	131	133	153	180	188	191	204	208	213	215	226	252	255	303	#
247	2576.49	5	23	33	38	42	55	59	77	81	85	91	102	116	125	128	129	138	155	168	189	193	200	201	202	203	218	223	224	233	234	250	303	#
248	2520.98	8	9	17	25	33	40	45	46	61	72	73	80	81	99	109	113	123	129	133	140	155	180	185	186	200	204	209	210	222	232	239	303	#
249	1487.28	18	24	36	76	83	93	94	106	112	113	118	120	128	132	135	143	145	153	214	253	304	#
250	1672.99	0	7	17	18	36	44	51	54	67	129	146	162	164	166	180	189	197	214	216	248	304	#
251	1617.3	42	54	64	72	81	83	93	112	113	123	135	153	155	173	201	210	214	233	234	242	304	#
252	1593.8	1	43	68	79	81	89	100	103	123	175	177	182	205	207	225	241	250	251	253	255	304	#
253	1536.71	17	26	71	75	76	80	106	109	110	120	122	123	139	142	151	173	196	198	221	231	304	#
254	1524.01	0	8	16	25	27	44	59	69	82	94	102	144	147	150	162	172	189	233	242	252	304	#
255	938.548	15	18	40	54	81	156	186	208	221	229	305	#
256	931.894	51	61	87	112	177	186	187	192	224	229	305	#
257	916.223	15	53	85	98	148	154	176	178	180	181	305	#
258	895.368	3	18	24	71	93	103	144	146	247	248	305	#
259	858.382	2	26	71	81	82	89	142	155	191	235	305	#
260	783.663	16	40	64	67	80	90	157	224	234	249	305	#
261	383.598	33	45	63	73	306	#
262	334.122	33	104	112	158	306	#
263	289.974	63	110	115	124	306	#
264	263.717	70	73	108	247	306	#
265	173.009	45	62	147	175	306	#
266	367.164	54	194	222	223	307	#
267	439.259	23	36	194	203	307	#
268	353.188	54	80	123	250	307	#
269	245.596	104	111	115	222	307	#
270	219.267	60	102	220	223	307	#
271	75.412	95	#
272	341.347	51	90	124	143	212	308	#
273	433.722	74	90	95	144	173	308	#
274	342.132	48	140	154	208	212	308	#
275	334.146	26	51	145	151	185	308	#
276	111.241	96	124	147	179	199	308	#
277	408.904	21	102	118	136	155	209	309	#
278	560.142	12	63	81	112	136	223	309	#
279	526.801	81	113	155	172	247	248	309	#
280	465.139	0	76	77	94	97	102	309	#
281	389.596	21	38	79	108	152	203	309	#
282	170.684	118	149	157	199	212	232	309	#
283	688.843	51	63	96	113	150	179	207	310	#
284	556.279	9	103	150	151	168	195	223	310	#
285	553.181	63	66	75	113	160	173	232	310	#
286	525.789	51	56	100	112	117	168	207	310	#
287	473.851	6	46	102	179	190	214	250	310	#
288	436.557	10	52	63	151	169	197	198	310	#
289	632.456	43	67	77	88	144	157	159	167	198	215	237	239	311	#
290	908.97	16	40	57	102	112	144	151	154	181	186	228	242	311	#
291	876.235	63	70	75	85	115	124	147	155	188	196	237	243	311	#
292	864.694	27	41	48	55	62	109	123	142	157	159	194	228	311	#
293	852.194	4	9	40	97	105	118	125	177	187	198	204	205	311	#
294	793.064	30	49	78	86	124	127	145	155	167	183	199	222	311	#
295	866.545	31	38	43	96	102	105	134	192	216	247	312	#
296	876.38	38	64	126	153	156	172	192	211	217	232	312	#
297	832.1	0	44	45	95	96	107	112	116	210	227	312	#
298	809.995	73	126	155	158	164	203	212	228	245	247	312	#
299	760.054	40	43	92	116	122	133	134	198	247	251	312	#
300	700.393	39	52	63	85	105	117	135	186	206	222	312	#
301	290.974	123	147	187	225	313	#
302	373.25	32	48	123	135	313	#
303	281.567	63	202	215	225	313	#
304	189.372	54	83	147	231	313	#
305	91.6117	20	33	43	187	313	#
306	1532.48	22	33	36	90	96	97	104	107	109	123	135	139	141	165	170	178	199	212	219	225	250	314	#
307	1902.34	18	48	53	62	69	73	82	86	97	98	99	123	161	163	166	169	171	174	222	226	232	314	#
308	1692.71	40	45	65	71	87	88	139	145	151	166	167	172	173	183	188	198	209	212	236	246	250	314	#
309	1636.46	8	18	40	50	56	79	106	121	138	159	162	168	173	198	202	211	215	225	238	245	254	314	#
310	1507.56	18	32	36	47	52	56	67	79	116	121	127	154	159	167	173	174	191	205	228	238	243	314	#
311	1498.32	21	22	29	32	36	41	45	46	57	98	121	122	135	174	179	191	203	228	233	236	246	314	#
312	149.505	191	#
313	230.408	50	150	252	315	#
314	303.462	183	231	252	315	#
315	79.4261	150	#
316	509.646	23	33	37	43	102	141	175	233	316	#
317	648.076	1	33	120	122	127	143	193	244	316	#
318	581.378	9	48	122	141	169	239	241	248	316	#
319	580.41	0	39	42	43	71	120	135	226	316	#
320	575.122	51	83	90	101	102	152	212	226	316	#
321	508.45	4	25	40	90	161	163	175	248	316	#
322	58.75	30	#
323	835.644	22	35	104	116	117	119	130	131	133	147	170	203	216	317	#
324	1140.54	6	119	125	132	136	150	151	157	187	205	208	223	249	317	#
325	1077.83	2	27	33	36	37	51	111	118	133	150	151	186	215	317	#
326	1025.07	44	49	74	116	131	157	171	175	192	199	218	234	249	317	#
327	1022.29	37	46	49	84	114	129	132	170	176	190	245	249	253	317	#
328	944.369	24	35	39	43	58	67	75	133	145	165	194	199	227	317	#
329	1170.31	0	32	36	102	135	140	156	178	180	208	219	231	235	247	249	318	#
330	1338.31	8	25	88	126	141	148	155	156	164	174	186	223	230	247	249	318	#
331	1022.57	24	27	29	90	91	105	114	122	164	178	189	195	208	209	230	318	#
332	1016.57	2	31	48	78	88	89	90	95	111	120	155	180	214	232	235	318	#
333	1010.43	0	12	44	50	51	55	58	99	162	170	193	224	230	236	251	318	#
334	907.127	27	36	41	45	65	75	92	125	147	151	157	213	215	222	246	318	#
335	443.755	8	55	83	100	146	204	319	#
336	581.505	8	28	44	97	98	222	319	#
337	438.148	79	146	167	172	183	204	319	#
338	432.5	33	55	193	194	205	238	319	#
339	406.726	5	8	83	96	171	194	319	#
340	404.305	67	158	178	204	227	241	319	#
341	1924.63	16	22	24	34	46	49	55	61	76	77	83	88	102	108	109	110	113	143	149	158	161	163	172	185	192	202	208	209	223	320	#
342	2547.95	6	13	25	30	40	54	55	73	82	87	89	108	109	112	131	153	163	165	171	172	177	178	190	193	194	199	200	206	254	320	#
343	2451.52	7	15	24	26	29	32	46	47	68	72	82	85	86	93	99	110	113	142	152	153	164	171	188	191	199	230	244	245	246	320	#
344	2322.34	1	7	10	18	21	30	32	43	46	55	59	62	87	88	96	120	146	152	161	170	177	179	186	188	190	194	217	218	248	320	#
345	2298.01	16	18	21	24	32	33	72	77	87	111	114	115	134	137	140	142	145	158	163	172	173	185	191	201	218	222	243	244	249	320	#
346	2279.11	14	19	20	25	30	35	46	59	83	84	85	89	90	96	99	112	134	163	168	172	173	174	183	185	198	216	223	254	255	320	#
347	120.675	12	46	183	321	#
348	131.728	106	130	183	321	#
349	119.651	46	197	226	321	#
350	308.06	166	186	254	322	#
351	333.335	45	190	254	322	#
352	320.978	109	185	186	322	#
353	265.101	155	166	170	322	#
354	376.251	43	58	67	114	132	192	247	323	#
355	437.206	17	103	156	191	239	247	255	323	#
356	404.841	43	57	71	106	121	186	211	323	#
357	214.292	79	114	157	174	199	205	208	323	#
358	209.617	58	111	141	154	157	216	219	323	#
359	199.038	11	22	72	101	132	155	208	323	#
360	538.656	5	164	167	235	245	252	324	#
361	523.879	100	105	143	155	235	249	324	#
362	509.201	5	71	87	107	121	243	324	#
363	472.821	8	97	143	167	203	255	324	#
364	445.797	14	58	63	156	214	252	324	#
365	424.063	22	145	233	237	245	252	324	#
366	1012.35	27	93	135	137	140	145	152	194	203	215	325	#
367	1009.71	58	69	113	139	152	155	171	194	215	247	325	#
368	927.806	0	30	58	82	87	113	135	136	145	169	325	#
369	814.545	26	40	70	81	92	96	136	140	160	162	325	#
370	772.874	17	47	101	110	136	152	194	210	222	226	325	#
371	755.288	10	12	86	101	109	110	112	142	171	203	325	#
372	281.96	71	78	99	226	230	326	#
373	357.176	60	99	109	152	161	326	#
374	300.135	78	110	186	195	216	326	#
375	253.998	27	31	71	149	167	326	#
376	175.923	116	129	175	230	243	326	#
377	1545.9	0	8	11	27	47	72	73	109	110	133	143	148	154	162	174	209	213	244	248	327	#
378	1765.74	1	18	26	63	69	77	79	102	110	116	117	123	156	170	172	212	230	242	250	327	#
379	1567.11	12	15	28	44	54	86	93	100	111	117	123	155	164	174	190	209	219	229	250	327	#
380	1520.13	0	7	23	27	28	70	106	117	132	133	135	155	157	172	175	183	223	233	236	327	#
381	1471.29	4	19	29	45	58	78	86	109	124	156	157	199	202	208	213	220	223	226	244	327	#
382	1467.81	0	6	8	40	44	45	47	50	51	61	83	99	103	156	172	196	226	232	245	327	#
383	392.152	1	23	51	87	189	207	254	328	#
384	518.509	105	114	128	155	181	189	223	328	#
385	488.257	54	62	87	125	143	186	207	328	#
386	455.066	8	36	44	65	87	108	173	328	#
387	389.167	14	18	44	116	186	207	254	328	#
388	355.086	6	32	51	142	143	187	199	328	#
389	48.3238	15	#
390	705.138	3	61	76	93	188	202	203	214	329	#
391	845.071	29	93	97	169	176	191	225	235	329	#
392	754.875	7	21	148	156	165	214	219	240	329	#
393	681.824	28	68	83	103	153	178	196	203	329	#
394	652.584	59	61	130	191	206	214	232	241	329	#
395	498.374	3	72	96	119	137	177	208	225	329	#
396	806.35	15	48	64	74	86	103	158	180	212	243	244	246	330	#
397	1065.68	18	20	36	48	56	62	93	119	133	154	181	184	330	#
398	956.19	2	10	21	31	32	134	154	156	163	186	243	248	330	#
399	916.732	13	23	53	60	91	93	103	121	134	153	165	213	330	#
400	907.874	9	42	50	74	97	101	115	119	148	191	230	249	330	#
401	829.26	15	96	99	101	107	115	118	170	189	213	229	251	330	#
402	1052.92	0	14	22	34	58	67	84	158	167	173	177	188	200	210	228	331	#
403	1280.56	18	61	94	96	103	108	111	115	123	138	145	168	173	188	202	331	#
404	1264.02	18	24	34	38	45	75	85	90	100	101	111	114	164	176	250	331	#
405	1246.83	1	19	49	57	58	91	99	104	128	145	161	178	204	210	254	331	#
406	1203.99	5	23	33	34	43	50	97	110	115	131	136	152	167	177	197	331	#
407	1181.59	18	42	56	63	65	67	89	138	143	152	169	173	236	239	247	331	#
408	691.707	39	65	77	181	207	218	232	249	255	332	#
409	705.731	2	8	66	68	72	81	117	181	207	332	#
410	669.382	1	9	39	57	152	167	182	235	255	332	#
411	573.654	13	29	44	118	142	207	212	213	240	332	#
412	512.2	11	12	77	86	157	181	214	220	238	332	#
413	470.702	12	40	92	124	167	218	224	249	252	332	#
414	115.107	20	150	163	333	#
415	146.487	99	163	206	333	#
416	266.849	37	122	334	#
417	209.175	37	254	334	#
418	191.406	75	122	334	#
419	703.172	34	37	41	59	64	109	111	138	162	179	182	253	335	#
420	960.476	0	28	36	45	46	68	81	111	122	162	169	199	335	#
421	952.741	3	32	37	46	51	83	96	163	170	176	222	236	335	#
422	911.331	31	34	54	71	92	121	126	135	146	231	236	247	335	#
423	802.197	20	22	47	48	59	74	82	83	96	123	136	180	335	#
424	769.123	46	51	65	91	94	95	129	138	162	163	191	218	335	#
425	597.654	41	71	95	128	177	184	193	336	#
426	621.016	27	71	112	179	186	203	251	336	#
427	590.761	73	81	95	127	153	175	193	336	#
428	441.241	45	133	135	141	184	200	220	336	#
429	377.189	83	105	114	128	175	196	228	336	#
430	375.003	43	90	96	111	169	177	242	336	#
431	404.783	59	74	102	121	211	337	#
432	485.928	6	74	151	173	191	337	#
433	413.447	68	102	163	166	173	337	#
434	393.939	59	61	71	92	111	337	#
435	388.088	2	83	121	135	137	337	#
436	189.14	2	88	140	208	211	337	#
437	2041.15	2	20	27	32	37	40	42	64	65	66	75	103	115	122	132	137	149	154	180	185	187	212	218	237	247	338	#
438	2160.01	5	9	11	37	40	84	85	88	91	92	97	98	115	127	131	132	137	140	158	159	162	173	181	206	218	338	#
439	2076.45	25	30	32	37	40	52	57	64	67	89	92	95	105	115	119	123	132	136	160	177	205	212	215	217	225	338	#
440	2061.78	10	25	27	32	33	35	46	49	61	69	93	101	115	122	129	133	136	137	142	150	154	155	193	223	225	338	#
441	2053.01	21	29	32	43	58	71	79	82	85	88	109	112	144	148	155	170	177	183	189	219	232	241	244	245	255	338	#
442	2024.23	15	20	33	36	37	38	41	51	69	75	85	96	100	113	127	156	158	172	176	177	185	187	213	217	234	338	#
443	972.513	9	13	15	24	47	51	57	88	90	122	126	139	174	194	339	#
444	1296.37	7	12	24	39	40	49	58	64	87	95	150	155	185	243	339	#
445	1119.52	21	25	26	43	47	58	64	88	113	147	151	155	176	192	339	#
446	1087.45	13	45	65	80	85	89	137	143	173	183	185	231	242	244	339	#
447	1084.16	23	65	71	77	78	82	107	115	116	122	148	159	165	212	339	#
448	1064.66	1	72	90	99	123	150	157	173	178	184	187	195	231	244	339	#
449	1119.9	15	21	26	50	53	56	63	69	76	89	114	124	136	138	145	193	194	213	224	240	248	340	#
450	1657.69	11	19	26	32	83	121	142	148	153	160	163	190	195	201	206	207	209	218	234	237	254	340	#
451	1641.66	7	8	24	25	27	37	93	100	134	135	151	155	159	172	173	184	192	194	200	213	253	340	#
452	1571.1	1	25	27	32	33	38	41	49	51	59	89	93	112	119	120	180	191	198	203	217	240	340	#
453	1542.6	10	14	19	23	27	28	42	53	67	73	82	94	100	130	137	138	149	152	172	201	242	340	#
454	1509.48	0	14	19	44	52	63	66	67	75	85	91	104	113	134	142	143	144	147	164	176	186	340	#
455	909.96	4	13	48	50	55	67	91	95	113	114	116	117	133	134	148	160	212	240	254	341	#
456	1352.06	10	28	47	52	57	72	74	84	85	91	122	127	134	135	152	153	156	186	227	341	#
457	1311.47	30	54	91	97	108	109	127	133	140	150	152	156	162	169	184	188	208	220	241	341	#
458	1276.78	32	53	80	82	86	89	109	122	139	143	147	157	167	169	186	194	226	237	240	341	#
459	1193.12	13	27	33	58	94	113	114	116	136	145	146	159	163	167	171	177	198	229	247	341	#
460	1143.47	20	38	39	45	50	93	103	115	121	123	140	172	181	184	192	200	202	225	226	341	#
461	823.722	8	35	52	68	84	93	118	126	132	159	201	241	342	#
462	1234.59	8	23	34	75	78	111	126	131	159	168	203	229	342	#
463	1155.2	12	16	35	44	99	111	130	167	190	210	248	251	342	#
464	1047.09	35	76	87	93	103	109	127	146	148	214	241	251	342	#
465	1029.43	57	70	80	93	103	122	156	187	189	191	201	252	342	#
466	990.645	20	82	118	133	156	168	170	171	173	182	194	249	342	#
467	87.5989	144	#
468	1098.68	64	65	75	82	83	84	191	216	228	233	237	343	#
469	1026.57	9	49	64	82	150	156	184	190	191	194	200	343	#
470	972.121	1	69	84	105	106	117	175	178	185	227	237	343	#
471	895.908	4	57	65	71	122	148	160	214	217	248	252	343	#
472	878.83	26	32	75	94	102	103	110	128	153	184	216	343	#
473	758.186	18	46	48	71	115	176	187	206	213	237	252	343	#
474	492.586	20	72	89	100	110	116	181	204	206	228	344	#
475	710.344	63	65	78	86	97	167	182	185	195	228	344	#
476	629.545	0	2	20	28	74	104	114	163	221	240	344	#
477	591.656	5	55	66	93	152	157	188	204	206	236	344	#
478	472.125	5	16	27	78	104	110	120	198	232	245	344	#
479	437.535	30	36	85	119	145	154	181	187	214	251	344	#
480	791.237	46	50	62	65	69	136	175	193	197	208	223	232	345	#
481	1078.65	9	20	26	38	45	57	112	113	126	136	167	170	345	#
482	1012.22	9	19	39	111	120	126	146	171	186	188	197	242	345	#
483	1009.31	24	83	85	91	97	99	121	170	208	223	226	235	345	#
484	996.296	3	50	64	69	99	116	123	143	152	168	201	227	345	#
485	971.844	3	30	35	49	101	113	154	159	185	188	232	249	345	#
486	293.128	89	128	153	346	#
487	292.196	35	153	166	346	#
488	136.716	58	123	128	346	#
489	106.132	83	89	232	346	#
490	726.238	53	100	104	109	192	197	201	231	234	247	347	#
491	924.271	17	20	34	38	66	109	149	208	216	229	347	#
492	921.046	22	23	48	53	105	131	197	216	228	241	347	#
493	812.605	8	35	37	52	79	114	134	155	219	231	347	#
494	768.921	28	85	89	108	112	114	183	195	211	234	347	#
495	762.507	0	3	34	39	50	102	167	182	247	251	347	#
496	665.888	14	22	39	47	58	86	142	147	238	255	348	#
497	771.221	30	49	58	94	110	111	124	139	147	156	348	#
498	701.461	37	72	96	119	165	181	188	214	240	255	348	#
499	695.667	22	25	49	64	82	96	116	119	124	134	348	#
500	684.205	39	97	117	120	169	184	202	222	235	240	348	#
501	681.901	6	7	61	80	111	145	171	184	228	238	348	#
502	586.431	21	23	51	73	76	111	117	146	216	349	#
503	772.665	8	21	42	127	131	183	195	200	230	349	#
504	744.179	14	39	40	71	92	214	216	227	247	349	#
505	723.555	20	23	73	88	137	161	168	185	248	349	#
506	698.74	23	54	84	87	167	210	220	221	251	349	#
507	582.007	7	74	117	120	124	169	196	230	249	349	#
508	1676	5	33	36	40	43	55	64	81	84	86	96	109	111	122	123	132	158	168	178	203	207	213	214	236	350	#
509	2018.02	18	26	38	40	44	53	70	77	88	104	108	130	131	133	152	158	165	200	207	210	223	240	242	250	350	#
510	2015.04	7	9	16	35	43	55	68	90	95	107	116	136	160	165	176	177	181	189	201	202	203	215	221	228	350	#
511	1912.19	10	15	53	69	73	77	78	101	122	127	132	147	148	153	155	156	163	165	167	174	194	198	203	228	350	#
512	1890.01	6	14	21	22	24	65	71	72	88	102	104	116	131	158	191	194	201	205	212	218	223	225	231	237	350	#
513	1838.51	36	37	38	39	47	78	104	116	117	123	131	134	138	142	143	144	172	186	192	195	203	214	229	249	350	#
514	570.454	41	98	123	134	139	204	212	214	351	#
515	726.797	8	41	110	122	137	155	183	227	351	#
516	720.375	13	21	24	122	139	179	196	213	351	#
517	699.092	44	123	148	151	157	179	207	244	351	#
518	603.814	41	43	45	58	71	118	212	236	351	#
519	567.049	30	55	121	134	170	204	224	232	351	#
520	295.308	89	96	107	179	222	233	253	352	#
521	342.588	70	74	107	149	208	251	255	352	#
522	716.978	63	93	102	155	162	189	225	227	353	#
523	843.444	10	45	70	71	111	121	143	155	353	#
524	797.058	102	148	151	161	201	215	223	231	353	#
525	765.813	29	73	111	165	190	208	219	225	353	#
526	653.363	45	59	136	155	162	163	178	226	353	#
527	550.653	31	63	67	122	186	230	233	252	353	#
528	127.289	138	216	235	243	#
529	594.792	5	34	44	52	71	76	83	102	126	174	197	206	211	253	255	354	#
530	860.915	30	41	101	105	108	110	134	142	168	172	174	205	206	228	246	354	#
531	796.699	5	46	74	78	79	149	150	152	165	167	213	236	237	238	245	354	#
532	793.217	4	9	18	34	39	52	55	89	117	123	131	162	172	230	244	354	#
533	785.667	11	16	38	50	78	83	100	102	163	189	190	200	242	249	253	354	#
534	1384.26	1	6	46	53	80	84	100	123	151	152	164	171	176	187	198	201	228	250	251	355	#
535	1702	25	28	40	72	81	90	128	132	151	172	175	178	189	198	223	231	247	249	250	355	#
536	1599.91	6	26	29	31	34	56	71	93	112	116	132	152	190	200	202	203	214	223	227	355	#
537	1572.64	16	18	55	61	68	73	88	111	116	124	132	151	153	173	180	182	193	208	220	355	#
538	1569.36	23	30	32	59	81	85	93	110	114	116	123	130	137	151	162	172	175	197	245	355	#
539	1404.73	1	7	54	58	59	60	61	76	79	83	98	118	119	156	202	221	225	235	244	355	#
540	138.812	169	247	356	#
541	166.375	242	247	356	#
542	119.529	81	169	356	#
543	358.277	27	82	108	164	216	357	#
544	513.629	8	136	151	216	229	357	#
545	434.328	82	91	128	160	228	357	#
546	345.656	3	108	126	158	181	357	#
547	321.189	123	162	164	212	214	357	#
548	229.81	10	27	45	227	245	357	#
549	273.793	63	151	224	253	358	#
550	318.146	176	187	224	228	358	#
551	206.018	149	151	229	242	358	#
552	168.356	14	173	252	253	358	#
553	702.941	25	42	53	93	97	98	134	151	187	205	230	235	247	359	#
554	1034.76	17	20	74	80	98	125	134	145	152	162	169	193	198	359	#
555	963.249	29	44	59	93	99	101	117	121	166	172	196	213	243	359	#
556	891.333	60	68	78	96	117	128	138	150	154	206	216	220	230	359	#
557	868.113	23	29	43	63	96	151	166	178	195	197	219	243	255	359	#
558	837.76	22	26	42	69	72	107	124	139	149	191	212	217	236	359	#
559	514.859	70	110	155	161	195	360	#
560	431.856	51	54	121	155	236	360	#
561	368.111	24	44	90	163	195	360	#
562	302.814	26	120	147	161	171	360	#
563	286.788	12	70	95	102	215	360	#
564	569.661	11	19	22	39	104	185	189	199	221	225	227	242	255	361	#
565	852.194	8	19	34	37	39	47	53	70	80	103	142	154	195	361	#
566	829.56	1	77	79	113	114	125	127	146	189	205	206	231	236	361	#
567	824.435	45	55	82	91	120	125	133	140	147	173	186	225	229	361	#
568	724.039	12	22	26	113	137	161	171	181	184	193	197	215	227	361	#
569	710.158	2	6	49	84	90	97	109	115	149	177	207	227	254	361	#
570	156.118	86	164	362	#
571	197.752	86	249	362	#
572	175.338	41	164	362	#
573	657.605	41	57	68	82	97	99	112	149	161	180	239	363	#
574	955.121	32	97	110	136	145	159	161	164	185	193	215	363	#
575	900.824	6	33	77	87	99	150	176	181	214	246	247	363	#
576	824.606	7	36	57	64	139	188	198	207	248	250	251	363	#
577	821.231	6	45	71	114	116	117	180	183	191	195	221	363	#
578	744.536	17	68	72	82	95	98	114	151	165	181	253	363	#
579	159.461	72	152	#
580	1308.01	21	37	40	45	47	57	59	61	68	69	90	91	96	103	124	191	213	218	239	250	364	#
581	1660.57	3	8	13	19	31	41	79	107	140	152	191	192	200	201	215	232	245	246	247	249	364	#
582	1659.93	0	31	37	43	62	77	84	89	90	124	127	152	156	165	176	188	215	232	243	245	364	#
583	1579.13	6	30	35	43	46	87	90	127	136	137	192	193	194	196	201	212	213	247	249	254	364	#
584	1548.57	7	9	15	18	21	30	58	59	62	65	116	121	130	131	132	161	172	201	240	250	364	#
585	1514.3	33	34	46	66	67	91	115	119	126	129	133	142	145	160	164	177	197	201	218	250	364	#
586	546.439	2	4	87	128	189	216	249	365	#
587	711.895	47	97	123	130	188	216	238	365	#
588	649.888	4	29	51	93	99	144	224	365	#
589	582.077	0	78	113	128	216	237	243	365	#
590	517.202	27	77	87	132	160	188	199	365	#
591	433.912	1	4	12	153	189	214	223	365	#
592	1814.6	2	13	14	44	47	69	78	79	83	88	93	98	100	117	120	127	128	133	136	145	148	154	164	166	178	194	197	233	234	366	#
593	2387.23	5	10	46	48	69	73	78	86	103	106	107	109	111	117	119	120	128	144	147	169	181	191	195	196	200	208	219	224	227	366	#
594	2331.68	0	3	4	5	12	28	29	47	52	69	73	76	83	92	113	114	115	141	149	154	166	169	204	207	210	212	215	227	245	366	#
595	2319.8	0	1	4	18	19	21	22	37	48	52	56	57	59	62	64	68	94	113	120	143	148	151	184	186	196	201	211	218	234	366	#
596	2270.82	0	5	21	26	29	41	66	69	70	71	73	75	78	82	99	102	110	111	112	120	122	145	151	169	182	189	205	219	242	366	#
597	2203.7	16	19	20	21	35	47	52	56	69	90	99	105	113	123	131	135	160	166	167	168	176	177	196	201	219	224	230	247	252	366	#
598	329.194	69	72	89	113	215	367	#
599	422.752	78	113	192	222	255	367	#
600	411.109	72	87	96	190	221	367	#
601	365.633	90	133	139	153	215	367	#
602	345.624	0	40	69	183	230	367	#
603	296.771	3	89	106	142	207	367	#
604	306.192	133	178	247	368	#
605	296.002	62	190	247	368	#
606	281.12	145	177	178	368	#
607	223.139	48	82	133	368	#
608	50.9739	105	195	369	#
609	27.8371	195	208	369	#
610	262.733	22	54	206	237	248	370	#
611	360.308	10	54	74	127	140	370	#
612	267.414	107	177	220	237	247	370	#
613	161.613	144	172	199	206	221	370	#
614	141.329	1	20	22	34	198	370	#
615	136.046	180	185	206	229	248	370	#
616	207.246	92	223	371	#
617	216.03	92	217	371	#
618	86.8471	19	223	371	#
619	948.692	2	44	46	49	52	72	130	151	152	181	184	193	200	205	230	232	372	#
620	1277.56	9	36	45	74	116	124	130	141	147	151	186	211	238	252	254	255	372	#
621	1245.59	21	43	53	75	99	114	127	145	158	165	192	193	197	208	229	237	372	#
622	1233.62	2	39	52	89	102	105	115	127	142	160	180	182	183	189	215	229	372	#
623	1204.77	1	7	17	30	56	58	100	103	131	142	160	208	230	251	252	255	372	#
624	1098.91	6	14	47	75	83	91	95	141	148	172	181	183	201	202	224	226	372	#
625	616.896	53	61	107	124	190	199	203	214	219	229	230	373	#
626	872.724	0	29	31	36	53	72	130	152	158	167	230	373	#
627	767.323	17	26	41	87	141	151	170	177	219	231	234	373	#
628	731.641	22	34	57	75	88	90	131	163	211	214	237	373	#
629	708.427	1	40	44	53	60	99	171	184	190	230	237	373	#
630	701.266	27	40	45	55	105	173	199	204	209	232	246	373	#
631	829.208	5	15	84	99	102	136	152	159	164	188	221	245	374	#
632	1055.36	13	63	78	87	98	148	203	209	229	235	245	253	374	#
633	1003.73	37	52	69	99	116	126	128	130	159	188	211	239	374	#
634	993.715	3	56	60	64	71	78	89	114	149	188	235	250	374	#
635	986.884	55	70	90	113	117	121	131	140	165	201	214	221	374	#
636	960.025	0	52	130	157	159	177	180	204	207	238	247	252	374	#
637	96.6364	180	#
638	1841.79	4	28	35	46	62	64	66	87	93	95	104	118	140	151	155	160	169	190	208	209	216	221	226	228	248	251	375	#
639	2082.58	1	8	26	44	45	46	56	67	70	72	79	87	125	138	150	168	179	180	190	194	210	215	218	223	248	255	375	#
640	1950.67	0	9	13	44	51	54	62	70	71	81	86	104	112	120	124	125	142	164	179	201	202	228	229	235	244	248	375	#
641	1868.16	0	1	8	21	25	36	38	39	50	58	70	77	79	87	93	96	99	121	140	142	144	150	198	209	229	249	375	#
642	1839.65	2	3	8	12	58	69	74	76	89	95	104	107	128	132	158	194	197	204	205	208	218	226	228	249	254	255	375	#
643	1833.08	2	4	25	46	47	68	73	89	90	101	103	104	145	154	156	158	162	171	181	200	234	237	238	242	243	253	375	#
644	159.843	156	170	376	#
645	157.721	146	156	376	#
646	107.733	170	199	376	#
647	481.095	1	64	112	116	135	192	377	#
648	579.802	1	57	66	74	90	242	377	#
649	487.838	15	64	112	127	149	231	377	#
650	483.874	42	58	92	135	149	242	377	#
651	422.108	3	63	64	75	130	234	377	#
652	363.768	8	115	125	136	158	192	377	#
653	455.322	36	48	98	108	114	143	164	169	378	#
654	673.727	13	20	55	98	185	221	238	245	378	#
655	657.3	21	24	32	37	52	99	164	178	378	#
656	648.467	5	86	108	122	132	141	155	212	378	#
657	549.988	19	79	90	105	116	145	150	169	378	#
658	535.254	18	27	45	95	143	203	214	247	378	#
659	75.8291	12	91	379	#
660	16.315	91	206	379	#
661	744.613	43	79	82	170	186	192	215	226	238	251	380	#
662	914.482	13	70	88	100	107	180	200	215	218	244	380	#
663	868.814	74	131	141	144	159	170	184	193	219	235	380	#
664	833.199	43	51	110	117	132	138	159	212	226	241	380	#
665	763.907	7	9	13	66	126	131	152	161	178	238	380	#
666	751.019	43	63	101	106	107	131	137	146	203	242	380	#
667	2616.96	9	37	51	70	82	84	90	93	100	104	111	114	115	122	123	126	135	160	163	165	167	172	177	189	196	199	201	220	228	231	236	242	255	381	#
668	2746.72	5	18	23	25	26	27	28	55	58	85	87	89	113	115	125	133	138	142	143	151	163	183	190	193	196	204	208	214	223	224	236	239	248	381	#
669	2703.71	3	9	30	33	44	50	55	64	65	66	74	80	83	91	101	115	128	137	151	164	165	169	178	181	188	190	193	198	208	211	215	230	237	381	#
670	2686.5	2	22	37	49	50	54	58	72	78	80	83	93	107	109	111	116	120	127	131	134	140	145	156	179	181	186	194	195	222	228	242	250	255	381	#
671	2683.09	1	13	28	33	36	50	51	55	65	67	70	89	100	104	134	143	149	153	160	172	182	188	189	202	204	205	208	211	230	231	240	241	250	381	#
672	2649.11	9	18	19	21	32	33	39	44	45	48	50	56	63	65	87	93	96	100	104	115	122	129	143	155	157	182	186	187	205	208	212	237	250	381	#
673	1798.57	1	6	13	16	17	24	47	55	64	67	68	97	98	139	159	167	173	178	191	193	201	218	232	382	#
674	1856.37	4	35	39	48	54	58	60	67	68	71	75	99	104	142	159	162	165	166	187	191	209	215	233	382	#
675	1822.12	4	7	40	49	56	68	92	101	105	107	112	113	142	145	151	159	167	173	184	189	191	215	240	382	#
676	1805.46	47	54	55	75	79	88	118	123	148	155	157	158	174	176	179	191	193	195	199	213	216	229	230	382	#
677	1749.7	2	9	11	19	42	49	68	96	122	124	127	147	162	163	173	186	188	192	201	222	227	236	250	382	#
678	1736.99	6	11	21	41	49	60	68	69	97	114	122	124	147	155	156	163	164	177	195	217	226	232	236	382	#
679	866.18	3	8	33	38	71	137	139	148	150	154	164	166	182	193	200	247	251	383	#
680	1208.44	9	39	61	62	69	91	94	102	103	107	109	119	148	152	156	209	230	383	#
681	1180.08	12	21	22	31	55	74	77	78	106	118	144	159	163	166	204	219	227	383	#
682	1175.57	16	20	44	50	56	60	73	83	123	150	161	162	172	190	225	238	240	383	#
683	1153.79	26	38	60	71	78	112	122	127	132	143	153	162	171	201	205	225	237	383	#
684	1113.19	7	13	25	71	100	103	131	163	174	182	201	202	205	216	240	243	247	383	#
685	418.658	46	96	122	128	191	200	242	384	#
686	592.735	56	59	90	122	217	233	254	384	#
687	557.495	61	97	110	135	175	191	249	384	#
688	507.712	24	54	91	161	163	199	200	384	#
689	465.214	23	91	168	186	227	242	254	384	#
690	343.932	46	72	81	106	145	172	216	384	#
691	3715.97	0	2	10	14	25	39	40	45	58	62	65	70	71	76	79	82	94	102	103	105	116	119	121	126	134	141	151	153	159	163	171	176	178	179	188	189	201	202	210	213	220	229	232	234	241	385	#
692	3675.06	0	1	9	28	36	38	43	57	62	69	73	78	79	87	90	98	100	102	106	113	127	150	152	154	159	164	170	178	181	191	192	193	194	195	198	201	203	207	209	210	215	231	234	238	252	385	#
693	3631.7	8	20	24	44	48	53	58	59	61	63	71	79	81	94	95	98	99	109	116	119	138	146	153	158	169	170	173	176	179	181	188	189	192	193	201	206	209	217	226	232	233	238	242	245	254	385	#
694	3615.14	5	11	18	19	20	24	26	32	33	36	42	45	46	48	49	52	53	62	66	75	79	87	102	121	125	134	141	152	158	160	179	180	183	188	200	204	213	214	219	221	224	231	238	248	254	385	#
695	3599.99	2	3	5	19	26	32	33	39	40	51	58	65	68	72	78	82	84	93	97	105	108	124	127	133	160	162	169	170	176	192	200	205	208	209	210	212	215	218	221	230	232	233	237	240	248	385	#
696	3558.54	0	2	7	12	16	18	24	32	37	39	40	53	85	94	96	102	104	111	119	124	134	140	166	168	176	189	193	199	203	208	211	212	215	219	225	230	231	232	235	239	241	244	248	253	254	385	#
697	359.144	62	165	199	206	214	386	#
698	472.992	22	153	165	179	233	386	#
699	381.53	82	91	104	177	214	386	#
700	380.569	36	38	86	88	199	386	#
701	325.651	45	100	206	217	240	386	#
702	185.816	62	81	128	222	251	386	#
703	44.8876	52	71	387	#
704	65.979	71	105	387	#
705	30.4496	10	52	387	#
706	1074.43	17	42	49	60	63	73	74	92	120	121	160	170	186	196	226	239	388	#
707	1384.79	22	44	49	75	99	101	124	131	137	148	152	157	176	191	211	212	388	#
708	1368.63	8	29	67	86	96	97	146	149	150	156	158	160	213	235	236	252	388	#
709	1285.84	8	36	70	73	135	151	153	158	159	185	191	207	209	218	223	244	388	#
710	1265.26	6	8	10	19	38	44	55	67	69	120	155	159	190	193	227	231	388	#
711	1205.31	30	42	45	47	51	53	74	75	107	120	121	167	198	211	221	253	388	#
712	124.808	61	#
713	137.899	61	141	389	#
714	127.574	208	221	389	#
715	1994.69	29	32	36	39	48	49	56	59	90	99	105	115	116	124	158	171	185	196	215	216	227	235	239	248	249	250	390	#
716	2353.93	1	3	35	45	49	85	90	107	123	125	128	131	140	145	146	167	188	191	197	213	228	229	240	245	247	250	390	#
717	2244.68	1	15	29	42	56	65	80	84	92	107	111	113	131	148	149	160	175	192	194	197	200	209	237	239	241	254	390	#
718	2174.82	3	11	13	18	40	49	56	57	64	65	84	103	107	118	142	157	161	167	182	183	186	193	196	197	229	246	390	#
719	2150.54	14	28	45	50	64	74	92	95	107	113	126	129	134	138	146	153	155	165	188	198	199	216	219	231	239	248	390	#
720	2147.04	0	9	35	38	53	57	60	73	75	86	107	115	116	122	138	146	148	154	174	177	192	193	224	239	246	254	390	#
721	1281.88	3	9	28	37	38	51	71	75	92	113	145	162	184	186	206	220	247	248	253	391	#
722	1351.43	7	8	24	74	75	80	84	124	147	149	152	170	179	182	184	194	195	196	250	391	#
723	1340.73	8	22	38	39	44	60	64	76	80	91	92	93	98	107	115	116	140	142	190	391	#
724	1332.53	67	75	76	88	89	93	98	114	123	124	135	137	147	158	193	198	218	230	249	391	#
725	1239.43	18	37	47	54	76	98	103	111	127	132	158	178	195	200	220	226	238	248	253	391	#
726	1217.94	1	41	90	94	97	105	106	109	113	122	124	141	142	162	193	194	209	248	251	391	#
727	653.246	34	57	100	112	117	144	156	175	176	189	206	215	392	#
728	910.57	2	10	20	34	39	110	126	128	161	181	238	241	392	#
729	831.446	3	11	17	37	85	116	119	128	169	175	241	250	392	#
730	796.908	3	47	98	102	120	126	144	162	182	200	213	217	392	#
731	736.344	60	92	93	123	145	151	154	186	215	222	238	243	392	#
732	732.32	16	25	26	61	72	112	113	199	201	235	236	248	392	#
733	1558.31	24	32	36	37	40	58	98	122	124	158	173	184	191	197	200	203	208	211	232	234	253	393	#
734	1799.25	0	3	22	24	40	48	54	67	94	97	122	133	147	168	181	196	215	217	220	222	244	393	#
735	1711.77	0	27	28	55	58	66	84	100	102	123	125	127	151	169	171	191	195	223	227	232	238	393	#
736	1696.41	1	19	42	45	54	57	70	76	78	112	117	121	125	164	171	177	184	191	210	253	254	393	#
737	1670.45	3	17	24	33	35	45	61	78	112	116	147	175	184	194	202	207	216	225	235	237	244	393	#
738	1666.06	26	27	28	58	67	74	83	84	86	92	95	96	121	122	123	140	158	165	177	185	209	393	#
739	153.153	62	70	87	206	241	394	#
740	60.5984	43	48	62	105	239	394	#
741	74.4354	110	#
742	467.647	9	25	28	192	239	250	395	#
743	484.728	28	54	112	127	187	238	395	#
744	455.711	30	70	75	79	155	250	395	#
745	439.313	9	36	40	53	68	238	395	#
746	426.783	72	102	118	213	239	245	395	#
747	421.942	25	41	59	216	232	233	395	#
748	1446.5	5	21	54	58	72	84	87	94	96	99	105	118	124	130	132	146	168	181	191	199	206	226	231	235	244	247	255	396	#
749	2111	6	14	25	38	45	57	70	87	90	99	103	123	131	138	155	162	168	173	174	186	188	198	201	209	211	224	254	396	#
750	2059.77	0	1	11	21	42	45	63	70	78	81	95	110	122	128	130	132	137	164	185	191	202	210	216	228	236	242	250	396	#
751	1962.11	6	9	16	18	31	38	70	71	83	85	92	99	103	107	136	177	180	181	204	208	217	220	223	224	233	252	255	396	#
752	1943.39	1	8	18	24	35	39	47	74	84	87	88	110	136	148	162	175	178	182	195	205	210	212	216	223	240	248	254	396	#
753	1931.26	6	12	59	62	99	105	118	122	123	143	145	153	155	162	164	165	167	168	186	198	201	212	225	234	236	238	255	396	#
754	711.968	44	109	123	127	171	178	213	214	234	242	397	#
755	828.55	8	30	37	123	156	158	169	189	227	228	397	#
756	817.102	33	52	80	99	112	169	178	192	224	246	397	#
757	774.95	10	13	52	57	85	123	147	171	228	229	397	#
758	737.189	5	17	58	97	127	154	173	188	195	209	397	#
759	708.561	58	86	96	107	109	148	157	189	194	197	397	#
760	217.427	46	163	255	398	#
761	220.542	80	172	255	398	#
762	212.777	81	163	235	398	#
763	123.741	46	86	236	398	#
764	171.442	143	152	195	399	#
765	184.876	47	152	237	399	#
766	19.725	143	221	232	399	#
767	342.451	46	87	102	136	153	400	#
768	433.987	46	104	150	184	235	400	#
769	282.165	19	25	63	87	129	400	#
770	256.511	84	148	149	153	199	400	#
771	175.738	83	102	112	159	241	400	#
772	512.681	13	82	152	173	194	229	401	#
773	493.308	48	52	93	115	194	248	401	#
774	398.717	83	86	152	213	243	249	401	#
775	397.008	2	13	48	53	83	159	401	#
776	363.269	6	34	67	82	106	158	401	#
777	363.093	118	155	161	192	229	250	401	#
778	402.302	26	31	70	106	131	176	188	232	402	#
779	549.314	44	50	82	90	123	131	167	171	402	#
780	525.982	13	20	23	28	90	106	233	245	402	#
781	490.803	20	87	117	131	162	188	193	200	402	#
782	455.122	73	90	176	193	200	206	213	243	402	#
783	335.324	43	54	62	70	76	104	183	227	402	#
784	642.573	14	23	55	61	68	79	86	105	129	152	403	#
785	930.715	4	10	64	68	69	109	142	148	168	193	403	#
786	839.665	58	75	79	84	105	110	111	142	209	219	403	#
787	796.683	5	14	69	108	120	130	142	147	153	196	403	#
788	710.545	34	114	116	124	135	152	176	228	249	254	403	#
789	682.149	61	107	150	152	157	175	193	212	225	233	403	#
790	2310.78	31	34	35	53	84	85	89	99	111	119	123	136	143	153	157	160	165	173	175	196	206	208	238	245	246	249	251	404	#
791	2351.8	6	33	47	49	55	66	67	68	106	107	112	127	131	133	146	149	153	167	172	174	182	187	203	206	216	228	244	404	#
792	2300.35	20	22	39	46	65	71	85	88	103	107	136	137	152	153	155	159	166	174	182	186	189	204	206	218	239	244	248	404	#
793	2282.46	21	39	43	47	48	53	99	107	113	119	154	157	167	177	178	182	201	204	205	208	213	223	231	237	243	244	245	404	#
794	2269.17	47	48	49	52	54	62	77	81	111	116	122	123	128	129	131	149	151	158	166	172	178	181	184	208	222	237	245	404	#
795	2220.4	9	18	20	24	53	54	56	59	64	77	84	85	98	126	139	143	166	167	171	176	190	193	209	223	232	238	250	404	#
796	1623.15	16	29	47	50	92	113	114	123	139	142	160	161	165	174	191	203	214	217	227	405	#
797	1606.3	9	25	26	28	38	39	43	50	82	125	133	146	147	161	171	174	201	234	254	405	#
798	1494.69	76	93	94	105	120	147	159	162	164	171	177	190	194	195	203	218	230	238	252	405	#
799	1470.5	16	27	33	59	68	69	76	103	107	132	134	135	143	145	160	175	177	192	229	405	#
800	1391.41	7	21	37	43	57	58	77	81	92	108	113	116	119	121	148	175	180	215	247	405	#
801	1374.94	11	16	28	55	68	105	106	129	133	134	139	143	156	161	184	185	205	214	218	405	#
802	30.2189	138	#
803	630.786	27	61	86	127	184	210	252	406	#
804	646.797	23	103	198	200	201	237	252	406	#
805	622.388	152	161	167	198	210	214	236	406	#
806	518.721	14	16	127	160	163	204	249	406	#
807	512.354	37	48	61	69	70	156	167	406	#
808	468.72	27	41	94	138	163	175	220	406	#
809	829.58	8	27	44	69	72	88	126	132	140	179	189	215	238	407	#
810	1122.92	59	64	72	77	79	116	127	136	150	172	202	231	232	407	#
811	1066.46	15	25	38	89	106	107	117	126	128	129	159	199	233	407	#
812	1003.45	11	15	45	69	76	78	95	117	127	171	215	231	246	407	#
813	961.645	15	39	83	94	116	128	131	150	162	169	178	189	201	407	#
814	940.812	7	8	107	110	118	128	140	154	158	181	218	242	253	407	#
815	235.122	3	20	171	216	408	#
816	283.142	3	8	41	63	408	#
817	231.34	20	67	244	248	408	#
818	223.905	136	171	238	244	408	#
819	769.825	10	11	17	20	46	57	64	67	159	166	196	221	252	409	#
820	1067.04	29	67	69	72	110	111	136	148	156	165	188	201	229	409	#
821	1047.88	16	25	28	46	106	142	148	149	212	240	242	247	250	409	#
822	965.433	11	15	79	80	97	100	112	137	144	159	175	185	212	409	#
823	963.091	21	35	64	75	96	146	162	192	212	227	233	244	252	409	#
824	930.334	18	26	27	43	56	57	92	167	188	189	196	235	250	409	#
825	124.185	46	225	410	#
826	157.028	99	225	410	#
827	82.5818	4	46	410	#
828	105.013	8	#
829	1281.38	1	6	8	49	59	70	87	99	111	116	117	142	172	175	179	192	197	221	411	#
830	1547.15	3	8	14	23	26	29	72	74	93	104	119	142	153	175	176	202	238	252	411	#
831	1507.19	2	3	26	28	29	101	109	136	149	169	189	192	196	197	202	237	248	252	411	#
832	1372.32	4	15	23	29	61	74	89	92	149	161	165	170	178	179	189	190	208	228	411	#
833	1352.22	6	12	26	42	46	98	99	108	116	135	141	148	152	178	182	199	209	219	411	#
834	1344.18	0	12	13	54	73	81	99	117	129	130	152	175	196	203	206	233	234	253	411	#
835	1554.12	3	16	25	41	54	75	112	138	144	146	152	154	156	163	203	210	228	229	251	412	#
836	1604.35	8	25	32	55	70	75	76	83	90	127	133	148	159	171	179	194	216	228	239	412	#
837	1466.63	0	2	19	22	78	90	94	100	133	139	150	177	179	181	190	191	198	229	250	412	#
838	1439.25	2	21	28	32	38	61	67	96	98	130	141	144	159	215	221	229	237	250	252	412	#
839	1433.66	17	59	76	98	113	118	125	129	140	142	145	146	156	159	193	204	228	245	254	412	#
840	1406.85	1	23	36	44	59	66	67	73	85	116	118	161	168	171	189	201	210	212	228	412	#
841	446.367	76	87	183	197	199	220	240	246	413	#
842	604.706	16	112	132	170	199	214	218	220	413	#
843	598.356	14	34	83	111	145	198	242	246	413	#
844	536.301	74	135	165	167	181	183	247	249	413	#
845	489.062	59	83	95	140	162	192	212	240	413	#
846	426.504	10	31	121	140	187	199	213	217	413	#
847	232.45	76	185	414	#
848	99.4452	65	185	414	#
849	116.191	123	204	415	#
850	161.705	58	123	415	#
851	622.797	79	157	185	208	212	232	416	#
852	589.97	85	133	157	171	223	247	416	#
853	576.727	2	32	143	175	232	236	416	#
854	568.944	7	59	68	79	136	215	416	#
855	407.46	7	30	49	120	170	212	416	#
856	402.825	46	52	159	181	185	208	416	#
857	2943.99	7	19	22	27	38	45	47	49	51	61	63	77	80	81	85	99	109	110	115	118	122	123	125	136	137	138	153	157	169	173	179	188	195	197	200	205	210	211	219	232	237	241	252	254	417	#
858	3382.18	9	12	22	32	34	35	38	39	48	58	64	65	68	70	75	77	90	94	95	99	109	116	117	121	128	133	136	138	143	145	148	167	175	182	185	210	212	214	218	221	235	241	246	247	417	#
859	3289.82	4	5	10	13	15	18	41	44	49	52	58	71	74	81	83	84	85	89	94	97	109	111	113	137	138	139	152	153	155	156	157	162	166	174	185	190	211	215	218	225	228	233	244	247	417	#
860	3270.02	2	19	27	29	34	35	45	46	53	58	65	71	80	91	98	111	115	116	117	119	124	126	127	133	135	138	152	154	156	158	161	172	181	185	199	202	206	215	216	220	224	238	247	252	417	#
861	3264.03	15	18	20	32	36	52	53	57	66	71	85	97	98	99	102	112	124	127	130	132	134	136	143	150	158	161	163	164	167	182	183	186	189	193	197	204	210	216	226	232	233	236	238	255	417	#
862	3256.04	1	15	18	32	36	44	45	49	52	57	65	70	90	129	131	137	144	156	159	161	163	164	165	167	169	173	174	177	178	179	181	183	187	189	206	207	212	215	219	229	232	246	249	255	417	#
863	1014.8	8	31	32	36	45	85	128	134	145	192	224	228	418	#
864	1113.33	3	22	31	69	101	137	203	207	218	224	228	253	418	#
865	854.913	6	18	19	27	43	91	128	166	202	225	233	250	418	#
866	844.072	10	21	77	85	91	128	133	184	196	224	228	247	418	#
867	803.549	1	16	36	46	47	101	122	126	167	194	206	236	418	#
868	777.658	31	36	68	80	90	136	147	163	200	214	226	250	418	#
869	87.4449	81	#
870	545.226	24	119	160	216	217	224	232	419	#
871	678.807	8	57	70	85	178	224	250	419	#
872	609.902	96	98	104	196	206	216	251	419	#
873	492.223	62	76	89	96	109	210	232	419	#
874	448.883	38	122	138	154	165	194	217	419	#
875	409.748	30	52	92	118	119	120	157	419	#
876	859.369	34	48	64	73	112	113	161	167	172	189	211	213	218	420	#
877	871.859	14	43	73	84	119	124	161	168	178	207	245	246	252	420	#
878	835.876	31	37	38	47	55	82	131	148	172	210	221	223	233	420	#
879	835.174	39	45	59	74	112	136	146	159	162	193	226	231	249	420	#
880	817.869	19	44	90	107	112	133	137	185	189	196	233	234	245	420	#
881	798.309	27	39	47	66	73	90	119	124	142	143	150	207	220	420	#
882	430.165	3	93	127	185	195	224	421	#
883	570.621	121	127	171	193	213	215	421	#
884	454.259	85	126	160	169	185	194	421	#
885	369.391	2	17	93	141	153	246	421	#
886	326.881	3	94	104	122	140	214	421	#
887	312.689	80	137	140	179	195	245	421	#
888	165.176	46	226	422	#
889	234.979	226	248	422	#
890	66.9193	46	54	422	#
891	43.2988	66	#
892	25.7014	40	211	#
893	160.902	26	190	423	#
894	213.798	40	190	423	#
895	109.869	26	234	423	#
896	92.2988	3	120	249	424	#
897	120.423	3	30	107	424	#
898	108.956	120	173	184	424	#
899	2831.13	8	18	36	37	38	59	60	61	74	77	78	82	83	87	102	105	121	122	127	132	142	146	153	155	165	177	178	182	185	218	222	227	249	250	425	#
900	2784.38	5	9	18	22	25	28	29	38	39	40	47	58	59	61	71	78	79	82	85	123	160	170	180	188	190	192	198	199	220	224	231	247	250	252	425	#
901	2721.88	0	5	9	14	40	50	63	68	70	72	74	75	82	85	96	98	104	124	131	135	143	147	155	160	177	178	188	190	192	199	220	231	238	239	425	#
902	2676.76	4	8	15	17	18	62	67	68	74	83	87	97	100	103	122	135	142	144	145	146	147	148	167	177	188	195	199	206	216	229	231	235	248	250	425	#
903	2615.74	3	9	14	18	19	41	47	52	53	86	91	97	99	108	120	122	127	134	145	146	150	151	154	155	179	199	211	215	216	219	220	221	233	244	425	#
904	2583.23	4	5	33	46	47	52	53	69	89	90	96	98	102	109	112	118	124	134	146	149	157	163	169	170	183	185	195	201	206	210	224	228	234	249	425	#
905	148.107	57	201	#
906	1835.57	6	13	23	34	38	40	53	57	73	74	89	110	121	141	143	145	160	169	193	200	203	214	220	229	243	245	249	254	255	426	#
907	2287.31	8	11	13	22	23	50	51	54	59	60	63	80	104	105	106	117	123	135	143	148	150	166	185	190	228	238	243	248	253	426	#
908	2282.09	6	11	22	24	43	51	56	61	68	78	91	101	113	123	129	145	159	168	181	186	190	193	197	207	217	223	232	238	249	426	#
909	2196.44	7	26	27	32	38	40	49	64	67	69	76	77	87	89	90	101	109	125	146	172	184	185	196	201	210	217	249	250	253	426	#
910	2189.38	0	6	16	21	30	33	48	55	59	64	74	78	105	129	133	145	147	162	175	178	192	196	203	209	210	218	232	245	249	426	#
911	2152.19	30	31	32	36	41	54	77	78	83	121	130	140	141	142	146	152	156	191	195	198	230	238	243	244	248	249	250	251	255	426	#
912	46.685	139	#
913	262.945	35	48	64	181	427	#
914	371.431	35	115	154	244	427	#
915	303.403	111	158	181	195	427	#
916	257.485	17	48	52	85	427	#
917	1134.72	34	38	40	46	47	48	76	83	86	92	95	99	133	143	153	154	176	205	206	222	243	250	252	428	#
918	1618.1	39	40	48	65	68	87	92	98	131	135	164	166	167	181	200	212	213	214	218	225	226	234	251	428	#
919	1601.05	4	26	49	83	94	100	114	123	139	146	153	154	161	166	169	170	174	175	190	192	202	229	247	428	#
920	1552.13	11	22	41	79	81	89	105	117	134	136	151	153	154	166	178	205	208	212	220	226	228	237	250	428	#
921	1530.87	7	19	52	70	89	95	96	101	103	123	140	147	153	154	175	185	193	197	202	205	232	240	252	428	#
922	1528.79	3	10	13	29	40	50	64	77	92	125	138	143	146	161	175	192	196	204	223	227	228	245	251	428	#
923	1289.53	37	74	81	92	98	100	114	122	134	141	155	186	188	190	193	194	429	#
924	1589.32	0	36	67	68	98	127	134	139	144	153	161	179	193	230	235	236	429	#
925	1379.81	1	2	25	68	81	99	104	111	116	132	141	172	179	188	228	251	429	#
926	1365.81	2	36	38	65	72	74	83	84	102	103	110	142	163	198	234	235	429	#
927	1279.09	9	13	35	37	51	78	81	84	128	188	192	196	209	215	226	247	429	#
928	1274.85	3	14	38	42	45	56	63	66	91	92	150	183	188	206	217	238	429	#
929	1130	14	23	24	26	29	32	56	63	69	77	82	149	177	221	222	231	233	237	238	246	430	#
930	1493.09	8	10	22	26	27	28	33	37	53	75	79	85	104	130	141	145	151	191	196	232	430	#
931	1492.59	11	18	26	31	32	36	66	69	79	87	100	109	110	126	129	138	155	206	214	224	430	#
932	1435.93	10	18	43	77	96	99	110	119	138	165	171	176	189	207	209	219	224	237	248	249	430	#
933	1410.37	23	28	55	57	63	67	98	100	110	112	141	149	173	186	191	212	213	215	238	250	430	#
934	1363.12	10	11	19	25	45	62	69	71	79	104	124	182	194	212	216	219	225	231	232	237	430	#
935	1303.53	6	12	49	82	99	112	119	135	188	194	196	201	209	219	253	431	#
936	1228.31	29	31	58	63	82	99	121	152	168	170	202	206	224	229	234	431	#
937	1191.91	38	58	62	106	108	113	126	135	151	178	179	193	228	235	253	431	#
938	1149.06	6	21	23	58	62	63	76	77	96	137	139	152	162	212	224	431	#
939	1138.49	40	44	65	75	91	97	119	138	162	168	179	188	200	201	219	431	#
940	1092.46	11	41	49	60	99	114	117	121	139	150	179	188	200	242	249	431	#
941	205.01	61	118	432	#
942	216.812	7	61	432	#
943	208.309	118	196	432	#
944	132.787	52	124	132	163	168	433	#
945	178.833	33	39	143	168	249	433	#
946	168.46	95	96	124	253	255	433	#
947	95.8272	52	91	95	124	246	433	#
948	51.6214	47	121	132	210	232	433	#
949	502.07	58	110	119	174	185	196	202	218	221	226	232	434	#
950	721.655	41	45	48	108	109	128	142	188	197	218	247	434	#
951	649.965	2	52	83	100	148	156	226	228	229	237	250	434	#
952	618.005	7	80	118	119	180	188	196	210	211	236	254	434	#
953	610.199	9	23	32	53	58	84	176	178	183	189	249	434	#
954	599.349	1	9	33	47	65	148	177	208	221	248	254	434	#
955	182.181	35	224	435	#
956	250.879	53	224	435	#
957	166.041	35	194	435	#
958	142.614	188	#
959	95.4179	12	60	436	#
960	72.1442	60	157	436	#
961	779.624	14	15	93	105	109	136	149	209	214	437	#
962	949.294	31	42	89	93	98	130	156	202	245	437	#
963	868.164	43	65	75	81	86	104	160	188	209	437	#
964	686.504	14	36	52	107	142	144	161	212	222	437	#
965	666.513	21	34	51	92	96	123	174	214	248	437	#
966	644.706	7	10	54	84	99	105	115	173	245	437	#
967	895.872	4	7	25	32	47	58	66	91	93	96	117	164	185	199	208	229	232	255	438	#
968	1223.42	4	25	29	32	59	63	93	108	151	162	173	183	190	203	213	235	239	246	438	#
969	1213.11	24	31	56	79	108	142	154	181	187	204	208	213	215	223	234	243	244	255	438	#
970	1170.57	7	9	11	19	45	58	72	92	117	142	148	159	180	184	187	201	210	239	438	#
971	1154.44	1	3	7	21	24	27	37	58	59	70	113	138	141	142	169	183	187	249	438	#
972	1104.42	14	36	40	42	90	109	111	112	130	147	148	149	178	185	193	218	221	241	438	#
973	521.234	1	40	108	124	136	147	171	174	250	439	#
974	687.764	34	133	150	153	172	225	236	244	250	439	#
975	674.097	20	21	108	109	117	124	147	157	167	439	#
976	556.305	37	40	53	100	118	135	169	209	226	439	#
977	554.573	27	38	64	117	124	171	226	248	252	439	#
978	521.286	6	15	33	47	69	108	132	142	250	439	#
979	338.225	21	139	181	204	214	220	440	#
980	425.896	92	139	143	210	214	221	440	#
981	412.647	52	77	117	152	181	212	440	#
982	411.479	6	70	159	173	214	251	440	#
983	386.913	38	63	78	150	220	230	440	#
984	293.309	15	52	69	190	192	204	440	#
985	308.758	68	133	188	201	441	#
986	328.792	68	85	87	101	441	#
987	316.891	35	54	133	182	441	#
988	293.338	54	72	109	201	441	#
989	278.178	125	188	194	204	441	#
990	606.629	12	25	38	54	58	95	113	135	204	222	442	#
991	859.031	33	35	39	43	99	125	134	135	137	156	442	#
992	793.324	7	10	26	58	65	87	88	199	248	255	442	#
993	706.38	38	44	46	60	102	128	138	142	144	204	442	#
994	698.605	35	78	85	94	108	164	171	183	199	204	442	#
995	648.921	25	58	61	64	118	132	178	183	198	203	442	#
996	1070.45	27	39	40	85	107	111	152	175	189	217	227	240	252	443	#
997	1251.63	16	22	45	64	70	73	85	105	113	175	203	228	252	443	#
998	1110.57	49	51	62	75	107	112	116	150	156	202	227	241	246	443	#
999	1086.94	12	18	60	73	85	95	101	142	155	192	219	235	240	443	#
1000	1013.69	21	38	44	47	61	107	135	175	176	202	205	206	226	443	#
1001	941.973	2	11	23	32	33	131	147	177	198	202	219	229	240	443	#
