%% File generated by CATS v.2.1Mon Jul  4 11:04:28 2011

%% The CATS webpage is http://robotics.stanford.edu/CATS

%% PARAMETER SETTINGS:
% Goods: 500; Bids: 1000; Distribution: arbitrary; Runs: 1; Seed: 1309806298
% Arbitrary Distribution Parameters:
% Max Substitutable Bids = 5
% Removing HV Neighbor   = 0.1
% Adding DIAG Neighbor   = 0.2
% Additional Location    = 0.9
% Additivity             = 0.2
% Budget Factor          = 1.5
% Resale Factor          = 0.5
% Normal Private Value:
%   Mean                 = 0
%   Standard Deviation   = 30



goods 500
bids 1000
dummy 192

0	307.504	0	156	289	328	424	500	#
1	416.897	17	33	328	419	493	500	#
2	376.335	38	339	340	410	424	500	#
3	339.786	47	268	289	351	446	500	#
4	211.661	11	100	142	156	453	500	#
5	203.19	0	102	161	270	334	500	#
6	215.671	62	103	137	264	389	412	501	#
7	190.731	54	103	252	316	420	461	501	#
8	1991.14	64	90	103	146	148	149	185	204	217	233	242	296	309	349	353	362	368	371	426	474	480	487	489	496	502	#
9	2245.65	56	60	74	92	121	163	173	179	180	186	187	220	309	342	349	354	413	416	445	446	452	454	474	496	502	#
10	2187.19	7	42	51	93	141	150	163	186	200	224	272	288	349	363	366	368	374	395	405	423	453	465	466	477	502	#
11	2099.96	34	56	82	132	137	140	166	173	175	215	223	245	290	296	301	304	339	366	379	419	433	464	467	480	502	#
12	2091.07	33	74	115	126	150	151	170	183	190	201	203	224	237	255	282	294	304	333	362	370	371	466	467	496	502	#
13	2061.16	22	43	56	109	146	148	150	186	200	209	210	212	241	307	335	348	352	355	377	417	427	428	433	477	502	#
14	27.5328	28	65	#
15	868.4	128	158	205	260	290	333	405	503	#
16	665.543	4	27	38	128	260	402	450	503	#
17	597.448	9	47	65	267	313	333	407	503	#
18	584.293	23	158	193	223	296	396	420	503	#
19	579.845	6	13	122	290	405	420	485	503	#
20	562.057	58	260	379	391	405	453	491	503	#
21	427.085	119	139	397	474	504	#
22	396.726	139	188	244	373	504	#
23	265.232	297	303	397	419	504	#
24	244.375	198	205	355	474	504	#
25	725.896	11	26	42	149	194	214	272	505	#
26	597.538	116	185	199	214	329	473	483	505	#
27	592.441	91	122	147	149	274	402	405	505	#
28	589.801	17	26	93	173	360	412	433	505	#
29	576.525	155	194	205	272	286	446	496	505	#
30	555.418	42	102	111	146	198	407	491	505	#
31	157.943	397	#
32	1221.19	59	120	140	158	189	200	217	230	246	280	285	305	354	370	386	438	444	464	482	487	491	506	#
33	1734.8	13	19	69	77	92	121	122	141	160	224	255	268	287	341	401	439	464	468	472	473	497	506	#
34	1653.99	72	93	119	136	141	142	148	156	158	162	170	208	253	288	342	400	405	411	433	439	476	506	#
35	1552.73	10	17	22	50	135	161	162	171	178	270	290	299	359	405	417	427	435	447	479	482	492	506	#
36	1545.75	0	50	66	67	89	113	126	127	263	288	295	323	327	340	403	404	414	435	455	456	487	506	#
37	1457.31	17	36	37	53	59	75	117	141	157	198	214	218	273	291	295	304	333	383	396	405	483	506	#
38	86.2451	110	214	379	507	#
39	72.9217	55	106	110	507	#
40	1189	7	86	89	110	170	174	202	222	237	246	260	285	320	424	427	428	441	473	481	508	#
41	1550.94	15	58	68	86	96	98	116	129	144	158	170	193	227	283	360	367	373	396	405	508	#
42	1549.24	12	13	15	63	83	87	121	129	148	150	209	218	239	305	320	346	356	457	469	508	#
43	1540.38	17	79	82	104	112	136	183	201	222	223	240	283	285	364	382	445	453	461	484	508	#
44	1488.35	26	29	30	39	71	81	91	120	123	128	180	213	244	246	381	461	468	484	495	508	#
45	1446.9	5	20	32	48	99	125	143	166	208	222	259	275	277	283	288	345	353	452	469	508	#
46	684.107	25	46	52	89	97	200	212	234	242	348	380	443	498	509	#
47	1012.46	50	52	74	80	131	139	212	240	253	285	302	390	475	509	#
48	1001.4	1	49	133	151	203	221	234	240	253	283	284	308	411	509	#
49	944.319	21	115	130	135	147	212	296	324	346	372	374	383	444	509	#
50	935.606	41	48	88	94	97	101	242	279	302	429	437	448	480	509	#
51	826.24	29	33	62	110	116	168	223	303	320	341	408	443	489	509	#
52	341.395	13	180	349	351	498	510	#
53	413.87	13	230	352	389	477	510	#
54	412.526	180	366	379	384	498	510	#
55	369.229	2	136	180	225	495	510	#
56	338.311	61	133	236	346	351	510	#
57	337.35	29	35	255	336	349	510	#
58	1221.49	0	19	58	60	64	105	127	133	173	175	211	235	242	252	293	331	348	497	511	#
59	1672.31	22	30	32	77	105	111	126	138	143	264	278	295	319	353	413	415	454	481	511	#
60	1650.26	35	40	64	83	89	114	194	223	240	258	265	300	318	357	393	424	460	470	511	#
61	1526.4	9	19	69	166	191	210	215	221	234	265	266	279	329	356	381	487	490	493	511	#
62	1509.53	30	42	46	49	69	99	104	150	166	205	252	267	386	399	417	461	472	479	511	#
63	1506.42	23	46	77	81	97	125	127	150	229	230	231	307	320	334	336	368	421	461	511	#
64	296.244	139	186	234	316	334	456	481	512	#
65	434.517	132	139	149	171	224	329	389	512	#
66	370.732	17	65	144	176	310	456	474	512	#
67	61.058	468	#
68	713.868	90	140	319	325	428	467	513	#
69	674.338	90	288	314	426	467	480	513	#
70	661.077	21	249	255	270	467	481	513	#
71	645.07	155	305	319	340	345	381	513	#
72	496.68	23	140	336	348	367	386	513	#
73	465.797	140	300	309	325	358	395	513	#
74	692.169	5	47	166	183	194	288	298	393	437	456	499	514	#
75	906.534	45	58	104	218	288	328	332	380	457	463	465	514	#
76	905.533	17	46	93	118	141	176	195	202	267	306	499	514	#
77	880.405	10	44	177	186	202	206	219	313	379	393	407	514	#
78	852.414	6	34	108	182	184	186	194	206	252	283	391	514	#
79	835.186	0	5	92	104	109	203	222	285	333	438	474	514	#
80	84.7108	138	#
81	452.457	93	198	289	335	339	354	515	#
82	431.782	26	97	272	289	462	475	515	#
83	416.933	136	289	334	354	431	484	515	#
84	404.825	78	118	335	388	394	449	515	#
85	395.353	139	230	339	341	448	464	515	#
86	332.254	47	93	171	200	203	405	515	#
87	553.424	72	87	105	120	226	325	387	406	439	516	#
88	816.686	23	60	149	177	220	230	386	387	468	516	#
89	728.085	29	72	133	233	325	334	354	432	441	516	#
90	680.643	3	22	122	279	325	328	370	444	466	516	#
91	526.06	44	56	93	105	177	254	412	429	439	516	#
92	430.201	67	83	112	120	189	240	384	393	447	516	#
93	198.103	330	344	517	#
94	180.84	79	330	517	#
95	466.198	39	64	67	88	191	192	233	339	389	416	518	#
96	692.685	8	52	93	98	131	156	165	303	339	499	518	#
97	674.625	43	117	123	136	353	367	389	422	423	448	518	#
98	623.928	22	83	125	140	149	192	274	285	325	335	518	#
99	589.893	64	65	102	133	150	259	277	323	483	486	518	#
100	455.517	16	41	78	158	265	322	361	379	416	498	518	#
101	867.208	34	85	98	118	126	134	153	278	405	428	519	#
102	1154.96	54	161	193	243	255	267	294	400	405	454	519	#
103	1092.3	10	105	189	230	277	278	283	285	370	443	519	#
104	908.429	98	146	207	236	239	253	274	328	359	473	519	#
105	892.024	51	85	219	237	277	337	339	433	477	485	519	#
106	863.425	86	121	134	264	306	317	386	428	437	499	519	#
107	728.297	13	26	203	212	230	400	424	435	484	520	#
108	1066.83	26	29	34	35	42	146	153	239	492	520	#
109	688.305	55	98	131	148	162	366	424	433	484	520	#
110	656.926	13	20	97	119	179	188	255	363	446	520	#
111	624.363	4	14	111	173	230	293	323	371	485	520	#
112	605.138	14	43	135	212	260	280	364	445	485	520	#
113	664.015	178	237	254	264	437	450	457	521	#
114	709.201	254	283	364	372	396	463	489	521	#
115	632.087	49	77	178	180	307	442	467	521	#
116	606.295	40	111	204	221	237	330	466	521	#
117	600.98	5	42	121	303	312	437	474	521	#
118	552.21	17	61	264	304	396	416	425	521	#
119	399.434	120	131	190	263	291	303	363	380	522	#
120	566.912	54	72	211	242	290	291	339	406	522	#
121	533.638	25	63	114	131	180	228	316	442	522	#
122	504.091	25	103	105	274	303	376	465	482	522	#
123	451.105	23	101	145	171	270	363	406	470	522	#
124	418.534	25	59	120	169	232	330	436	486	522	#
125	903.888	6	106	175	200	234	260	299	326	362	454	463	467	523	#
126	1186.3	45	85	117	139	147	261	283	293	373	418	421	467	523	#
127	1067.35	21	38	85	171	178	260	286	353	370	372	476	477	523	#
128	984.447	20	32	51	92	123	200	239	306	343	382	401	455	523	#
129	962.654	42	52	57	170	221	234	259	314	327	343	420	439	523	#
130	919.074	76	112	239	248	324	344	386	390	391	418	454	456	523	#
131	2617.36	5	7	35	37	56	66	82	83	102	117	136	140	148	171	207	220	241	314	320	340	346	348	364	365	451	454	458	470	476	524	#
132	2522.62	0	32	66	67	97	102	112	116	134	137	142	163	166	176	224	295	321	356	357	359	362	364	396	402	409	414	450	451	477	524	#
133	2521.89	0	11	28	32	34	44	45	47	59	69	82	137	140	142	148	193	251	263	295	300	310	321	327	339	351	353	358	370	470	524	#
134	2427.49	29	32	35	56	71	83	98	109	110	113	123	124	140	143	160	161	211	262	276	336	364	377	378	399	405	433	439	453	454	524	#
135	2296.78	5	18	28	31	46	67	68	89	90	97	126	138	142	146	172	224	248	254	264	276	290	318	329	348	349	384	393	450	460	524	#
136	2283.43	1	17	34	40	42	45	53	144	163	175	184	194	229	262	302	306	314	318	319	336	340	359	364	365	427	430	448	457	464	524	#
137	70.5113	234	295	525	#
138	104.072	96	234	525	#
139	1031.43	3	25	85	89	144	151	212	225	253	271	273	276	285	349	359	362	372	393	478	480	526	#
140	1501.25	3	37	54	98	135	137	172	188	194	203	225	244	283	305	306	340	388	404	448	498	526	#
141	1473.5	10	22	25	93	117	163	178	190	195	244	264	312	329	349	392	426	458	470	474	478	526	#
142	1462.09	11	15	25	143	150	170	187	208	209	253	278	279	313	315	332	346	411	433	479	489	526	#
143	1447.7	18	46	120	133	159	178	190	224	262	269	271	279	280	313	331	344	399	442	460	466	526	#
144	1443.83	54	63	66	207	233	252	264	333	352	358	381	383	388	393	408	433	434	448	497	498	526	#
145	509.881	19	57	103	113	115	128	137	208	263	331	497	527	#
146	753.75	113	205	249	251	275	284	303	310	409	450	469	527	#
147	692.131	8	14	34	103	233	283	312	351	355	440	473	527	#
148	593.984	27	32	137	236	263	371	373	400	420	425	458	527	#
149	566.8	17	79	82	112	137	152	181	327	361	426	435	527	#
150	546.963	57	82	94	131	161	192	311	363	445	476	480	527	#
151	415.212	36	44	120	153	201	204	498	528	#
152	577.022	120	159	193	316	322	358	478	528	#
153	493.403	9	153	187	205	409	453	499	528	#
154	425.73	173	268	280	387	404	466	498	528	#
155	398.435	14	24	204	295	308	407	480	528	#
156	386.803	142	201	263	285	320	328	384	528	#
157	3280.62	12	15	20	26	35	45	57	64	112	116	126	130	138	139	140	149	151	160	186	190	192	197	211	223	234	243	268	305	308	315	322	329	333	363	377	387	398	414	444	447	458	466	473	474	477	486	529	#
158	3762.15	2	6	13	22	28	34	38	53	81	99	108	125	139	142	149	154	155	182	189	218	244	245	267	269	274	281	303	305	308	310	328	342	361	366	367	374	384	392	397	399	417	423	425	481	491	495	529	#
159	3697.08	10	43	73	84	93	99	105	124	143	163	167	177	186	194	218	223	253	254	260	267	275	279	296	297	343	365	367	377	384	385	387	397	403	404	407	424	430	436	453	464	474	475	476	486	489	490	529	#
160	3669.19	34	36	55	56	59	82	100	110	116	141	142	168	182	216	244	249	256	265	266	278	279	283	287	290	302	308	314	317	319	329	367	379	384	389	391	397	400	403	415	420	428	453	458	474	475	491	529	#
161	3647.91	30	40	45	62	79	93	97	116	119	131	139	143	145	178	188	196	228	243	253	254	267	271	282	299	304	321	325	337	363	367	378	379	385	393	396	402	418	429	435	438	452	457	470	472	477	487	529	#
162	3647.65	17	18	123	131	134	135	138	140	154	165	167	168	171	180	210	216	226	248	249	262	276	279	296	299	300	320	323	325	333	349	352	367	376	377	385	400	405	409	424	441	443	446	469	473	491	498	529	#
163	247.062	145	288	332	401	530	#
164	365.852	160	173	244	332	530	#
165	347.089	145	361	397	480	530	#
166	238.355	15	35	401	483	530	#
167	228.274	95	165	242	288	530	#
168	1144.67	33	37	56	112	117	169	183	209	215	258	267	277	285	329	330	350	435	446	531	#
169	1497.08	23	33	74	134	145	189	201	207	217	251	252	321	368	408	417	422	452	483	531	#
170	1490.57	26	71	76	114	189	191	209	231	241	254	259	309	312	333	359	361	435	479	531	#
171	1442.69	11	109	163	182	197	214	243	303	312	321	323	333	362	395	443	446	465	470	531	#
172	1329.28	44	89	100	108	111	134	164	174	201	205	231	232	266	276	285	295	477	499	531	#
173	1321.89	43	56	126	127	163	202	221	230	254	282	283	314	337	347	414	418	436	451	531	#
174	308.263	85	116	146	187	276	532	#
175	260.855	50	85	348	368	409	532	#
176	226.292	94	187	310	456	476	532	#
177	204.751	2	116	213	400	453	532	#
178	143.012	33	265	268	276	477	532	#
179	876.212	1	11	111	130	138	246	261	278	324	407	432	460	470	533	#
180	1218.76	26	30	52	116	130	179	225	246	278	354	388	391	400	533	#
181	954.665	30	48	92	138	145	165	178	195	247	262	272	397	497	533	#
182	906.138	1	2	21	88	118	218	252	281	308	423	436	437	459	533	#
183	872.313	11	87	93	102	168	181	189	312	333	346	354	370	415	533	#
184	869.847	1	26	30	123	155	198	228	278	290	308	410	490	491	533	#
185	1619.17	0	1	35	42	93	112	154	160	212	219	228	265	276	317	332	340	353	367	386	439	459	481	489	534	#
186	2005.79	1	38	86	89	143	160	173	185	190	209	224	233	268	270	283	292	311	346	367	387	439	481	494	534	#
187	1922.31	0	21	47	88	130	159	180	191	199	276	283	291	299	337	343	348	377	400	407	455	489	492	494	534	#
188	1921.9	6	23	31	42	51	61	108	136	147	173	199	205	246	269	270	272	286	289	312	342	356	415	485	534	#
189	1869.94	14	26	32	60	74	93	97	180	182	183	279	291	305	309	317	322	324	375	381	417	426	427	481	534	#
190	1745.85	14	19	23	74	75	156	201	215	265	291	312	350	353	360	367	415	428	429	443	464	468	472	493	534	#
191	353.025	86	148	173	175	462	535	#
192	478.163	86	151	254	296	395	535	#
193	324.998	15	173	222	275	398	535	#
194	273.112	175	194	219	255	346	535	#
195	266.805	81	277	380	382	462	535	#
196	262.658	120	148	193	205	221	535	#
197	501.116	105	106	154	417	424	446	536	#
198	526.029	154	180	196	255	377	452	536	#
199	456.734	13	106	202	216	444	445	536	#
200	431.806	4	16	74	251	353	446	536	#
201	424.43	49	61	81	105	183	397	536	#
202	351.041	186	216	245	305	417	497	536	#
203	360.727	177	225	261	296	537	#
204	409.751	177	217	270	285	537	#
205	363.129	141	261	281	333	537	#
206	338.181	133	268	296	400	537	#
207	239.904	34	91	225	396	537	#
208	644.522	103	139	145	153	177	234	298	309	384	403	480	538	#
209	887.388	39	68	69	150	188	199	376	402	428	440	480	538	#
210	875.806	26	53	192	223	233	234	242	333	354	417	418	538	#
211	772.041	60	65	145	149	207	233	322	333	457	468	478	538	#
212	765.587	35	66	144	168	177	233	254	258	424	457	462	538	#
213	743.728	80	118	120	122	214	293	297	298	326	408	440	538	#
214	158.099	443	446	539	#
215	126.825	338	443	539	#
216	89.3419	170	446	539	#
217	2414.78	4	11	19	26	44	47	55	56	87	97	110	113	119	143	144	169	213	236	257	264	265	306	311	315	320	335	359	374	406	411	412	416	425	426	431	437	449	468	469	480	482	483	540	#
218	3464.4	4	6	10	11	13	26	34	37	47	72	79	87	90	111	125	133	167	180	204	210	222	226	250	255	267	268	279	299	318	335	355	372	384	406	411	427	436	466	475	493	494	495	540	#
219	3317.78	3	19	32	52	54	59	61	64	67	75	81	82	97	111	116	118	123	127	133	134	140	153	162	163	193	199	257	289	308	310	314	322	392	400	402	421	433	436	437	443	445	484	540	#
220	3234.48	11	14	17	24	27	47	80	81	110	112	116	124	132	159	173	178	183	189	199	205	213	223	241	251	255	259	261	302	316	337	355	359	370	419	431	436	452	460	468	473	475	481	540	#
221	3185.11	2	28	30	31	35	40	75	81	102	110	122	136	151	152	166	190	222	236	237	240	249	253	254	267	285	309	315	322	325	343	351	390	407	417	418	449	469	470	471	477	478	481	540	#
222	3098.23	4	17	18	19	25	32	34	43	53	59	71	74	104	112	125	162	189	204	213	221	222	223	231	232	254	256	259	280	281	285	299	327	337	389	416	422	434	442	460	469	471	489	540	#
223	184.057	143	229	249	541	#
224	186.461	144	153	249	541	#
225	83.1931	151	239	316	435	455	#
226	492.738	23	46	119	140	214	284	302	355	394	542	#
227	721.713	40	69	78	247	298	355	372	448	467	542	#
228	658.786	111	140	143	179	211	306	359	459	471	542	#
229	590.13	9	83	116	260	339	387	394	431	455	542	#
230	561.01	42	54	117	124	144	211	215	284	478	542	#
231	537.73	14	54	103	121	194	214	221	308	472	542	#
232	842.769	124	133	176	203	326	329	430	444	446	455	543	#
233	922.68	1	146	200	262	268	326	405	421	433	476	543	#
234	863.997	62	108	115	134	182	245	329	365	413	446	543	#
235	815.218	40	46	85	124	272	296	420	465	484	496	543	#
236	763.352	52	77	165	203	206	233	278	359	450	492	543	#
237	650.723	3	18	99	127	233	345	370	408	455	493	543	#
238	1151.84	57	73	110	119	154	163	167	168	180	183	184	200	298	320	324	342	369	400	407	463	544	#
239	1700.78	39	98	102	106	125	126	135	147	200	201	212	218	232	272	278	306	328	421	454	462	544	#
240	1555.8	11	26	43	69	79	98	144	154	181	183	242	340	407	408	413	416	430	457	461	466	544	#
241	1555.58	12	30	71	115	140	148	149	153	173	195	216	259	276	317	325	352	369	400	466	490	544	#
242	1510.77	9	27	33	130	139	145	149	164	169	180	181	203	254	286	290	296	333	359	390	466	544	#
243	1414.7	36	39	54	55	90	111	128	153	162	163	168	192	224	245	267	284	326	328	375	426	544	#
244	81.6588	70	#
245	3048.87	3	9	14	16	33	35	50	52	63	64	79	102	104	105	119	121	151	157	212	228	239	264	275	278	279	280	306	322	354	377	393	404	411	433	454	459	465	469	479	493	545	#
246	3127.38	0	11	15	16	23	27	36	42	48	57	60	72	78	83	93	133	134	152	161	191	202	217	241	262	264	272	274	281	300	368	375	385	408	457	468	469	471	480	482	499	545	#
247	3104.58	1	9	30	33	43	45	46	63	66	80	101	102	126	129	132	136	144	178	217	242	257	273	289	296	322	337	338	345	361	368	384	405	413	420	446	455	469	474	482	494	545	#
248	3098.18	12	23	28	45	50	90	105	137	143	151	161	190	204	214	215	216	222	233	241	249	253	254	307	328	342	349	361	376	400	415	418	422	432	446	458	461	466	482	486	489	545	#
249	3037.48	9	33	72	81	86	91	94	100	126	156	165	179	180	188	215	225	230	252	262	263	272	281	285	286	300	321	378	402	407	414	418	421	440	446	451	453	457	460	473	476	545	#
250	2941.44	16	17	24	41	44	52	56	70	118	157	178	194	209	233	238	242	264	267	271	272	279	304	312	328	332	336	342	346	370	382	394	405	418	421	424	477	483	484	492	494	545	#
251	519.249	119	178	205	215	262	281	343	423	497	546	#
252	692.443	138	173	215	290	303	325	401	445	488	546	#
253	649.515	72	261	262	265	355	400	408	451	463	546	#
254	540.538	31	57	77	119	199	200	227	380	496	546	#
255	507.755	145	178	200	202	225	316	354	371	494	546	#
256	473.576	96	136	150	190	196	293	305	348	423	546	#
257	174.583	154	436	547	#
258	155.577	107	436	547	#
259	30.2376	154	495	547	#
260	116.574	105	#
261	136.926	423	#
262	492.185	56	72	81	100	138	362	548	#
263	649.469	94	97	115	362	376	474	548	#
264	439.006	62	71	81	107	125	456	548	#
265	376.927	72	184	324	344	385	412	548	#
266	349.513	7	56	69	190	234	281	548	#
267	326.87	100	210	260	321	382	486	548	#
268	317.128	44	170	173	226	229	328	549	#
269	385.315	44	55	65	140	147	371	549	#
270	336.748	173	235	242	299	324	483	549	#
271	309.714	47	230	243	328	329	433	549	#
272	307.683	168	223	226	317	448	458	549	#
273	1160	34	71	120	151	169	185	205	210	281	308	380	384	416	442	459	487	550	#
274	1419.11	80	81	105	161	169	172	183	229	265	275	320	362	372	417	423	476	550	#
275	1291.88	29	48	72	121	130	131	134	166	185	211	248	272	291	329	389	499	550	#
276	1175.68	15	26	45	66	80	99	128	194	206	240	248	249	266	335	416	419	550	#
277	1115.18	10	15	70	101	129	131	151	186	281	330	339	365	394	440	469	495	550	#
278	1073.9	2	29	71	79	127	130	161	194	243	273	303	307	392	413	418	457	550	#
279	977.954	56	67	85	96	120	125	136	154	156	231	277	377	460	473	551	#
280	1235.49	18	23	71	81	96	120	172	240	243	293	342	397	443	488	551	#
281	1179.49	26	50	85	115	173	250	293	327	357	397	434	471	472	489	551	#
282	1089.78	45	77	120	125	129	164	219	278	321	360	397	429	455	497	551	#
283	1054.01	23	24	62	65	120	148	164	280	285	327	426	443	476	494	551	#
284	1019.72	4	74	91	145	149	232	310	319	333	362	363	460	474	499	551	#
285	90.7805	15	#
286	376.952	3	8	381	402	423	471	552	#
287	469.248	299	316	328	399	423	485	552	#
288	374.526	8	53	246	309	422	473	552	#
289	326.127	3	118	121	221	227	395	552	#
290	290.588	202	282	291	438	471	478	552	#
291	283.368	60	168	222	266	384	402	552	#
292	574.089	89	114	240	311	338	372	430	471	553	#
293	828.496	28	37	45	77	114	442	474	475	553	#
294	628.211	90	233	240	307	320	359	378	419	553	#
295	489.053	32	131	144	224	238	271	354	372	553	#
296	467.496	210	220	240	279	306	345	347	471	553	#
297	464.058	41	133	234	331	338	375	377	477	553	#
298	908.427	44	110	124	144	159	161	167	210	230	267	325	400	446	456	554	#
299	1175.64	44	73	109	111	160	167	183	291	329	333	357	389	447	481	554	#
300	1082.37	52	119	143	160	161	254	272	297	327	332	401	458	475	484	554	#
301	996.816	12	186	202	226	230	332	334	376	389	402	429	456	477	487	554	#
302	949.517	1	13	31	86	116	131	160	230	333	336	360	446	456	465	554	#
303	932.088	62	71	74	171	195	201	250	267	275	303	313	447	452	489	554	#
304	1191.44	8	13	49	50	71	73	131	132	144	196	236	269	277	280	293	308	331	346	349	379	382	384	414	466	482	555	#
305	1732.4	8	25	96	111	120	121	129	144	155	161	170	184	244	259	276	278	279	282	289	309	313	342	408	434	475	555	#
306	1724.37	12	23	26	41	94	129	160	161	172	236	242	275	281	287	289	308	311	320	330	397	417	455	456	469	479	555	#
307	1695.55	10	20	33	41	75	76	134	139	190	199	213	228	239	260	262	276	317	322	349	386	399	466	468	472	484	555	#
308	1691.54	0	48	65	131	138	193	195	218	220	239	248	263	270	277	281	293	297	328	332	356	412	431	438	467	489	555	#
309	1681.54	53	85	134	137	144	163	185	198	216	231	233	274	289	321	325	336	355	384	395	406	434	435	464	472	489	555	#
310	979.416	8	24	45	59	149	166	260	262	306	316	320	368	387	556	#
311	1194.28	61	73	101	112	118	166	168	224	309	345	395	434	474	556	#
312	1185.53	59	101	195	211	262	280	299	300	303	309	397	442	484	556	#
313	1086.85	59	64	80	108	180	213	216	291	316	364	378	398	431	556	#
314	1060.32	133	210	260	279	282	306	308	352	357	382	421	427	460	556	#
315	926.663	49	87	98	131	149	307	338	364	404	405	407	428	486	556	#
316	2152.48	4	16	45	64	114	121	140	141	161	172	196	222	224	264	266	267	289	294	327	340	355	357	363	368	374	380	417	423	429	444	457	460	471	557	#
317	2681.45	19	33	40	42	48	52	53	80	85	97	101	174	180	186	196	208	220	245	247	253	280	299	327	372	378	380	382	423	433	439	479	485	491	557	#
318	2584.41	34	52	63	96	122	124	128	166	174	191	194	195	196	224	285	286	298	304	307	331	334	337	352	355	366	369	378	387	413	422	446	449	454	557	#
319	2511.74	0	9	43	53	64	72	81	83	92	129	130	134	140	145	146	154	173	186	196	199	219	222	228	261	269	271	283	289	385	417	428	433	498	557	#
320	2354.43	72	122	123	125	134	139	189	199	218	220	229	230	273	282	290	294	299	317	327	340	345	346	356	379	382	391	403	419	431	470	481	495	498	557	#
321	2303.72	3	6	16	25	70	79	81	86	88	94	101	113	144	176	189	241	245	270	293	294	298	316	326	331	342	354	365	378	398	407	418	436	445	557	#
322	675.305	69	71	110	199	283	295	301	355	357	406	430	455	491	558	#
323	943.757	2	6	8	123	193	206	225	397	399	403	406	413	454	558	#
324	922.324	118	136	195	197	251	360	377	378	384	389	438	445	491	558	#
325	907.777	27	110	126	148	283	289	325	346	359	374	398	419	462	558	#
326	877.92	9	19	33	128	161	186	190	199	279	325	345	364	490	558	#
327	867.332	18	56	71	113	203	235	269	304	352	358	422	451	467	558	#
328	383.497	35	267	316	320	321	353	559	#
329	495.568	35	64	215	230	245	351	559	#
330	395.353	187	267	291	294	356	421	559	#
331	374.843	62	136	252	316	345	402	559	#
332	342.237	101	116	158	265	320	444	559	#
333	339.771	81	151	225	321	447	448	559	#
334	918.069	7	94	116	173	271	311	315	317	355	364	367	388	451	492	560	#
335	1209	0	6	23	45	93	129	151	167	180	181	256	355	379	495	560	#
336	1202.55	80	94	117	146	162	211	221	316	323	333	422	466	483	490	560	#
337	1181.04	47	54	80	87	108	146	184	239	254	256	304	443	451	462	560	#
338	1088.94	31	116	162	196	284	343	354	403	406	413	448	483	484	485	560	#
339	1014.07	46	109	131	144	194	211	248	297	311	325	333	448	483	487	560	#
340	68.4606	301	350	472	#
341	238.662	53	256	404	561	#
342	302.745	256	278	366	561	#
343	252.183	53	256	406	561	#
344	136.997	145	334	404	561	#
345	1130.04	24	38	72	96	99	143	153	163	170	177	257	258	269	270	277	320	342	441	562	#
346	1483.99	101	122	132	140	181	190	191	211	213	234	285	330	347	376	403	425	441	484	562	#
347	1457.81	5	16	54	57	75	85	87	163	173	177	189	211	231	237	252	316	355	376	562	#
348	1398.36	1	99	117	143	163	187	208	225	231	262	272	286	328	334	394	396	440	461	562	#
349	1395.75	41	78	84	86	115	132	142	169	177	178	251	352	397	401	442	467	485	494	562	#
350	1386.18	9	34	39	120	126	164	214	225	270	273	286	302	329	342	456	458	460	470	562	#
351	476.302	64	67	318	335	394	396	457	485	563	#
352	681.011	272	290	319	368	379	394	401	449	563	#
353	589.306	19	272	296	318	332	369	378	459	563	#
354	543.217	104	106	273	353	367	378	421	485	563	#
355	431.51	55	152	270	331	364	379	396	480	563	#
356	406.025	21	39	64	116	166	217	323	440	563	#
357	366.893	167	185	407	412	415	492	564	#
358	459.496	21	120	174	183	412	430	564	#
359	399.213	29	206	252	329	332	415	564	#
360	397.096	193	389	403	418	454	492	564	#
361	395.108	184	185	362	391	418	498	564	#
362	279.432	44	98	242	314	407	479	564	#
363	4492.47	15	22	33	35	36	38	46	51	80	86	102	103	108	109	123	124	129	136	138	139	144	145	146	149	162	168	175	176	185	214	235	238	243	244	267	284	286	291	292	300	301	310	324	337	340	345	354	362	365	366	368	373	377	382	397	398	436	441	465	469	474	486	490	565	#
364	5110.15	6	8	9	25	33	34	42	47	50	51	53	64	74	85	89	90	101	114	120	126	127	145	159	161	186	197	199	204	211	215	223	234	238	241	253	254	256	258	259	262	270	285	308	315	320	325	331	333	336	339	348	355	360	387	398	401	408	437	449	463	474	493	498	565	#
365	5095.17	12	13	15	28	34	35	49	51	55	65	78	89	108	109	113	140	149	159	165	167	173	178	182	196	226	233	238	247	258	266	295	296	308	310	312	314	318	319	324	328	331	340	345	357	377	385	386	405	411	415	433	434	436	446	456	464	465	466	470	472	480	487	492	565	#
366	4717.18	9	36	39	42	44	51	55	65	66	67	68	71	72	97	101	104	114	149	168	171	175	181	197	207	208	234	235	244	253	256	263	281	284	291	296	298	299	301	310	315	317	321	339	355	364	369	384	387	397	404	409	422	429	433	434	451	454	457	459	473	487	493	496	565	#
367	4545.86	0	18	50	59	61	66	70	79	81	85	93	102	110	111	114	125	128	129	134	138	162	174	186	192	223	233	235	237	239	249	250	256	263	269	281	291	293	309	319	327	328	334	335	353	368	377	379	396	399	403	405	406	429	439	443	445	447	448	450	473	475	485	487	565	#
368	4518.57	1	7	9	22	35	47	51	59	70	79	84	89	90	94	111	130	137	141	145	155	156	160	161	175	197	209	214	220	235	237	238	249	254	257	258	263	270	275	277	285	292	294	298	304	314	317	321	327	331	343	356	360	368	372	379	411	426	429	446	458	481	482	487	565	#
369	1601.55	34	54	59	84	108	141	151	170	211	215	217	254	256	276	282	351	376	396	426	437	446	451	454	489	566	#
370	1967.02	25	39	47	52	56	86	96	108	118	141	154	275	282	296	308	320	335	339	356	389	401	416	431	488	566	#
371	1939.65	12	29	64	65	106	152	166	216	234	244	248	260	277	363	374	376	383	386	429	446	456	457	466	490	566	#
372	1826.43	29	33	63	65	94	106	131	140	149	200	218	234	252	256	275	331	355	372	376	405	417	442	445	447	566	#
373	1682.71	13	80	89	93	119	126	151	178	247	249	263	279	293	301	324	326	333	370	374	381	433	442	454	496	566	#
374	1679.74	0	21	30	34	36	64	127	149	175	202	225	237	249	281	363	404	410	411	417	420	469	479	487	493	566	#
375	161.43	4	90	386	455	567	#
376	238.081	4	56	170	412	567	#
377	214.897	16	90	435	493	567	#
378	70.7933	58	155	386	442	567	#
379	303.21	187	234	446	568	#
380	200.473	187	384	424	568	#
381	155.571	143	446	494	568	#
382	189.501	82	120	425	569	#
383	246.701	2	82	239	569	#
384	189.866	11	120	423	569	#
385	167.027	288	416	425	569	#
386	1144.52	32	34	93	95	131	182	191	194	261	278	288	368	454	468	491	495	570	#
387	1536.3	32	35	49	60	85	166	227	256	284	322	328	339	384	458	473	497	570	#
388	1305.66	34	93	100	133	197	210	271	311	330	367	384	385	392	401	427	472	570	#
389	1250.56	96	100	113	158	212	232	261	274	297	300	303	340	373	402	435	479	570	#
390	1246.62	13	20	33	69	99	141	147	154	211	220	255	368	378	386	429	472	570	#
391	1183.6	26	49	54	75	76	95	125	172	243	255	296	314	319	367	384	451	570	#
392	2424.44	13	15	50	65	68	120	136	151	164	184	192	204	209	230	246	247	249	262	281	282	287	296	299	314	326	332	340	344	357	406	413	418	428	461	470	496	571	#
393	2983.54	0	28	38	40	41	90	106	111	119	146	151	154	161	204	219	233	247	256	287	302	303	321	330	345	348	381	400	412	415	421	429	433	455	461	463	478	571	#
394	2828.56	1	14	16	25	37	48	68	93	152	154	158	160	162	200	204	229	244	253	270	305	306	313	321	348	380	385	413	415	427	432	444	455	457	464	466	472	571	#
395	2769.86	27	29	40	53	54	73	79	82	90	99	111	183	219	231	233	240	248	251	260	262	276	281	282	295	304	330	340	375	407	424	431	436	446	466	471	477	571	#
396	2741.3	15	41	52	92	99	100	113	116	117	127	129	149	173	174	183	229	239	259	267	300	303	306	311	357	358	401	416	424	450	460	464	470	475	487	496	497	571	#
397	2701.06	35	39	44	45	51	61	79	91	99	116	122	134	141	158	201	214	222	241	248	260	261	273	301	305	308	333	354	370	376	406	413	432	456	460	464	485	571	#
398	200.451	27	47	153	197	409	430	572	#
399	268.479	12	34	39	153	345	440	572	#
400	268.285	47	174	201	442	452	497	572	#
401	222.162	28	251	395	407	430	442	572	#
402	138.577	127	369	573	#
403	153.971	323	369	573	#
404	83.1548	127	290	573	#
405	597.207	5	97	109	141	268	273	348	469	491	574	#
406	790.505	65	75	109	139	215	269	309	327	457	574	#
407	758.184	86	95	138	215	233	268	302	373	442	574	#
408	731.722	25	51	136	160	205	272	273	328	352	574	#
409	675.551	112	134	136	156	267	377	387	471	491	574	#
410	662.413	127	144	160	285	313	348	400	421	468	574	#
411	127.017	101	136	144	234	575	#
412	94.2747	136	159	443	493	575	#
413	19.1708	234	242	250	273	575	#
414	939.855	21	26	67	78	136	141	211	248	257	328	336	352	389	463	576	#
415	1104.39	10	54	60	78	81	118	126	183	205	279	342	344	379	424	576	#
416	1099.83	10	80	85	88	90	199	248	250	287	319	325	330	443	452	576	#
417	1056.07	31	87	176	194	211	223	267	286	306	398	399	418	448	499	576	#
418	1026.77	19	35	67	91	121	149	210	251	253	300	302	303	313	324	576	#
419	1023.66	26	89	120	131	141	206	251	252	266	323	349	371	413	439	576	#
420	336.396	22	129	185	223	328	419	577	#
421	450.639	20	185	263	413	418	434	577	#
422	419.979	28	66	140	223	236	285	577	#
423	336.826	129	132	136	261	291	450	577	#
424	297.155	150	294	296	330	341	419	577	#
425	178.395	131	172	328	354	372	407	577	#
426	454.315	52	65	197	268	269	320	489	578	#
427	647.265	11	65	118	217	232	342	365	578	#
428	619.996	211	214	296	326	442	488	489	578	#
429	583.675	3	24	27	34	269	365	419	578	#
430	553.139	52	156	247	322	341	447	491	578	#
431	483.071	88	90	115	122	197	265	371	578	#
432	783.083	63	66	109	114	150	168	188	190	267	290	345	487	493	579	#
433	1144.74	179	213	228	237	302	320	321	325	386	460	462	477	487	579	#
434	1102.38	12	62	109	194	224	227	237	255	264	321	417	435	447	579	#
435	969.594	35	52	66	76	122	200	228	358	392	424	469	472	490	579	#
436	839.924	1	6	35	157	167	190	195	203	216	231	262	403	496	579	#
437	795.051	22	74	79	92	115	178	200	204	277	290	320	364	407	579	#
438	957.637	25	81	84	201	205	220	262	296	331	382	385	580	#
439	904.262	26	67	89	134	182	201	268	294	324	331	414	580	#
440	825.098	21	56	84	160	212	216	249	326	384	385	493	580	#
441	824.369	141	158	166	168	224	225	247	251	331	346	483	580	#
442	792.311	35	81	149	256	260	321	376	441	443	469	496	580	#
443	778.486	10	21	92	244	248	276	296	366	404	483	495	580	#
444	1089.35	56	59	115	136	152	207	216	297	320	334	339	384	400	412	441	447	492	496	581	#
445	1460.64	5	25	35	80	94	96	138	142	195	213	227	285	303	395	439	447	469	470	581	#
446	1460.32	42	68	104	151	185	201	205	225	266	368	369	384	388	400	441	444	475	483	581	#
447	1445.55	3	40	66	72	122	138	161	188	193	207	212	301	333	355	371	398	453	495	581	#
448	1413.7	19	93	112	148	159	168	199	212	225	300	348	364	375	384	413	429	492	497	581	#
449	1368.96	36	38	81	90	109	140	152	174	175	188	216	223	225	356	370	385	394	440	581	#
450	140.581	142	154	404	582	#
451	171.051	142	329	366	582	#
452	164.611	103	404	407	582	#
453	140.077	61	154	176	582	#
454	279.848	241	347	433	487	583	#
455	182.949	54	249	347	446	583	#
456	1307.35	23	33	36	84	100	114	134	215	286	321	328	344	364	373	469	487	584	#
457	1437.16	28	36	69	72	86	156	164	258	296	321	322	342	359	394	425	462	584	#
458	1434.98	7	17	132	156	184	188	251	256	276	314	328	332	352	359	394	437	584	#
459	1406.02	15	68	76	145	198	209	221	230	246	311	320	365	373	444	484	492	584	#
460	1385.7	7	21	23	50	54	64	65	79	134	166	188	197	223	365	438	472	584	#
461	1342.88	49	66	71	132	142	145	174	215	255	279	289	311	333	348	391	439	584	#
462	68.6863	271	#
463	1530.4	3	36	42	47	158	173	178	207	218	224	235	268	307	312	318	357	406	430	432	443	456	585	#
464	1999.23	35	41	63	160	196	202	209	215	218	222	248	259	270	302	307	308	348	356	373	456	467	585	#
465	1764.32	26	53	69	85	133	163	251	259	279	299	301	307	312	362	373	393	399	403	432	474	484	585	#
466	1719.48	5	9	28	42	62	113	143	165	166	259	264	313	342	343	361	365	372	383	396	404	443	585	#
467	1684.36	21	24	90	110	163	167	206	218	222	242	309	324	326	375	391	434	446	453	457	480	498	585	#
468	1656.68	3	6	31	42	77	82	84	102	135	188	190	243	255	289	302	378	383	406	439	462	486	585	#
469	2089.84	12	33	90	92	101	124	125	128	129	178	186	250	269	270	276	282	292	311	322	327	338	340	357	363	381	404	454	483	486	586	#
470	2265.23	11	50	78	87	153	159	186	223	231	232	245	317	323	328	336	338	355	379	405	418	425	438	444	459	462	465	469	493	498	586	#
471	2236.36	9	12	32	58	85	91	93	143	155	213	236	248	270	299	300	308	342	352	359	378	380	386	395	427	446	454	459	472	487	586	#
472	2070.42	9	17	25	32	53	61	77	92	104	110	123	124	132	133	140	149	192	200	209	236	241	269	280	314	331	368	397	477	499	586	#
473	2020.51	42	52	81	83	90	91	99	125	139	140	215	230	266	300	303	314	328	344	349	371	377	394	411	418	445	447	478	493	494	586	#
474	2011.87	17	54	75	87	94	101	103	109	118	128	144	167	178	187	197	234	251	273	293	327	344	361	370	383	389	425	463	478	491	586	#
475	460.84	13	194	219	220	340	398	425	587	#
476	581.696	4	50	55	161	220	328	451	587	#
477	499.705	118	126	340	342	378	395	470	587	#
478	371.029	115	225	229	305	425	457	465	587	#
479	330.471	47	194	238	285	288	386	467	587	#
480	314.491	52	65	117	227	398	414	490	587	#
481	90.1987	362	#
482	373.618	93	134	213	286	359	588	#
483	534.894	36	93	213	255	340	588	#
484	438.636	18	47	93	178	253	588	#
485	415.91	19	45	180	359	413	588	#
486	395.097	174	215	286	299	305	588	#
487	378.015	11	134	282	358	385	588	#
488	338.529	68	104	202	300	302	366	589	#
489	426.021	274	316	366	402	463	478	589	#
490	407.468	154	202	272	274	379	480	589	#
491	402.062	68	225	327	384	447	477	589	#
492	342.674	4	57	62	302	323	346	589	#
493	166.555	79	95	300	302	395	469	589	#
494	119.741	41	118	590	#
495	32.4793	41	182	590	#
496	941.51	56	77	100	112	162	163	172	178	237	273	279	280	389	391	400	442	448	486	591	#
497	1388.08	29	52	88	96	122	162	225	226	230	279	303	351	387	400	433	436	471	487	591	#
498	1338.47	14	45	112	121	157	173	191	213	220	279	284	297	307	329	431	444	458	472	591	#
499	1312.12	19	29	77	119	141	145	161	293	294	299	301	355	362	405	427	429	483	495	591	#
500	1297.7	9	52	70	78	96	115	158	163	178	246	252	257	272	321	410	426	473	486	591	#
501	1284.11	2	33	40	63	76	172	177	259	281	323	368	370	372	380	386	389	401	403	591	#
502	54.6359	50	#
503	947.206	154	168	231	241	248	254	280	286	297	311	317	320	330	341	476	485	592	#
504	1200.74	46	64	105	123	125	133	135	148	219	244	300	326	330	431	447	477	592	#
505	1195.58	34	52	151	156	158	175	177	192	214	241	246	270	277	433	483	489	592	#
506	1187.43	9	19	135	138	207	261	286	295	305	323	339	341	383	398	443	475	592	#
507	1147.12	5	74	96	150	194	206	217	233	317	340	354	383	392	446	488	496	592	#
508	1087.95	0	8	118	153	201	282	297	326	346	405	415	420	426	450	474	489	592	#
509	512.454	223	242	306	394	409	477	480	484	593	#
510	730.862	4	99	184	233	306	338	361	477	593	#
511	575.206	22	153	200	224	302	413	453	480	593	#
512	538.992	4	58	202	232	237	245	306	424	593	#
513	444.972	17	55	93	176	179	370	409	477	593	#
514	385.52	7	126	170	223	227	310	347	484	593	#
515	341.843	131	176	231	363	364	594	#
516	502.292	21	225	363	421	422	594	#
517	426.571	82	213	233	351	364	594	#
518	306.078	118	218	220	231	366	594	#
519	216.641	87	131	172	182	346	594	#
520	207.355	11	50	54	117	176	594	#
521	1036.65	34	82	100	105	114	131	148	237	288	358	433	448	449	595	#
522	1296.19	75	82	147	187	201	208	233	267	290	306	321	454	490	595	#
523	1017.49	7	34	130	147	231	246	267	326	349	363	446	449	499	595	#
524	980.595	11	68	101	125	171	195	201	237	247	277	338	470	486	595	#
525	961.808	62	92	94	96	136	201	202	276	358	436	438	456	494	595	#
526	946.933	10	22	40	52	73	114	119	177	263	276	296	438	475	595	#
527	2927.24	27	35	36	41	44	67	71	74	78	79	100	122	124	127	137	159	170	178	182	199	215	219	226	247	262	265	274	276	289	302	304	306	308	316	331	347	358	388	411	413	415	446	449	451	453	460	463	468	476	477	499	596	#
528	4042.5	22	31	34	35	42	45	55	69	73	82	88	95	104	108	118	119	121	139	140	142	172	187	196	197	206	210	213	219	236	241	256	260	262	278	285	291	313	328	329	345	352	370	372	381	394	450	455	472	475	485	499	596	#
529	3782.47	0	2	3	12	13	44	52	61	64	75	77	85	87	99	101	136	161	174	226	241	262	265	267	271	279	281	303	318	322	335	339	347	353	356	365	371	379	392	398	413	414	442	443	444	447	463	473	475	491	492	499	596	#
530	3749.1	1	26	44	51	54	65	72	76	80	99	113	120	123	133	193	195	207	212	223	245	249	250	256	262	278	279	284	295	303	308	311	329	331	336	342	353	361	371	383	389	390	407	439	442	448	450	460	469	474	479	499	596	#
531	3693.44	6	17	30	53	70	79	95	109	122	133	147	159	178	187	196	219	222	232	249	257	264	265	300	302	312	325	331	340	353	356	368	370	380	385	391	399	400	409	411	415	418	419	422	425	430	441	442	458	461	463	476	596	#
532	3612.13	0	5	10	12	34	35	45	49	52	66	72	73	83	95	96	99	101	118	119	129	132	155	165	178	185	186	188	193	198	203	236	244	246	250	264	273	321	323	328	346	363	366	369	386	394	399	441	456	457	466	477	596	#
533	245.893	86	116	141	163	175	597	#
534	356.801	22	48	72	132	175	597	#
535	286.85	86	103	125	307	347	597	#
536	230.864	63	99	141	371	413	597	#
537	3000.09	29	33	42	53	54	60	73	80	81	96	114	116	142	144	145	172	173	182	202	222	231	236	239	265	276	311	329	340	358	365	410	445	451	462	475	489	598	#
538	2955.26	5	7	29	43	67	80	93	108	109	128	129	131	158	161	165	179	187	190	216	228	233	262	270	272	293	335	343	348	350	364	410	422	448	452	477	481	598	#
539	2947.86	1	2	13	34	44	51	77	80	89	93	95	111	114	115	116	130	134	167	173	212	236	272	312	317	318	332	339	342	353	389	400	423	445	462	468	472	598	#
540	2900.61	19	46	49	94	113	127	130	148	187	193	211	213	217	220	238	247	253	279	292	303	315	329	332	339	345	355	358	364	390	399	415	418	431	461	473	494	598	#
541	2890.34	28	29	45	69	101	106	110	127	131	153	156	168	179	199	216	221	223	230	239	253	254	264	286	301	331	365	368	388	413	426	441	446	461	462	490	493	598	#
542	2864.25	1	34	40	43	59	64	67	74	75	77	81	122	129	182	186	188	218	241	259	293	299	303	307	317	328	339	362	363	380	389	416	427	441	469	481	484	598	#
543	164.561	478	487	599	#
544	155.563	137	478	599	#
545	121.19	179	487	599	#
546	1213.18	8	115	119	120	130	161	187	213	223	230	254	306	345	372	378	399	400	422	432	600	#
547	1624.06	21	42	57	64	104	142	149	155	188	190	209	257	268	354	372	491	493	494	499	600	#
548	1587.17	5	20	43	55	60	85	167	190	259	267	294	304	315	318	399	407	458	459	467	600	#
549	1480.41	3	73	107	140	143	169	187	223	225	260	303	307	317	412	445	446	459	493	495	600	#
550	1453.21	11	171	190	201	223	245	266	269	273	292	294	303	324	339	415	434	436	476	482	600	#
551	1379.05	30	34	50	106	143	156	166	224	290	291	292	304	323	324	342	345	366	442	490	600	#
552	408.899	11	49	184	271	289	491	601	#
553	468.834	57	62	184	232	309	390	601	#
554	463.933	18	41	86	123	138	289	601	#
555	427.996	11	155	313	345	371	439	601	#
556	368.585	144	220	271	309	489	491	601	#
557	316.898	160	218	391	410	440	491	601	#
558	1755.4	9	15	69	71	92	98	99	103	125	155	161	188	191	240	309	319	342	349	356	373	438	457	459	476	602	#
559	2145.22	32	62	71	80	83	120	121	122	125	127	134	177	207	221	226	240	244	248	262	275	305	364	417	466	602	#
560	2131.85	18	34	67	77	80	82	128	160	173	191	192	195	206	214	216	230	231	321	328	416	429	455	465	467	602	#
561	2066.48	9	31	71	80	106	123	127	129	146	152	230	239	241	279	292	311	313	367	418	425	464	480	484	495	602	#
562	2007.02	0	12	16	45	54	83	117	121	123	152	161	168	179	184	270	309	321	334	358	362	367	373	408	473	602	#
563	2003.02	0	19	55	60	66	80	81	118	184	187	249	259	272	276	313	344	368	373	394	402	436	438	468	491	602	#
564	1302.98	23	77	83	98	123	126	140	158	223	255	266	273	299	304	333	353	416	424	450	465	603	#
565	1592.38	6	25	65	73	80	137	139	146	161	165	208	228	263	275	333	351	378	382	436	459	603	#
566	1577.43	23	30	43	49	51	55	80	131	139	197	217	218	229	274	380	410	444	452	473	481	603	#
567	1483.99	2	65	74	83	113	135	164	205	209	211	234	262	283	286	299	325	359	481	484	490	603	#
568	1469.78	2	29	53	54	61	79	83	126	157	169	193	255	298	302	343	354	404	415	425	494	603	#
569	1436.12	9	79	96	101	136	154	162	187	204	222	301	390	403	416	423	424	435	441	450	481	603	#
570	1682.23	9	38	42	54	57	65	71	94	96	118	119	126	130	135	139	142	150	163	164	169	172	183	198	199	207	230	256	260	271	313	321	334	346	382	406	407	414	420	424	434	604	#
571	2488.51	4	24	25	30	38	41	45	47	63	96	139	146	153	154	167	182	195	207	212	244	255	263	295	300	308	311	321	342	345	395	412	418	449	478	479	485	488	493	497	498	604	#
572	2480.06	4	9	10	30	32	36	38	46	67	72	84	122	129	131	139	161	183	207	220	237	245	249	253	257	296	300	310	315	321	322	363	385	388	415	429	449	458	472	478	496	604	#
573	2464.81	3	4	5	24	40	57	69	108	115	116	123	129	161	185	194	201	219	230	244	246	257	260	274	293	299	301	305	318	358	361	365	370	377	396	399	401	412	453	469	492	604	#
574	2436.33	8	22	28	31	37	40	45	57	60	68	84	117	119	121	141	152	169	179	182	193	203	227	280	292	301	313	348	350	361	380	384	405	412	413	415	418	454	466	495	496	604	#
575	2413.04	34	51	59	79	83	84	89	132	135	155	177	223	236	250	254	255	258	263	273	284	286	320	327	335	339	345	354	356	357	368	393	404	407	414	453	454	458	483	488	490	604	#
576	921.295	41	93	113	147	162	176	208	221	268	371	381	382	432	481	605	#
577	1095.88	6	10	68	150	169	171	177	189	230	264	308	381	427	471	605	#
578	1084.04	1	179	208	217	233	285	291	299	300	319	324	405	427	473	605	#
579	980.209	0	11	93	120	167	180	198	244	265	311	315	337	339	415	605	#
580	965.474	10	125	146	172	216	303	361	371	381	385	406	425	442	478	605	#
581	964.728	42	132	172	220	234	248	303	318	324	385	386	397	432	442	605	#
582	112.381	328	#
583	240.857	4	105	417	606	#
584	304.718	105	166	455	606	#
585	278.224	4	132	325	606	#
586	139.94	63	96	417	606	#
587	170.327	76	444	607	#
588	190.045	180	444	607	#
589	49.5197	76	409	607	#
590	76.3847	337	#
591	112.902	64	327	608	#
592	134.446	64	444	608	#
593	646.822	72	107	114	187	315	353	371	609	#
594	555.825	142	173	187	243	358	449	483	609	#
595	496.185	19	114	155	208	237	355	448	609	#
596	489.069	175	190	233	339	353	477	478	609	#
597	462.265	3	158	200	201	315	351	412	609	#
598	418.749	1	47	107	137	260	297	393	609	#
599	196.943	71	291	473	610	#
600	212.151	66	76	473	610	#
601	178.056	71	215	340	610	#
602	44.8977	291	376	449	610	#
603	198.718	201	498	611	#
604	198.634	408	498	611	#
605	189.009	201	478	611	#
606	69.4004	67	86	612	#
607	101.46	86	272	612	#
608	14.0906	67	191	612	#
609	2103.71	36	38	67	68	75	124	138	141	158	208	225	228	231	257	263	266	270	309	312	343	350	397	408	413	418	431	438	456	488	491	497	613	#
610	2507.16	15	22	34	48	61	89	114	116	145	162	168	174	190	222	227	229	247	252	263	268	269	291	317	325	384	397	418	435	459	463	485	613	#
611	2468.66	29	62	63	68	91	128	132	149	181	202	215	225	237	240	265	266	290	294	295	302	303	312	317	409	411	431	441	442	460	464	475	613	#
612	2378.67	13	23	26	28	73	84	123	157	162	178	187	208	209	237	243	248	320	334	342	343	348	357	361	419	422	431	442	457	460	497	498	613	#
613	2327.49	14	18	42	55	70	77	105	144	153	162	178	181	210	227	231	281	286	299	307	328	354	360	367	371	372	384	397	414	418	446	457	613	#
614	2271.73	22	23	47	49	57	70	87	102	125	145	174	179	197	218	225	230	262	264	269	276	288	290	292	300	318	326	339	371	438	484	491	613	#
615	254.429	118	132	152	245	350	406	461	614	#
616	334.907	14	126	152	277	309	394	461	614	#
617	322.055	54	92	130	152	333	424	460	614	#
618	284.232	94	118	150	163	181	411	427	614	#
619	5.86194	371	#
620	1021.82	130	144	167	174	184	221	243	266	284	312	334	342	360	362	365	491	615	#
621	1483.17	10	71	105	118	122	156	193	221	230	282	313	319	328	385	440	497	615	#
622	1327.82	35	89	102	145	238	259	262	329	350	351	360	422	427	448	465	478	615	#
623	1309.65	6	229	231	241	249	362	366	384	408	426	430	439	452	463	470	483	615	#
624	1251.93	18	53	129	221	235	263	324	342	360	391	398	412	437	463	491	493	615	#
625	1235.81	24	82	116	141	167	233	237	243	283	293	307	370	378	407	420	487	615	#
626	842.416	3	39	119	148	201	246	303	324	446	455	476	496	616	#
627	941.087	29	48	113	237	246	264	277	287	298	350	385	403	616	#
628	912.633	3	34	103	109	131	190	280	323	351	367	416	446	616	#
629	898.618	52	104	134	216	237	295	321	366	369	385	476	493	616	#
630	824.456	3	40	92	99	117	145	146	195	260	274	303	309	616	#
631	802.101	15	95	134	148	149	159	185	295	311	384	458	479	616	#
632	1174.5	12	53	62	113	142	210	245	250	314	325	422	443	493	617	#
633	1265.34	33	90	138	168	254	260	275	293	325	367	454	466	487	617	#
634	1192.62	33	59	72	116	122	167	192	199	228	250	340	355	493	617	#
635	1122.06	13	95	109	113	162	220	245	250	251	316	363	373	429	617	#
636	1044.86	5	32	45	55	62	134	159	180	186	227	264	399	423	617	#
637	1021.09	1	19	70	80	201	247	250	302	306	333	376	422	481	617	#
638	1593.2	12	38	56	95	100	112	121	124	138	142	154	174	199	244	255	362	370	418	421	447	477	482	618	#
639	1711.3	28	33	38	56	76	78	93	118	127	177	203	253	268	272	306	332	353	368	378	395	402	468	618	#
640	1671.28	9	21	94	106	114	172	180	184	244	245	251	252	272	305	316	337	375	377	401	402	448	460	618	#
641	1638.17	22	46	54	69	93	115	118	164	178	180	203	217	268	297	393	397	419	448	469	472	482	484	618	#
642	1616.7	10	11	78	116	117	121	165	184	186	202	215	354	366	367	373	385	395	403	428	437	450	485	618	#
643	1616.15	28	35	44	63	85	91	174	186	206	217	253	275	294	304	316	337	345	362	402	418	447	499	618	#
644	822.13	39	58	67	107	126	174	194	271	274	278	321	327	351	363	381	396	405	490	619	#
645	1221.77	3	10	26	107	128	138	152	156	176	193	203	249	318	325	328	371	385	409	619	#
646	1192.81	13	61	76	89	106	124	126	139	194	197	198	218	264	290	366	405	409	486	619	#
647	1188.35	41	42	67	85	93	106	118	160	238	257	271	321	335	399	404	409	414	467	619	#
648	1166.69	26	30	36	54	67	69	123	129	198	215	218	220	285	296	315	318	385	423	619	#
649	1097.85	42	75	113	119	163	170	238	265	271	274	292	309	367	379	388	450	459	473	619	#
650	158.088	245	437	620	#
651	199.42	245	480	620	#
652	82.8995	116	437	620	#
653	428.754	52	331	378	391	436	471	621	#
654	495.923	43	345	378	460	481	498	621	#
655	447.621	141	198	224	293	415	471	621	#
656	383.673	72	244	331	341	430	495	621	#
657	249.015	122	259	266	334	436	497	621	#
658	210.473	7	65	102	173	379	391	621	#
659	154.167	166	174	222	622	#
660	185.682	174	437	498	622	#
661	268.085	33	92	229	623	#
662	340.824	33	81	284	623	#
663	284.358	84	229	367	623	#
664	195.19	92	367	441	623	#
665	2060.47	12	15	16	17	25	38	69	84	106	159	175	182	196	219	255	342	370	375	407	411	415	429	434	452	478	496	498	624	#
666	2451.55	6	10	23	58	97	108	120	125	137	153	165	215	224	234	235	241	246	256	258	317	322	348	379	406	407	445	485	624	#
667	2143.68	16	39	57	84	92	130	135	169	170	171	175	199	208	211	232	240	293	303	305	388	391	402	407	409	427	493	497	624	#
668	2076.44	5	7	17	19	40	56	64	75	105	209	214	217	232	244	251	255	287	292	312	322	347	362	397	412	461	467	497	624	#
669	2061.44	7	10	19	38	54	62	70	84	88	106	130	152	154	192	200	215	332	337	368	379	400	406	434	471	493	495	496	624	#
670	2031.18	26	39	40	62	63	65	113	133	146	163	177	248	257	281	304	306	308	330	340	342	363	365	454	457	471	485	498	624	#
671	125.509	168	192	625	#
672	74.1771	168	492	625	#
673	299.708	155	222	398	420	425	626	#
674	425.342	64	350	393	422	425	626	#
675	380.438	155	213	259	316	330	626	#
676	378.983	39	222	306	347	485	626	#
677	282.524	153	381	420	448	475	626	#
678	264.038	77	124	366	398	450	626	#
679	103.491	240	379	627	#
680	153.946	240	438	627	#
681	48.385	379	478	627	#
682	751.726	25	123	216	252	259	321	403	427	628	#
683	695.97	80	213	228	292	321	437	452	477	628	#
684	667.204	78	133	228	365	372	391	427	484	628	#
685	647.604	35	111	252	338	340	411	464	479	628	#
686	614.623	9	110	123	167	235	314	395	400	628	#
687	610.291	34	83	97	216	228	349	377	494	628	#
688	780.468	30	123	139	173	270	321	332	433	481	629	#
689	780.564	173	189	196	233	243	278	389	436	456	629	#
690	699.13	108	133	155	269	318	321	431	465	491	629	#
691	610.545	30	90	114	204	233	321	433	435	486	629	#
692	605.084	161	168	322	332	339	348	436	480	481	629	#
693	582.566	56	80	95	325	362	382	412	433	484	629	#
694	77.0723	282	419	434	#
695	112.176	55	290	311	449	630	#
696	168.147	119	311	389	488	630	#
697	97.2985	98	179	363	449	630	#
698	134.128	163	261	631	#
699	73.6006	38	261	631	#
700	295.019	74	98	279	288	387	419	632	#
701	393.589	238	256	343	367	387	394	632	#
702	356.04	71	98	170	172	487	491	632	#
703	341.72	74	90	129	157	332	456	632	#
704	205.958	270	271	289	345	419	431	632	#
705	169.642	3	182	217	288	327	499	632	#
706	246.932	213	315	468	633	#
707	126.018	7	119	213	633	#
708	99.4907	11	185	468	633	#
709	565.129	33	34	71	189	383	494	634	#
710	576.144	33	163	190	196	230	245	634	#
711	567.333	34	87	141	145	267	321	634	#
712	469.902	34	155	159	177	345	383	634	#
713	450.933	68	189	326	436	465	487	634	#
714	438.965	71	87	133	376	466	490	634	#
715	334.206	118	186	213	333	335	495	635	#
716	440.842	33	48	91	213	327	410	635	#
717	290.683	43	82	118	162	323	398	635	#
718	245.577	60	86	155	335	369	427	635	#
719	847.183	73	87	98	116	136	141	155	214	250	400	404	421	459	636	#
720	1067.29	54	55	104	170	172	184	266	268	303	304	394	400	447	636	#
721	932.624	40	46	89	93	116	240	285	310	338	355	402	447	487	636	#
722	906.39	116	192	215	244	317	355	379	388	401	421	456	479	494	636	#
723	879.125	11	16	43	218	250	317	338	394	410	414	415	426	460	636	#
724	851.866	10	16	22	230	248	252	268	277	320	356	404	409	471	636	#
725	559.825	125	170	203	269	352	362	381	484	637	#
726	808.245	177	188	203	248	272	304	343	405	637	#
727	566.785	134	140	162	207	253	317	345	352	637	#
728	558.815	15	81	269	276	277	278	357	415	637	#
729	554.772	39	78	201	222	278	328	362	374	637	#
730	494.374	76	84	124	170	223	291	445	482	637	#
731	171.91	333	411	461	638	#
732	212.492	121	131	461	638	#
733	201.84	78	411	485	638	#
734	262.781	11	70	167	376	411	479	639	#
735	385.729	5	9	11	405	436	489	639	#
736	233.835	24	181	354	392	413	479	639	#
737	51.4846	69	195	640	#
738	41.6339	122	195	640	#
739	258.454	20	209	210	248	286	318	355	641	#
740	337.154	44	105	164	215	288	318	426	641	#
741	285.494	16	63	130	195	304	355	497	641	#
742	284.015	20	170	223	234	262	449	486	641	#
743	855.666	14	33	66	141	199	201	216	356	367	374	433	479	642	#
744	1144.26	80	90	162	192	201	216	301	317	355	378	406	469	642	#
745	1130.08	82	180	186	206	216	271	282	313	343	405	438	470	642	#
746	1093.53	87	131	166	278	294	355	406	409	433	468	487	494	642	#
747	1023.86	10	16	32	51	68	102	141	187	304	403	404	453	642	#
748	1019.7	33	52	89	211	216	257	320	349	355	357	404	463	642	#
749	1115.23	52	68	109	124	139	143	145	163	171	191	206	248	263	276	357	374	415	418	438	493	643	#
750	1515.59	9	27	53	69	79	87	98	137	145	163	201	211	222	255	263	278	290	338	381	469	643	#
751	1485.73	24	35	68	87	159	164	187	204	255	257	322	326	356	381	382	429	445	466	482	493	643	#
752	1383.36	11	22	28	35	60	80	96	98	181	215	357	385	415	429	430	453	465	471	484	494	643	#
753	1379.38	19	22	24	26	89	134	140	144	145	222	225	233	245	275	276	283	383	428	445	461	643	#
754	1378.33	16	19	35	52	89	108	131	179	190	194	205	234	236	276	288	337	372	380	423	452	643	#
755	171.274	151	174	488	644	#
756	180.103	123	151	447	644	#
757	128.482	174	237	432	644	#
758	84.3336	58	290	488	644	#
759	309.531	3	146	433	645	#
760	249.258	3	66	354	645	#
761	200.972	146	300	409	645	#
762	199.606	21	433	477	645	#
763	570.594	25	58	63	74	162	190	197	216	249	253	264	325	351	369	391	398	646	#
764	847.968	9	43	47	93	138	175	205	216	224	244	336	341	371	378	456	460	646	#
765	701.68	10	24	58	74	78	84	135	211	258	297	387	442	478	479	483	497	646	#
766	660.757	4	22	33	109	129	159	222	228	242	250	287	289	342	391	406	461	646	#
767	611.348	25	44	74	137	207	236	254	276	298	376	395	400	403	451	485	497	646	#
768	279.677	5	96	127	393	647	#
769	321.04	5	146	242	340	647	#
770	275.341	127	276	302	469	647	#
771	223.625	90	129	255	393	647	#
772	210.153	47	73	96	109	647	#
773	1394.57	22	46	50	69	85	87	93	131	147	158	172	204	231	237	240	242	254	285	294	318	333	361	371	397	406	450	476	492	648	#
774	2061.28	26	63	72	80	98	102	130	140	147	161	185	201	211	256	303	343	345	348	369	372	374	390	415	434	440	471	475	490	648	#
775	2036.09	30	32	33	48	76	81	97	143	146	221	255	257	267	270	300	320	325	326	376	385	397	399	415	443	455	478	486	496	648	#
776	2007.11	10	30	34	36	61	67	83	90	95	105	121	122	135	179	204	222	236	239	246	290	297	324	350	353	405	406	432	479	648	#
777	2005.23	12	36	38	60	85	101	113	140	156	161	165	170	184	238	241	346	348	406	421	422	425	454	458	465	475	477	489	494	648	#
778	1989.74	0	13	20	26	65	108	147	149	179	222	237	300	306	317	320	328	332	353	358	371	375	378	425	445	456	478	489	495	648	#
779	92.4896	17	#
780	1034.57	37	50	144	145	161	167	169	341	359	364	387	393	442	453	459	649	#
781	1241.46	2	6	80	110	160	169	173	202	215	221	278	279	378	381	383	649	#
782	1216.07	31	37	60	68	101	129	137	155	178	215	233	301	346	449	498	649	#
783	1140.93	59	87	98	111	141	145	186	199	261	314	379	411	462	465	482	649	#
784	1118.14	93	114	128	140	154	161	233	234	239	240	264	367	373	401	402	649	#
785	1116.44	6	106	119	135	149	313	321	368	376	425	442	444	456	468	498	649	#
786	881.053	6	47	65	67	71	101	122	133	286	304	398	405	452	650	#
787	1092.59	15	101	110	160	178	184	194	219	233	341	433	436	467	650	#
788	929.148	101	154	185	195	204	304	305	329	331	387	420	471	494	650	#
789	920.222	65	129	171	177	193	206	277	287	299	356	405	412	442	650	#
790	866.232	41	62	67	88	142	161	172	277	301	315	366	475	477	650	#
791	859.149	89	122	142	170	176	177	192	235	311	312	336	473	491	650	#
792	697.126	43	72	143	177	194	222	265	282	370	404	496	651	#
793	860.141	6	81	93	146	160	194	202	380	389	466	476	651	#
794	818.407	42	210	236	282	344	364	405	457	464	470	496	651	#
795	803.806	25	43	95	158	326	349	383	391	407	422	466	651	#
796	798.891	5	94	101	132	177	179	234	242	310	380	435	651	#
797	740.097	38	103	160	172	189	223	265	269	371	372	472	651	#
798	91.6787	46	67	159	473	652	#
799	115.527	46	100	103	314	652	#
800	241.244	163	251	285	448	495	653	#
801	331.052	215	222	251	284	294	653	#
802	219.389	156	163	375	435	474	653	#
803	821.269	50	69	96	311	338	353	385	388	451	453	654	#
804	781.422	81	136	183	189	203	248	304	366	429	451	654	#
805	781.008	38	65	145	162	195	240	250	278	302	353	654	#
806	713.771	6	50	64	84	92	121	168	277	317	431	654	#
807	681.936	80	159	248	376	385	396	399	404	456	464	654	#
808	670.456	32	123	227	251	311	346	406	438	453	466	654	#
809	437.849	51	119	194	204	265	387	477	655	#
810	592.997	12	51	141	148	195	254	333	655	#
811	447.034	336	364	387	399	412	424	458	655	#
812	423.749	64	71	243	397	419	477	491	655	#
813	352.093	123	206	265	291	335	474	495	655	#
814	344.823	53	72	194	265	315	347	456	655	#
815	1469.11	15	51	67	69	87	92	146	156	209	254	271	289	292	313	349	397	415	460	467	468	490	499	656	#
816	1902.09	1	42	64	73	137	241	269	298	309	319	324	351	365	367	374	400	405	415	438	461	464	471	656	#
817	1886.88	16	31	33	34	37	63	96	100	128	130	178	189	195	202	203	209	221	229	281	361	423	481	656	#
818	1793.16	15	33	83	105	122	123	129	166	176	226	227	233	242	269	290	292	310	327	340	394	413	479	656	#
819	1788.11	48	60	62	93	109	127	176	193	261	268	318	319	339	345	346	384	393	396	397	405	433	446	656	#
820	1766.53	10	20	25	69	125	138	160	184	197	201	251	308	363	367	398	408	423	450	464	465	477	488	656	#
821	301.699	68	112	151	176	201	367	657	#
822	321.983	52	70	142	151	199	427	657	#
823	269.418	68	100	140	226	340	355	657	#
824	93.6919	41	176	181	203	304	334	657	#
825	107.84	232	370	658	#
826	27.0204	370	375	658	#
827	21.7729	232	314	658	#
828	292.382	34	57	257	335	410	414	468	659	#
829	255.72	7	19	86	243	375	414	418	659	#
830	247.961	57	170	185	216	321	405	498	659	#
831	1022.02	2	90	118	171	227	241	273	304	345	348	373	385	404	423	441	453	660	#
832	1284.89	13	113	148	155	182	200	217	304	336	350	357	401	406	454	462	484	660	#
833	1258.52	25	52	130	155	187	200	245	254	307	321	352	362	373	402	403	463	660	#
834	1188.34	59	106	108	138	220	231	241	261	276	308	333	414	425	461	472	490	660	#
835	1175.28	94	106	121	124	140	146	168	179	226	267	282	295	364	394	441	449	660	#
836	1159.39	55	118	142	160	173	187	202	245	305	318	360	387	434	451	454	476	660	#
837	134.743	87	262	661	#
838	132.313	87	488	661	#
839	129.803	262	318	661	#
840	395.626	55	95	228	271	361	662	#
841	381.083	128	276	308	361	430	662	#
842	365.656	139	182	271	350	428	662	#
843	271.089	95	136	237	269	272	662	#
844	220.737	152	197	203	228	381	662	#
845	141.027	14	55	326	388	410	662	#
846	1384.82	22	27	94	103	166	176	181	227	242	259	300	322	340	359	443	447	483	663	#
847	1412.42	4	12	27	81	94	121	136	166	204	231	234	280	290	356	439	460	474	663	#
848	1291.59	12	27	72	87	96	103	176	182	255	314	322	323	338	356	411	412	475	663	#
849	1217.61	17	21	44	48	86	118	172	215	234	255	293	322	434	446	454	455	479	663	#
850	1170.37	16	26	42	65	143	184	200	234	302	328	354	367	406	428	443	464	471	663	#
851	1108.51	0	5	8	31	63	101	123	148	149	187	259	305	340	349	459	463	479	663	#
852	51.7755	261	#
853	182.641	169	279	330	344	664	#
854	271.492	137	169	365	448	664	#
855	177.662	214	305	311	330	664	#
856	64.6792	143	340	344	360	664	#
857	380.867	4	159	167	485	665	#
858	288.977	134	161	167	488	665	#
859	286.099	159	290	355	486	665	#
860	247.694	4	108	112	293	665	#
861	242.208	54	377	482	485	665	#
862	99.4781	43	99	179	666	#
863	45.3393	43	170	440	666	#
864	743.663	20	44	81	100	140	158	174	226	255	277	372	440	448	667	#
865	1050.54	20	34	50	86	174	186	245	289	308	313	323	331	443	667	#
866	1039.3	84	187	253	277	339	343	348	419	422	429	438	440	483	667	#
867	965.588	59	100	116	119	158	188	235	245	255	287	401	428	450	667	#
868	946.583	2	34	95	103	134	161	198	244	308	372	386	389	441	667	#
869	943.514	58	99	125	140	200	264	265	280	281	291	299	377	422	667	#
870	857.748	96	117	146	154	160	218	297	300	401	436	453	471	668	#
871	1022.09	5	11	98	101	139	146	171	173	224	368	400	435	668	#
872	980.219	7	110	117	126	189	252	300	326	368	384	439	459	668	#
873	815.874	56	65	131	159	161	265	306	321	380	401	422	483	668	#
874	801.73	54	57	160	172	178	186	189	256	289	320	387	464	668	#
875	781.658	2	90	96	128	224	227	261	307	330	400	481	492	668	#
876	151.175	137	185	203	238	304	482	#
877	985.904	41	93	102	103	105	125	142	167	186	195	202	274	338	365	378	669	#
878	1201.02	65	86	88	103	146	148	181	199	230	260	338	405	457	482	484	669	#
879	1134.23	14	41	108	111	142	199	205	227	231	265	289	452	466	476	481	669	#
880	1075.52	1	59	62	173	178	202	218	222	251	318	351	389	398	421	470	669	#
881	1044.31	19	70	103	109	125	186	254	255	289	296	358	369	397	438	441	669	#
882	1005.94	25	32	100	134	218	229	256	274	276	368	377	379	397	420	464	669	#
883	745.64	18	51	107	168	213	254	351	411	431	444	474	670	#
884	903.998	7	100	159	264	279	330	370	431	451	478	493	670	#
885	873.891	6	7	25	151	168	295	316	317	374	421	491	670	#
886	872.286	21	27	40	48	94	137	146	254	263	306	403	670	#
887	829.326	121	143	156	283	295	316	401	413	440	474	499	670	#
888	744.617	18	39	44	128	160	181	193	233	276	425	449	670	#
889	191.564	172	244	416	671	#
890	251.3	40	110	416	671	#
891	217.355	138	172	405	671	#
892	183.496	139	434	672	#
893	36.6687	103	139	672	#
894	3033.12	9	30	35	42	51	52	55	62	63	67	72	111	115	116	123	128	132	136	138	145	149	170	180	184	190	193	202	205	238	244	279	295	297	310	314	332	333	347	358	362	394	405	429	472	473	476	479	482	486	492	494	673	#
895	4023.55	29	35	42	43	52	56	85	99	111	121	146	154	160	180	186	193	200	226	228	234	236	237	245	248	283	304	327	330	339	341	342	343	348	353	385	391	394	399	420	421	423	425	442	444	458	465	471	485	490	494	496	673	#
896	3731.69	8	40	43	46	62	63	74	78	89	93	96	99	101	110	111	116	123	159	170	180	191	198	228	229	235	237	246	254	270	271	280	284	297	301	304	305	324	332	346	358	359	361	364	369	411	423	424	466	468	474	492	673	#
897	3627.67	14	28	39	43	44	58	65	67	68	78	82	102	110	114	116	119	123	158	160	168	171	177	194	207	210	215	217	224	233	239	241	243	254	281	285	292	293	298	308	309	322	323	357	374	381	384	404	434	442	449	494	673	#
898	3562.54	0	6	10	16	17	21	42	47	53	63	69	94	114	123	127	158	169	179	184	191	212	216	229	241	280	282	301	307	309	317	327	328	332	341	350	368	378	382	394	410	415	418	421	425	432	463	466	472	478	480	490	673	#
899	3517.5	22	23	33	52	60	62	64	89	99	114	129	137	141	144	176	180	181	184	206	216	227	239	241	242	248	254	259	268	271	284	287	306	312	314	332	334	336	337	344	353	357	375	396	406	408	426	458	461	468	473	495	673	#
900	250.706	206	210	266	340	674	#
901	356.61	133	166	206	340	674	#
902	323.897	27	145	266	434	674	#
903	117.108	128	206	328	489	674	#
904	101.89	210	316	370	465	674	#
905	157.631	321	#
906	919.284	55	84	139	184	188	193	206	258	276	328	387	401	462	675	#
907	1110.76	28	55	61	98	133	205	307	318	344	368	417	441	449	675	#
908	1064.49	123	127	222	264	265	276	335	355	357	377	393	404	444	675	#
909	968.719	56	104	126	130	169	184	211	285	295	296	337	390	454	675	#
910	961.98	39	248	255	270	290	319	326	335	385	401	417	486	497	675	#
911	957.732	41	78	91	170	193	308	328	395	403	417	422	440	496	675	#
912	742.25	73	113	196	233	354	379	676	#
913	588.886	80	131	133	143	173	196	676	#
914	484.336	73	94	172	201	368	459	676	#
915	402.725	2	20	38	113	182	193	676	#
916	346.901	151	236	260	379	385	481	676	#
917	300.926	144	198	272	354	409	415	676	#
918	1072.67	117	121	203	220	243	251	288	325	329	345	349	350	375	433	434	453	492	497	677	#
919	1410.89	9	19	26	61	74	82	111	113	120	203	325	389	422	462	467	482	491	495	677	#
920	1348.64	16	43	66	112	218	224	250	287	288	303	315	319	349	350	381	390	434	497	677	#
921	1322.6	22	77	113	147	161	216	233	238	258	273	281	285	302	325	344	391	405	453	677	#
922	1299.79	30	61	66	75	91	100	147	160	236	297	311	314	319	339	349	418	454	474	677	#
923	1224.67	42	65	68	129	139	151	188	206	208	220	247	312	325	364	399	427	467	492	677	#
924	510.237	46	54	184	218	255	299	351	461	678	#
925	629.888	97	174	312	327	418	458	461	487	678	#
926	620.779	3	42	218	248	345	346	396	452	678	#
927	605.834	54	105	174	239	298	347	394	442	678	#
928	587.056	60	83	155	157	184	332	492	493	678	#
929	522.718	46	143	152	172	247	332	333	462	678	#
930	511.881	163	213	325	352	425	469	476	679	#
931	657.616	11	25	115	190	263	425	443	679	#
932	577.489	125	190	193	326	334	415	469	679	#
933	573.195	17	38	213	324	401	408	460	679	#
934	567.305	64	114	116	163	283	371	473	679	#
935	562.977	71	73	128	306	315	476	487	679	#
936	145.833	340	428	442	680	#
937	215.605	308	340	387	680	#
938	206.966	192	320	399	681	#
939	242.485	132	320	338	681	#
940	152.559	399	459	474	681	#
941	55.4567	154	192	325	681	#
942	453.764	93	140	317	368	392	682	#
943	387.939	93	150	240	368	454	682	#
944	342.796	5	59	115	140	210	682	#
945	314.84	192	270	317	402	410	682	#
946	308.396	60	178	285	351	392	682	#
947	271.358	57	93	118	168	478	682	#
948	2344.31	38	51	68	75	83	87	89	97	103	119	121	126	156	160	174	220	221	248	287	295	324	384	404	406	411	415	417	423	426	446	447	448	456	461	476	478	485	486	487	489	683	#
949	3139.75	8	12	13	51	52	66	71	74	83	98	113	117	125	128	189	207	236	247	275	289	299	328	333	339	343	375	378	404	406	424	428	434	445	454	459	460	469	478	482	494	683	#
950	2926.92	5	17	19	21	25	45	61	95	112	120	128	160	180	181	188	193	194	206	229	233	288	309	310	322	323	324	325	332	335	341	386	392	399	425	426	433	441	448	450	462	683	#
951	2862.87	10	31	33	38	45	54	56	66	87	90	163	186	187	202	203	209	213	217	218	221	238	244	257	264	265	302	329	344	356	357	369	386	387	397	406	424	462	480	484	498	683	#
952	2776.03	7	11	26	28	33	34	39	47	63	70	78	81	86	95	112	137	138	183	187	195	200	220	224	239	246	262	272	281	290	339	347	373	379	403	425	436	457	468	470	486	683	#
953	2740.49	5	6	10	14	16	19	20	25	27	61	67	88	95	98	99	123	154	192	203	205	207	237	247	256	258	276	294	310	311	324	326	362	378	397	411	423	424	441	457	465	683	#
954	614.543	250	262	292	361	441	475	481	684	#
955	667.104	81	128	166	289	308	367	441	684	#
956	491.451	17	143	171	250	263	406	481	684	#
957	483.596	25	131	138	163	361	387	393	684	#
958	474.751	262	280	309	314	372	405	496	684	#
959	428.215	69	72	226	412	424	475	479	684	#
960	704.107	15	28	82	112	205	209	214	267	306	342	385	402	411	430	685	#
961	1053.9	8	23	43	158	186	188	243	244	253	277	313	317	338	342	685	#
962	955.8	15	33	39	82	98	106	150	154	201	364	402	410	419	450	685	#
963	932.625	64	82	100	172	233	268	280	307	322	351	414	429	468	472	685	#
964	924.597	113	135	155	214	222	280	298	300	349	429	438	439	463	478	685	#
965	916.222	17	42	197	205	225	237	281	293	304	307	410	417	429	435	685	#
966	262.723	50	143	190	291	335	352	406	686	#
967	383.875	107	169	204	225	352	453	478	686	#
968	2629.82	9	19	28	60	78	97	119	138	139	144	146	182	187	195	213	218	230	231	232	250	256	259	272	278	281	291	292	313	322	341	360	382	397	428	447	451	482	499	687	#
969	2827.14	0	12	49	52	60	62	66	74	76	83	89	104	108	154	176	179	181	203	221	236	291	292	300	316	318	322	323	344	362	367	372	393	420	430	431	444	446	458	687	#
970	2796.52	6	8	26	74	78	90	91	95	96	97	108	109	123	169	181	190	194	199	208	225	230	244	251	262	263	276	296	319	345	350	370	373	397	412	439	441	447	473	687	#
971	2780.98	2	9	11	21	32	46	49	52	74	86	95	101	114	116	119	122	140	147	160	173	187	200	231	251	256	258	290	293	345	353	365	367	370	372	392	396	410	445	687	#
972	2777.39	2	8	34	37	42	52	54	63	71	75	97	109	117	121	162	164	173	187	205	211	217	231	245	292	298	302	314	336	338	366	379	388	431	449	453	467	471	478	687	#
973	2757.32	12	26	43	60	69	93	94	97	110	115	116	146	170	174	190	204	209	254	256	258	264	274	294	295	311	322	323	342	344	358	364	381	388	423	426	447	483	492	687	#
974	1150.64	0	10	88	121	146	160	161	189	196	291	294	298	327	374	380	688	#
975	1346.45	0	113	140	141	254	266	287	298	311	374	382	383	433	470	477	688	#
976	1289.47	30	66	150	155	201	231	273	294	303	367	383	391	424	433	473	688	#
977	1280.16	45	74	79	80	99	164	201	243	278	306	309	369	380	381	440	688	#
978	1157.13	14	30	48	63	95	109	116	127	129	159	162	196	327	362	455	688	#
979	1156.83	67	90	97	105	132	165	177	189	246	269	306	431	437	450	481	688	#
980	1275.86	30	142	151	207	217	241	249	251	261	276	289	297	337	347	363	392	458	472	494	689	#
981	1623.48	47	51	76	82	99	105	127	135	146	197	214	218	230	249	278	296	318	416	483	689	#
982	1622.17	11	18	19	94	158	162	179	190	229	290	291	300	305	344	352	426	440	466	494	689	#
983	1607.63	12	22	47	56	81	105	160	207	217	227	278	294	303	393	440	458	470	480	499	689	#
984	1487.69	10	20	37	71	142	182	198	213	282	292	311	353	405	408	441	442	474	489	495	689	#
985	1462.75	34	44	71	112	127	183	191	204	208	229	241	259	299	350	358	359	426	466	488	689	#
986	67.794	458	#
987	106.394	448	457	#
988	1183.17	3	4	6	10	31	46	67	91	98	168	204	303	374	404	411	417	418	449	690	#
989	1500.04	11	14	32	34	106	145	162	284	289	297	351	360	418	419	449	459	475	498	690	#
990	1437.14	9	58	76	121	145	168	169	183	250	256	293	328	379	395	403	405	428	477	690	#
991	1434.02	18	84	89	100	174	213	218	230	266	290	345	386	404	416	443	454	466	496	690	#
992	1433.29	11	23	34	60	89	91	131	198	234	251	256	265	288	335	442	466	477	485	690	#
993	1433.09	35	42	86	106	144	169	202	215	219	246	275	279	298	299	300	332	411	414	690	#
994	1966.84	20	93	116	130	139	179	187	199	219	223	226	227	242	244	260	267	278	295	313	322	323	334	338	350	356	358	384	389	415	447	475	494	691	#
995	2610.31	4	8	14	21	28	67	83	101	105	121	151	160	194	195	214	239	245	253	260	265	269	304	320	353	374	401	402	459	463	474	482	492	691	#
996	2603.95	6	18	35	47	82	94	103	104	109	134	150	162	167	172	179	188	199	200	219	244	254	290	291	306	334	343	377	411	419	434	479	489	691	#
997	2524.66	15	17	25	26	83	90	92	94	103	108	126	140	172	197	219	228	253	292	301	312	334	337	355	367	394	408	418	428	450	463	475	486	691	#
998	2493.61	25	39	51	56	63	83	93	100	103	105	106	115	118	124	147	150	176	199	233	234	297	299	305	351	371	401	415	423	445	455	474	487	691	#
999	2434.62	19	26	27	39	65	91	122	124	133	149	178	179	189	203	215	239	244	290	291	304	347	348	349	353	366	381	383	412	425	475	479	480	691	#
