%% File generated by CATS v.2.1Mon Jul  4 13:53:53 2011

%% The CATS webpage is http://robotics.stanford.edu/CATS

%% PARAMETER SETTINGS:
% Goods: 256; Bids: 1000; Distribution: arbitrary; Runs: 1; Problems generated from distribution over features in files: qpstuff/cass-qp.txt, qpstuff/cplex-qp.txt, qpstuff/lehman-qp.txt; Seed: 1309816850
% Arbitrary Distribution Parameters:
% Max Substitutable Bids = 5
% Removing HV Neighbor   = 0.1
% Adding DIAG Neighbor   = 0.2
% Additional Location    = 0.9
% Additivity             = 0.2
% Budget Factor          = 1.5
% Resale Factor          = 0.5
% Uniform Private Value:
%   Deviation            = 0.5
%   Max Good Value       = 100



goods 256
bids 1001
dummy 187

0	942.961	9	15	33	53	56	105	110	137	157	160	168	178	195	216	232	256	#
1	1149.65	53	61	82	123	133	153	159	160	168	179	180	201	219	231	252	256	#
2	1137.28	36	63	72	75	78	154	157	168	184	190	196	215	216	252	255	256	#
3	1116.17	5	41	64	98	155	166	187	195	198	201	205	215	234	247	253	256	#
4	1081.64	15	53	56	77	78	81	84	107	126	129	137	139	184	198	251	256	#
5	1048.29	3	9	41	69	75	82	87	105	111	155	192	206	216	234	255	256	#
6	483.156	2	5	8	13	92	94	117	184	253	257	#
7	717.943	2	23	34	61	72	92	159	189	230	257	#
8	701.331	3	5	9	11	13	133	156	204	217	257	#
9	638.933	7	8	31	102	122	225	237	252	253	257	#
10	591.44	39	74	94	100	138	210	229	240	244	257	#
11	569.167	2	5	82	84	170	221	237	241	246	257	#
12	621.835	5	17	74	75	106	160	187	191	197	239	258	#
13	848.806	4	11	40	56	89	106	114	168	222	235	258	#
14	846.003	14	20	42	74	79	134	163	166	189	253	258	#
15	816.358	5	17	49	77	112	133	141	157	177	255	258	#
16	808.674	17	64	86	103	134	148	230	242	247	250	258	#
17	733.426	55	69	94	99	130	148	149	166	239	255	258	#
18	316.218	13	51	132	199	259	#
19	339.359	51	83	92	146	259	#
20	322.465	13	20	41	166	259	#
21	227.436	57	93	199	202	259	#
22	177.963	132	181	187	244	259	#
23	144.001	10	#
24	201.291	50	111	173	260	#
25	301.116	80	173	177	260	#
26	169.037	39	111	162	260	#
27	166.369	50	88	124	260	#
28	286.593	215	219	238	261	#
29	290.361	28	49	215	261	#
30	227.673	124	151	219	261	#
31	225.402	77	145	238	261	#
32	726.656	8	51	52	66	112	141	151	153	177	205	208	262	#
33	816.857	14	21	26	44	55	66	92	94	98	140	223	262	#
34	782.352	7	9	15	41	42	63	66	115	124	151	250	262	#
35	774.31	70	94	129	134	152	161	164	182	205	219	245	262	#
36	732.037	18	45	52	86	109	112	140	211	220	223	250	262	#
37	694.246	11	20	27	33	80	106	137	141	148	240	254	262	#
38	1182.89	2	4	23	27	34	41	61	65	72	97	103	129	137	202	218	225	228	263	#
39	1376.62	10	18	35	36	62	63	103	114	118	134	165	198	199	228	229	238	241	263	#
40	1327.72	52	84	89	92	95	118	151	157	183	207	219	225	226	228	246	247	255	263	#
41	1298.17	7	13	25	27	28	36	48	52	61	156	172	176	203	214	215	225	241	263	#
42	1258.27	5	17	41	48	61	87	105	112	114	128	138	147	191	194	201	225	255	263	#
43	1242.87	27	31	35	63	65	66	71	74	115	132	137	138	201	205	219	246	255	263	#
44	1023.02	8	47	65	71	76	82	85	115	128	135	145	170	196	205	220	225	228	254	264	#
45	1471.63	4	28	34	46	51	58	76	82	91	108	114	130	149	213	222	228	233	234	264	#
46	1386.25	5	21	25	26	29	47	58	77	89	95	139	146	172	192	206	211	234	253	264	#
47	1296.8	1	11	15	33	60	86	89	91	112	128	136	146	192	196	201	214	220	252	264	#
48	1293.32	5	10	11	23	34	35	39	52	55	77	85	128	151	156	188	190	194	225	264	#
49	1250.27	22	25	43	59	61	66	77	106	141	144	149	185	188	193	196	213	241	254	264	#
50	379.207	3	60	71	73	98	265	#
51	456.008	3	48	176	180	190	265	#
52	438.433	8	45	98	163	250	265	#
53	417.95	21	73	98	118	224	265	#
54	304.045	60	71	84	136	252	265	#
55	291.486	60	61	95	153	182	265	#
56	355.259	2	4	43	166	184	266	#
57	473.084	166	210	219	239	243	266	#
58	432.43	8	30	43	153	192	266	#
59	292.728	2	66	136	141	240	266	#
60	262.473	13	16	104	184	246	266	#
61	242.29	4	67	137	173	242	266	#
62	195.033	23	133	178	267	#
63	286.511	35	133	222	267	#
64	246.078	23	185	222	267	#
65	498.836	6	11	21	23	66	85	201	268	#
66	744.404	25	57	79	146	197	201	255	268	#
67	606.701	11	131	134	138	211	228	229	268	#
68	540.016	15	23	71	87	99	240	249	268	#
69	536.073	26	62	83	85	148	195	228	268	#
70	498.386	6	14	60	81	89	182	214	268	#
71	49.6157	195	#
72	653.609	15	31	38	46	87	105	117	174	191	216	269	#
73	744.721	3	16	52	117	141	151	173	197	219	250	269	#
74	673.333	42	60	82	87	96	178	187	203	216	220	269	#
75	668.656	5	7	38	80	114	117	123	174	196	250	269	#
76	663.934	8	18	38	39	44	117	174	184	225	243	269	#
77	656.058	4	17	21	64	65	69	105	162	197	201	269	#
78	1000.79	29	42	49	59	99	134	143	160	162	167	183	193	199	233	236	270	#
79	1335.18	6	21	56	58	59	86	108	120	134	142	155	192	198	206	250	270	#
80	1249.7	8	12	20	26	33	67	106	136	169	193	197	222	238	249	251	270	#
81	1239.06	6	8	29	33	43	100	131	141	155	162	181	191	206	228	230	270	#
82	1185.78	22	24	64	77	126	132	142	167	174	196	197	218	229	230	234	270	#
83	1171.68	11	20	49	56	78	95	119	139	142	153	160	190	216	238	242	270	#
84	215.845	1	35	157	271	#
85	227.221	1	44	232	271	#
86	105.148	63	#
87	105.083	59	110	272	#
88	75.6109	59	160	272	#
89	958.271	1	23	37	72	87	100	137	138	150	157	175	178	212	216	220	241	273	#
90	1299.21	1	6	28	29	61	75	77	82	87	135	151	162	200	217	229	244	273	#
91	1294.61	9	37	42	61	67	72	87	95	105	119	121	133	136	161	162	218	273	#
92	1158.35	13	37	48	55	82	87	95	99	119	130	135	143	150	160	195	200	273	#
93	1129.93	2	49	53	56	72	74	89	95	144	194	213	220	223	226	244	252	273	#
94	1129.47	1	3	15	35	37	53	55	72	104	132	160	162	210	213	234	251	273	#
95	346.1	85	98	215	218	274	#
96	306.562	103	136	218	247	274	#
97	256.196	19	98	131	207	274	#
98	221.556	85	158	159	185	274	#
99	534.712	13	48	101	120	126	129	130	177	178	192	275	#
100	783.08	6	43	80	108	120	182	188	208	221	254	275	#
101	673.936	13	79	115	130	140	189	199	212	235	236	275	#
102	671.587	13	21	68	76	83	129	140	178	179	180	275	#
103	601.275	0	16	96	103	124	126	156	167	198	225	275	#
104	592.263	43	48	55	134	159	175	184	225	242	245	275	#
105	2206.76	9	27	29	75	81	83	98	104	108	129	130	132	133	141	142	145	146	148	155	166	172	176	180	184	186	197	198	201	247	276	#
106	2233.37	11	23	28	57	64	66	68	80	90	108	129	146	153	158	168	192	193	198	199	201	202	212	216	223	236	237	243	247	249	276	#
107	2131.98	9	11	12	39	64	74	76	79	87	92	104	108	114	127	129	130	149	152	161	180	186	191	197	202	217	221	224	231	233	276	#
108	2120.63	0	11	23	27	30	46	51	56	59	68	70	87	88	104	110	111	113	114	119	121	125	135	167	196	201	208	210	232	243	276	#
109	2082.78	5	15	20	24	29	49	87	88	102	104	114	130	132	135	151	161	163	165	180	189	190	197	224	225	226	228	230	232	243	276	#
110	2072.94	27	30	46	51	59	66	79	83	90	98	99	106	117	132	136	141	162	163	171	172	174	191	192	208	215	229	237	243	251	276	#
111	147.623	179	241	277	#
112	177.931	137	241	277	#
113	111.737	90	179	277	#
114	104.811	108	#
115	730.933	21	46	51	135	154	203	206	215	233	248	249	278	#
116	846.546	18	41	46	64	65	83	135	148	180	191	193	278	#
117	846.01	6	28	38	51	126	132	167	193	214	242	250	278	#
118	838.113	41	92	127	148	154	158	163	191	229	242	247	278	#
119	837.241	31	48	53	82	98	101	130	206	231	249	253	278	#
120	748.003	17	21	47	51	94	214	218	220	233	239	247	278	#
121	708.407	63	85	144	149	169	184	209	218	279	#
122	769.635	3	44	56	88	89	109	184	198	279	#
123	669.821	44	67	84	86	144	147	149	157	279	#
124	664.101	46	52	98	126	137	184	209	227	279	#
125	637.279	20	25	53	63	72	78	82	197	279	#
126	605.416	134	141	156	157	169	188	239	245	279	#
127	635.602	3	30	74	77	111	118	168	254	280	#
128	753.845	74	90	112	119	131	206	219	243	280	#
129	713.027	23	30	57	61	105	129	153	167	280	#
130	609.621	3	59	131	194	210	212	218	219	280	#
131	574.139	4	42	71	77	174	215	227	240	280	#
132	536.844	6	40	75	207	209	216	217	254	280	#
133	597.131	32	52	72	104	140	168	172	174	193	281	#
134	771.909	60	72	92	112	115	152	167	168	193	281	#
135	707.064	46	59	107	112	120	121	162	193	206	281	#
136	612.27	67	77	106	166	174	177	178	213	218	281	#
137	601.858	23	55	72	73	106	119	172	183	224	281	#
138	565.761	57	73	85	96	97	104	124	133	220	281	#
139	1212.03	17	35	54	63	99	102	117	136	186	198	215	221	224	228	232	235	240	253	282	#
140	1724.86	6	28	29	44	51	63	102	119	122	132	144	179	186	190	192	204	213	228	282	#
141	1427.47	10	17	63	64	73	80	83	106	108	117	119	137	158	167	174	214	243	254	282	#
142	1417.73	35	62	63	64	74	117	119	122	125	130	139	199	211	215	233	243	251	253	282	#
143	1396.38	8	33	40	41	79	87	111	122	125	169	198	199	202	204	207	210	224	243	282	#
144	1381.08	6	15	79	86	94	109	111	112	115	116	146	149	168	173	179	184	224	240	282	#
145	212.521	82	132	283	#
146	158.236	113	132	283	#
147	122.465	81	82	283	#
148	438.383	69	100	120	157	168	243	284	#
149	601.288	1	52	118	163	168	176	284	#
150	513.934	22	69	85	122	131	214	284	#
151	473.369	16	31	69	120	125	151	284	#
152	431.46	33	89	139	146	243	244	284	#
153	411.18	81	100	109	191	202	223	284	#
154	327.014	19	55	92	170	227	285	#
155	439.154	23	51	92	132	199	285	#
156	360.136	37	153	170	171	191	285	#
157	303.92	48	147	152	159	227	285	#
158	255.256	19	58	90	179	180	285	#
159	162.604	55	88	91	115	156	285	#
160	593.376	27	53	65	130	132	160	175	206	239	248	286	#
161	858.947	5	6	30	46	109	114	130	175	197	225	286	#
162	798.783	23	63	70	72	83	85	130	143	179	252	286	#
163	738.035	34	37	47	53	67	97	112	120	165	233	286	#
164	737.807	11	52	65	109	114	130	132	163	165	193	286	#
165	718.084	34	37	44	47	48	89	147	150	181	206	286	#
166	365.953	45	133	136	160	164	254	287	#
167	465.864	55	114	133	168	205	208	287	#
168	448.558	45	81	158	164	250	254	287	#
169	395.745	73	162	164	165	183	191	287	#
170	360.157	98	160	176	184	235	254	287	#
171	358.416	17	106	114	136	158	237	287	#
172	296.339	41	86	223	288	#
173	346.566	41	138	247	288	#
174	281.216	37	44	86	288	#
175	224.713	74	98	223	288	#
176	1443.28	7	45	54	73	74	83	118	119	133	136	137	142	161	174	179	181	185	218	222	247	289	#
177	1800.99	33	46	67	69	71	75	76	79	91	102	107	112	124	133	150	156	177	180	196	208	289	#
178	1726.68	7	26	44	150	153	154	155	156	161	163	170	176	190	196	199	203	208	214	223	247	289	#
179	1709.24	7	45	67	83	105	109	111	127	133	139	151	156	164	182	221	228	235	247	250	252	289	#
180	1685.28	44	63	69	107	109	122	126	144	151	161	169	177	179	200	201	203	212	218	226	228	289	#
181	1664.45	2	44	74	75	79	108	111	114	133	138	146	151	170	183	184	190	231	246	251	254	289	#
182	968.237	4	32	44	62	76	91	100	120	126	145	159	184	201	206	220	227	248	290	#
183	1389.2	4	6	28	35	62	63	64	84	86	91	114	116	119	122	144	171	248	290	#
184	1367.84	6	13	47	63	110	111	142	194	198	200	206	208	213	219	239	241	248	290	#
185	1267.84	7	9	20	64	84	100	107	123	126	129	164	168	198	206	220	231	250	290	#
186	1234.28	14	34	37	40	43	48	73	91	138	142	152	159	212	219	227	234	247	290	#
187	1223.84	5	29	62	73	74	107	123	146	150	153	183	201	202	229	235	241	243	290	#
188	572.087	5	55	76	137	153	247	291	#
189	544.028	58	137	190	198	206	220	291	#
190	510.146	14	59	76	122	145	195	291	#
191	469.851	5	36	49	64	89	142	291	#
192	447.248	43	55	101	107	190	235	291	#
193	440.631	9	15	100	195	205	247	291	#
194	442.75	63	64	68	218	239	292	#
195	506.246	64	146	180	201	229	292	#
196	493.574	3	20	38	63	119	292	#
197	373.716	58	68	166	241	255	292	#
198	306.375	12	51	130	194	239	292	#
199	258.833	44	60	124	207	218	292	#
200	235.388	104	122	164	246	293	#
201	350.547	122	141	158	242	293	#
202	243.863	11	47	104	178	293	#
203	206.064	34	70	202	246	293	#
204	189.216	50	104	164	254	293	#
205	429.297	1	14	47	59	102	111	124	203	205	254	294	#
206	643.754	16	29	37	120	124	126	160	166	184	217	294	#
207	602.615	78	100	116	120	126	138	178	179	186	203	294	#
208	599.437	0	18	28	47	51	95	210	233	247	248	294	#
209	528.026	1	14	16	24	26	43	150	188	217	239	294	#
210	500.428	6	8	17	120	124	148	185	195	205	254	294	#
211	48.1474	248	#
212	653.098	6	13	49	72	81	100	149	178	181	194	223	295	#
213	971.584	15	64	69	74	139	149	208	214	217	233	235	295	#
214	884.992	6	14	36	51	85	123	126	139	142	206	218	295	#
215	822.311	14	18	40	49	100	126	190	207	217	223	250	295	#
216	812.387	5	31	41	56	86	142	155	162	168	178	228	295	#
217	789.531	13	22	49	76	86	106	123	163	176	215	228	295	#
218	723.043	21	27	39	50	60	70	81	104	120	131	132	150	171	187	205	216	296	#
219	1058.89	21	23	27	36	37	54	55	88	103	158	174	217	219	223	232	248	296	#
220	1041.03	23	38	42	53	56	68	92	114	120	123	183	190	198	203	205	226	296	#
221	1007.3	17	37	38	72	73	85	110	114	145	169	187	212	213	219	220	227	296	#
222	981.558	1	9	60	63	65	71	94	101	104	115	118	127	133	169	188	249	296	#
223	973.619	10	19	27	53	65	72	107	131	132	137	146	150	201	213	224	251	296	#
224	664.408	1	38	110	141	194	199	204	223	249	297	#
225	728.641	1	56	133	157	166	192	212	223	237	297	#
226	652.7	20	26	125	198	204	215	238	248	255	297	#
227	597.673	52	57	180	199	207	209	215	220	255	297	#
228	596.503	19	40	63	73	116	194	212	232	252	297	#
229	565.976	1	19	60	92	101	115	146	215	245	297	#
230	429.87	49	51	88	196	199	298	#
231	415.159	4	35	51	90	193	298	#
232	377.518	8	49	179	214	251	298	#
233	354.763	61	88	165	169	220	298	#
234	324.124	52	132	168	185	199	298	#
235	268.883	54	103	194	196	207	298	#
236	273.152	153	176	240	299	#
237	235.289	93	120	153	299	#
238	213.461	14	127	240	299	#
239	160.2	17	42	176	299	#
240	283.278	40	103	212	300	#
241	281.874	5	63	212	300	#
242	231.786	40	56	189	300	#
243	168.381	10	103	174	300	#
244	238.337	166	170	179	301	#
245	263.307	151	166	185	301	#
246	170.424	54	116	179	301	#
247	204.257	141	148	302	#
248	180.416	141	143	302	#
249	152.658	97	148	302	#
250	683.012	38	40	96	111	121	129	144	168	182	251	303	#
251	797.084	16	32	49	87	100	119	168	196	212	240	303	#
252	751.335	46	48	107	111	141	142	157	193	212	232	303	#
253	719.584	0	23	31	38	49	50	59	102	126	193	303	#
254	680.685	36	40	83	97	150	169	174	203	217	222	303	#
255	673.043	1	16	25	31	104	182	188	212	232	233	303	#
256	1619.86	8	10	13	21	23	26	29	40	54	68	75	90	101	103	114	123	125	137	149	157	163	178	181	201	204	231	253	304	#
257	2136.74	2	4	46	54	56	57	65	73	75	94	97	101	105	109	120	134	151	152	197	200	204	208	210	225	228	231	247	304	#
258	2122.4	6	7	8	10	12	20	38	43	68	80	103	104	114	124	132	140	148	149	150	151	154	169	192	201	204	214	242	304	#
259	2016.42	6	34	38	45	68	80	81	88	93	98	103	104	109	113	114	138	139	176	179	188	189	197	206	226	227	241	244	304	#
260	2016.08	4	11	19	28	38	40	44	47	57	58	88	92	97	98	109	114	121	130	132	137	151	152	203	204	210	239	242	304	#
261	1933.53	1	6	12	23	26	29	30	40	44	73	90	122	125	132	140	152	156	160	178	187	188	196	206	213	216	225	238	304	#
262	48.7281	20	#
263	161.055	199	218	305	#
264	145.487	184	218	305	#
265	130.815	199	202	305	#
266	812.826	9	16	86	104	107	130	146	157	164	185	219	223	306	#
267	957.745	4	13	38	92	126	141	144	159	223	228	230	251	306	#
268	876.385	63	79	81	92	105	107	109	137	152	185	203	212	306	#
269	846.886	9	25	56	58	63	68	107	142	149	153	205	211	306	#
270	845.995	9	11	45	85	134	144	177	207	223	234	248	255	306	#
271	793.252	7	25	73	84	108	109	120	130	157	172	216	231	306	#
272	193.586	150	193	307	#
273	207.643	98	193	307	#
274	131.671	150	177	307	#
275	656.615	17	20	28	99	122	125	133	204	242	308	#
276	722.876	0	11	109	122	156	173	203	209	236	308	#
277	653.852	18	19	20	29	33	58	171	237	249	308	#
278	609.03	4	98	133	152	171	177	183	217	229	308	#
279	607.475	18	136	153	204	211	228	233	238	242	308	#
280	573.867	17	20	24	75	88	101	108	133	246	308	#
281	184.053	24	28	105	106	204	309	#
282	236.165	91	101	168	204	242	309	#
283	216.719	14	106	135	174	176	309	#
284	146.188	24	29	130	189	248	309	#
285	1248.93	23	25	34	53	55	57	83	92	120	160	165	177	187	191	194	210	230	241	310	#
286	1304.62	44	62	86	98	102	107	142	171	182	184	191	199	200	206	210	212	213	225	310	#
287	1249.88	6	13	14	18	22	63	64	92	101	120	166	171	174	194	200	205	231	241	310	#
288	1232.79	1	38	54	62	66	69	102	108	124	155	158	162	177	187	212	223	239	249	310	#
289	1223.83	38	39	53	64	69	81	90	92	123	128	132	133	144	201	205	215	232	233	310	#
290	1206.13	13	23	33	39	59	69	87	95	132	165	168	171	181	200	218	234	241	250	310	#
291	609.689	15	32	50	52	97	100	106	138	149	219	224	232	311	#
292	829.55	50	63	105	109	111	115	133	139	149	177	221	251	311	#
293	825.82	33	52	75	108	122	144	157	181	184	195	224	250	311	#
294	820.284	15	42	81	108	112	132	154	182	192	207	210	220	311	#
295	819.238	13	14	28	75	76	137	151	171	174	205	219	239	311	#
296	818.179	1	34	37	106	114	140	151	170	181	195	214	234	311	#
297	356.131	14	82	94	193	218	312	#
298	457.124	6	38	61	105	218	312	#
299	387.363	82	105	118	123	135	312	#
300	364.87	7	14	142	184	217	312	#
301	323.238	94	118	134	164	216	312	#
302	313.869	28	54	94	193	211	312	#
303	1404.94	13	15	38	45	48	54	71	72	83	104	113	148	149	184	206	212	235	246	253	255	313	#
304	1538.75	57	66	67	68	71	72	75	114	124	129	141	168	186	192	197	208	216	219	222	245	313	#
305	1505.55	7	11	21	29	41	71	88	113	142	161	175	195	221	222	224	227	235	236	239	255	313	#
306	1471.26	46	48	53	55	71	95	106	126	129	136	163	182	197	214	216	218	219	236	253	255	313	#
307	1458.36	25	37	64	68	75	104	111	120	122	124	130	149	178	182	188	192	194	203	225	235	313	#
308	1448.22	2	24	29	44	45	49	54	63	83	96	97	133	164	168	170	192	207	233	234	255	313	#
309	105.854	66	106	125	194	314	#
310	111.873	3	47	66	143	314	#
311	788.497	4	16	58	63	68	102	103	179	209	238	244	254	315	#
312	1001.61	15	63	71	77	101	114	124	128	146	217	219	232	315	#
313	859.953	10	11	20	43	49	101	103	123	154	169	188	221	315	#
314	807.645	2	99	123	145	162	169	171	200	220	230	238	248	315	#
315	772.038	20	45	96	123	133	141	144	149	209	221	229	255	315	#
316	735.571	16	43	50	65	67	108	152	169	190	208	242	244	315	#
317	739.679	30	108	121	163	171	180	184	235	242	245	316	#
318	864.765	7	9	23	84	92	131	162	180	198	200	316	#
319	762.995	1	7	23	59	121	129	194	199	202	204	316	#
320	746.733	10	94	141	149	171	173	180	184	201	216	316	#
321	643.11	56	64	81	82	89	100	123	132	175	235	316	#
322	610.738	12	39	88	92	104	137	163	167	198	250	316	#
323	530.794	50	83	107	158	159	208	240	317	#
324	681.518	52	56	64	107	141	234	250	317	#
325	548.217	21	114	159	178	185	213	249	317	#
326	541.458	15	26	144	161	177	222	240	317	#
327	492.742	0	15	33	49	89	124	158	317	#
328	485.916	55	95	149	150	181	208	225	317	#
329	794.404	35	43	50	59	78	82	108	127	137	143	150	174	194	225	251	318	#
330	1077.93	11	67	114	135	149	150	158	165	188	194	208	210	231	235	245	318	#
331	1056.84	30	32	33	77	103	109	110	143	157	174	190	200	208	225	247	318	#
332	1045.24	50	61	100	110	118	125	141	157	171	172	174	180	205	214	220	318	#
333	1030.39	19	51	59	103	109	126	141	150	159	177	181	192	199	200	254	318	#
334	1007.42	20	55	82	89	98	126	149	162	184	189	204	205	228	241	254	318	#
335	480.97	10	15	42	43	57	216	229	319	#
336	488.584	1	13	15	16	51	71	139	319	#
337	466.523	5	19	41	64	126	178	216	319	#
338	464.141	12	42	153	219	236	240	248	319	#
339	391.51	0	57	89	109	175	176	235	319	#
340	387.571	13	45	142	194	229	245	249	319	#
341	365.324	7	14	26	35	175	320	#
342	455.645	14	26	37	61	110	320	#
343	398.226	18	35	41	63	153	320	#
344	292.483	7	66	227	233	250	320	#
345	248.994	16	35	43	175	249	320	#
346	216.475	14	54	112	171	234	320	#
347	1342.36	1	30	41	81	96	98	101	107	114	146	163	199	207	216	228	255	321	#
348	1411.74	6	19	61	65	96	104	152	160	195	212	216	223	225	230	247	252	321	#
349	1389.69	24	33	44	86	98	108	120	133	134	145	176	190	192	195	223	245	321	#
350	1387.05	44	46	50	57	70	91	125	133	146	163	171	180	195	216	218	251	321	#
351	1319.41	18	26	38	46	51	88	97	99	147	190	197	199	209	217	223	255	321	#
352	1203.05	55	85	133	150	161	177	190	195	199	201	202	221	225	245	247	248	321	#
353	1358.27	3	6	16	37	48	67	72	77	86	102	106	152	175	184	208	217	228	255	322	#
354	1440.51	6	14	36	38	54	59	63	67	74	117	128	137	148	165	193	212	228	233	322	#
355	1392.43	43	47	55	63	69	80	109	124	163	166	175	177	197	205	219	228	233	237	322	#
356	1382.42	7	35	49	59	77	109	117	120	132	163	187	196	205	206	209	221	236	241	322	#
357	1357.57	3	14	17	26	30	37	72	77	98	132	156	169	188	191	193	214	221	224	322	#
358	1335.03	3	35	36	44	48	77	90	95	117	140	153	166	184	211	226	233	243	255	322	#
359	966.362	24	64	107	128	131	134	158	173	180	191	210	211	323	#
360	1098.68	17	58	124	128	133	134	162	175	180	198	203	239	323	#
361	1023.69	5	7	26	48	77	97	103	166	174	180	187	210	323	#
362	889.148	14	49	52	64	82	83	92	107	171	187	236	249	323	#
363	841.932	14	49	55	68	83	128	138	151	162	174	211	238	323	#
364	834.666	25	33	38	55	91	97	107	115	136	235	236	250	323	#
365	1743.95	1	6	9	14	40	42	46	57	65	69	96	126	139	142	146	169	170	182	183	189	204	207	229	237	252	324	#
366	1902.15	4	10	17	26	34	36	49	59	69	82	105	116	133	139	153	162	179	188	189	190	192	206	212	214	246	324	#
367	1848.34	4	46	61	69	81	82	87	88	91	103	112	129	135	139	142	145	159	161	175	186	207	224	237	243	250	324	#
368	1836.77	10	27	34	40	52	54	56	71	76	86	88	89	101	108	121	131	148	165	166	183	197	204	237	239	250	324	#
369	1750.05	31	41	49	68	80	87	88	95	112	119	128	139	142	150	161	169	183	185	190	191	194	207	229	234	240	324	#
370	1733.97	1	5	11	25	40	61	69	70	77	99	104	108	121	147	174	179	185	192	199	207	219	224	227	236	245	324	#
371	595.896	16	23	33	41	48	61	65	137	168	325	#
372	667.086	20	23	41	43	49	96	137	205	212	325	#
373	588.618	65	88	105	129	130	137	182	196	238	325	#
374	566.385	15	16	32	38	96	99	119	124	234	325	#
375	565.455	57	58	121	123	137	225	226	233	240	325	#
376	564.738	15	19	100	118	168	169	202	205	226	325	#
377	983.594	10	14	27	39	44	63	70	78	100	146	158	160	180	183	211	230	236	326	#
378	1369.36	23	26	36	76	103	122	131	133	139	148	180	188	207	226	238	239	246	326	#
379	1362.31	4	36	44	48	49	51	54	67	119	142	143	144	153	187	215	223	239	326	#
380	1280.29	28	54	88	92	110	117	136	141	147	166	167	211	213	218	236	247	255	326	#
381	1215.97	10	12	46	51	63	78	79	98	100	122	125	143	144	155	173	202	203	326	#
382	1210.9	11	40	41	48	51	61	70	79	91	93	111	126	183	192	194	228	247	326	#
383	1030.69	5	7	27	34	41	58	73	142	164	170	207	210	224	233	240	327	#
384	1154.55	49	57	107	125	139	144	148	168	174	178	192	193	200	224	236	327	#
385	1136.01	19	27	58	63	75	76	118	135	142	161	187	197	200	240	247	327	#
386	1109.3	22	30	58	61	65	111	129	130	131	187	203	207	221	235	241	327	#
387	1090.4	13	14	36	91	130	146	163	179	182	184	233	237	240	247	249	327	#
388	1060.89	6	7	19	26	49	58	61	63	71	118	132	160	167	195	234	327	#
389	432.209	16	34	45	51	83	119	160	213	328	#
390	579.27	11	34	41	59	94	102	120	185	328	#
391	540.152	10	45	51	92	100	215	233	245	328	#
392	513.429	82	89	91	170	206	213	215	250	328	#
393	499.743	98	103	119	185	229	235	246	254	328	#
394	435.759	16	23	38	48	65	191	228	245	328	#
395	168.297	21	228	329	#
396	217.38	118	228	329	#
397	140.158	21	35	329	#
398	231.381	70	139	330	#
399	174.236	139	173	330	#
400	87.7331	70	207	330	#
401	1088.93	5	23	28	51	53	66	85	94	120	126	147	152	154	165	174	175	179	185	194	218	230	331	#
402	1500.67	18	34	50	61	63	82	88	95	96	105	119	129	159	161	189	190	205	207	218	224	227	331	#
403	1476.16	4	5	6	9	15	33	42	50	77	84	90	100	102	104	121	149	152	154	170	233	238	331	#
404	1458.38	2	5	11	17	39	46	53	55	105	108	126	146	154	159	185	196	210	219	224	230	245	331	#
405	1430.76	23	30	32	68	71	72	82	95	108	120	137	142	147	166	177	181	189	193	219	245	248	331	#
406	1380.43	2	9	17	18	25	36	55	75	92	94	110	116	140	149	166	167	170	174	204	207	248	331	#
407	260.275	58	182	202	218	332	#
408	306.889	40	44	182	255	332	#
409	215.401	58	88	115	229	332	#
410	203.249	12	14	202	218	332	#
411	160.002	61	91	202	233	332	#
412	67.3496	138	#
413	1422.83	21	23	29	73	74	75	88	89	110	111	134	139	146	193	204	216	234	333	#
414	1425.23	4	11	18	42	43	54	74	88	98	100	103	157	195	197	208	223	232	333	#
415	1389.08	23	41	67	75	78	98	110	122	127	129	153	202	222	223	245	252	254	333	#
416	1375.68	22	42	49	52	56	86	90	118	133	158	166	192	194	216	232	238	247	333	#
417	1307.88	3	24	30	54	71	75	100	127	134	149	157	212	215	223	229	235	252	333	#
418	1277.11	5	21	29	54	64	66	71	89	100	141	149	207	221	234	238	246	250	333	#
419	1177.6	50	51	60	62	63	73	74	82	97	106	112	116	123	127	159	181	206	207	251	334	#
420	1534.72	34	41	57	63	68	73	74	93	109	115	139	174	223	224	228	236	240	241	243	334	#
421	1433.54	1	23	40	46	70	80	83	85	92	98	99	106	119	125	176	223	238	242	250	334	#
422	1379.67	17	35	42	47	56	60	62	78	109	112	121	131	142	169	203	206	210	213	224	334	#
423	1322.81	8	14	29	64	104	112	121	131	149	152	167	186	217	223	226	227	228	230	247	334	#
424	1293.96	0	61	65	66	78	82	87	99	100	102	120	121	158	200	205	206	209	221	246	334	#
425	779.138	8	44	61	75	96	111	116	117	121	202	205	206	236	246	335	#
426	1168.38	28	49	51	60	78	87	116	117	146	151	176	206	208	249	335	#
427	1136.05	18	22	27	87	100	117	122	127	129	144	162	168	202	233	335	#
428	1082.49	33	41	61	76	85	121	129	147	156	168	207	234	235	239	335	#
429	931.824	11	47	103	116	117	129	143	153	203	236	247	248	249	255	335	#
430	918.819	29	58	70	75	81	99	114	119	122	148	172	222	240	247	335	#
431	137.645	59	146	336	#
432	171.773	57	146	336	#
433	130.057	59	133	336	#
434	448.529	0	64	102	104	107	116	194	214	243	337	#
435	643.501	19	33	36	54	132	171	178	181	243	337	#
436	606.381	40	54	79	91	102	119	131	134	156	337	#
437	570.22	16	32	64	114	126	130	160	215	250	337	#
438	547.153	0	29	30	79	179	213	217	242	243	337	#
439	540.935	39	104	108	111	135	194	211	224	249	337	#
440	503.942	23	95	97	111	132	158	242	249	338	#
441	646.282	11	51	121	157	191	201	213	242	338	#
442	644.514	59	89	146	201	213	228	239	249	338	#
443	560.167	2	72	82	85	107	132	172	180	338	#
444	529.687	2	27	97	159	162	201	237	240	338	#
445	503.414	11	31	111	132	175	177	178	211	338	#
446	60.2351	254	#
447	1175.21	52	81	129	159	160	164	192	194	212	228	231	233	235	247	249	255	339	#
448	1276.43	6	15	20	56	58	89	92	131	169	170	200	207	213	226	233	242	339	#
449	1246.72	23	25	33	41	58	75	80	112	115	163	164	165	208	233	236	254	339	#
450	1246.49	10	47	53	56	66	92	139	141	144	183	189	221	232	233	247	249	339	#
451	1226.83	14	39	55	61	84	85	87	109	129	136	137	138	158	228	248	251	339	#
452	1182.34	6	10	19	23	39	54	56	89	98	109	130	161	175	183	186	247	339	#
453	126.469	40	115	340	#
454	141.557	40	92	340	#
455	138.271	115	251	340	#
456	153.888	150	191	341	#
457	171.935	191	195	341	#
458	167.862	134	150	341	#
459	30.7071	178	#
460	76.7786	237	#
461	842.232	52	76	81	93	98	118	166	173	191	198	226	234	342	#
462	895.276	76	92	101	128	183	205	206	208	213	219	226	254	342	#
463	877.287	16	25	59	63	76	120	125	126	139	164	173	214	342	#
464	851.879	24	32	34	52	66	69	79	118	164	197	242	249	342	#
465	832.116	49	52	68	86	109	159	169	175	182	195	226	238	342	#
466	819.888	24	56	89	112	116	125	155	164	166	199	236	247	342	#
467	1014.49	3	11	29	37	43	49	54	90	111	158	173	202	210	224	343	#
468	1185.02	8	16	29	54	113	122	130	166	188	210	221	225	238	247	343	#
469	1066.41	3	17	59	103	108	129	136	138	149	161	195	210	230	235	343	#
470	1044.74	8	11	17	63	65	70	86	88	99	164	217	220	228	254	343	#
471	1030	14	24	54	65	80	90	101	117	122	124	166	202	247	249	343	#
472	995.555	34	46	49	63	86	113	147	155	161	175	180	237	250	254	343	#
473	380.902	0	7	45	99	112	131	174	221	344	#
474	540.91	34	112	118	122	171	201	216	231	344	#
475	525.578	0	109	131	137	177	208	243	253	344	#
476	494.22	0	7	8	25	70	152	231	234	344	#
477	481.007	11	41	45	68	107	144	199	237	344	#
478	468.407	2	4	57	112	145	174	195	231	344	#
479	51.2239	60	#
480	297.995	68	109	138	345	#
481	306.374	68	192	225	345	#
482	276.561	138	155	167	345	#
483	152.133	13	99	109	345	#
484	1072.82	23	31	87	97	99	100	114	139	146	196	210	227	346	#
485	940.569	20	23	88	102	109	111	123	168	185	212	214	254	346	#
486	921.73	79	104	124	133	139	148	166	191	199	209	210	217	346	#
487	854.024	31	45	64	92	106	109	140	147	188	191	210	226	346	#
488	834.282	8	14	30	38	76	109	191	200	201	214	227	254	346	#
489	810.135	44	100	117	147	148	182	193	196	203	208	210	253	346	#
490	695.971	22	36	121	134	136	203	204	230	347	#
491	675.959	4	52	119	121	126	142	193	235	347	#
492	651.841	22	26	51	60	92	108	128	250	347	#
493	622.134	67	83	136	162	189	197	221	247	347	#
494	558.925	82	87	97	188	197	204	225	251	347	#
495	535.33	73	123	125	134	163	168	225	242	347	#
496	700.089	4	51	67	69	81	135	147	217	228	348	#
497	666.71	1	32	69	81	84	197	242	248	250	348	#
498	650.134	8	43	51	74	89	108	113	198	214	348	#
499	648.259	8	16	26	109	115	171	194	217	252	348	#
500	647.992	4	16	74	93	98	147	171	180	236	348	#
501	635.338	8	67	99	130	174	179	206	210	220	348	#
502	194.528	162	255	349	#
503	214.215	41	255	349	#
504	190.298	162	249	349	#
505	943.221	49	105	115	124	151	172	174	181	184	185	197	222	250	252	350	#
506	1051.41	6	21	25	74	76	83	86	103	153	155	163	181	202	206	350	#
507	964.066	19	26	28	42	71	88	113	148	174	203	222	225	228	252	350	#
508	916.868	65	79	83	90	105	132	144	148	151	182	184	191	196	197	350	#
509	916.24	5	7	41	51	65	69	97	120	140	147	184	190	239	240	350	#
510	887.065	7	60	64	71	73	98	105	132	148	150	171	187	225	255	350	#
511	85.9999	1	#
512	314.32	44	61	165	170	228	351	#
513	332.737	61	128	168	202	226	351	#
514	331.694	28	70	95	165	203	351	#
515	325.442	11	130	170	192	193	351	#
516	265.087	33	44	106	127	226	351	#
517	708.398	31	32	69	75	129	134	194	210	223	352	#
518	703.316	25	31	60	110	117	141	190	224	239	352	#
519	701.72	11	16	41	63	64	65	109	129	188	352	#
520	668.907	4	8	54	122	129	210	223	226	237	352	#
521	643.661	13	75	111	147	174	180	218	225	240	352	#
522	634.97	64	69	74	104	123	125	163	207	251	352	#
523	125.338	212	#
524	1819.41	8	35	40	47	49	53	64	73	87	88	90	92	105	111	125	147	155	165	169	172	184	202	205	230	237	243	252	254	353	#
525	2184.1	0	7	25	26	34	73	78	101	106	108	116	147	151	155	165	167	170	180	202	217	222	233	236	238	242	244	252	253	353	#
526	2084.75	2	10	36	40	46	49	60	61	73	76	78	91	109	111	116	121	124	132	161	173	180	185	190	210	216	217	222	223	353	#
527	2058.02	13	25	26	28	34	45	56	62	64	73	87	94	102	115	116	118	125	133	150	163	175	178	179	183	210	236	249	254	353	#
528	2049.62	7	10	12	47	49	53	58	73	83	90	118	119	125	139	147	151	153	160	162	177	197	213	216	229	230	236	238	242	353	#
529	2042.68	13	18	46	49	68	81	88	92	94	96	99	104	139	146	162	173	179	185	193	206	209	210	219	221	223	224	236	240	353	#
530	578.18	65	122	137	158	168	174	175	179	187	205	354	#
531	792.978	8	10	19	26	39	74	122	137	241	243	354	#
532	787.13	43	44	95	97	117	118	122	165	197	219	354	#
533	751.679	15	25	63	118	137	169	174	194	198	250	354	#
534	728.269	47	71	74	88	117	150	179	228	233	240	354	#
535	687.184	4	10	13	47	164	175	190	203	232	248	354	#
536	1139.25	5	25	36	61	68	86	89	108	122	151	170	172	193	244	246	355	#
537	1140.51	1	14	36	43	49	53	83	84	98	147	172	224	225	244	250	355	#
538	1122.74	5	52	62	74	78	82	83	86	95	100	101	122	170	233	245	355	#
539	1060.6	5	14	47	64	65	105	137	150	153	164	168	172	212	224	235	355	#
540	1027.23	1	13	19	24	55	61	70	74	117	134	144	212	227	228	254	355	#
541	1009.94	4	50	68	74	123	124	150	163	173	207	215	224	225	235	245	355	#
542	393.852	61	96	162	179	228	237	248	356	#
543	469.502	26	29	96	163	187	217	252	356	#
544	430.375	82	135	159	196	216	228	248	356	#
545	414.088	11	24	85	237	252	253	254	356	#
546	372.736	10	90	96	148	179	203	236	356	#
547	342.568	45	61	64	105	106	189	255	356	#
548	235.336	109	115	196	357	#
549	286.619	53	109	221	357	#
550	283.155	115	167	212	357	#
551	147.282	196	228	244	357	#
552	860.768	24	74	127	147	178	183	187	228	235	239	249	358	#
553	982.886	4	28	42	74	101	107	149	210	231	235	249	358	#
554	978.999	4	46	138	141	154	167	204	214	239	244	249	358	#
555	969.986	28	29	40	56	79	127	153	184	219	225	246	358	#
556	941.004	14	30	98	107	134	163	167	180	195	226	235	358	#
557	863.269	18	36	42	79	98	110	144	171	183	191	228	358	#
558	116.627	7	#
559	161.438	137	233	359	#
560	142.152	46	137	359	#
561	69.5809	227	233	359	#
562	525.516	3	6	62	80	110	131	136	164	360	#
563	695.359	3	97	100	101	180	212	223	239	360	#
564	665.774	6	36	38	95	154	162	218	252	360	#
565	665.382	6	20	28	114	121	149	164	187	360	#
566	549.023	19	28	40	51	62	149	231	235	360	#
567	548.099	3	32	80	108	160	179	228	231	360	#
568	181.798	53	255	361	#
569	191.919	18	53	361	#
570	169.39	171	255	361	#
571	883.085	90	149	152	167	179	185	197	212	221	228	241	362	#
572	884.426	1	19	69	88	108	154	191	212	222	245	251	362	#
573	871.245	42	83	85	95	149	179	186	197	228	231	237	362	#
574	837.771	6	27	34	74	102	126	143	149	162	191	249	362	#
575	750.168	44	51	81	97	142	150	152	167	184	203	224	362	#
576	750.073	5	130	132	134	146	166	204	205	219	220	241	362	#
577	325.175	11	111	158	189	243	363	#
578	461.091	18	151	158	186	197	363	#
579	340.551	58	118	122	243	244	363	#
580	312.712	44	86	92	171	189	363	#
581	261.136	111	116	178	209	234	363	#
582	258.104	11	25	48	76	125	363	#
583	508.955	7	36	41	52	196	207	226	364	#
584	528.401	5	24	46	95	151	163	207	364	#
585	502.384	2	6	21	66	96	127	226	364	#
586	491.192	7	58	103	148	161	195	248	364	#
587	430.702	11	41	54	128	157	187	205	364	#
588	400.865	36	74	178	181	213	229	254	364	#
589	1609.75	4	9	14	37	57	91	93	94	101	132	139	162	166	176	177	180	229	232	237	249	255	365	#
590	1684.43	7	13	29	48	95	103	105	111	127	139	140	162	185	196	212	218	223	235	237	241	255	365	#
591	1633.41	15	41	81	87	91	111	129	141	153	158	176	177	184	188	218	228	230	232	234	246	247	365	#
592	1558.96	20	36	49	56	57	66	68	82	101	103	138	161	164	166	168	208	210	219	225	241	252	365	#
593	1549.65	4	40	78	79	80	95	101	124	137	138	155	162	183	187	199	224	225	232	236	243	254	365	#
594	1510.94	16	31	57	69	75	76	78	96	101	124	125	131	141	162	185	196	208	224	228	248	253	365	#
595	156.912	49	254	#
596	1305.61	10	34	36	60	98	109	114	115	124	136	145	165	199	201	202	204	205	231	241	254	366	#
597	1503.32	1	2	7	17	21	36	46	54	96	97	109	114	116	147	181	195	200	222	244	251	366	#
598	1489.24	13	30	31	36	45	61	101	107	114	124	142	144	147	151	207	231	235	238	241	243	366	#
599	1483.68	9	18	34	40	55	67	88	95	104	109	139	158	159	161	187	212	214	229	235	239	366	#
600	1454.08	9	10	11	25	32	59	75	79	81	83	98	100	101	141	149	183	206	211	213	254	366	#
601	1409.98	4	17	20	30	31	35	109	127	141	147	161	183	190	219	227	235	239	245	251	254	366	#
602	131.377	158	220	246	367	#
603	195.06	121	158	231	367	#
604	117.005	173	221	246	367	#
605	1436.25	2	3	9	11	36	39	67	71	91	97	109	114	162	189	190	223	225	232	238	368	#
606	1467.77	11	33	43	61	73	133	138	140	141	150	151	159	167	221	227	229	230	233	247	368	#
607	1444.06	4	17	33	36	42	52	55	67	75	109	127	138	141	145	147	153	215	225	235	368	#
608	1428.11	8	39	47	48	51	57	64	66	103	118	119	145	159	162	167	190	233	235	253	368	#
609	1426.95	1	9	10	20	26	48	66	69	74	75	110	121	158	161	170	184	187	216	230	368	#
610	1420.75	11	36	47	64	73	80	94	101	105	116	132	150	162	186	189	216	241	247	255	368	#
611	624.933	40	72	73	86	91	166	169	184	225	369	#
612	899.642	15	40	61	108	149	151	219	225	229	369	#
613	739.034	8	30	40	49	53	89	111	139	150	369	#
614	683.724	37	51	68	91	115	122	134	179	197	369	#
615	664.69	68	90	92	124	153	162	169	186	218	369	#
616	656.666	13	73	89	153	184	186	208	231	250	369	#
617	258.821	24	56	247	370	#
618	327.592	61	195	247	370	#
619	273.335	24	33	132	370	#
620	176.941	24	56	209	370	#
621	153.441	152	174	205	371	#
622	225.068	87	126	174	371	#
623	222.675	23	152	218	371	#
624	185.83	35	205	239	371	#
625	233.212	47	109	220	249	372	#
626	315.614	47	69	130	147	372	#
627	219.372	73	90	204	220	372	#
628	193.046	21	49	109	170	372	#
629	104.195	55	83	373	#
630	100.317	83	177	373	#
631	784.053	1	71	103	106	108	114	116	120	149	170	228	374	#
632	928.721	1	10	63	86	103	131	155	168	170	234	237	374	#
633	916.096	1	18	25	26	33	102	126	145	166	173	253	374	#
634	906.529	18	29	42	44	116	123	139	145	149	197	237	374	#
635	891.848	20	42	103	157	168	173	197	204	219	236	247	374	#
636	846.603	26	28	42	72	103	108	132	168	176	192	218	374	#
637	70.5447	28	#
638	93.7486	154	#
639	568.641	55	142	166	177	194	238	244	375	#
640	537.706	7	59	85	126	129	195	238	375	#
641	496.564	24	43	68	141	194	219	224	375	#
642	429.713	68	80	82	99	137	166	197	375	#
643	423.682	22	57	58	142	184	189	253	375	#
644	421.886	19	34	79	91	113	189	244	375	#
645	473.833	57	116	179	194	220	226	248	254	376	#
646	636.179	18	105	112	116	137	190	202	204	376	#
647	632.66	41	56	97	181	194	200	207	225	376	#
648	565.019	14	29	37	59	95	136	179	197	376	#
649	539.198	25	130	193	207	220	241	251	254	376	#
650	515.224	15	28	45	96	135	195	210	220	376	#
651	80.9473	16	189	#
652	2392.5	1	2	8	9	11	20	24	25	27	29	32	44	47	53	60	62	64	68	72	83	100	111	123	143	153	161	162	166	186	204	211	220	221	224	232	234	245	247	249	251	377	#
653	3072.5	8	18	25	26	27	30	37	40	43	47	56	60	63	66	76	89	93	102	142	147	150	154	157	158	162	166	170	184	186	190	194	199	204	206	222	228	229	232	247	252	377	#
654	3066.42	1	10	21	23	30	31	36	37	44	47	57	60	63	68	79	85	86	95	100	103	104	114	117	125	151	155	160	166	168	171	179	190	199	204	205	211	212	216	221	232	377	#
655	3015.01	8	10	18	32	47	50	56	61	62	79	83	85	86	95	100	102	111	114	117	146	152	161	180	181	184	190	194	195	201	207	211	216	220	221	223	229	236	244	253	255	377	#
656	2997.43	17	18	22	34	57	60	61	71	81	83	92	118	126	130	132	138	142	143	149	152	153	155	157	162	184	186	190	191	196	199	203	211	218	220	221	225	228	229	235	251	377	#
657	2954.33	2	3	8	10	12	14	19	23	25	26	32	50	55	67	79	83	85	90	93	102	107	126	134	149	150	154	158	162	195	198	204	206	211	218	228	229	232	234	242	250	377	#
658	986.196	7	16	34	35	73	86	119	130	140	148	173	190	194	232	234	378	#
659	1304.28	10	26	32	51	79	109	139	154	181	190	196	205	206	213	234	378	#
660	1229.82	5	10	86	92	123	126	134	137	164	194	197	211	213	229	236	378	#
661	1202.66	16	37	54	63	83	103	138	163	190	194	221	226	227	234	240	378	#
662	1183.2	7	34	51	62	97	106	119	151	165	196	223	227	232	239	249	378	#
663	1121.67	6	9	22	26	39	45	49	140	141	152	154	180	183	191	196	378	#
664	1028.55	15	43	56	73	75	82	98	120	184	188	204	208	223	379	#
665	1039.49	10	37	84	98	117	122	144	168	171	177	206	210	213	379	#
666	942.3	44	56	67	76	82	83	96	109	123	169	176	179	254	379	#
667	916.24	59	73	75	96	121	127	136	146	155	188	195	212	213	379	#
668	906.58	29	43	56	75	79	88	124	129	171	184	188	190	240	379	#
669	906.578	10	12	21	39	74	93	107	161	188	199	222	224	237	379	#
670	62.137	4	#
671	294.297	38	120	133	380	#
672	266.347	54	112	133	380	#
673	258.069	38	130	168	380	#
674	256.476	41	120	195	380	#
675	726.057	13	59	73	95	135	138	141	167	192	220	230	233	235	381	#
676	1077.55	10	52	64	101	110	118	122	129	138	154	168	177	246	381	#
677	913.139	27	41	68	77	79	114	131	182	220	221	230	241	255	381	#
678	908.219	0	2	19	82	87	129	177	187	206	213	233	241	247	381	#
679	866.287	20	39	52	74	82	95	100	103	219	226	243	251	254	381	#
680	816.132	0	63	131	132	138	141	155	165	187	218	226	231	245	381	#
681	1489.24	16	17	39	45	54	56	69	87	96	113	143	148	152	159	160	162	168	178	190	191	203	208	225	233	382	#
682	1747.21	23	41	47	53	62	64	68	71	73	83	87	97	127	137	143	149	162	169	191	212	218	222	234	255	382	#
683	1723.62	15	27	33	34	37	52	63	76	84	88	95	130	144	153	165	168	171	180	195	212	219	234	251	254	382	#
684	1666.54	16	21	27	41	68	71	76	80	84	85	86	90	122	153	159	176	183	184	194	206	208	219	227	230	382	#
685	1649.75	9	12	22	44	49	60	62	66	67	87	90	98	137	154	159	162	180	186	194	202	215	233	238	239	382	#
686	1640.12	27	41	45	54	58	62	91	111	122	123	135	142	144	162	167	168	180	185	191	192	203	221	234	240	382	#
687	140.399	80	#
688	1025.92	13	30	33	89	103	114	121	131	138	155	207	235	245	383	#
689	1126.37	17	30	46	59	78	104	105	119	146	163	164	235	245	383	#
690	1096.33	14	24	30	31	46	51	64	108	116	155	222	223	224	383	#
691	1016.2	10	23	55	65	74	106	114	115	123	129	133	210	213	383	#
692	922.036	35	46	54	65	77	89	105	167	172	174	184	207	241	383	#
693	907.803	13	40	43	70	105	124	145	164	193	227	230	253	254	383	#
694	952.933	11	36	37	62	84	89	113	130	143	173	191	216	218	233	384	#
695	1170.6	8	10	12	71	79	102	103	121	130	139	151	154	162	217	384	#
696	1106.5	45	49	64	70	84	89	104	122	133	153	179	210	218	241	384	#
697	1076.96	21	39	74	103	129	153	156	179	194	216	218	234	247	252	384	#
698	1003.93	11	13	21	65	70	71	77	82	98	107	108	113	194	218	384	#
699	1003.36	8	43	61	62	84	98	104	113	133	152	174	194	195	238	384	#
700	38.7534	155	#
701	406.202	96	154	167	197	205	213	385	#
702	544.202	38	63	103	135	193	205	385	#
703	501.529	4	89	130	146	154	210	385	#
704	396.96	4	52	96	150	229	243	385	#
705	393.495	11	72	96	123	197	236	385	#
706	374.051	25	91	148	167	205	207	385	#
707	64.3177	39	166	#
708	123.3	73	103	386	#
709	149.684	1	73	386	#
710	117.219	103	157	386	#
711	1186.21	9	16	42	43	55	65	75	81	84	111	122	126	137	145	156	171	174	175	178	201	208	213	219	239	240	387	#
712	1777.24	10	22	34	59	61	70	73	81	85	95	101	112	124	133	137	139	141	151	172	178	197	202	204	214	220	387	#
713	1735.47	3	29	41	51	69	79	84	85	91	123	125	131	135	138	153	158	170	175	186	189	195	203	212	231	254	387	#
714	1707.67	5	9	16	30	55	65	69	75	78	85	94	101	104	119	120	132	159	166	170	217	222	239	240	243	248	387	#
715	1671.92	8	14	31	63	69	73	101	104	109	110	116	120	141	146	149	160	193	208	223	224	237	239	242	243	252	387	#
716	1628.3	24	42	44	51	52	68	77	95	122	123	128	129	141	146	153	157	161	164	183	196	206	225	229	240	243	387	#
717	943.072	15	18	33	34	40	44	86	118	131	162	203	217	241	244	388	#
718	1140.98	28	40	80	86	98	99	108	151	179	204	211	226	234	255	388	#
719	1036.05	36	73	75	118	134	135	154	163	179	184	193	196	208	220	388	#
720	955.752	17	36	76	118	134	142	170	171	182	186	218	219	220	244	388	#
721	945.65	20	37	44	70	86	98	125	142	160	223	233	238	242	255	388	#
722	943.561	11	19	27	28	71	85	116	150	199	203	215	227	234	253	388	#
723	126.782	7	112	389	#
724	125.309	112	144	389	#
725	95.9769	7	38	389	#
726	929.911	7	31	37	62	64	74	115	135	137	140	156	227	252	254	390	#
727	1162.1	28	37	58	74	114	119	138	163	168	176	181	186	198	215	390	#
728	1139.46	7	18	51	94	138	171	176	195	198	208	215	240	247	254	390	#
729	1135.3	25	26	41	67	93	121	130	136	137	148	157	195	225	247	390	#
730	1011.95	7	21	22	27	100	115	137	169	172	195	219	221	230	250	390	#
731	1011.19	10	64	75	76	89	93	110	123	163	170	222	230	238	240	390	#
732	725.277	18	26	65	81	138	152	182	197	200	214	391	#
733	801.365	2	21	30	107	133	138	180	184	204	207	391	#
734	749.736	4	5	25	26	38	56	90	125	151	162	391	#
735	712.693	9	10	44	65	78	112	129	144	227	243	391	#
736	643.555	13	31	54	55	74	105	114	152	239	247	391	#
737	639.232	60	128	133	167	180	197	216	234	238	239	391	#
738	237.599	12	37	75	101	392	#
739	325.808	37	78	159	236	392	#
740	218.365	12	129	158	210	392	#
741	203.759	71	75	88	119	392	#
742	624.907	59	72	86	103	116	125	179	220	247	393	#
743	796.847	81	92	108	116	165	190	220	228	235	393	#
744	646.169	8	57	76	84	112	124	135	204	220	393	#
745	605.63	13	15	37	83	103	115	129	130	218	393	#
746	595.916	5	39	78	129	135	198	216	224	247	393	#
747	575.075	16	72	128	138	152	198	225	231	252	393	#
748	2675.04	5	6	11	22	28	31	40	41	44	46	54	65	66	68	69	70	78	80	82	88	97	103	116	117	121	134	149	162	169	179	180	183	186	188	200	210	211	212	218	227	245	394	#
749	3023.71	11	14	29	35	41	44	49	55	59	61	62	72	76	78	86	97	101	116	117	121	122	123	126	129	142	149	162	165	170	188	200	205	209	218	219	220	224	225	228	239	252	394	#
750	2893.2	6	11	23	33	35	41	45	49	65	66	73	76	78	81	84	86	100	102	103	107	114	119	122	124	126	139	140	143	146	148	149	157	180	206	211	215	224	227	228	242	244	394	#
751	2885.32	4	5	14	21	33	49	58	60	61	65	69	70	78	100	101	103	114	118	122	126	134	146	148	149	160	161	165	166	169	174	177	180	206	211	220	224	225	239	242	243	246	394	#
752	2866.54	10	22	24	26	32	41	46	59	60	61	68	71	72	78	93	101	110	111	116	117	127	149	152	160	171	173	176	177	179	188	192	206	209	212	213	220	223	228	233	236	244	394	#
753	2859.33	9	24	26	34	35	37	46	49	58	66	69	76	84	96	97	103	111	114	116	118	124	138	139	142	150	162	176	178	195	210	213	214	220	225	227	228	229	234	238	242	253	394	#
754	434.477	25	78	88	99	121	225	395	#
755	439.167	71	78	82	193	216	234	395	#
756	429.073	36	121	146	179	209	237	395	#
757	421.429	74	88	99	171	218	221	395	#
758	400.784	24	87	124	162	172	225	395	#
759	322.109	25	52	100	137	165	235	395	#
760	3931.6	7	8	18	29	30	50	57	58	59	64	65	68	69	71	74	77	84	88	92	107	110	114	125	127	129	130	133	135	146	148	154	155	159	167	171	178	179	196	197	202	205	208	210	213	215	216	220	221	224	225	240	243	246	247	396	#
761	3868.1	1	3	9	11	12	18	20	21	22	37	42	43	56	59	69	70	71	81	82	93	96	102	107	109	113	114	127	130	138	148	153	162	166	171	174	190	191	196	197	198	205	208	210	213	220	222	224	241	243	246	247	251	252	254	396	#
762	3850.81	0	6	14	15	25	27	30	33	49	51	55	60	61	65	69	79	81	84	92	94	96	97	102	110	114	119	125	130	134	141	145	148	153	159	163	169	171	179	191	201	205	206	208	210	212	213	214	215	219	223	225	235	248	254	396	#
763	3808.59	0	4	7	11	14	17	21	25	27	48	51	55	60	64	66	68	71	74	84	94	95	113	114	116	118	119	125	129	131	134	135	136	151	159	161	163	164	165	170	176	180	191	192	197	202	205	207	215	216	228	230	242	246	247	396	#
764	3781.16	0	5	8	9	11	12	18	27	31	33	34	45	46	49	57	58	59	63	70	71	77	80	84	88	89	107	114	119	127	131	133	135	160	162	168	169	176	179	190	191	194	197	198	200	204	206	210	216	218	225	232	233	249	255	396	#
765	3738.05	6	8	10	16	37	40	42	45	46	47	48	50	55	59	63	72	74	79	80	87	94	101	102	107	109	111	113	118	120	127	128	139	141	142	143	153	160	171	180	194	196	197	198	208	213	215	218	221	227	232	234	243	247	255	396	#
766	299.683	28	42	214	231	246	397	#
767	445.194	124	167	199	214	216	397	#
768	365.252	42	53	60	164	231	397	#
769	345.474	117	134	203	241	246	397	#
770	315.048	23	42	130	139	193	397	#
771	298.083	28	135	214	226	242	397	#
772	246.784	173	184	229	398	#
773	257.659	9	26	173	398	#
774	190.715	66	162	229	398	#
775	106.557	13	184	253	398	#
776	2817.24	2	12	18	22	24	26	27	30	31	33	38	54	59	79	92	94	95	97	98	109	112	113	116	117	119	123	126	130	143	146	151	154	168	175	178	190	191	196	197	200	204	215	225	229	236	399	#
777	3091.13	1	9	12	15	25	26	27	37	38	39	43	46	52	64	68	70	71	85	87	97	100	102	105	108	122	127	139	148	153	154	155	175	185	189	190	196	207	208	220	222	225	228	238	240	241	399	#
778	3066.59	3	5	11	42	43	44	51	59	60	61	64	71	81	84	85	88	98	101	114	117	123	135	139	143	146	149	154	159	161	162	169	171	187	189	197	206	208	212	214	221	222	225	237	238	252	399	#
779	3059.08	6	12	27	34	37	64	69	81	84	90	94	100	101	123	125	132	139	143	146	147	149	151	153	159	161	162	167	168	179	184	189	192	193	194	196	206	210	211	215	220	225	236	243	244	253	399	#
780	3028.14	2	6	14	18	21	27	31	34	35	41	79	85	86	97	126	127	128	130	137	140	141	143	149	153	154	166	171	174	182	193	194	195	196	206	209	214	222	232	233	236	237	241	244	250	252	399	#
781	3027.19	6	10	18	25	28	34	35	44	51	52	55	56	60	61	64	70	81	83	98	99	108	112	116	117	119	121	122	143	147	151	155	159	162	168	191	194	201	207	210	233	238	244	246	248	254	399	#
782	1367.29	9	21	25	33	37	46	61	80	87	104	125	175	178	181	191	194	206	215	232	246	400	#
783	1837.54	4	5	6	26	61	74	80	118	136	139	146	147	166	177	181	199	207	212	225	228	400	#
784	1391.84	5	14	22	24	25	46	61	64	69	80	82	89	100	121	123	146	168	184	193	254	400	#
785	1362.59	10	46	49	59	67	69	73	77	88	111	127	137	139	151	152	190	196	206	211	237	400	#
786	1288.24	3	22	33	49	71	82	95	100	103	125	129	137	146	147	180	214	216	217	222	235	400	#
787	1278.87	6	24	27	32	40	127	132	144	151	164	179	183	191	207	210	218	219	229	232	237	400	#
788	59.6693	19	227	#
789	488.531	17	18	33	60	75	160	208	401	#
790	581.008	14	18	20	33	87	195	199	401	#
791	575.085	9	18	58	60	163	180	185	401	#
792	524.243	17	61	65	110	171	198	247	401	#
793	492.853	75	110	133	145	168	252	255	401	#
794	453.832	14	43	120	147	166	208	232	401	#
795	171.494	83	105	226	402	#
796	194.415	114	226	234	402	#
797	173.849	52	83	96	402	#
798	1376.4	16	107	109	115	118	127	131	139	158	161	167	193	196	210	212	223	228	403	#
799	1374.09	8	14	16	22	28	30	61	63	84	89	101	166	167	195	197	212	238	403	#
800	1264.62	7	32	52	59	61	83	84	108	121	126	131	132	160	167	171	216	223	403	#
801	1198.49	6	14	25	27	38	60	90	98	101	114	118	131	133	139	145	154	177	403	#
802	1153.92	5	14	43	50	57	74	85	86	95	107	146	148	152	153	193	231	253	403	#
803	1147.4	20	42	61	69	73	79	106	118	127	148	160	163	172	222	230	233	246	403	#
804	528.028	0	15	21	60	127	152	190	202	206	404	#
805	740.073	7	18	85	148	167	190	203	241	252	404	#
806	695.197	0	5	6	34	84	128	134	164	241	404	#
807	681.095	6	24	70	93	125	141	152	176	225	404	#
808	654.555	15	19	56	102	117	196	203	218	222	404	#
809	470.147	4	9	21	50	95	106	146	161	190	404	#
810	93.8768	19	229	405	#
811	101.062	19	92	405	#
812	72.4394	21	72	406	#
813	49.0796	16	72	406	#
814	92.9078	29	#
815	551.945	45	101	108	118	166	203	221	407	#
816	621.977	58	61	170	181	193	203	221	407	#
817	592.042	56	69	108	114	128	167	209	407	#
818	567.4	20	52	101	118	141	159	192	407	#
819	532.346	45	55	60	72	84	108	170	407	#
820	526.336	2	22	49	60	164	166	193	407	#
821	26.1629	165	#
822	90.4936	35	171	185	408	#
823	106.191	135	179	185	408	#
824	220.129	60	151	156	170	209	409	#
825	300.645	41	156	177	182	183	409	#
826	149.237	151	187	188	205	246	409	#
827	1462.35	6	9	12	14	29	39	45	60	85	90	98	102	109	122	134	142	183	191	217	234	235	410	#
828	1624.09	8	23	30	56	60	70	85	92	102	106	109	122	133	136	165	169	183	190	197	240	242	410	#
829	1530.7	0	2	26	38	41	72	82	93	98	107	118	127	142	143	145	149	154	169	192	213	222	410	#
830	1510.14	2	12	51	57	65	74	79	81	89	92	97	104	112	113	134	141	161	193	212	223	254	410	#
831	1503.71	13	14	31	34	38	39	41	68	71	79	92	102	133	134	136	143	184	219	235	248	252	410	#
832	1452.89	13	14	24	44	61	64	69	76	82	85	94	118	129	134	135	138	140	165	181	200	217	410	#
833	508.473	6	36	61	95	120	171	411	#
834	526.034	61	95	105	106	166	171	411	#
835	497.171	10	54	95	104	120	204	411	#
836	464.496	6	54	95	142	191	197	411	#
837	408.807	80	97	171	186	218	225	411	#
838	347.957	36	68	136	143	184	213	411	#
839	454.694	11	79	80	186	251	412	#
840	453.422	63	159	221	223	251	412	#
841	425.865	30	80	95	102	120	412	#
842	390.8	11	78	181	197	239	412	#
843	338.636	47	79	90	131	138	412	#
844	266.846	18	79	123	171	186	412	#
845	131.071	133	181	232	413	#
846	183.442	1	133	211	413	#
847	180.837	41	181	187	413	#
848	126.844	173	186	232	413	#
849	362.76	35	75	124	179	227	236	414	#
850	526.198	93	132	143	179	193	219	414	#
851	464.274	49	90	184	216	236	249	414	#
852	419.38	66	76	85	124	216	234	414	#
853	352.696	62	75	76	89	111	184	414	#
854	341.242	58	62	137	220	227	240	414	#
855	412.048	7	142	182	184	206	415	#
856	391.709	4	7	142	197	231	415	#
857	391.557	31	85	186	206	225	415	#
858	383.828	7	147	151	171	251	415	#
859	373.832	78	142	182	230	234	415	#
860	227.651	41	55	125	184	245	415	#
861	242.968	121	187	190	416	#
862	181.874	42	108	121	416	#
863	139.568	95	190	242	416	#
864	1605.7	34	40	44	52	63	82	93	109	119	122	130	134	185	192	197	204	235	250	417	#
865	1448.15	18	26	27	53	77	79	86	91	104	115	163	165	219	226	230	235	243	249	417	#
866	1446.23	0	34	49	56	72	77	81	84	93	119	130	157	174	180	205	243	247	249	417	#
867	1423.23	27	30	44	52	63	77	80	110	114	149	151	172	178	200	208	209	235	247	417	#
868	1364.31	22	26	27	37	44	87	90	97	109	115	134	153	158	168	182	183	187	204	417	#
869	1355.41	9	26	40	43	52	63	69	76	80	94	126	127	134	180	207	233	238	242	417	#
870	208.412	48	119	184	242	418	#
871	312.123	7	48	147	225	418	#
872	239.661	59	74	75	119	418	#
873	237.504	20	108	111	242	418	#
874	203.766	24	184	225	244	418	#
875	49.5394	131	246	#
876	681.47	9	14	31	46	95	109	151	155	174	175	186	419	#
877	930.005	18	30	70	87	119	128	174	204	210	238	246	419	#
878	921.797	30	34	46	53	55	109	121	130	170	227	249	419	#
879	905.394	12	23	62	76	79	80	99	109	119	167	225	419	#
880	848.425	1	7	13	28	31	122	124	128	170	190	201	419	#
881	845.528	7	14	87	136	184	190	195	206	207	211	253	419	#
882	1363.22	3	8	33	41	75	78	83	86	95	98	111	114	137	145	146	147	155	165	183	207	210	235	420	#
883	1734.51	6	21	36	57	77	80	88	95	108	128	139	143	146	160	182	191	212	225	228	245	250	251	420	#
884	1696.37	4	15	23	57	71	74	82	88	98	101	103	118	133	141	147	153	160	179	195	198	236	238	420	#
885	1621.25	4	15	23	39	67	68	80	82	85	86	92	95	111	117	136	166	171	173	194	199	228	244	420	#
886	1620.67	21	33	36	42	51	62	91	102	111	131	157	163	164	178	211	212	213	216	237	247	251	255	420	#
887	1613.5	2	3	12	21	36	40	54	71	75	127	137	141	147	161	172	193	199	204	206	216	225	251	420	#
888	210.859	88	188	190	240	421	#
889	276.923	88	194	206	249	421	#
890	110.491	185	188	218	221	421	#
891	386.316	17	46	78	122	210	422	#
892	464.224	46	89	146	158	167	422	#
893	365.389	21	71	122	124	186	422	#
894	363.535	57	67	74	78	168	422	#
895	336.167	21	112	167	210	252	422	#
896	667.488	3	20	44	45	64	86	90	130	134	145	162	177	200	207	251	423	#
897	971.419	34	67	72	82	86	90	92	126	158	165	198	203	209	250	251	423	#
898	928.684	35	44	72	81	82	99	116	131	134	163	187	203	206	223	252	423	#
899	914.727	26	27	30	42	45	47	57	76	103	104	129	140	167	217	244	423	#
900	856.78	16	62	81	87	98	119	130	145	169	186	188	192	206	237	251	423	#
901	836.096	12	16	20	31	43	49	51	85	94	107	156	162	192	200	228	423	#
902	1402.07	28	75	78	96	105	112	120	122	126	127	129	136	142	146	163	168	178	182	216	218	233	251	424	#
903	1579.8	10	11	38	44	71	75	93	97	121	127	131	138	148	149	168	177	196	209	221	229	232	240	424	#
904	1555.54	1	3	15	49	96	98	105	126	133	136	137	145	146	166	182	195	196	203	207	221	235	254	424	#
905	1506.48	3	24	43	68	69	96	98	114	126	142	145	149	163	174	175	196	197	199	218	220	241	253	424	#
906	1468.2	7	26	31	51	53	61	68	70	75	92	96	116	122	135	138	154	155	168	174	176	212	250	424	#
907	1459.72	14	17	26	27	32	50	52	65	75	79	86	128	129	146	154	174	180	204	207	212	218	237	424	#
908	150.177	20	111	254	425	#
909	187.876	20	119	188	425	#
910	148.597	68	111	160	425	#
911	138.92	230	235	254	425	#
912	345.11	62	184	212	222	426	#
913	370.287	46	212	251	254	426	#
914	289.3	39	78	179	222	426	#
915	124.663	96	176	184	211	426	#
916	374.254	97	123	127	219	247	427	#
917	410.213	42	119	170	219	229	427	#
918	336.414	35	54	85	187	247	427	#
919	307.6	15	63	127	175	216	427	#
920	300.513	5	21	97	193	233	427	#
921	288.024	57	119	123	135	172	427	#
922	26.7251	253	#
923	80.3471	189	206	428	#
924	118.147	206	245	428	#
925	104.226	82	189	428	#
926	1213.3	3	33	34	64	88	97	107	116	119	124	162	178	186	210	227	239	240	248	429	#
927	1524.92	18	29	89	98	103	107	112	122	135	136	149	153	162	164	177	194	209	225	429	#
928	1437.69	32	38	43	57	77	93	97	107	132	133	139	149	173	186	208	209	218	228	429	#
929	1431.9	1	5	19	26	30	70	86	110	119	133	141	149	162	170	188	191	199	253	429	#
930	1364.2	26	27	28	64	75	99	103	134	135	156	162	177	189	200	212	220	238	240	429	#
931	1345.43	0	42	63	82	89	92	93	97	107	135	139	166	177	194	199	207	218	248	429	#
932	1717.64	11	12	26	28	30	39	56	65	72	90	93	104	106	116	130	146	174	182	185	189	196	205	208	222	230	231	244	252	430	#
933	2190.52	11	23	36	44	46	50	63	73	80	93	103	105	126	139	146	156	165	168	193	197	199	203	208	209	213	218	230	250	430	#
934	2174.4	7	14	23	25	26	34	50	56	63	68	71	74	86	107	113	116	119	128	135	136	141	147	161	170	174	195	221	234	430	#
935	2119.35	30	38	40	53	63	73	76	80	90	93	96	99	103	109	111	116	133	146	148	149	153	159	168	192	198	211	225	227	430	#
936	2035.23	7	20	21	26	30	33	36	44	53	64	73	93	99	111	117	120	130	133	144	149	151	161	190	205	210	218	252	254	430	#
937	2032.76	1	23	36	40	47	64	75	80	102	107	109	118	119	129	130	135	147	154	164	178	188	195	199	203	209	218	222	230	430	#
938	538.447	72	98	121	139	148	152	163	254	431	#
939	694.139	14	29	79	121	146	169	198	215	431	#
940	593.48	70	71	72	79	148	150	198	232	431	#
941	585.599	16	24	36	69	82	98	174	235	431	#
942	581.894	6	122	129	163	184	186	253	255	431	#
943	564.575	10	139	143	152	159	166	226	229	431	#
944	394.452	139	201	209	225	240	432	#
945	515.664	103	197	201	219	238	432	#
946	395.856	42	49	50	139	208	432	#
947	300.301	48	100	208	209	253	432	#
948	289.268	1	90	124	167	225	432	#
949	187.224	79	120	183	185	240	432	#
950	365.256	9	39	91	120	123	215	226	227	433	#
951	508.899	33	68	103	120	167	185	204	226	433	#
952	501.395	26	66	112	118	120	151	169	230	433	#
953	465.411	16	37	39	41	117	172	227	228	433	#
954	438.889	10	55	123	126	137	175	220	231	433	#
955	428.031	9	22	31	62	70	77	91	167	433	#
956	143.179	22	58	59	434	#
957	209.341	58	59	228	434	#
958	186.625	22	39	138	434	#
959	78.0176	0	174	435	#
960	6.79058	0	178	435	#
961	640.461	26	50	73	86	99	109	183	204	238	436	#
962	793.34	7	51	61	81	109	124	195	216	243	436	#
963	756.781	89	108	127	136	159	198	238	241	250	436	#
964	668.709	34	35	67	126	136	191	204	244	251	436	#
965	638.585	10	36	54	73	88	182	192	222	247	436	#
966	634.952	8	26	32	67	116	182	188	206	238	436	#
967	569.351	8	20	21	43	72	93	122	204	437	#
968	644.143	21	42	50	103	122	147	159	180	437	#
969	639.865	4	20	69	76	94	114	126	201	437	#
970	624.092	4	43	63	70	72	91	136	196	437	#
971	585.889	8	21	59	62	63	126	171	192	437	#
972	570.45	8	21	43	63	74	99	175	229	437	#
973	1297.8	76	87	102	153	164	166	180	192	204	218	224	238	240	243	438	#
974	1189.36	31	38	44	53	67	76	80	144	153	163	184	196	204	211	438	#
975	1157.97	33	51	80	87	129	155	156	166	175	180	199	213	215	239	438	#
976	1115.65	1	6	25	46	65	110	119	123	164	180	219	220	227	238	438	#
977	1091.17	7	80	84	103	130	135	148	166	174	211	219	220	223	231	438	#
978	1048.24	26	48	107	116	130	132	166	177	194	206	212	221	232	243	438	#
979	927.969	19	34	39	71	95	108	138	146	165	171	212	219	439	#
980	1061.11	23	35	56	90	131	138	154	192	194	213	220	255	439	#
981	1000.68	25	28	78	86	108	141	147	184	194	230	233	236	439	#
982	926.172	27	52	71	72	75	108	116	128	144	162	228	253	439	#
983	920.166	1	11	19	25	56	69	87	93	96	97	115	244	439	#
984	916.954	20	25	66	84	107	123	130	167	206	212	230	241	439	#
985	167.52	78	146	227	440	#
986	242.056	146	148	228	440	#
987	182.55	78	113	164	440	#
988	57.6576	110	#
989	94.9655	79	#
990	746.742	8	12	31	63	72	89	91	94	120	123	128	142	176	186	220	251	441	#
991	1096.75	77	111	137	146	148	151	152	176	179	204	208	220	230	234	252	255	441	#
992	1096.08	14	26	28	67	68	103	113	118	126	142	155	172	212	234	249	250	441	#
993	1071.55	4	10	22	38	53	69	74	107	143	169	182	186	191	217	236	239	441	#
994	1043.72	0	6	34	60	68	72	93	95	116	118	120	123	137	146	165	176	441	#
995	1042.56	2	8	11	19	66	67	141	144	155	176	177	214	216	228	243	253	441	#
996	42.2039	90	160	#
997	215.357	29	105	115	442	#
998	251.074	21	29	159	442	#
999	199.696	9	105	227	442	#
1000	121.595	105	115	160	442	#
