%% File generated by CATS v.2.1Wed Jun 29 16:44:51 2011

%% The CATS webpage is http://robotics.stanford.edu/CATS

%% PARAMETER SETTINGS:
% Goods: 50; Bids: 400; Distribution: L2; Runs: 1; Seed: 1309384850
% Legacy distribution parameters:
% Number of goods chosen according to Random distribution.
% Price chosen according to Linear Random distribution (low_linearly = 1, high_linearly = 1000).


goods 50
bids 400
dummy 0

0	2148.48	0	3	7	8	15	18	19	22	23	25	27	28	31	32	33	35	36	38	40	42	43	45	47	48	49	#
1	7159.47	2	5	6	7	10	11	15	25	26	49	#
2	5291.5	1	2	3	5	9	10	12	13	16	20	21	23	26	30	34	36	39	40	41	42	45	46	47	49	#
3	15767.6	4	8	11	13	17	19	25	26	30	36	38	39	40	43	44	45	#
4	6294.62	7	9	10	11	12	14	17	22	25	32	33	34	37	38	39	40	45	47	49	#
5	13538.3	1	3	4	5	6	7	9	10	11	12	14	15	16	17	18	19	20	21	22	23	24	25	26	27	30	31	33	34	35	36	37	38	39	40	42	43	46	47	48	49	#
6	6100.54	0	2	3	8	10	13	14	15	19	23	26	27	29	30	32	33	34	35	36	38	40	42	47	48	#
7	20633.6	0	3	4	5	6	8	9	12	13	14	16	17	19	20	21	22	23	24	26	27	29	31	32	33	34	36	39	40	42	46	47	48	#
8	13990.5	0	4	7	10	17	24	25	26	30	31	34	35	42	44	46	47	#
9	322.851	34	37	45	#
10	3137.5	0	1	2	6	7	8	9	16	20	21	24	26	29	32	34	40	43	44	45	46	49	#
11	8168.85	1	5	7	8	15	19	35	41	43	49	#
12	9583.46	2	4	5	6	7	8	12	14	19	21	23	27	28	37	38	41	42	43	46	48	49	#
13	24030.6	0	1	2	3	4	5	7	8	9	10	12	14	17	18	19	22	27	28	29	30	32	33	34	40	43	44	46	47	48	49	#
14	6624.69	1	3	4	5	6	7	8	10	15	16	18	19	20	21	24	25	26	27	28	32	33	34	35	37	39	40	41	42	44	45	46	49	#
15	6883.27	6	7	16	18	19	22	24	27	44	49	#
16	12232.6	4	5	10	11	12	26	27	30	32	36	37	38	39	40	41	42	43	44	45	46	47	#
17	18371.7	0	2	4	6	8	10	11	12	13	15	16	17	18	21	24	25	26	27	29	31	32	34	36	40	41	45	46	47	48	#
18	24871.3	3	7	8	9	10	11	12	13	14	15	16	17	20	22	23	24	25	27	28	29	31	32	36	37	39	40	41	44	45	46	47	49	#
19	13431.2	2	5	9	11	17	19	22	23	26	27	34	37	38	45	48	#
20	4484.25	3	10	11	15	19	23	27	41	45	48	#
21	41922.8	0	1	2	3	4	5	6	7	8	9	10	11	12	13	14	17	18	19	20	21	22	23	24	25	26	27	29	30	31	32	33	34	35	36	37	39	40	42	43	44	45	46	47	48	49	#
22	8596.71	1	2	4	5	7	9	11	12	14	17	23	27	28	32	33	34	35	37	38	41	43	47	48	#
23	4595.84	10	11	27	34	36	43	#
24	4447.97	0	3	27	41	49	#
25	34610.1	0	1	2	3	4	5	6	7	8	9	11	12	13	14	15	16	17	18	19	21	22	23	24	25	26	28	29	30	31	32	33	34	35	36	37	38	39	40	42	43	44	45	46	47	48	49	#
26	1588.27	14	39	#
27	17800.9	1	2	3	4	5	6	7	8	9	10	11	12	13	14	18	21	22	24	25	28	34	36	39	40	43	45	48	#
28	7309.05	11	19	20	26	30	31	37	45	#
29	20013.9	0	2	4	8	9	11	12	14	15	19	20	22	23	27	28	29	33	35	37	38	39	43	44	45	46	48	49	#
30	16986.5	3	4	5	7	10	12	15	16	17	18	19	23	24	25	29	32	34	38	39	41	49	#
31	10688.2	0	1	2	4	5	8	11	12	15	17	18	21	22	23	25	29	30	34	39	41	42	45	47	#
32	5998.9	1	2	6	8	9	10	16	19	24	28	29	30	33	39	40	41	44	48	#
33	11522.6	0	2	3	4	6	13	14	16	17	18	19	21	24	25	27	28	29	30	31	32	38	40	42	45	46	48	49	#
34	773.941	38	#
35	39298.7	0	1	2	3	4	5	6	7	8	9	10	11	15	16	17	18	19	20	21	22	23	24	25	26	27	29	30	31	32	33	34	35	38	39	40	41	42	43	44	45	46	47	48	49	#
36	12186.3	0	1	2	3	4	5	6	7	8	9	10	11	12	13	14	15	18	19	20	21	22	23	27	28	29	30	31	32	33	34	35	36	37	39	40	41	42	44	45	46	47	48	#
37	30744.8	0	1	2	3	4	5	6	7	8	9	10	11	12	13	14	15	16	17	18	21	22	23	24	26	28	29	30	31	32	33	34	35	36	37	38	39	40	42	43	44	45	46	47	48	49	#
38	14142.6	0	1	5	6	7	11	16	21	27	29	31	33	35	39	40	42	43	44	45	46	48	#
39	10632.7	0	1	5	9	17	24	29	31	32	35	41	45	49	#
40	7028.59	5	6	8	13	17	23	31	38	39	40	44	48	49	#
41	4620.64	4	6	8	10	15	24	33	35	39	43	47	48	#
42	5828.04	0	2	3	4	6	7	9	10	12	13	14	18	23	25	27	28	30	31	32	33	35	38	39	43	44	45	49	#
43	5150.89	12	21	22	33	34	40	41	42	47	49	#
44	10239.3	0	1	2	4	5	8	9	11	12	15	16	17	18	19	21	22	23	24	25	26	27	28	29	31	32	33	34	36	37	39	40	42	45	47	48	49	#
45	1436.25	4	5	6	12	14	16	17	21	45	#
46	6129.09	1	2	3	4	8	10	11	12	13	14	16	17	18	20	21	24	25	27	29	31	32	33	34	35	37	39	40	41	42	43	44	45	46	48	49	#
47	17385.5	0	1	4	5	6	7	9	12	13	15	17	18	20	21	25	26	27	30	33	34	35	36	37	38	39	40	45	#
48	14162.7	0	2	8	9	12	15	18	19	25	26	27	28	31	33	34	35	36	38	43	45	48	#
49	983.731	5	11	13	19	26	27	34	37	38	43	45	46	49	#
50	19735.4	0	2	3	4	7	9	11	13	14	16	18	22	25	26	27	28	29	32	37	39	41	42	46	47	48	49	#
51	1203.04	0	2	3	10	11	14	17	20	26	28	29	30	31	34	35	36	38	40	42	43	44	45	46	47	48	49	#
52	1242.07	6	15	#
53	13977.5	0	1	3	4	5	6	7	10	11	13	15	16	18	20	21	24	25	26	30	31	32	34	35	36	37	39	40	41	42	43	45	46	48	49	#
54	15480.1	0	1	2	3	4	5	6	7	8	9	10	11	12	13	14	15	16	19	21	22	23	24	25	26	27	31	32	33	34	35	36	37	38	39	40	41	42	43	44	45	46	48	49	#
55	2508.78	0	6	7	8	23	32	35	#
56	935.655	0	1	6	9	13	24	25	33	36	41	48	#
57	19498.4	1	2	3	5	6	8	12	14	15	16	21	22	23	27	30	31	36	37	39	41	47	48	49	#
58	21376.4	4	6	7	8	10	12	13	14	18	19	20	24	26	28	29	30	32	34	35	36	37	38	45	46	47	#
59	37018.3	0	1	2	3	4	5	6	7	8	9	10	11	12	13	14	15	16	17	20	21	22	23	24	25	26	27	28	29	30	31	32	33	34	35	36	37	38	40	41	42	43	44	45	46	47	49	#
60	39928.6	0	1	2	3	4	5	6	7	9	10	11	12	13	15	18	19	20	21	23	24	25	26	27	28	29	30	31	32	33	34	35	36	37	38	39	40	42	43	44	46	47	48	49	#
61	39549.3	0	2	3	4	5	6	7	8	9	11	12	13	14	15	16	17	18	19	20	21	22	23	24	25	26	27	28	29	30	31	32	34	35	36	37	38	39	40	41	42	43	44	45	47	48	49	#
62	5181.2	5	6	16	17	20	21	25	26	36	40	41	43	#
63	5634.85	1	6	22	24	40	48	#
64	11209.7	0	3	7	9	10	13	17	20	21	24	30	32	35	36	37	46	47	#
65	34618.9	0	1	2	3	5	6	8	9	10	11	12	13	14	15	16	17	21	22	23	24	26	27	28	29	31	32	33	34	36	39	40	41	42	43	44	46	47	49	#
66	3409.36	0	1	2	4	15	18	20	30	33	38	42	46	#
67	3983.44	1	4	5	6	7	10	11	12	13	16	23	25	26	27	29	30	31	33	35	36	37	39	40	42	48	49	#
68	12039.4	0	1	2	3	4	6	8	9	10	14	15	16	17	18	19	21	24	26	27	29	33	34	35	37	38	42	44	46	47	49	#
69	13652.5	1	2	3	4	5	6	7	9	12	13	15	16	17	18	20	21	24	26	28	29	30	31	32	34	35	37	38	39	40	41	42	44	45	46	47	48	49	#
70	2425.7	0	1	6	7	9	10	13	15	16	22	23	24	25	26	28	29	30	31	32	33	35	40	45	46	47	#
71	6752.35	0	5	16	17	18	31	38	39	43	44	45	47	48	#
72	2960.01	1	2	10	17	26	44	#
73	1382.3	0	3	8	9	13	18	19	20	22	23	26	27	29	32	33	34	35	36	37	38	42	43	44	45	46	48	49	#
74	1856.67	12	18	22	24	34	46	47	#
75	2467.01	4	8	10	14	29	38	42	#
76	27321	0	2	5	6	9	10	13	14	15	16	18	19	20	24	26	27	29	31	33	34	35	36	37	38	39	41	42	43	44	46	#
77	432.39	8	10	16	43	#
78	27821.8	0	1	2	3	6	7	12	15	17	18	19	21	22	24	25	27	29	30	31	32	35	36	37	39	40	44	45	47	48	#
79	1207.37	2	4	6	8	24	#
80	20005.8	4	5	7	8	10	12	15	17	19	20	21	25	29	30	31	36	37	40	42	44	46	#
81	33644.3	0	1	2	3	5	7	8	9	10	12	13	14	15	16	17	18	20	21	22	23	24	25	26	27	28	30	32	33	34	35	36	37	40	41	42	43	44	45	46	47	48	#
82	26863.7	0	1	2	3	4	7	8	10	11	13	15	16	17	18	21	23	24	25	26	27	29	30	31	32	34	35	36	37	38	39	40	41	42	44	45	46	47	49	#
83	9526.47	1	4	8	9	10	11	12	13	14	17	18	19	20	21	22	23	24	25	26	27	28	29	34	35	36	37	38	39	40	42	44	48	49	#
84	2535.91	6	10	12	14	16	22	30	36	37	49	#
85	32303.2	0	1	2	3	4	5	6	8	10	11	13	15	16	17	18	19	21	22	23	26	27	28	32	37	38	39	40	42	43	44	45	46	48	49	#
86	38449.8	0	1	2	3	4	6	7	8	9	10	11	12	13	14	15	17	18	19	20	22	23	24	25	26	27	28	29	31	33	34	37	38	39	40	41	43	44	45	46	47	49	#
87	15077.6	1	2	3	5	6	7	10	11	12	13	14	15	16	18	20	21	23	24	25	26	30	32	33	36	39	42	43	44	46	47	49	#
88	11787.7	3	4	9	14	15	16	17	22	24	26	27	29	31	34	42	#
89	6021.1	3	5	10	11	19	23	24	25	30	31	33	35	38	43	45	46	#
90	1967.23	0	1	2	4	5	8	10	13	19	23	26	29	34	36	37	39	42	45	#
91	13453.8	2	3	8	10	11	14	16	19	22	23	24	26	27	28	29	30	31	32	33	34	36	39	40	41	42	44	45	46	48	#
92	3678.94	8	21	28	36	37	43	#
93	13413.1	4	7	9	15	17	18	19	22	23	24	26	27	28	31	33	36	38	39	40	41	42	44	46	48	#
94	20963.7	0	2	3	6	7	9	11	12	16	19	20	21	25	28	30	31	32	34	35	36	38	40	41	42	44	45	48	49	#
95	45814.1	0	1	2	3	4	5	6	7	8	9	10	11	12	13	14	15	16	18	19	20	21	22	23	24	25	26	27	28	29	30	31	32	33	34	35	36	37	38	39	40	41	42	43	44	45	46	47	48	49	#
96	17417.8	0	1	2	4	5	6	8	11	13	14	15	16	18	19	20	21	22	23	24	26	27	30	31	32	33	34	35	36	37	38	39	40	41	42	43	44	45	46	47	49	#
97	9284.74	0	2	3	4	5	6	7	8	10	11	12	13	15	16	17	18	19	22	23	25	27	31	33	34	35	37	38	39	40	42	43	44	47	48	49	#
98	11789	4	7	8	10	12	18	20	27	30	35	36	38	40	43	47	48	#
99	6692.19	9	16	20	25	37	40	42	#
100	517.936	28	#
101	27866.3	1	2	5	6	7	8	9	10	11	12	14	15	19	20	21	22	23	24	27	30	32	33	34	36	37	39	40	42	43	44	45	46	48	49	#
102	7100.49	4	5	6	10	17	18	20	46	#
103	16114.1	1	4	5	6	13	16	18	22	23	26	27	28	33	34	35	37	38	39	40	42	44	47	49	#
104	5463.92	4	7	20	23	24	25	26	28	31	32	35	39	40	41	45	48	#
105	15645.3	5	8	10	11	15	17	18	19	22	23	24	25	29	30	31	33	34	37	39	40	42	#
106	29880.2	0	1	2	3	4	6	7	9	10	11	12	13	14	15	16	17	18	19	20	21	22	23	24	25	26	28	30	32	33	35	36	37	38	40	42	44	45	46	47	48	49	#
107	221.823	36	#
108	19328.7	1	2	3	4	5	8	9	12	13	15	17	18	19	20	22	28	29	30	36	38	40	41	44	46	48	#
109	18990.1	1	2	4	6	7	12	13	14	15	19	20	22	23	25	26	28	29	31	33	39	40	41	42	45	47	48	49	#
110	10430.5	2	3	7	8	9	14	16	19	26	27	29	30	32	38	42	44	46	47	#
111	21036.8	1	3	5	7	9	12	13	14	15	16	18	19	21	22	24	25	26	28	29	33	39	40	41	43	47	48	#
112	3773.74	0	2	5	6	10	11	12	14	15	17	18	19	21	22	24	25	26	29	32	33	34	35	42	43	44	45	47	48	49	#
113	9449.11	0	1	4	5	7	8	9	12	13	19	20	22	23	26	27	31	34	35	40	41	42	43	44	46	#
114	1703.07	3	23	24	31	39	41	#
115	483.654	5	9	10	20	21	29	31	33	34	37	40	42	48	49	#
116	11412.5	0	4	8	12	17	19	20	26	34	35	38	43	47	#
117	16599.3	0	1	4	5	8	10	12	13	14	15	16	17	18	19	20	22	23	24	25	26	27	28	29	30	31	32	33	36	38	39	40	42	43	45	46	47	49	#
118	16028.1	0	1	3	9	15	17	19	20	23	24	25	31	36	38	40	41	42	47	49	#
119	36272.1	0	1	2	3	4	5	6	7	9	11	12	13	14	15	16	17	18	19	20	22	24	25	26	27	28	29	31	32	33	34	35	36	37	39	40	41	42	43	44	48	49	#
120	45814.8	0	1	2	3	4	5	6	7	8	9	10	11	12	13	14	15	16	17	18	19	20	21	22	23	24	25	26	27	28	29	30	32	33	34	35	36	37	39	41	42	43	44	45	46	48	49	#
121	16038.6	0	1	2	3	5	6	7	9	10	11	13	14	15	17	18	22	25	26	30	35	36	37	38	42	43	44	46	49	#
122	35044.7	0	1	2	3	4	5	6	8	9	10	11	13	14	16	18	21	22	24	25	26	27	28	29	30	31	32	33	34	35	37	38	39	40	41	43	44	45	46	47	#
123	1241.93	5	13	15	23	36	37	45	48	#
124	8459.57	8	12	13	14	17	21	26	27	43	45	#
125	5080.95	2	11	13	16	18	22	38	40	43	47	#
126	20812.8	0	1	2	4	5	6	7	10	11	12	13	15	16	17	18	19	20	22	25	29	30	31	32	33	34	35	37	39	40	41	42	44	45	46	47	49	#
127	30606.8	1	2	3	4	6	7	8	9	10	11	12	14	15	16	17	19	20	22	23	24	25	28	29	30	32	33	35	36	37	38	39	40	41	42	45	46	47	48	49	#
128	176.432	6	#
129	7265.95	0	1	3	4	7	9	10	11	12	14	20	29	32	35	37	40	43	44	46	47	#
130	4404.43	2	8	9	13	14	26	41	44	48	#
131	10435.2	1	3	4	5	6	8	9	10	11	12	13	14	16	18	19	21	23	24	25	26	27	28	29	31	32	33	34	35	36	37	39	40	43	44	45	46	47	48	49	#
132	2786.82	10	16	19	21	24	26	28	42	43	45	48	#
133	4398.04	4	7	9	11	12	13	14	18	20	22	28	29	30	32	39	40	#
134	585.734	4	7	10	16	21	35	39	#
135	140.317	3	#
136	7520.36	0	1	2	4	6	18	20	21	23	27	29	30	31	34	36	37	39	41	44	48	49	#
137	18047.4	0	1	2	4	5	6	7	8	9	10	11	12	13	14	15	16	17	18	19	20	21	22	23	24	25	26	27	28	29	30	31	34	36	37	38	39	40	42	45	47	48	#
138	15618.1	1	8	11	15	17	19	20	21	28	29	30	31	32	33	34	35	36	39	42	44	#
139	46059	0	1	2	3	4	5	6	7	8	9	10	11	12	13	14	15	16	17	18	19	20	21	22	23	24	25	27	28	29	30	31	32	33	34	35	36	37	38	39	40	41	42	43	44	45	46	47	48	49	#
140	7416.9	1	2	4	14	16	24	30	34	36	43	47	49	#
141	29424.9	1	2	3	4	5	6	7	8	9	10	11	12	13	14	15	17	18	19	20	21	22	23	24	26	28	29	31	32	33	34	35	36	38	39	40	41	43	44	45	46	49	#
142	16494.9	1	7	10	11	13	15	19	22	24	26	27	32	35	41	43	45	47	48	#
143	12394.4	0	2	4	5	6	8	9	10	16	17	18	20	21	22	24	26	27	30	31	33	36	38	39	40	43	44	45	46	49	#
144	18600.6	0	1	3	6	8	9	10	11	12	14	15	16	17	18	19	20	21	22	23	25	26	27	28	30	31	32	33	34	35	36	38	40	41	43	44	46	47	#
145	2602.57	5	33	37	47	#
146	1163.52	2	15	20	25	29	38	41	47	48	#
147	4633.83	0	7	8	9	14	15	16	17	20	32	33	37	38	41	42	45	48	#
148	17233.2	0	4	5	6	9	10	11	14	15	16	17	18	19	20	21	22	25	26	27	28	29	30	31	34	35	39	40	41	42	43	44	49	#
149	5020.13	6	8	10	13	16	17	19	20	21	24	26	27	28	30	33	35	36	37	38	41	44	45	46	47	48	49	#
150	3904.23	0	11	16	32	36	37	44	#
151	9466.97	0	1	2	4	6	7	8	9	10	11	12	13	14	17	18	19	20	22	23	24	25	29	33	34	35	36	37	38	39	40	41	42	43	44	46	47	48	49	#
152	4916.94	2	3	4	8	9	10	11	14	16	18	23	26	27	28	30	31	35	40	41	43	44	45	49	#
153	38555.3	1	2	3	4	5	6	7	8	9	10	11	12	13	14	15	16	17	18	19	20	21	22	23	24	25	26	27	28	29	30	31	32	33	35	36	37	38	39	40	41	42	43	45	46	47	48	49	#
154	31174.4	0	1	2	4	5	6	7	8	10	12	14	15	16	17	18	19	20	21	22	23	24	25	26	27	28	29	30	31	33	34	36	37	38	39	40	41	42	43	45	46	47	48	49	#
155	12389.8	0	1	6	8	10	12	13	15	16	18	19	20	23	24	25	27	28	29	31	32	34	37	40	41	42	43	44	45	46	48	#
156	3625.12	7	9	22	26	40	43	49	#
157	13325.7	0	1	2	4	6	7	8	9	10	12	13	14	15	16	17	18	20	21	22	23	26	27	29	30	31	32	33	34	36	38	39	40	41	42	46	47	48	49	#
158	13517.5	2	4	10	11	14	15	18	20	21	23	25	28	29	30	33	35	36	39	41	42	46	#
159	770.759	6	47	#
160	9870.47	0	2	3	5	6	8	9	10	15	16	18	20	21	23	24	26	28	31	32	34	36	38	39	45	48	49	#
161	1862.49	1	4	11	12	13	17	18	20	21	29	36	38	48	#
162	8437.64	2	5	6	7	11	12	15	16	17	19	21	22	27	31	34	36	38	45	46	#
163	1135.04	15	37	49	#
164	1334.74	1	23	#
165	23808.2	1	2	4	5	8	9	10	11	14	17	19	21	22	23	24	25	26	27	28	31	32	35	36	37	38	41	44	45	47	48	#
166	11896	2	3	4	7	8	9	11	14	15	18	27	28	32	34	42	47	#
167	857.125	15	#
168	12800.5	0	2	4	10	11	19	22	27	28	34	37	38	39	47	#
169	10196.1	5	6	12	14	16	19	22	24	27	31	36	41	44	45	47	#
170	14086.2	2	3	8	10	14	15	16	17	19	25	26	29	30	32	34	35	36	37	38	39	40	#
171	30751.9	0	1	2	4	6	7	9	10	11	13	14	16	17	19	20	21	22	23	25	28	29	30	32	33	34	35	36	39	43	44	45	46	48	49	#
172	20246.2	0	1	2	3	4	5	7	8	9	10	11	12	18	19	20	21	22	23	24	25	26	27	28	29	30	31	32	33	34	35	36	37	38	40	41	43	44	45	46	48	49	#
173	39782	0	1	2	3	4	5	6	7	8	9	11	12	13	14	15	16	17	18	19	20	21	22	23	24	28	29	30	31	32	33	34	35	36	38	39	40	41	42	43	44	45	47	48	49	#
174	29661.2	0	1	2	5	6	8	11	12	13	16	17	18	20	21	23	24	25	27	28	29	31	32	33	36	39	40	41	42	44	45	46	48	49	#
175	43721.1	0	1	2	3	4	5	6	7	8	10	11	13	14	15	16	17	19	20	21	22	23	24	25	26	27	28	29	30	32	33	34	35	36	37	38	39	40	41	42	43	44	45	46	47	48	#
176	12374.2	0	1	2	3	4	5	6	7	8	9	10	12	13	14	15	16	17	18	19	20	21	22	23	24	26	27	28	29	31	32	33	34	35	36	37	38	39	41	42	46	47	48	49	#
177	27846.7	0	2	3	4	5	6	9	10	11	12	13	14	15	17	18	20	23	24	25	26	27	28	29	31	33	34	36	38	39	40	43	44	45	46	47	48	49	#
178	1454.91	11	12	22	23	38	45	#
179	23953.3	1	4	5	8	9	10	11	12	14	16	20	23	27	30	32	33	34	35	37	38	39	40	44	45	46	48	#
180	4220.98	1	3	5	6	8	10	12	18	27	28	30	39	43	44	46	47	#
181	31630	2	3	4	5	6	8	9	12	14	18	19	20	21	22	23	24	25	27	28	29	31	32	33	34	36	37	38	39	40	41	43	44	45	46	47	#
182	952.613	0	5	6	10	11	13	18	26	31	33	34	35	39	40	42	46	47	#
183	10517.6	5	12	16	25	27	28	30	31	33	35	43	46	#
184	305.404	8	13	18	26	#
185	24122.1	0	2	4	7	9	13	14	15	16	17	18	19	20	21	23	24	25	26	27	29	30	33	34	35	36	38	39	42	46	47	48	49	#
186	18462.7	1	3	4	8	12	13	15	17	20	22	23	24	31	32	33	35	37	40	41	42	45	47	48	49	#
187	6049.1	4	6	7	8	9	11	15	21	23	24	25	26	27	28	29	33	36	38	40	41	45	47	#
188	6650.62	5	18	29	32	35	38	47	#
189	36338.2	0	1	2	3	4	5	6	7	8	9	10	11	12	13	14	17	18	19	20	21	22	23	24	25	26	27	28	29	30	31	32	33	34	35	36	37	40	41	42	43	44	45	46	47	48	49	#
190	13010.9	1	2	5	7	11	13	18	20	22	23	24	26	27	31	38	39	40	41	45	46	#
191	27234.2	0	1	2	3	4	6	7	8	9	10	12	14	17	18	19	20	21	22	24	25	26	29	30	31	32	33	35	36	37	39	41	42	43	45	46	49	#
192	2208.47	8	13	22	23	28	38	49	#
193	21851	3	4	5	7	8	10	11	12	15	16	18	19	22	23	25	27	28	31	33	34	35	39	40	41	42	43	44	45	46	47	48	49	#
194	2872.92	1	7	10	11	12	18	22	31	#
195	11506.6	0	3	4	7	8	12	14	16	18	19	20	21	22	23	27	28	29	33	35	36	37	38	39	40	44	45	46	#
196	9353.51	0	1	2	3	4	5	7	8	9	10	11	12	13	14	15	16	18	20	21	22	23	26	28	29	31	32	34	35	36	38	39	40	44	45	46	48	49	#
197	31389.1	0	1	2	3	4	5	6	7	9	10	11	13	15	17	18	19	20	21	22	23	24	25	26	27	30	33	35	36	37	39	40	41	42	45	46	#
198	21479.7	0	1	2	3	4	7	9	11	13	15	16	17	18	21	22	28	31	34	35	36	37	39	40	42	44	45	46	48	49	#
199	4554.35	0	1	2	3	6	7	11	12	13	16	17	18	19	20	24	25	26	27	29	30	31	33	34	35	41	42	43	44	45	46	47	#
200	10817.3	2	4	7	8	12	16	17	18	19	20	25	26	28	30	33	35	37	42	43	45	46	49	#
201	3570.82	0	3	5	8	10	13	16	23	26	30	31	39	42	45	46	#
202	1749.18	4	6	11	13	14	18	21	22	25	26	39	41	46	#
203	22852.8	0	1	2	3	4	5	6	9	10	11	12	13	14	15	16	17	18	19	20	21	22	23	24	25	26	27	28	29	30	31	32	33	34	35	37	38	39	40	41	42	44	45	46	47	48	49	#
204	2277.02	1	10	11	24	27	28	31	36	39	47	49	#
205	3261.05	0	13	15	21	29	30	31	33	36	46	#
206	542.64	8	11	12	32	#
207	14803.7	0	1	2	3	4	5	7	9	10	11	12	13	14	15	18	19	20	21	22	23	24	26	27	28	29	31	32	33	34	35	36	37	39	41	42	43	44	46	47	48	49	#
208	725.328	1	#
209	10680.1	1	3	5	11	13	20	27	29	30	32	35	36	40	46	#
210	21144.1	0	1	2	4	6	8	10	13	14	15	16	18	21	24	25	26	27	28	30	31	32	34	36	37	40	43	44	45	48	#
211	20281.2	1	2	3	4	6	7	10	11	13	14	16	17	18	20	21	23	24	27	29	32	33	36	37	38	41	42	43	44	45	48	#
212	8006.67	0	3	4	5	6	7	8	10	13	15	16	17	19	20	21	23	24	25	26	27	28	30	31	32	33	35	36	37	38	39	40	41	42	43	47	48	49	#
213	10143.4	0	2	9	11	15	16	20	21	24	27	31	38	42	44	45	46	47	#
214	24113.6	0	1	2	3	4	5	6	7	8	9	10	11	12	13	14	15	16	17	18	19	21	22	23	24	26	28	29	30	31	33	34	36	37	38	39	40	41	42	43	44	45	46	47	48	49	#
215	2185.2	2	14	21	23	31	34	35	#
216	28905.4	0	1	2	3	4	5	6	7	8	9	10	11	12	13	14	15	16	17	18	20	21	22	23	26	27	28	29	30	31	32	33	34	35	36	37	38	39	40	41	43	45	46	48	49	#
217	10154.6	1	13	19	22	27	29	35	36	37	39	40	41	47	#
218	4600.25	8	25	28	30	34	41	#
219	12868.3	0	2	3	4	5	6	7	8	11	13	15	16	18	19	20	23	24	25	33	34	36	37	40	41	42	43	46	48	49	#
220	3635.04	0	1	2	3	4	5	8	9	10	12	14	15	16	17	20	22	23	25	26	27	29	30	31	34	36	37	39	41	42	43	46	48	#
221	24989.5	3	8	9	11	13	14	15	19	20	22	23	24	25	27	29	32	33	34	35	36	37	39	40	41	42	43	44	45	46	47	48	49	#
222	3729.98	7	13	17	18	27	32	35	37	#
223	7408.28	1	5	6	9	10	14	16	22	24	26	30	32	33	37	38	39	48	#
224	7354.44	2	3	5	8	10	16	20	21	25	26	31	34	43	46	47	#
225	10574.8	0	1	2	3	9	12	14	17	21	22	23	24	26	29	30	31	33	34	36	38	39	40	43	45	48	#
226	3756.19	1	4	6	8	9	11	17	18	21	23	25	27	28	29	32	38	39	44	49	#
227	9849.69	0	4	5	9	10	11	13	14	16	17	18	20	24	25	27	31	33	36	39	41	45	47	49	#
228	7741.2	4	14	15	22	23	25	27	33	36	43	44	48	#
229	23404.5	0	1	3	5	6	7	8	10	13	15	20	24	25	28	33	34	38	39	40	41	43	45	46	47	48	#
230	8118.69	11	16	18	19	29	30	34	36	42	47	#
231	14928	2	3	4	6	9	10	12	15	16	18	19	21	22	23	24	25	26	28	29	30	31	37	38	40	45	47	48	49	#
232	9729.33	1	2	9	11	14	15	16	18	23	24	27	36	37	38	45	48	#
233	12236.6	0	8	9	15	23	24	27	34	37	38	39	40	44	49	#
234	29054.1	0	1	2	3	5	6	7	12	13	16	18	19	20	21	22	23	25	26	27	28	29	30	31	32	34	35	36	37	38	39	40	41	43	44	45	46	47	48	#
235	11939	2	3	5	7	8	12	16	23	25	27	29	34	38	43	44	#
236	20298.2	1	3	4	5	7	8	9	10	11	12	13	14	16	18	19	20	21	23	25	26	27	28	29	32	34	37	38	39	40	42	44	45	47	49	#
237	16218	1	2	3	5	7	8	9	13	15	17	18	21	23	24	26	27	28	29	31	32	34	35	37	38	39	40	41	43	45	46	47	48	#
238	10888.6	1	2	3	6	10	21	26	27	30	33	34	37	39	46	47	#
239	41420.8	0	1	2	3	4	5	6	7	8	9	10	11	12	13	14	15	16	17	18	20	21	22	23	24	25	26	27	28	29	30	32	33	34	35	36	37	39	40	41	42	43	44	45	46	47	48	49	#
240	33918.6	0	1	2	3	4	5	6	8	9	10	11	13	14	15	17	18	19	20	21	22	24	25	26	27	29	30	32	33	34	35	36	39	40	42	43	44	45	47	49	#
241	33457.3	1	2	3	5	6	7	9	10	11	13	14	15	16	17	20	21	22	23	25	27	28	29	31	32	33	35	36	37	38	39	40	41	42	43	44	45	46	48	49	#
242	7292.5	1	2	3	5	11	14	15	18	19	21	25	27	29	30	31	32	35	36	37	38	41	44	48	49	#
243	21513.6	2	4	6	7	8	10	12	13	16	20	21	28	30	32	33	34	35	36	39	42	45	46	49	#
244	9616.28	0	1	2	3	4	6	7	8	10	12	14	15	17	19	20	21	22	23	24	25	27	29	30	37	39	40	42	43	44	45	46	47	49	#
245	27064.8	0	1	2	5	6	7	8	9	10	11	12	13	14	15	19	21	22	25	26	27	28	29	30	31	32	33	34	35	37	38	39	40	41	42	43	44	47	48	49	#
246	4446.25	1	3	7	8	9	15	19	22	24	26	29	39	41	#
247	9174.47	4	10	17	19	22	23	24	30	33	35	40	45	47	49	#
248	21370	0	1	2	3	5	6	7	8	9	10	11	12	14	15	16	18	19	20	21	22	23	24	25	26	27	28	29	30	31	32	33	34	35	36	37	38	39	40	41	44	45	46	47	49	#
249	4280.86	5	9	13	15	16	17	21	24	27	28	37	49	#
250	7711.39	0	5	7	9	11	12	14	16	17	18	21	22	23	25	26	28	30	33	34	46	#
251	20710.4	4	6	7	9	10	11	15	19	20	22	24	26	27	29	31	32	34	35	36	41	42	43	46	47	49	#
252	6080.9	3	8	20	23	28	32	33	37	#
253	6275.91	1	3	7	12	13	16	17	18	22	23	25	27	28	30	34	39	42	45	48	#
254	32360.2	0	1	2	3	4	5	7	9	10	11	12	13	14	15	16	17	18	19	20	22	23	25	26	27	28	29	30	31	32	33	34	35	36	37	38	40	41	42	43	44	45	46	47	48	49	#
255	51.3466	13	17	40	#
256	28740.3	1	2	3	4	5	6	7	8	11	13	14	15	17	18	19	20	21	22	25	26	27	28	29	30	31	32	33	34	36	37	39	41	42	43	44	45	46	47	48	49	#
257	1252.61	5	6	7	9	28	30	44	47	#
258	3031.16	5	7	33	35	39	40	#
259	1036.92	7	31	#
260	14316.2	0	3	11	14	19	22	24	27	31	34	36	38	39	43	45	47	48	49	#
261	2728.77	0	2	3	5	6	9	11	18	19	20	21	24	26	27	28	30	31	32	35	36	40	42	44	45	47	48	49	#
262	16544.5	0	6	7	8	9	10	11	12	13	15	16	17	18	19	20	21	22	23	24	26	27	28	31	33	34	35	37	38	41	42	44	45	47	48	49	#
263	2495.77	6	10	12	13	23	25	37	38	39	41	45	47	#
264	2012.57	10	13	16	33	41	45	#
265	9159.56	6	8	11	18	19	20	23	26	28	31	32	33	36	40	44	46	47	#
266	8842.08	4	12	14	21	26	28	31	34	42	#
267	27439.7	1	2	4	5	6	9	10	12	13	14	15	16	17	18	19	20	21	22	23	24	25	26	27	28	29	30	31	32	33	34	35	36	37	39	40	41	42	43	44	45	46	48	49	#
268	7695.2	0	1	3	17	20	24	25	30	33	36	#
269	29500.6	0	1	2	4	6	7	8	11	12	13	15	16	17	18	19	20	21	23	24	25	26	27	28	29	30	31	32	33	34	35	36	40	41	42	44	45	46	49	#
270	14431.2	4	5	6	8	9	11	13	14	17	18	19	20	21	23	25	27	28	31	33	35	37	42	43	44	45	46	49	#
271	17978	1	2	10	11	13	17	20	21	22	26	27	30	33	34	35	36	37	38	39	42	43	44	46	48	49	#
272	30549.6	1	2	4	5	6	7	9	12	13	16	18	19	20	21	23	24	26	27	28	30	31	33	34	35	36	37	38	40	41	43	44	45	47	#
273	12947.5	0	8	9	12	15	19	24	35	36	42	44	45	48	#
274	4652.61	6	11	22	32	35	37	45	49	#
275	26308.6	0	1	4	6	7	8	9	10	11	12	13	14	15	16	19	20	21	23	24	25	26	27	29	30	32	34	35	36	37	38	39	40	41	42	43	44	45	46	47	49	#
276	12206.1	3	4	5	6	9	12	16	20	22	27	32	39	43	44	45	49	#
277	17682.5	0	3	9	11	12	14	15	17	19	20	22	23	27	29	30	32	34	41	42	43	46	48	49	#
278	9390.55	0	1	5	6	8	10	11	15	20	21	23	24	26	29	35	39	41	42	46	#
279	23693.8	0	1	3	4	6	8	9	10	11	12	15	17	18	19	20	21	22	23	24	25	27	29	30	31	32	36	37	39	40	41	43	44	48	49	#
280	9386.35	0	1	3	4	5	6	9	10	13	16	17	19	20	22	23	24	25	26	27	28	30	32	34	35	36	37	39	40	43	44	47	48	49	#
281	9048.15	1	2	3	5	6	7	8	10	13	14	15	17	18	20	21	24	25	26	27	28	29	30	31	32	33	35	36	37	38	40	42	44	46	49	#
282	2433.14	0	1	2	10	29	38	40	43	48	49	#
283	18617.7	1	2	4	5	6	7	8	11	12	13	14	15	17	18	19	20	21	22	23	24	25	26	30	31	33	35	36	38	39	40	41	42	43	44	46	47	#
284	8063.49	0	2	4	5	7	12	14	18	19	22	23	25	27	29	34	39	41	49	#
285	36767.4	1	2	3	4	5	6	7	8	9	10	11	12	13	14	15	16	17	18	19	20	21	22	23	24	25	27	28	30	31	32	33	34	35	36	37	38	42	44	45	46	48	49	#
286	4267.19	3	8	18	22	24	27	33	46	48	#
287	37786	0	1	2	3	4	5	6	7	8	9	10	11	12	13	14	15	19	20	22	23	24	25	26	27	29	30	31	32	34	35	37	39	40	41	42	44	45	46	47	48	49	#
288	1840.68	2	4	13	14	#
289	2699.09	2	17	26	32	43	46	#
290	28816.5	3	4	5	6	7	8	9	10	11	12	13	14	15	17	18	19	20	21	22	23	24	25	26	27	28	29	30	31	32	34	35	36	37	38	39	40	41	42	43	44	45	46	47	48	49	#
291	6109.85	0	1	5	7	8	9	10	13	19	20	21	23	25	27	28	32	36	41	42	43	44	47	48	#
292	14771	0	2	3	7	8	9	12	16	21	22	23	27	28	31	34	35	36	39	40	42	43	45	48	49	#
293	5651.65	1	3	7	9	11	17	18	19	20	22	24	26	28	30	31	36	38	39	41	#
294	6921.73	0	5	12	13	14	16	17	21	22	23	26	27	28	33	37	39	41	42	44	45	47	#
295	28292.1	1	2	3	4	5	7	8	9	10	11	12	13	14	15	16	18	22	23	25	27	28	30	32	33	35	36	37	39	41	42	44	47	48	49	#
296	2702.48	8	22	30	#
297	4593.65	16	18	23	33	39	#
298	8596.8	0	2	4	5	6	7	8	15	17	22	25	29	30	32	34	37	38	43	44	45	#
299	11524.1	1	3	4	5	11	14	16	18	19	22	27	28	30	31	32	33	37	42	43	44	45	46	49	#
300	24718.7	0	2	3	7	10	14	15	16	17	18	19	22	23	25	30	31	35	36	38	39	40	44	45	46	47	#
301	1283.74	1	4	8	10	11	16	21	25	26	31	35	40	49	#
302	30489.2	0	1	2	3	5	6	8	9	11	14	16	17	19	20	23	24	25	26	27	29	30	31	32	33	34	35	36	37	38	39	41	42	43	44	46	48	#
303	1728.17	21	30	#
304	20684.8	0	1	3	5	6	7	8	9	10	11	13	14	15	16	17	18	20	22	23	24	25	26	27	28	29	31	33	34	36	39	40	41	42	44	46	47	48	49	#
305	21340.7	2	4	5	6	7	8	11	13	18	20	21	22	23	24	29	30	35	36	38	40	42	44	45	47	48	49	#
306	4075.45	0	1	6	11	21	23	24	32	38	#
307	12125.1	0	2	3	4	6	7	9	11	12	14	15	17	18	20	21	22	23	24	25	26	28	29	30	31	32	33	34	35	36	37	39	44	45	47	48	49	#
308	3691.71	2	3	6	13	15	22	23	24	25	43	45	49	#
309	31248.1	0	1	2	3	4	6	7	8	10	12	13	15	16	17	18	19	20	21	23	24	26	27	28	29	30	31	32	33	34	36	37	38	39	40	41	42	43	45	46	47	48	#
310	25187.8	1	3	4	5	6	7	8	12	13	14	15	17	19	22	23	25	27	28	29	30	31	33	35	36	38	39	40	41	43	44	45	46	47	49	#
311	3715.46	9	15	22	32	34	#
312	2724.27	5	6	7	8	12	15	17	20	22	38	40	41	43	44	#
313	1679.67	6	11	14	16	17	20	23	25	30	32	34	35	42	43	48	49	#
314	1628.85	2	37	40	43	#
315	32131	0	1	2	3	4	5	6	7	9	10	11	12	13	14	15	16	17	18	19	20	22	24	25	26	27	28	29	31	32	33	34	36	37	38	39	40	41	42	43	44	45	47	48	49	#
316	2858.54	0	4	14	15	20	25	48	#
317	4133.04	4	8	9	12	14	16	21	24	25	27	33	42	46	48	#
318	13047.2	0	3	5	6	14	15	16	19	26	27	30	32	33	38	40	41	43	44	45	49	#
319	362.794	6	17	#
320	18564.9	0	2	8	10	13	14	15	16	19	23	24	25	26	27	29	32	34	36	39	42	44	45	46	49	#
321	16286.8	0	1	6	8	12	16	19	20	21	22	26	27	30	31	34	35	40	41	43	48	49	#
322	4875.31	3	8	9	13	26	31	#
323	19862.8	0	1	4	5	6	7	10	11	12	14	16	17	18	21	22	23	24	25	26	27	29	32	33	34	38	39	40	41	45	46	48	49	#
324	22911.6	0	4	8	9	10	11	14	15	16	17	18	19	21	22	23	25	26	28	29	30	31	32	33	35	37	38	39	40	42	44	45	47	48	#
325	24555.5	0	2	4	5	6	7	8	10	11	14	15	16	17	18	20	21	23	24	26	27	28	29	33	34	35	36	37	38	39	40	41	42	45	46	47	48	#
326	7175.37	1	2	5	10	17	18	20	22	26	29	32	33	34	38	41	42	43	46	#
327	2188.13	10	12	23	35	37	49	#
328	3112.01	3	7	10	11	12	13	17	19	20	23	27	28	29	31	32	33	34	38	41	43	44	45	49	#
329	15076.9	1	3	6	8	9	14	15	16	17	18	19	20	21	23	27	28	30	34	35	37	47	48	#
330	7148.25	2	9	12	14	15	19	25	39	#
331	16764.8	1	4	6	9	10	12	13	14	18	21	25	26	27	28	32	34	35	37	39	40	42	43	44	46	48	#
332	5878.65	0	6	7	11	12	13	14	15	19	20	31	36	39	43	44	47	#
333	4235.06	4	6	7	9	18	24	31	33	35	36	38	#
334	32314.6	1	2	4	5	6	8	10	11	12	13	15	16	17	18	20	22	23	24	25	26	27	28	29	31	32	33	34	36	39	40	41	42	44	45	47	49	#
335	7079.05	0	6	7	9	10	11	12	13	15	17	21	22	23	26	28	29	31	32	33	34	35	36	37	38	41	42	43	45	#
336	1487.53	4	27	33	#
337	9293.68	4	15	18	25	30	34	37	41	42	48	#
338	43733.1	0	1	2	3	4	5	6	7	8	9	10	11	13	14	15	16	17	18	19	20	21	22	23	24	25	26	27	28	29	30	31	32	33	34	35	36	37	39	40	41	42	43	44	45	46	47	48	49	#
339	8449.46	0	3	5	6	9	11	12	13	14	15	16	18	19	20	21	23	25	27	28	29	30	31	33	36	37	38	39	40	41	42	43	44	45	46	47	49	#
340	14956	1	2	4	5	7	9	11	12	16	17	18	22	23	27	29	32	34	37	38	40	41	44	46	47	49	#
341	15033.9	0	1	2	3	4	5	6	8	9	11	12	13	17	18	20	22	23	25	26	27	30	31	32	35	36	37	38	39	41	43	45	47	48	#
342	12907.7	0	3	4	6	8	10	15	16	18	19	23	26	29	30	36	38	39	40	46	47	#
343	1029.54	14	21	27	33	48	49	#
344	20769.8	0	1	3	4	5	6	7	8	9	10	11	12	16	17	18	19	20	21	22	23	27	28	29	30	32	33	34	38	39	42	44	45	46	#
345	22661.1	1	2	5	6	10	12	15	18	19	21	23	25	26	27	29	31	33	34	36	38	39	40	46	47	48	49	#
346	2874.19	3	18	23	25	34	37	44	49	#
347	3614.13	2	5	7	8	9	10	11	12	13	14	17	19	20	21	23	24	25	26	30	31	33	35	38	42	43	48	49	#
348	18417.1	0	1	2	4	5	6	8	9	10	11	12	15	16	17	19	20	21	22	23	24	25	26	28	29	31	32	33	37	39	41	42	43	45	48	49	#
349	22921.3	1	2	4	5	6	8	9	10	11	14	15	17	18	19	22	23	24	26	31	32	33	36	37	39	41	43	45	46	47	48	#
350	5030.19	5	18	26	28	29	39	#
351	5898.76	3	4	12	13	16	20	26	29	32	38	42	43	46	47	49	#
352	15470.5	0	3	4	10	17	19	20	22	29	30	32	33	34	35	38	40	43	#
353	4145.91	0	5	6	10	11	14	15	16	17	23	25	26	30	35	39	40	41	43	44	47	49	#
354	14020.2	0	3	5	8	11	15	22	24	26	34	35	36	37	40	44	46	47	48	49	#
355	5326.02	5	9	33	37	39	49	#
356	2796.15	3	21	22	24	31	34	36	38	44	49	#
357	11642	1	8	10	13	15	16	17	18	21	22	23	26	27	29	30	31	38	41	42	45	#
358	32587.3	0	1	2	3	4	5	6	7	8	9	10	11	12	13	14	15	16	17	18	19	20	21	23	24	25	26	27	28	29	30	31	32	33	35	36	37	38	39	40	41	42	43	45	46	47	48	49	#
359	11110.4	0	1	2	3	4	10	11	12	13	15	16	17	20	23	25	28	29	30	32	35	36	37	39	41	42	44	45	47	48	49	#
360	1641.07	1	27	28	#
361	19436.8	0	3	4	5	6	8	9	10	11	12	13	15	16	18	19	20	21	22	23	24	25	27	28	29	30	32	33	34	35	36	37	38	39	40	41	42	43	44	45	49	#
362	24794.8	0	2	4	5	6	7	9	10	11	13	14	17	20	21	24	26	28	29	30	32	35	38	40	41	43	44	45	46	48	49	#
363	39271.2	0	1	2	3	5	6	7	8	9	10	11	12	14	15	16	17	19	20	21	22	23	24	25	26	27	28	29	30	31	32	33	34	35	36	37	38	39	40	41	42	43	44	45	47	48	49	#
364	4602.74	1	15	25	31	38	47	48	#
365	11453.8	0	1	3	7	8	9	10	12	13	14	18	22	25	32	36	43	44	45	48	#
366	11212.5	1	3	4	5	6	7	8	9	11	12	13	15	17	18	20	21	22	23	24	25	27	29	30	31	34	35	36	38	39	41	42	43	45	46	48	#
367	13574.8	0	3	6	9	18	21	23	24	25	26	34	37	43	44	45	46	47	#
368	27558.6	1	2	3	4	5	6	7	8	9	10	11	12	13	14	15	17	20	21	22	25	26	27	28	29	30	31	32	33	34	35	36	38	39	40	41	42	43	44	45	47	48	#
369	24972.5	0	1	3	4	6	7	10	11	12	15	17	18	20	21	22	23	24	25	28	29	30	32	33	35	36	37	38	39	43	44	45	46	47	48	#
370	15170.8	0	1	2	4	9	10	11	14	18	19	20	21	24	26	33	35	38	40	42	43	45	49	#
371	21124.1	0	1	2	3	4	5	6	7	8	9	10	11	12	14	15	16	19	20	21	22	23	24	25	26	27	28	29	30	31	33	34	35	37	38	39	40	41	44	45	46	47	48	49	#
372	1940.89	5	10	12	17	20	22	29	30	35	41	43	44	#
373	16733.4	4	5	8	11	12	17	18	21	22	26	28	30	34	36	38	42	44	45	47	49	#
374	17158.8	0	1	2	4	6	7	8	10	12	14	15	16	17	18	20	21	22	23	24	25	26	27	29	30	31	33	36	38	39	40	41	42	44	45	46	47	48	#
375	22742.2	1	3	6	7	8	10	11	12	13	14	15	16	17	18	19	20	21	22	23	24	26	27	28	29	30	31	33	34	35	36	37	39	40	41	43	44	46	49	#
376	39845.1	0	2	3	4	5	7	8	9	10	11	12	13	14	15	16	17	18	19	20	21	22	24	25	26	27	28	29	30	31	32	33	34	35	36	37	38	40	41	42	43	44	45	46	47	48	49	#
377	4985.84	1	5	7	26	30	35	40	47	48	#
378	1155.67	8	17	#
379	8376.42	1	3	5	7	11	13	14	17	19	27	32	34	36	41	45	49	#
380	3263.2	2	3	7	12	15	22	23	25	27	28	36	38	39	42	45	#
381	28482.8	1	2	3	4	5	6	7	8	9	11	12	14	15	16	17	18	19	20	23	24	26	27	28	30	31	32	33	34	35	36	37	39	40	41	43	44	45	46	47	48	49	#
382	14472.6	1	2	6	7	10	11	12	13	14	15	16	17	20	22	23	27	28	29	31	32	33	34	35	36	37	39	40	41	42	43	46	#
383	15934.3	0	1	2	5	6	7	8	9	12	13	15	17	19	20	21	22	23	24	27	29	30	32	33	35	39	42	44	45	46	47	48	#
384	10461	0	1	2	4	7	12	14	15	17	18	21	22	23	26	27	31	32	34	35	36	38	40	46	48	#
385	18939.2	1	2	3	4	5	6	8	10	11	12	13	14	15	16	18	20	21	22	23	24	25	26	27	28	29	30	31	32	33	34	35	36	37	38	39	40	42	44	45	46	47	48	49	#
386	2433.75	1	2	3	8	10	11	12	14	16	19	21	25	28	31	32	33	34	39	40	42	43	#
387	8301.8	11	25	26	28	29	31	32	45	47	49	#
388	10428.4	0	1	2	3	6	7	8	9	11	13	14	16	23	27	28	35	39	44	45	49	#
389	13737.3	0	2	3	4	5	6	14	16	20	25	26	29	37	46	#
390	17123.1	0	1	2	4	6	10	12	15	18	20	22	23	24	25	31	32	37	39	43	44	48	#
391	13545	4	14	18	22	25	26	36	37	39	41	42	43	44	48	#
392	21769.9	2	3	4	5	6	7	9	11	13	15	16	17	18	19	20	21	24	26	27	28	29	30	32	34	35	36	37	38	39	40	42	43	44	46	48	49	#
393	474.183	12	#
394	21609	0	1	2	3	5	6	7	8	10	11	12	13	14	15	16	17	18	20	22	23	24	25	26	28	29	31	34	36	37	38	39	40	41	42	43	44	47	48	49	#
395	26628.3	0	1	3	4	5	6	7	9	10	11	12	14	15	16	17	21	23	24	25	26	27	28	30	31	34	36	37	38	40	43	44	48	49	#
396	17662.2	0	3	4	7	11	13	15	16	17	19	20	21	24	25	32	33	34	36	38	45	#
397	26061.5	0	5	7	12	13	15	16	17	18	19	20	21	22	23	24	25	28	29	30	32	33	34	35	36	37	38	39	40	41	42	43	44	45	46	47	49	#
398	18140.9	0	1	3	4	5	6	7	8	9	11	12	13	14	15	16	17	18	20	22	23	25	26	27	28	29	30	31	32	33	34	35	36	37	38	39	40	41	42	43	45	47	48	49	#
399	21122.2	1	5	6	7	8	9	11	12	15	17	18	20	21	22	23	24	25	28	29	30	32	33	34	35	37	39	40	43	44	45	46	48	#
