%% File generated by CATS v.2.1Wed Jun 29 16:44:51 2011

%% The CATS webpage is http://robotics.stanford.edu/CATS

%% PARAMETER SETTINGS:
% Goods: 50; Bids: 400; Distribution: L2; Runs: 1; Seed: 1309384856
% Legacy distribution parameters:
% Number of goods chosen according to Random distribution.
% Price chosen according to Linear Random distribution (low_linearly = 1, high_linearly = 1000).


goods 50
bids 400
dummy 0

0	11277.2	0	1	3	4	6	8	9	10	12	16	17	18	20	21	22	23	24	25	26	27	28	29	30	31	32	33	34	38	39	41	42	43	44	45	46	47	#
1	6722.41	3	5	6	10	16	17	18	20	21	26	33	38	42	45	47	#
2	7092.67	1	3	4	11	14	16	17	18	19	21	22	25	26	29	30	31	35	36	37	38	39	40	46	49	#
3	2278.87	3	7	10	13	18	20	25	26	28	29	#
4	25527	0	4	5	6	7	8	9	11	13	14	16	17	18	19	23	24	25	26	27	29	30	31	33	34	35	36	37	38	40	42	43	44	45	46	47	48	49	#
5	4156.31	6	7	9	10	11	13	15	16	25	31	32	33	39	45	47	#
6	1652.55	15	37	41	42	43	#
7	14330.6	3	11	15	17	18	19	24	28	30	33	35	38	44	45	48	#
8	1728.57	0	1	3	7	11	12	13	14	20	21	23	24	25	30	39	41	46	#
9	27423.7	2	3	4	5	6	10	11	13	17	19	21	22	27	31	32	33	34	37	38	39	40	41	42	43	44	46	48	49	#
10	22466.6	0	3	5	9	10	13	15	16	17	18	21	22	23	24	26	27	28	30	32	33	34	35	37	38	39	40	41	42	44	45	46	47	48	49	#
11	855.699	21	#
12	10877	4	13	14	20	21	25	38	39	40	42	44	47	#
13	6590.87	1	5	10	12	14	21	27	32	44	48	#
14	15501	0	1	2	3	4	5	7	8	9	10	11	13	14	15	16	17	18	19	20	21	22	23	24	25	26	27	28	29	30	32	35	36	37	38	39	40	41	42	43	44	46	#
15	33973.6	0	1	2	3	4	6	7	9	10	11	12	13	15	16	17	18	20	22	23	24	25	26	28	30	31	32	33	34	35	37	38	41	42	43	44	45	46	47	49	#
16	1390.55	0	42	#
17	23909.4	4	6	7	8	9	11	13	14	15	20	21	22	24	25	26	29	30	32	33	34	35	37	38	41	43	45	47	48	49	#
18	21869.5	0	1	2	4	5	6	7	8	10	11	12	14	15	16	17	18	19	20	21	22	23	25	26	27	28	31	32	33	34	35	36	37	38	39	40	41	42	44	46	47	48	49	#
19	6102.63	0	1	2	4	5	6	9	11	12	13	14	15	17	18	21	22	23	24	25	26	27	28	29	31	32	33	34	35	36	37	38	40	42	43	44	45	46	47	48	#
20	576.902	11	#
21	34802.9	1	2	3	4	5	6	7	8	9	10	11	12	13	14	15	16	17	18	19	20	21	22	23	24	25	26	27	30	31	34	35	36	41	42	43	44	46	47	48	49	#
22	28075.7	1	3	6	7	8	9	13	14	15	16	17	18	19	21	22	27	28	31	32	33	35	36	37	39	40	41	42	43	45	46	47	48	#
23	7943.1	3	4	6	7	10	13	20	22	26	31	32	33	37	38	41	42	46	48	49	#
24	8679.01	5	10	13	24	26	30	33	37	39	47	#
25	13262.1	0	1	3	4	5	8	9	11	12	16	19	20	26	28	35	37	39	40	42	43	45	#
26	7277.79	1	4	5	7	8	10	11	13	17	19	21	22	27	28	29	30	32	35	38	42	43	44	46	47	48	#
27	2501.1	7	11	18	19	26	27	29	31	35	45	47	48	#
28	25122.3	1	3	4	5	6	7	10	12	13	14	15	16	17	19	20	21	22	23	24	25	26	28	29	30	31	32	33	34	35	36	38	39	40	41	42	43	45	46	47	48	49	#
29	15695.7	8	9	10	12	21	25	26	27	34	35	38	40	41	44	45	46	47	48	49	#
30	35744.4	1	2	3	4	5	7	8	9	10	12	13	14	15	16	17	18	19	20	21	22	25	27	28	29	30	31	32	33	34	36	38	39	41	42	43	44	45	46	47	48	49	#
31	8376.6	2	5	7	9	12	19	24	30	32	39	47	48	49	#
32	31252.4	0	1	3	6	8	9	10	11	12	13	14	15	16	17	18	19	20	21	22	27	28	30	32	33	36	39	40	42	43	44	45	46	48	49	#
33	13383.3	0	3	6	8	9	11	12	13	17	18	20	22	23	24	26	27	29	31	33	34	37	42	43	44	45	46	47	48	49	#
34	18379.7	0	1	7	8	9	10	11	12	15	17	23	26	27	29	32	33	40	42	46	47	#
35	35577.3	0	1	2	3	5	6	8	9	10	11	14	15	16	18	19	21	22	23	24	26	27	28	29	30	31	32	33	34	35	37	39	40	41	42	43	44	45	46	47	48	49	#
36	5713.77	1	3	4	6	8	9	10	11	13	15	16	17	19	20	22	24	25	29	30	32	33	34	35	36	37	41	45	46	47	48	49	#
37	18802.8	1	3	4	5	6	8	9	11	12	13	18	19	20	21	22	23	24	25	26	27	29	30	31	32	34	35	36	37	38	40	42	44	45	46	48	49	#
38	14862.4	1	3	6	8	10	14	21	22	25	27	28	29	31	35	36	38	39	43	44	45	47	49	#
39	2536.62	14	25	28	41	42	#
40	7413.77	4	6	16	19	21	23	24	26	30	35	40	42	43	#
41	25072.9	0	2	3	5	6	7	8	9	10	11	12	13	14	16	17	18	19	20	21	22	23	24	25	27	28	29	30	31	32	33	34	36	39	41	43	46	47	48	49	#
42	10579.3	1	3	8	9	11	12	15	17	19	21	22	23	27	30	32	35	36	40	41	45	49	#
43	2323.76	8	15	16	19	27	35	36	#
44	32685.3	0	1	2	3	4	5	6	7	8	10	11	12	13	14	15	16	17	18	19	20	21	22	23	24	25	26	27	28	30	31	32	33	34	35	39	40	41	42	43	44	45	46	47	48	49	#
45	907.272	17	39	#
46	17190.7	0	1	2	3	7	11	12	13	14	15	17	18	20	21	30	32	35	39	41	44	45	#
47	18618.4	5	6	8	10	14	15	16	17	18	19	22	24	27	28	29	31	34	35	38	42	44	47	49	#
48	27969.1	0	1	2	3	4	5	6	7	8	9	11	12	13	14	15	16	17	18	19	21	22	23	24	25	26	27	28	30	31	32	33	34	35	36	37	38	39	40	41	43	44	45	46	47	49	#
49	951.435	37	#
50	7715.95	2	3	4	6	9	10	12	13	17	20	23	24	25	26	30	31	33	35	36	38	40	41	43	45	47	48	49	#
51	1433.97	33	43	#
52	28791.8	0	2	3	4	5	6	7	9	10	11	12	13	14	15	16	17	18	19	21	22	24	25	26	27	28	29	34	35	38	39	40	41	42	43	44	45	46	47	48	49	#
53	2311.94	16	34	35	36	38	#
54	990.342	17	46	47	49	#
55	640.058	0	13	44	#
56	13886.9	0	2	3	4	5	6	9	10	11	12	13	15	16	17	18	22	23	24	25	26	27	28	29	30	31	32	33	34	35	36	39	40	41	42	43	45	47	48	49	#
57	39373.7	0	1	2	3	4	5	6	7	8	10	11	12	13	14	15	16	17	18	19	20	21	22	23	24	25	26	27	28	29	30	31	32	33	34	35	36	37	38	39	40	41	42	43	45	46	47	48	#
58	24629.5	0	1	3	6	7	8	9	10	12	14	15	16	18	19	20	21	22	25	26	27	28	29	30	31	34	35	38	39	40	41	42	44	46	47	48	#
59	980.665	4	8	16	22	23	24	26	27	29	30	34	38	44	#
60	29917.3	0	1	2	3	4	5	6	7	8	9	10	12	13	14	15	16	18	19	20	21	22	23	25	26	27	28	29	31	32	33	34	35	36	37	39	40	41	42	43	45	46	47	49	#
61	23066.7	0	1	3	4	5	7	12	13	15	17	18	20	21	22	25	27	28	29	31	32	33	34	35	37	41	42	46	47	49	#
62	944.937	41	#
63	8067.24	1	13	14	16	21	28	31	39	45	47	48	#
64	3668.87	7	13	29	37	42	43	45	#
65	4799.28	6	12	16	18	39	45	#
66	13985.7	0	1	2	3	6	8	10	11	13	14	18	19	20	21	22	23	25	26	29	33	34	36	38	39	40	42	45	48	#
67	6548.71	3	20	25	27	31	35	38	40	43	45	#
68	21335.1	0	1	3	4	5	8	9	10	11	12	14	15	16	17	18	19	20	21	22	23	25	26	27	28	29	30	31	34	35	37	38	39	43	44	45	46	48	49	#
69	1007.24	21	45	#
70	30677.9	0	1	4	5	7	8	10	11	12	13	14	15	16	17	19	21	23	24	25	26	27	28	29	30	32	33	34	35	41	42	43	45	47	48	#
71	34071.4	0	1	2	3	4	5	6	8	10	11	12	13	14	15	16	17	18	19	20	21	22	24	25	26	27	31	32	33	36	37	38	39	42	43	44	45	47	48	49	#
72	10240.9	0	4	6	7	8	12	14	15	20	21	22	25	29	32	42	#
73	25316.8	0	1	2	4	5	6	7	8	9	10	11	12	13	14	15	16	17	19	20	21	22	23	24	25	26	27	28	29	30	31	33	34	35	36	37	38	39	40	41	42	43	44	45	46	47	48	49	#
74	29154.2	0	1	2	3	4	5	6	7	8	9	10	11	13	14	15	17	18	20	21	23	24	26	27	28	31	33	34	36	37	38	39	40	42	43	44	46	47	48	#
75	22383.8	1	2	3	4	6	7	9	12	13	14	15	18	22	23	24	25	26	28	29	30	31	32	33	35	36	37	40	41	43	44	46	47	48	49	#
76	29220.2	0	3	4	5	7	8	9	10	11	12	14	17	18	19	20	21	22	24	25	27	28	30	31	32	33	34	35	37	38	39	40	41	42	43	44	45	46	47	48	#
77	4718.48	6	12	13	14	15	16	19	20	23	25	26	28	29	31	32	33	35	38	42	43	46	49	#
78	3518.06	1	3	9	10	13	15	16	18	19	21	22	23	25	27	28	29	31	33	35	36	38	39	41	43	45	47	#
79	10610.2	0	2	3	4	5	8	9	11	13	14	15	16	19	20	21	22	24	28	29	31	32	34	36	37	39	42	43	44	46	48	#
80	1283.66	7	9	10	11	19	31	32	35	36	44	49	#
81	5457.11	4	5	7	9	10	12	13	14	15	16	17	18	20	21	23	26	27	28	29	34	35	36	37	39	40	41	45	47	48	49	#
82	19459.7	0	1	2	3	4	5	7	9	10	11	12	13	14	15	16	17	18	19	20	21	22	23	24	25	26	27	28	29	30	31	32	33	34	35	37	38	39	41	42	44	45	47	48	49	#
83	2648.23	0	2	6	13	14	16	17	18	19	20	21	22	23	25	30	32	35	36	39	40	41	46	47	48	49	#
84	8955.38	0	3	4	5	6	11	12	13	15	17	19	22	23	24	25	26	27	29	33	35	37	39	40	42	44	45	47	#
85	2912.2	2	12	45	#
86	9615.59	3	5	6	7	10	11	12	13	15	16	18	20	21	23	25	28	29	31	32	33	34	35	36	37	39	42	44	47	48	49	#
87	15863.7	0	1	8	9	10	11	14	21	22	24	26	29	30	38	40	42	43	44	45	47	#
88	5909.31	3	6	8	18	21	33	41	#
89	4600.96	10	13	30	41	43	48	#
90	2873.74	3	9	10	11	14	17	26	37	41	46	48	#
91	19827	0	1	2	3	4	5	7	8	9	10	11	12	13	14	15	16	17	19	21	22	23	24	25	28	29	30	31	32	33	34	35	36	37	38	41	42	43	44	45	47	48	49	#
92	17047.4	0	2	3	5	6	7	8	10	13	14	15	16	17	18	19	20	21	23	24	25	26	28	29	30	31	32	37	38	39	41	42	43	44	45	46	48	49	#
93	17822.4	0	4	5	12	14	15	16	20	25	26	27	29	32	33	35	36	40	41	46	47	49	#
94	7646.15	1	2	3	4	5	6	9	10	11	13	14	15	17	18	21	22	23	24	25	27	30	32	34	35	38	42	45	46	47	49	#
95	16059.3	0	1	2	3	4	5	7	8	12	13	14	18	20	21	22	24	26	31	33	41	43	44	48	49	#
96	974.553	3	5	11	26	30	37	45	47	#
97	12137.8	2	5	6	9	13	14	16	20	21	25	26	30	31	32	34	35	36	40	42	43	45	#
98	17095.1	4	6	7	8	9	10	13	15	16	17	18	22	28	29	34	35	37	48	49	#
99	28390.9	0	2	5	6	7	8	9	11	12	13	18	23	24	25	29	30	31	32	34	35	36	37	40	42	43	44	45	46	47	48	#
100	17070.6	1	2	10	11	12	14	16	18	19	22	26	27	28	31	35	36	40	42	45	47	49	#
101	24333.6	0	2	3	4	5	6	7	8	10	11	12	14	15	17	18	19	20	21	22	23	24	25	26	27	28	29	30	31	33	34	35	36	37	38	39	40	41	42	43	44	45	46	47	48	49	#
102	10736.4	1	4	8	9	13	14	16	17	18	24	31	34	36	38	39	41	43	47	49	#
103	3963.49	14	43	46	47	#
104	22683.9	1	2	3	4	5	6	7	8	9	11	16	18	19	20	21	22	24	25	27	29	30	33	34	35	38	40	41	42	45	46	47	48	49	#
105	8234.83	0	1	3	6	7	10	11	13	14	18	23	24	25	26	27	30	32	33	34	36	37	38	39	40	41	42	44	45	46	47	#
106	43594.3	0	1	2	3	4	6	7	8	9	11	12	13	14	15	16	18	19	20	21	22	23	24	25	26	27	28	29	30	32	33	34	35	36	37	38	39	40	41	42	43	45	46	47	48	49	#
107	21728.4	0	1	2	3	4	6	7	8	9	11	12	14	15	16	18	19	21	22	23	24	25	26	34	38	39	40	41	42	45	48	49	#
108	1073.64	2	3	10	22	24	25	28	29	30	32	39	43	#
109	18954.3	4	5	7	10	12	13	14	15	16	17	18	19	20	21	23	26	28	31	32	34	36	37	38	39	45	46	48	#
110	14386	0	1	7	8	14	21	24	26	29	34	35	36	37	38	47	49	#
111	19216.5	0	1	3	5	6	7	8	9	10	11	12	14	15	19	20	21	22	24	26	27	28	29	30	31	32	33	34	35	36	37	38	39	40	43	44	45	47	48	49	#
112	14193.6	0	1	3	5	7	9	10	12	13	14	15	17	18	19	21	22	23	24	25	27	28	29	30	31	32	33	34	35	37	39	41	44	45	46	47	48	49	#
113	13766.3	0	6	8	9	10	13	14	23	24	28	30	32	37	38	39	42	43	45	47	48	#
114	1854.74	14	16	27	42	49	#
115	12486.2	2	3	14	20	24	25	27	29	30	34	39	43	45	47	49	#
116	5490.44	0	2	5	8	9	10	11	12	14	15	17	18	19	20	23	24	27	28	29	31	32	34	35	36	38	39	40	43	44	45	46	48	49	#
117	9318.37	0	2	5	6	8	9	13	15	16	20	21	22	23	25	27	28	30	31	32	33	35	38	39	40	42	43	44	45	47	48	49	#
118	11820.7	5	7	8	9	14	17	19	20	22	26	28	30	31	32	37	39	40	42	44	45	46	#
119	2588.06	15	17	29	33	38	39	44	46	#
120	20792.3	0	1	3	7	8	10	13	14	15	16	17	18	19	20	23	26	29	31	32	33	37	38	42	46	49	#
121	11754.8	0	1	12	13	17	19	23	24	25	26	28	29	30	39	42	49	#
122	22792.5	0	1	2	3	4	6	7	8	9	10	11	13	14	15	16	17	18	19	20	21	22	23	24	26	27	28	29	30	31	32	33	34	35	36	37	38	39	40	41	42	43	44	45	47	49	#
123	24326.1	0	1	2	3	4	5	6	7	8	9	11	12	13	17	18	19	22	23	24	25	27	28	29	30	32	33	34	35	36	38	39	40	41	42	43	45	47	49	#
124	720.748	3	26	33	40	48	#
125	7107.37	1	2	4	6	7	10	18	19	20	22	25	27	28	29	30	32	33	36	37	48	#
126	9213.08	0	1	2	4	5	6	7	9	11	12	14	15	17	18	19	20	22	23	26	27	29	30	31	32	34	39	40	41	42	43	49	#
127	2697.33	21	33	37	41	47	#
128	24973.1	1	3	4	5	6	7	8	9	11	13	14	15	16	18	21	22	23	24	25	26	27	28	29	30	31	32	34	35	36	38	39	40	41	42	43	44	45	46	47	48	#
129	2934.86	9	13	27	43	#
130	12169.8	2	7	8	9	14	16	19	26	27	30	31	40	42	44	#
131	38556.2	0	2	3	4	5	6	7	8	9	10	11	12	14	15	16	17	19	20	21	22	23	24	25	26	27	28	29	30	31	32	33	34	35	36	37	38	39	40	41	42	43	44	45	46	47	48	49	#
132	17813.8	1	2	5	6	8	11	12	16	17	18	21	22	23	24	26	27	29	30	35	36	41	42	43	44	45	46	47	48	#
133	11828.6	1	2	5	7	9	10	11	15	18	19	20	22	27	29	32	33	35	36	37	39	43	44	45	47	48	49	#
134	194.388	12	32	39	48	#
135	14701.4	0	7	8	14	21	24	27	32	33	35	36	37	38	46	48	#
136	6404.65	0	2	4	10	11	15	18	23	26	27	31	37	40	44	47	#
137	4209.55	1	2	5	9	13	14	18	23	25	28	31	32	33	39	44	46	49	#
138	3180.57	0	1	3	4	5	6	7	11	12	14	17	18	19	20	22	23	24	25	26	28	30	32	33	34	37	38	40	42	43	44	45	47	48	49	#
139	4391.32	4	13	19	20	29	45	#
140	7276.79	0	1	2	4	7	11	13	18	20	21	22	23	24	26	27	28	29	30	31	32	34	35	37	39	40	41	42	46	47	#
141	5684.42	0	12	13	19	23	34	35	36	#
142	8005.9	0	6	8	10	11	12	17	23	37	42	#
143	31565.3	0	1	2	3	4	5	6	7	8	9	10	11	12	13	14	15	16	17	18	19	20	22	23	24	25	26	27	28	29	30	31	33	34	35	36	37	38	39	40	41	42	43	45	47	48	49	#
144	9673.31	0	1	12	17	20	22	24	26	32	34	38	42	46	#
145	22568.7	2	3	4	5	6	7	8	9	10	14	16	17	18	20	21	22	23	26	27	28	29	30	31	32	34	35	36	39	41	42	47	48	#
146	1785.32	6	10	48	49	#
147	31332.4	0	1	2	3	6	7	8	9	11	12	13	14	15	16	18	20	21	23	24	25	28	29	30	31	32	33	34	35	36	37	38	39	40	41	42	43	44	45	47	48	49	#
148	14798.1	0	1	3	4	5	6	7	8	9	11	12	13	15	16	17	18	20	22	23	24	25	26	29	30	31	32	33	34	36	37	39	40	41	42	44	45	46	47	48	49	#
149	6500.06	2	4	5	7	10	12	16	19	25	33	37	48	49	#
150	354.487	18	22	29	#
151	3859.08	0	1	3	5	6	8	9	11	15	16	17	19	20	21	23	24	30	31	34	35	40	41	44	#
152	8029.14	0	2	7	11	17	18	25	26	31	32	34	38	46	#
153	14654.5	2	3	5	7	10	13	14	16	21	23	25	26	28	29	30	32	35	36	37	38	41	43	46	47	48	#
154	14996.9	4	6	8	9	11	13	14	15	16	18	21	22	25	27	30	31	33	37	40	44	46	49	#
155	32615.4	0	4	5	6	7	8	9	12	13	14	15	16	17	19	20	21	22	24	25	28	31	32	33	34	35	37	38	41	42	44	46	47	48	#
156	14239.9	2	4	5	7	12	14	15	17	18	25	26	27	43	44	46	49	#
157	9616.04	0	1	2	3	8	10	12	13	14	17	19	20	21	23	25	27	29	32	37	41	42	44	45	46	47	49	#
158	37527.5	0	1	2	3	4	6	7	8	10	11	12	14	15	16	17	18	20	22	23	26	27	29	30	32	33	37	38	39	40	41	42	43	44	45	46	47	48	49	#
159	1796.27	1	8	10	27	30	34	40	41	44	#
160	10936.1	0	1	2	4	7	8	10	13	14	19	20	21	23	25	28	30	35	38	40	42	43	44	47	49	#
161	6858.59	0	1	4	7	8	9	14	15	17	18	20	21	23	24	25	28	29	30	32	35	36	39	40	41	46	48	49	#
162	6350.11	5	7	9	10	11	17	19	24	25	30	31	36	#
163	24084.6	0	1	2	3	4	5	6	7	8	9	11	12	14	15	16	20	21	22	24	27	29	30	33	34	35	37	39	40	43	44	46	48	49	#
164	9607.53	2	4	5	7	11	14	15	18	25	26	28	30	31	33	34	35	36	37	39	40	42	45	48	#
165	11401.7	1	2	7	8	9	15	21	25	28	32	33	37	38	41	42	44	46	47	48	49	#
166	3811.92	2	3	12	18	22	26	32	34	38	44	48	#
167	108.996	22	26	33	45	#
168	1112.11	29	45	#
169	12044.4	3	9	10	13	14	19	21	23	28	31	32	34	35	46	49	#
170	19963.7	0	1	2	3	4	5	6	7	8	10	11	12	13	14	15	16	17	18	19	20	21	23	24	25	26	27	28	29	30	32	33	34	35	36	37	38	39	40	41	42	43	44	45	46	48	49	#
171	13364.1	0	1	2	5	6	11	13	16	17	20	21	22	24	26	27	28	34	35	36	37	38	41	43	44	45	46	48	49	#
172	16045.8	0	3	4	5	10	11	13	15	17	18	19	21	22	25	26	29	30	31	32	35	38	39	40	42	44	45	46	47	49	#
173	36815.2	0	1	2	3	4	5	6	9	10	11	12	13	14	15	16	17	18	19	21	22	23	24	25	28	29	30	31	32	33	34	35	36	38	40	42	43	44	45	49	#
174	2500.95	1	6	12	21	30	37	38	#
175	2625.84	4	35	38	#
176	22182.1	0	5	7	8	11	12	15	16	17	22	25	26	28	31	33	35	38	41	42	45	46	48	49	#
177	5271.94	6	8	10	18	23	36	37	46	#
178	8434.95	2	4	5	7	8	9	10	11	13	15	16	17	18	19	20	28	31	37	39	40	42	47	48	#
179	5610.82	9	16	24	33	37	42	#
180	23893	3	6	8	9	11	12	13	14	15	16	17	21	22	23	25	28	30	33	37	40	41	42	43	44	46	48	#
181	4494.08	4	6	7	10	16	21	26	28	29	36	43	44	48	49	#
182	16307.4	1	3	4	5	6	7	8	11	12	13	15	16	17	18	19	20	21	22	25	26	27	28	29	30	31	34	35	38	39	42	43	46	48	49	#
183	39484	0	1	2	3	5	6	7	8	9	10	11	12	13	14	15	17	18	19	20	21	22	23	25	26	27	28	29	30	31	33	34	35	36	37	39	40	41	42	43	44	46	47	49	#
184	31920	0	2	3	4	5	6	7	8	9	10	12	13	14	15	17	19	20	21	22	23	24	26	27	28	29	30	31	32	34	35	36	37	38	39	40	41	42	43	45	46	47	48	49	#
185	658.559	2	40	#
186	7022.26	4	15	16	21	24	25	31	42	44	46	48	49	#
187	14366.7	0	1	6	7	8	9	10	13	15	17	18	19	21	23	27	29	30	31	34	35	37	38	39	41	43	46	48	49	#
188	2999.66	15	36	38	#
189	3062.24	8	9	24	47	#
190	24421.1	0	1	2	3	4	5	6	7	8	9	10	11	13	14	15	16	17	18	19	20	21	22	23	24	25	26	28	29	30	31	32	33	34	35	36	37	39	40	41	42	43	44	45	46	47	48	49	#
191	5047.74	1	4	5	6	7	8	10	11	13	17	18	21	23	24	25	27	28	32	34	37	40	41	42	44	48	49	#
192	3676.66	3	10	12	19	#
193	24327.9	0	1	2	3	4	5	6	8	9	10	11	12	14	15	16	17	18	19	20	22	23	25	26	27	28	29	30	31	33	34	35	36	37	38	39	40	42	43	44	45	46	48	49	#
194	960.004	25	46	47	#
195	259.678	19	45	#
196	16223	3	5	7	11	12	13	18	19	20	21	22	28	30	32	36	45	47	48	#
197	21206.3	0	1	2	3	4	6	7	8	9	10	11	12	13	14	16	17	18	20	21	23	26	27	29	30	32	33	34	35	36	37	38	39	40	41	44	45	46	47	48	49	#
198	9926.91	1	4	13	14	18	19	20	22	24	29	30	32	37	42	43	45	#
199	1493.45	21	44	#
200	11272.3	1	4	5	6	9	11	12	15	16	18	19	20	22	34	41	42	43	47	#
201	940.981	30	#
202	15350.1	6	7	12	15	17	19	20	22	23	24	25	26	32	33	38	39	41	45	48	#
203	18582.2	0	1	2	5	6	9	10	11	15	16	17	19	20	22	23	27	31	32	34	39	40	42	43	44	46	47	48	#
204	20938.3	0	2	3	4	5	6	7	8	10	11	12	13	14	15	16	17	18	19	20	22	24	26	28	29	30	31	32	33	34	35	36	37	38	39	40	41	42	43	44	45	46	48	49	#
205	14967.7	0	4	5	7	9	11	14	15	17	18	20	23	24	25	26	27	28	31	33	35	36	37	41	42	43	44	47	48	#
206	3941.97	1	19	26	36	#
207	4190.09	5	8	10	12	28	35	36	42	43	#
208	5413.69	0	2	3	4	8	9	10	15	17	18	20	22	23	28	30	35	38	40	41	42	44	45	46	48	49	#
209	7095.1	0	11	12	14	16	22	31	36	42	43	49	#
210	3421.47	0	1	2	7	10	13	14	15	18	22	30	33	35	37	40	41	47	49	#
211	34171.2	1	4	5	6	7	8	9	10	11	12	13	14	15	16	17	18	19	20	21	22	23	25	26	27	28	30	32	33	34	37	38	39	40	41	42	43	44	46	47	48	49	#
212	27972.2	0	1	3	4	6	7	8	9	10	11	12	13	14	15	16	18	19	23	25	28	30	32	33	34	35	36	38	39	41	42	43	46	49	#
213	7588.99	4	5	6	7	9	11	12	14	18	19	20	21	23	24	26	28	31	35	36	37	40	42	44	#
214	11403.4	0	2	7	9	12	15	20	21	23	26	27	29	31	40	42	46	#
215	13507.9	3	8	13	16	21	24	26	28	29	32	38	40	43	45	47	#
216	5237.52	3	10	19	29	39	48	#
217	1942.58	6	11	14	25	32	36	40	41	45	#
218	13867.8	4	7	9	10	14	15	20	24	27	29	31	34	35	36	37	39	41	#
219	13760.3	2	3	4	6	9	16	17	19	25	34	37	41	46	48	49	#
220	34674.3	0	1	2	3	4	5	7	8	9	11	12	14	15	19	21	22	23	25	26	27	29	31	34	35	36	37	38	39	40	42	44	45	46	47	48	#
221	28281.4	0	3	4	5	6	7	8	9	10	12	13	14	16	18	21	22	23	24	26	27	28	29	30	31	33	36	37	39	41	43	46	47	#
222	3425.78	2	4	5	10	11	18	28	29	34	37	40	#
223	18051.5	0	5	6	7	10	12	13	15	19	21	22	28	30	34	35	37	39	41	42	45	46	#
224	39122.6	0	1	2	3	4	5	6	7	8	10	11	12	13	14	15	16	17	18	19	20	21	22	24	25	26	27	28	29	30	31	32	34	35	36	37	38	41	42	44	45	46	47	48	49	#
225	2662.63	0	6	17	26	31	#
226	16921.9	0	1	2	3	4	5	6	8	16	18	19	20	22	23	24	26	29	30	31	32	33	35	39	40	42	43	44	45	46	47	#
227	3043.68	1	4	7	9	11	14	15	20	22	25	26	29	32	33	35	37	39	44	45	46	#
228	9806.97	0	2	5	8	11	13	16	18	19	22	24	26	30	31	32	33	34	37	38	41	42	43	44	47	#
229	46901.2	0	1	2	3	4	5	6	7	9	10	11	12	13	14	15	16	17	18	19	20	21	22	23	24	25	26	27	28	29	30	31	32	33	34	35	36	37	39	40	41	42	43	44	45	46	48	49	#
230	29417.4	0	1	2	3	4	5	6	7	8	9	10	11	12	14	16	17	21	22	23	24	25	26	28	30	32	33	34	35	36	38	39	41	42	43	44	45	46	47	48	49	#
231	26519.2	3	4	6	7	8	9	10	11	12	13	14	15	16	17	18	20	21	22	23	24	25	26	27	28	29	30	32	33	35	37	39	41	42	43	44	45	46	47	48	#
232	15932.2	0	1	2	3	5	7	8	9	11	12	13	17	18	19	27	29	30	31	32	36	37	40	43	47	#
233	26868.9	0	1	2	3	4	5	7	9	11	12	13	14	16	17	20	23	26	27	29	30	31	32	33	34	36	37	38	39	40	41	42	44	45	46	47	49	#
234	2932.69	0	2	6	8	10	11	13	15	17	18	19	21	25	27	28	31	32	34	35	36	37	44	45	46	47	48	#
235	13265.7	2	8	15	16	17	18	21	22	24	36	38	42	43	45	49	#
236	1302.73	2	3	4	7	9	15	17	18	20	21	25	27	28	32	37	38	42	45	#
237	9018.92	0	1	2	3	5	12	14	15	16	17	22	23	26	30	33	35	38	40	45	48	#
238	8301.91	1	2	4	10	17	19	21	29	31	34	35	36	38	42	45	48	#
239	117.657	43	#
240	21148.7	0	1	2	3	4	5	6	8	9	10	14	15	16	22	23	26	28	30	32	33	36	37	38	40	41	42	43	44	45	46	47	48	49	#
241	17868.9	0	1	2	4	5	7	9	12	13	16	18	19	20	21	22	23	24	25	26	28	30	31	32	33	34	35	36	38	40	41	43	45	47	48	49	#
242	18453.9	1	4	6	9	11	12	15	16	19	20	22	23	25	26	28	31	37	38	40	42	43	44	45	#
243	26728.2	1	2	3	5	6	7	8	9	10	13	15	19	21	23	24	25	26	27	28	29	30	31	32	33	35	36	37	38	39	40	41	42	43	44	46	47	48	49	#
244	9728.42	2	6	7	12	17	19	26	27	31	33	34	35	37	39	40	43	46	48	#
245	3078.22	12	15	17	28	#
246	3685.08	7	12	24	38	39	#
247	23699	0	4	6	7	8	10	11	12	13	16	21	23	24	26	27	28	30	31	32	35	38	39	42	44	45	49	#
248	11997.8	1	6	8	11	12	13	14	16	17	18	20	21	24	25	26	27	28	32	34	36	42	45	#
249	20868.4	2	3	5	6	7	9	11	12	13	14	16	17	20	21	22	24	27	33	35	39	40	41	47	49	#
250	10159.2	0	3	4	5	7	8	11	12	13	17	20	22	24	26	27	32	34	35	36	41	43	44	45	46	47	48	49	#
251	27405.4	1	2	3	4	5	6	7	8	9	10	11	12	13	14	15	16	17	18	19	20	21	22	23	24	25	26	28	29	30	31	33	36	37	38	39	40	41	42	44	46	47	48	49	#
252	7393.81	1	2	4	7	11	12	14	15	16	19	25	28	32	35	40	42	45	#
253	41004	0	1	2	3	4	5	6	7	8	9	10	11	12	13	14	15	16	17	19	20	21	22	23	24	25	26	27	28	29	30	31	32	34	35	36	37	38	39	40	41	43	44	45	46	47	48	49	#
254	10707.8	0	2	5	6	8	15	18	19	23	27	28	29	32	33	35	42	43	45	46	47	48	#
255	18411.8	2	6	11	14	16	19	23	24	26	28	29	31	32	33	34	38	39	40	46	49	#
256	4717.89	1	3	4	7	10	14	15	20	22	24	28	33	34	35	36	43	44	47	49	#
257	378.317	4	49	#
258	3985.12	2	11	18	26	32	33	34	44	#
259	13467.8	0	2	6	9	10	14	16	19	21	27	32	34	37	40	#
260	9964.04	2	3	4	5	8	10	11	17	18	19	20	21	22	23	24	28	29	33	34	36	39	44	48	49	#
261	1196.23	2	4	6	7	13	16	22	25	27	34	39	43	49	#
262	21369.3	0	1	4	5	7	8	9	10	11	14	17	18	20	21	22	23	24	25	27	28	32	33	34	36	37	38	39	41	46	47	49	#
263	4612.65	4	9	19	26	30	33	36	41	45	48	49	#
264	40427	0	1	2	3	4	5	6	7	8	9	10	11	13	15	16	17	19	20	21	22	23	24	25	26	27	29	30	32	33	35	36	37	38	39	40	41	42	43	44	46	47	49	#
265	1074.22	19	28	40	#
266	9478.31	1	2	3	5	8	10	13	16	17	18	22	23	24	29	30	33	34	35	36	37	40	42	45	46	47	48	#
267	8735.39	0	1	9	17	23	25	26	27	30	#
268	33781.2	0	1	3	4	5	6	7	8	9	10	11	12	13	14	15	16	17	18	19	20	21	22	23	24	26	28	29	30	31	33	34	35	36	37	38	39	40	41	42	43	46	48	49	#
269	19678.8	0	1	2	3	4	5	7	8	10	11	12	13	14	15	16	17	18	19	21	22	24	25	27	28	29	30	31	32	33	34	35	36	37	38	39	40	42	43	44	47	48	49	#
270	10220.9	0	1	2	7	9	10	12	14	15	16	21	22	24	26	27	35	42	44	45	46	48	49	#
271	20280	2	4	5	10	12	15	19	20	22	24	26	27	30	31	33	34	37	39	43	46	47	#
272	21110.6	1	2	4	5	6	9	12	17	18	20	22	23	25	31	32	33	35	36	37	38	39	44	45	46	49	#
273	5820.16	9	12	13	16	19	21	22	23	28	30	35	42	44	47	#
274	518.316	24	#
275	14001.6	0	1	11	19	20	23	30	34	36	39	40	42	46	47	49	#
276	39722	0	1	3	4	5	6	7	8	10	12	13	14	15	16	17	18	19	20	21	22	23	24	25	26	28	29	30	31	32	33	34	36	39	40	41	42	44	45	46	47	48	49	#
277	12992.4	1	2	3	4	5	7	8	9	10	11	12	13	14	17	18	19	20	21	22	23	24	25	26	28	29	30	31	32	33	34	35	36	37	38	39	40	41	42	43	44	45	46	47	#
278	4053.79	2	6	11	13	20	27	33	40	47	#
279	29344.5	0	1	2	3	4	5	6	8	9	11	12	13	14	15	16	18	19	20	21	22	23	25	26	27	28	30	31	32	33	34	35	37	38	39	41	42	43	44	45	46	47	49	#
280	22755.5	0	1	2	3	6	7	9	10	11	12	13	16	17	18	19	20	21	22	23	24	25	26	28	29	30	31	32	33	34	35	36	37	38	39	40	41	43	44	45	46	47	48	49	#
281	35782.2	0	1	2	3	4	5	6	7	8	9	10	11	12	13	14	15	16	18	20	21	23	24	25	26	27	28	30	31	32	34	35	36	37	38	39	40	41	42	43	44	45	46	47	48	49	#
282	41623.4	0	1	3	4	5	6	7	8	9	10	11	12	13	14	15	16	17	19	20	21	22	23	24	26	27	28	29	30	32	33	34	36	37	38	39	40	41	42	43	44	45	46	47	48	49	#
283	18023.7	0	5	8	9	12	13	14	15	16	18	20	21	24	25	26	28	31	33	36	37	39	40	42	44	45	46	47	48	#
284	42989.1	0	1	2	3	4	5	6	7	9	10	11	12	13	14	15	16	17	18	19	20	21	22	23	24	25	26	27	28	29	30	31	35	36	37	38	39	40	41	42	43	44	46	47	48	#
285	4258.34	1	2	6	7	8	17	22	28	29	30	33	34	36	38	43	44	45	#
286	26478.8	0	1	2	3	4	5	6	9	11	12	14	15	16	17	18	19	20	21	22	23	24	25	29	31	32	33	34	36	37	38	39	40	41	42	43	44	46	47	48	49	#
287	23417.3	0	2	3	4	5	8	9	10	11	16	17	19	26	27	28	30	31	33	35	36	40	41	43	44	45	46	47	48	#
288	8969.27	3	7	11	17	20	29	36	48	49	#
289	21592.4	0	5	8	9	11	14	16	17	19	20	21	22	23	26	27	29	31	32	33	34	35	39	40	41	42	44	45	46	47	48	49	#
290	9156.93	1	2	3	6	8	9	10	11	12	14	24	27	28	30	31	33	38	39	41	43	45	#
291	16886.5	0	2	3	4	5	6	7	8	9	10	11	12	13	14	15	16	17	18	19	20	21	22	23	25	27	29	30	31	33	34	35	36	37	39	40	41	42	43	45	46	47	48	49	#
292	2670.08	2	23	33	#
293	30817.5	0	1	3	4	7	8	9	10	11	14	15	17	18	20	21	23	24	27	28	30	31	32	33	34	35	36	39	41	42	43	46	47	48	49	#
294	28039.7	0	5	6	9	10	12	13	16	18	19	20	21	22	23	24	26	28	29	32	35	36	37	38	40	41	42	44	45	47	49	#
295	31329.6	0	1	3	4	5	6	7	8	10	11	12	14	15	16	17	18	19	20	21	24	25	26	29	30	31	32	33	34	35	37	39	40	41	42	44	45	46	47	48	49	#
296	2628.78	0	1	2	10	11	14	16	18	20	21	30	32	34	35	36	37	43	44	45	47	48	49	#
297	33460.7	0	1	2	3	6	7	8	9	10	11	12	14	15	16	19	20	22	24	25	26	27	29	30	31	33	35	37	38	39	40	41	44	45	47	48	49	#
298	1546.4	14	35	44	#
299	8888.8	0	4	6	10	12	15	18	20	25	27	28	31	33	38	#
300	4345.41	1	4	5	7	8	14	16	18	19	21	27	28	31	33	35	37	38	40	41	44	45	#
301	14814.7	1	2	3	4	6	7	8	11	13	15	16	17	19	20	22	23	24	25	26	27	28	29	31	32	33	34	37	38	39	40	41	42	44	45	46	47	48	49	#
302	23762.6	4	5	7	9	13	14	15	17	21	23	24	25	26	27	29	30	32	33	35	37	39	43	45	49	#
303	10129.8	1	2	5	6	7	8	9	10	11	12	14	17	20	21	22	23	26	33	39	40	42	43	45	46	#
304	7333.93	0	1	13	16	28	31	46	49	#
305	12904	4	5	6	8	15	18	24	30	31	32	34	35	38	39	40	41	45	46	#
306	21709.4	0	1	2	4	5	6	8	11	12	14	15	16	17	18	19	21	23	24	26	28	32	41	43	44	45	46	47	48	#
307	2479.57	9	17	20	25	26	27	38	39	40	41	46	48	#
308	7553.38	0	6	12	18	25	30	39	46	#
309	8644.06	1	5	13	21	24	30	34	37	43	#
310	2021.37	19	24	29	30	46	#
311	5530.11	16	25	27	29	40	46	#
312	10522.3	4	6	9	25	28	33	37	38	39	42	44	#
313	47301.4	0	1	2	3	4	5	6	7	8	10	11	12	13	14	15	16	17	18	19	20	21	22	23	25	26	27	28	29	30	31	32	33	34	35	36	37	38	39	40	41	42	43	44	45	46	47	48	49	#
314	39931.5	0	1	2	3	4	5	7	8	9	12	13	14	15	16	17	18	19	20	22	24	25	26	27	28	29	32	33	34	35	36	37	39	40	41	42	43	44	45	46	47	48	49	#
315	159.812	23	#
316	442.3	36	#
317	1528.52	2	10	28	33	35	39	42	43	46	#
318	6028.22	0	1	2	4	6	7	8	9	10	13	15	16	17	18	21	22	24	25	26	27	29	30	31	32	33	34	35	36	38	39	41	43	44	45	46	47	48	49	#
319	1701.57	3	4	6	14	15	21	27	28	31	36	39	40	42	43	46	#
320	1772.79	7	19	23	30	32	39	42	#
321	5801.34	0	1	3	8	9	13	18	27	28	29	32	33	35	37	40	42	45	47	#
322	5650.19	10	23	26	31	45	46	47	49	#
323	18778.7	0	1	2	6	7	8	9	10	12	13	14	15	16	17	18	19	20	21	23	25	26	27	28	29	30	31	32	33	35	36	38	39	40	41	42	43	47	48	49	#
324	6661.8	2	4	5	8	10	11	12	13	14	15	17	19	20	21	22	24	26	28	33	34	37	38	41	42	43	44	46	48	#
325	1004.66	0	5	8	10	14	21	26	37	40	46	49	#
326	8695.96	6	13	15	17	19	23	35	43	44	48	49	#
327	5198.23	0	1	4	5	9	10	11	13	20	21	25	26	27	29	34	36	39	40	41	46	47	#
328	33694.4	0	2	3	4	5	6	7	9	11	12	13	14	15	16	17	18	19	20	21	22	24	26	27	29	30	31	32	33	34	35	36	37	38	39	40	41	42	43	44	45	46	47	48	#
329	728.152	2	19	42	#
330	426.743	25	45	#
331	15148.1	0	1	2	3	7	9	12	13	14	15	21	22	23	26	27	28	29	30	33	35	36	37	40	41	43	44	46	49	#
332	17859.2	0	2	4	6	7	9	10	11	13	14	15	16	18	20	21	22	25	30	31	32	33	34	39	42	43	45	46	48	49	#
333	19962	0	2	3	4	5	6	8	9	11	13	15	17	18	19	20	22	23	24	26	28	31	32	33	34	35	40	41	43	44	46	47	48	49	#
334	5177.2	2	5	9	20	32	35	36	41	#
335	14674	0	1	2	3	4	5	6	7	9	10	11	12	17	18	19	21	22	23	24	25	26	27	28	29	30	31	32	33	35	37	38	39	40	44	45	47	48	49	#
336	2238.12	7	12	21	23	26	40	48	#
337	1747.9	2	3	14	15	19	27	#
338	16322.6	0	2	3	4	5	6	8	9	10	11	12	15	16	17	18	20	25	26	30	31	32	36	37	39	40	41	48	49	#
339	4725.03	0	4	5	6	7	8	10	12	13	14	15	16	17	19	20	22	25	28	33	35	37	38	39	40	41	42	43	45	49	#
340	6266.12	0	1	3	8	9	12	13	15	17	22	25	27	30	33	35	37	38	39	40	44	48	49	#
341	15081.9	0	2	3	5	6	7	8	10	11	14	24	26	27	28	31	33	35	37	41	43	46	48	#
342	46902.4	0	1	2	3	4	5	6	7	8	9	10	11	12	13	14	15	16	17	18	19	20	21	22	23	24	26	27	28	29	30	31	32	33	34	35	36	37	40	41	42	43	44	45	46	47	48	49	#
343	34308.7	1	2	3	4	5	6	7	9	10	11	12	13	14	15	18	20	21	22	23	24	26	29	31	32	33	34	36	39	40	41	42	43	44	45	49	#
344	45329	0	1	2	3	4	5	6	7	8	9	10	11	12	13	14	15	16	17	18	19	20	21	23	24	25	26	27	28	29	30	31	32	33	34	35	36	38	39	40	41	42	43	44	45	46	48	49	#
345	10446.8	1	2	9	11	12	13	18	27	33	39	40	43	45	47	#
346	1360.76	3	4	7	11	18	27	48	#
347	8455.77	0	7	14	15	19	22	24	25	26	28	34	38	47	49	#
348	3916.89	1	2	5	6	8	12	14	25	30	31	35	40	41	45	48	#
349	10464	4	8	11	12	15	16	18	20	30	34	35	37	38	39	40	41	44	45	47	48	#
350	6670.02	2	3	5	6	8	12	13	18	21	22	23	24	26	28	31	32	33	34	35	36	37	38	40	41	42	44	46	47	49	#
351	42214.3	0	1	2	3	4	5	6	7	8	9	10	11	13	14	15	16	17	18	19	20	21	22	23	24	25	26	27	28	29	30	31	32	33	34	35	36	37	38	39	40	41	42	43	44	45	46	47	48	49	#
352	7244.78	1	4	9	12	13	31	35	36	41	44	#
353	9598	6	7	8	9	10	11	12	13	14	15	19	20	23	26	27	29	30	32	33	34	35	36	37	38	42	43	44	45	47	48	49	#
354	11114.1	0	2	5	9	10	13	14	15	16	17	18	19	20	21	23	25	26	27	28	29	31	32	33	34	35	36	37	38	40	42	44	46	47	48	49	#
355	43237.2	0	1	2	3	4	5	8	9	10	12	13	14	15	17	18	20	21	22	23	24	25	26	27	29	30	31	32	33	34	35	36	37	38	39	40	41	42	43	44	45	46	47	48	49	#
356	1275.75	3	11	19	36	#
357	22131.3	0	3	5	8	9	10	11	14	15	16	17	21	22	23	24	25	28	31	37	38	39	40	41	42	44	47	49	#
358	10367.6	0	1	2	3	4	5	6	8	9	10	11	12	14	15	16	18	20	22	23	27	28	29	30	33	35	38	41	42	43	44	46	47	48	#
359	5961.84	7	8	9	10	11	12	13	18	19	23	27	35	38	39	40	47	49	#
360	11405.4	9	16	22	26	28	30	35	37	38	40	41	43	48	#
361	6167.19	2	3	14	15	16	17	19	21	46	#
362	1144.06	1	5	26	31	32	33	34	40	44	46	#
363	26220.2	0	1	2	3	6	7	8	9	10	11	12	13	14	15	16	17	19	21	22	23	24	25	27	28	29	30	31	32	33	34	35	37	39	40	41	42	45	48	49	#
364	1950.94	31	34	38	#
365	25631.8	0	1	4	6	7	8	9	10	11	13	14	15	16	18	19	20	22	23	24	25	26	27	28	29	31	33	34	35	36	37	39	40	41	42	44	45	46	47	48	49	#
366	2378.53	6	7	8	11	12	13	14	21	32	33	40	42	43	#
367	16495.7	3	5	6	7	9	12	16	17	18	22	25	27	29	35	37	45	46	#
368	12857.9	1	3	4	6	11	13	16	18	20	21	22	23	26	29	30	31	34	35	39	44	45	48	49	#
369	33092.8	1	2	3	5	6	8	9	10	11	12	15	16	17	18	19	20	23	24	25	26	27	28	29	31	33	34	35	36	38	39	42	43	44	45	46	48	49	#
370	23438.9	1	6	9	13	14	15	18	19	21	23	25	26	27	28	31	33	35	37	41	42	45	46	47	48	49	#
371	12212.7	0	2	3	4	6	7	8	11	12	13	15	16	18	19	21	23	25	26	27	28	29	30	31	32	33	35	36	38	39	42	44	49	#
372	1494.93	0	1	2	4	5	8	12	13	16	19	20	22	24	26	27	28	29	37	40	41	43	#
373	19550.3	2	4	6	7	8	11	12	13	15	18	19	20	22	26	27	31	32	35	39	40	41	42	43	44	45	46	48	#
374	38783.4	0	1	2	3	4	5	7	8	9	10	11	12	13	14	15	16	17	18	19	20	21	22	23	24	25	26	28	29	30	31	32	33	34	35	36	37	38	39	40	41	42	43	44	45	46	47	48	49	#
375	7577.33	2	3	4	9	15	18	20	22	23	31	32	33	34	36	46	#
376	10271.2	0	2	4	6	10	12	13	15	17	18	20	21	22	23	25	27	28	29	30	31	32	33	34	35	36	38	39	40	41	43	45	46	47	48	49	#
377	19521.9	0	4	5	6	8	9	11	12	13	14	15	17	19	21	22	24	25	27	28	29	30	32	34	35	36	38	39	41	42	44	45	47	48	49	#
378	31276.5	0	1	3	4	5	6	7	8	9	10	12	14	16	17	20	21	22	23	24	27	29	32	33	34	36	38	39	40	41	42	44	45	47	48	49	#
379	19185.2	0	2	3	4	5	8	14	16	19	21	26	27	30	36	37	38	39	42	44	46	48	#
380	39748.9	0	1	2	3	4	5	6	7	8	9	10	11	12	13	14	15	16	17	19	20	21	23	24	25	26	27	28	29	30	31	32	33	34	35	36	37	38	39	40	42	43	44	45	46	47	48	49	#
381	6909.9	1	14	15	20	30	43	44	45	#
382	7672.08	0	2	6	7	10	11	12	14	15	16	17	18	20	22	23	24	25	31	32	33	36	38	39	42	44	49	#
383	4263.74	8	15	24	26	28	32	#
384	11824.5	0	2	12	14	15	16	19	20	22	24	35	38	41	43	45	#
385	4250.52	7	14	20	23	24	26	38	40	44	46	47	#
386	231.52	5	#
387	18059.2	0	1	2	3	4	6	10	11	12	16	17	18	19	20	22	25	26	27	29	30	31	32	33	34	36	40	41	42	44	47	48	49	#
388	4144.07	0	3	14	27	28	29	32	35	43	44	49	#
389	7779.88	1	3	7	8	9	11	15	16	17	20	26	29	31	35	37	44	#
390	26344.8	0	1	2	3	4	5	7	8	9	10	11	13	14	15	16	18	19	20	21	22	23	24	26	27	28	29	30	31	32	33	34	35	37	38	40	41	42	43	44	45	46	48	49	#
391	2076.62	0	3	6	9	11	13	19	27	29	34	38	39	40	41	45	48	#
392	1514.64	9	14	19	20	43	#
393	3094.64	0	3	8	13	19	22	23	25	26	27	28	29	34	38	40	41	46	47	#
394	34861.2	0	2	3	4	5	6	7	8	9	12	13	15	17	18	19	22	24	25	26	27	28	31	32	33	34	35	36	37	39	41	42	43	44	45	47	48	49	#
395	3995.24	1	3	4	7	8	11	12	13	15	19	20	21	22	25	26	28	29	30	31	33	34	35	36	42	43	44	47	48	#
396	13813.3	0	3	8	17	19	21	22	25	26	29	30	35	39	40	42	46	47	#
397	23353.3	0	1	3	6	7	8	9	10	14	15	16	17	19	20	22	23	25	27	29	31	33	34	39	40	43	45	48	#
398	7040.91	3	10	12	13	14	15	16	17	18	22	23	27	30	31	32	33	35	40	41	42	46	47	#
399	20992.3	0	1	2	3	4	5	6	7	8	9	10	11	12	13	15	16	17	18	20	21	22	23	24	26	27	28	29	30	31	32	33	34	35	36	37	38	39	40	41	42	43	45	47	48	49	#
