%% File generated by CATS v.2.1Wed Jun 29 16:44:51 2011

%% The CATS webpage is http://robotics.stanford.edu/CATS

%% PARAMETER SETTINGS:
% Goods: 50; Bids: 400; Distribution: L2; Runs: 1; Seed: 1309384853
% Legacy distribution parameters:
% Number of goods chosen according to Random distribution.
% Price chosen according to Linear Random distribution (low_linearly = 1, high_linearly = 1000).


goods 50
bids 400
dummy 0

0	997.983	9	19	31	47	48	#
1	2680.28	0	2	3	6	8	13	15	20	26	28	30	31	33	38	39	40	41	42	43	44	48	#
2	1302.38	2	37	#
3	6285.92	2	4	6	8	13	16	22	29	30	33	46	49	#
4	45011.6	0	1	2	3	4	5	6	7	8	9	10	11	12	13	14	15	16	17	18	19	20	21	22	23	24	25	26	27	28	29	31	32	33	34	35	36	37	38	39	40	41	42	43	44	45	46	47	48	49	#
5	23925.7	0	1	3	4	5	6	8	9	12	13	15	16	17	18	19	20	21	22	23	24	25	26	27	28	29	31	32	34	35	36	37	38	39	40	41	42	43	44	45	46	47	48	49	#
6	43106	0	1	2	3	4	5	6	7	8	9	10	11	12	13	14	15	16	17	18	19	20	22	23	24	25	26	28	29	30	31	32	34	36	37	38	39	40	41	42	43	44	45	47	48	49	#
7	166.885	13	25	#
8	32991.3	0	2	3	4	6	7	8	9	11	12	14	15	16	17	18	19	21	22	25	26	27	28	30	31	33	35	38	39	40	41	43	45	46	48	49	#
9	3349.37	0	2	7	9	10	12	14	17	19	22	25	26	27	28	41	48	49	#
10	28501.5	0	1	2	3	4	5	6	7	9	10	11	12	13	14	15	16	17	18	19	20	21	22	23	24	25	26	27	29	30	31	32	33	34	35	36	37	38	39	40	42	43	44	45	46	47	48	49	#
11	3225.05	6	7	11	13	17	20	21	26	31	34	42	45	49	#
12	12513.1	3	5	7	11	14	20	29	31	33	36	37	38	39	40	47	#
13	5720.17	0	2	4	7	11	19	22	23	25	26	27	30	31	41	48	#
14	15706.1	0	1	5	6	7	9	13	15	17	20	21	23	25	31	32	40	41	45	47	49	#
15	5312.01	1	3	7	8	12	13	14	18	20	24	26	27	30	31	32	34	35	38	39	42	46	49	#
16	132.846	33	35	43	49	#
17	4556.49	3	6	12	13	16	20	46	47	#
18	22947.1	0	2	3	4	7	8	10	11	12	14	16	19	20	26	27	29	33	35	36	37	38	39	41	43	48	49	#
19	6361.29	2	4	11	17	18	26	32	37	38	40	44	45	#
20	14484.2	1	2	3	4	6	7	8	10	11	12	13	18	20	21	22	23	24	26	28	29	31	32	33	34	35	37	38	40	41	44	45	46	47	48	#
21	20112.2	2	4	6	7	8	10	12	14	16	17	18	19	21	22	25	29	30	33	43	44	49	#
22	7141.49	0	1	2	4	5	7	11	12	13	15	16	18	20	22	23	24	28	29	35	36	40	44	47	48	#
23	9720.29	2	7	10	13	17	19	27	28	29	36	38	40	43	44	45	47	48	49	#
24	20893.8	1	3	4	6	7	11	12	14	15	18	19	20	21	23	24	25	28	29	32	33	34	35	36	37	38	39	40	41	42	44	45	46	47	#
25	1043.21	1	3	6	7	8	12	14	19	21	22	31	33	47	48	#
26	23335.9	0	1	2	3	4	5	7	8	9	10	12	13	14	15	16	17	18	19	20	21	23	24	25	26	27	28	29	30	31	32	33	35	37	38	39	40	42	43	44	45	46	47	49	#
27	11947.1	0	1	2	4	5	6	7	8	9	10	11	12	13	14	15	17	18	19	20	21	22	23	25	26	29	30	33	34	35	37	38	40	43	44	45	46	47	49	#
28	6906.4	1	3	14	22	26	30	31	45	48	#
29	8689.91	1	3	4	6	11	13	14	16	18	19	21	22	24	25	26	27	29	30	31	33	34	35	36	37	38	39	40	41	42	43	44	46	47	48	49	#
30	101.392	46	#
31	4239.08	3	8	9	10	12	14	16	19	22	23	25	30	31	33	34	35	37	38	41	42	43	46	47	#
32	5841.63	3	9	10	13	14	27	38	44	47	#
33	18895.5	1	2	4	8	12	14	15	16	18	22	24	30	31	33	34	36	38	39	41	42	44	#
34	6592.45	5	6	10	16	22	26	37	#
35	23911.3	0	1	3	4	5	7	11	12	15	16	18	19	20	21	22	23	25	26	27	28	29	32	33	34	35	36	38	39	40	42	43	44	45	46	47	49	#
36	683.893	10	18	33	#
37	32969.6	0	1	2	3	4	5	6	7	8	9	10	11	12	13	14	15	16	17	18	19	22	24	25	30	31	32	35	37	38	44	47	48	49	#
38	12473.8	0	1	5	9	11	13	19	22	24	27	29	31	33	37	40	41	45	46	47	48	#
39	1974.37	3	4	5	6	7	8	9	10	12	13	15	16	18	19	21	22	23	24	26	29	32	34	36	38	39	40	41	43	44	45	47	48	#
40	1332.3	3	34	#
41	19325.1	0	1	2	3	4	5	6	7	8	9	10	11	12	13	15	16	20	21	22	23	26	28	29	31	32	34	35	36	37	38	39	40	41	42	43	44	46	49	#
42	28892.6	0	1	3	4	5	9	11	12	14	15	17	18	19	20	21	22	24	25	27	28	29	31	32	33	34	35	36	37	38	39	40	41	42	45	46	47	48	49	#
43	13777.8	0	2	3	4	6	8	9	10	11	12	13	14	16	17	18	19	20	21	22	23	24	29	30	31	33	37	38	39	42	43	44	45	47	48	49	#
44	7581.38	3	4	7	11	12	16	21	27	28	29	41	42	47	#
45	10629	4	5	9	13	14	15	17	18	23	24	26	27	28	29	30	32	38	46	#
46	148.989	13	#
47	35608.2	0	1	2	3	6	7	8	9	10	11	12	13	14	15	16	17	18	19	20	21	22	23	24	25	26	27	28	29	30	31	32	33	34	35	36	37	38	39	40	41	42	43	44	45	46	47	48	49	#
48	40913.2	0	1	2	3	4	5	6	7	10	12	13	14	16	17	18	19	20	21	22	23	24	25	26	27	28	29	30	32	33	34	35	36	38	39	40	41	42	43	44	45	46	47	48	49	#
49	3778.4	3	5	7	9	12	13	16	19	26	28	33	34	37	40	43	45	46	49	#
50	6215.64	2	5	14	15	18	20	21	25	29	31	33	42	43	44	47	#
51	16041.6	3	4	5	8	9	10	12	13	15	18	23	24	25	26	28	29	30	32	33	35	37	38	40	41	42	43	44	46	48	49	#
52	15322.5	0	1	3	4	9	13	24	25	28	30	37	38	39	40	45	46	48	49	#
53	35817.4	0	1	2	3	4	5	7	9	10	11	13	14	15	16	17	18	19	20	21	22	23	24	25	26	28	30	31	32	33	35	36	37	39	42	43	45	46	47	48	#
54	22242.4	0	4	6	7	8	12	15	18	19	20	21	23	24	26	29	30	31	34	35	37	38	40	41	42	48	49	#
55	7212.03	0	1	2	3	4	7	9	10	11	12	15	16	17	19	20	21	26	27	28	29	31	33	34	35	36	38	40	42	44	46	47	49	#
56	35781.7	0	1	2	3	4	5	6	7	8	9	10	11	12	13	14	15	16	17	18	19	20	21	23	24	25	27	29	30	31	32	33	34	35	36	37	38	39	40	42	44	45	46	47	48	49	#
57	15124	0	1	2	5	6	7	8	9	10	11	12	13	14	15	16	17	18	19	20	21	22	23	25	26	29	31	32	35	36	37	39	40	42	43	44	45	46	49	#
58	3932.18	0	23	25	30	36	41	46	#
59	8961.13	5	8	11	13	15	18	19	21	24	25	27	28	30	32	39	41	42	43	44	48	49	#
60	7515.69	1	2	9	12	21	22	27	29	33	34	37	40	42	44	48	#
61	5232.56	1	4	5	6	7	8	9	13	14	17	19	22	23	25	26	27	30	32	37	38	39	42	45	#
62	15764.9	0	5	6	7	8	10	14	15	16	18	21	22	32	33	34	35	38	39	40	45	46	47	48	#
63	15760.1	0	2	3	4	7	10	12	13	16	18	20	22	24	25	26	28	29	31	35	36	37	38	39	40	41	42	43	47	48	49	#
64	11614.9	1	2	3	4	6	7	9	10	11	12	13	16	18	22	23	24	25	27	29	30	32	33	34	36	37	40	41	44	45	46	47	48	49	#
65	25846.4	0	1	3	5	6	8	9	10	12	13	14	15	17	18	20	26	28	29	30	31	33	34	35	36	38	39	40	42	43	44	45	46	47	48	49	#
66	16222.8	1	2	3	5	7	9	10	12	14	15	16	19	24	25	27	28	29	30	32	34	35	36	37	41	43	45	46	48	49	#
67	40003.1	0	1	3	4	6	7	8	10	11	13	14	15	16	17	18	19	20	21	22	23	24	25	26	27	28	29	30	31	32	35	36	37	38	39	40	41	42	43	44	45	46	47	48	49	#
68	1446.55	1	2	13	15	20	21	22	24	27	28	32	38	42	48	#
69	16775.2	0	1	4	5	9	13	16	17	18	19	21	23	29	30	34	35	36	41	44	47	48	#
70	4631.2	3	18	21	37	48	#
71	25679.2	0	1	4	7	8	10	12	14	15	19	20	22	23	27	28	31	32	34	38	39	40	42	43	44	45	46	47	49	#
72	4573.51	1	2	9	14	15	17	22	23	24	25	26	27	28	31	32	33	34	37	38	40	42	43	44	45	46	#
73	14658.3	3	4	5	8	9	12	18	19	26	27	28	29	30	31	32	35	36	39	43	48	#
74	17724.5	1	3	4	5	8	9	10	12	13	16	17	18	19	21	22	23	24	25	26	27	29	30	32	33	34	36	37	39	40	42	43	45	46	47	49	#
75	23346.1	2	3	4	7	9	12	13	17	18	20	21	22	24	25	27	28	30	31	33	38	39	40	42	43	44	46	48	#
76	39694	0	1	2	3	4	5	6	7	8	9	10	12	13	14	15	17	18	20	21	23	24	25	26	27	28	29	30	31	32	35	37	38	39	40	41	42	45	46	47	48	49	#
77	4058.1	0	1	2	3	4	6	7	9	10	17	18	20	22	24	28	30	33	34	35	36	37	38	39	41	43	44	45	46	47	48	#
78	2491.62	0	13	14	15	25	27	28	47	#
79	13986.7	0	4	5	6	9	10	11	12	13	16	18	21	22	24	25	26	27	29	30	32	36	38	43	45	#
80	7947.24	0	1	2	3	5	8	14	16	17	19	20	24	25	26	27	29	30	31	34	35	36	37	40	44	46	47	#
81	20252.6	1	2	4	5	6	7	11	12	13	14	15	18	22	25	26	28	32	33	35	36	37	38	39	42	43	44	45	46	47	48	49	#
82	7930.36	1	2	4	7	8	9	10	15	17	18	20	21	22	23	24	25	27	28	29	31	33	34	35	37	38	39	41	42	43	46	47	48	49	#
83	12433.9	2	8	9	12	13	14	15	16	17	21	22	28	36	37	38	39	45	46	48	49	#
84	374.318	27	#
85	13954.8	1	2	8	16	17	18	20	21	22	23	25	28	29	30	33	37	41	46	48	#
86	31246	0	1	2	3	6	7	9	10	12	13	14	16	17	18	20	24	26	27	28	30	31	33	34	35	36	37	38	39	40	41	42	43	44	45	46	47	48	49	#
87	15235.8	0	2	3	4	6	7	11	12	14	16	17	19	20	21	22	23	25	26	27	29	31	33	34	36	37	38	39	40	41	42	43	49	#
88	8146.36	0	4	6	11	12	16	17	20	21	22	24	27	28	29	32	35	37	38	40	42	46	49	#
89	1497.56	11	23	31	33	38	39	42	#
90	14304.1	3	4	5	7	9	12	13	14	15	16	18	19	20	24	25	26	27	29	30	31	32	34	35	36	38	40	41	43	44	45	47	48	49	#
91	2732.56	7	12	21	25	32	37	44	#
92	2345.07	0	8	20	28	47	#
93	25195	0	1	2	5	6	7	8	9	10	11	14	15	17	18	19	20	21	22	26	27	28	30	32	33	35	37	42	44	45	47	48	#
94	2840.54	0	4	20	26	29	39	44	46	#
95	44531.2	0	1	2	3	4	5	6	7	8	9	10	11	12	13	14	15	16	17	18	19	20	21	22	23	24	25	26	27	28	29	30	31	32	33	34	35	36	37	38	39	41	42	43	44	45	46	47	48	49	#
96	11601.4	0	2	4	5	6	7	8	9	10	11	13	15	16	19	20	21	22	23	24	26	27	28	29	30	31	32	33	34	36	38	39	42	44	46	47	48	#
97	12026.9	1	3	5	7	10	16	17	18	23	33	34	35	39	43	45	#
98	27492	0	1	2	3	6	7	8	9	10	11	13	15	16	17	18	19	20	21	22	23	24	25	26	27	28	29	30	32	33	34	35	36	37	38	39	40	41	42	43	44	45	46	47	48	49	#
99	3492.03	1	13	30	38	47	#
100	8390.24	0	2	6	7	8	10	13	14	16	17	18	21	23	25	27	29	30	32	34	35	36	37	39	40	44	46	47	49	#
101	14986.6	0	2	3	4	6	7	8	10	12	13	16	18	22	23	25	27	28	29	30	31	32	34	38	39	41	42	44	45	48	#
102	16434.9	1	2	5	7	8	11	13	14	16	18	19	21	22	23	28	29	30	31	34	36	38	39	41	42	44	45	49	#
103	31009.1	0	1	2	3	4	5	7	8	9	10	11	12	13	14	15	16	17	18	19	20	21	22	23	24	26	27	28	30	31	32	33	34	35	36	37	38	39	40	41	42	43	44	45	46	47	48	49	#
104	812.271	5	10	25	26	42	47	#
105	2140.57	20	26	32	36	#
106	3040.05	5	9	12	13	17	23	30	32	36	44	#
107	7286.19	2	4	7	8	19	26	29	31	36	#
108	23150.5	0	1	2	3	4	5	7	8	9	10	11	12	13	14	15	16	17	18	19	20	23	24	25	26	28	29	30	32	33	34	35	36	37	39	40	41	42	43	44	45	47	48	49	#
109	13867.9	0	3	8	12	15	20	21	28	31	32	37	41	43	47	#
110	26569.6	2	3	4	7	8	10	11	12	13	14	15	16	17	20	22	23	24	25	26	27	28	29	32	33	34	35	36	37	40	41	42	43	45	46	47	49	#
111	2886.75	0	7	35	37	39	40	43	46	#
112	10901.9	1	4	6	8	9	13	14	15	16	17	18	19	20	25	26	32	34	37	39	41	45	48	#
113	23286	0	1	2	3	4	6	10	11	12	13	14	15	16	17	19	22	23	24	25	26	27	30	34	39	44	45	46	48	49	#
114	2298	5	28	42	#
115	8163.43	0	3	8	11	12	15	19	21	22	34	36	38	40	41	42	#
116	15056.1	1	2	4	7	8	9	10	12	13	16	17	18	19	20	25	26	27	28	29	30	33	34	35	37	39	42	43	44	46	48	49	#
117	17912	1	3	7	8	10	11	13	15	16	17	18	19	20	23	25	27	28	30	31	34	35	36	37	38	39	44	46	47	48	#
118	3216.29	2	4	5	18	23	33	39	41	42	44	#
119	26337.8	0	1	2	3	7	8	9	12	13	15	18	19	20	21	22	23	24	26	27	28	30	31	33	35	36	37	38	39	41	42	45	49	#
120	23109.3	1	2	4	5	6	8	9	10	11	12	13	14	16	19	20	21	22	23	24	26	28	29	30	32	33	34	35	36	37	38	40	41	42	43	44	45	47	48	49	#
121	25875.7	0	1	3	6	8	9	10	11	13	15	17	18	19	20	22	23	25	26	30	31	33	37	38	39	40	41	42	43	44	46	47	49	#
122	246.916	16	17	20	31	35	36	41	#
123	17133.4	1	2	3	4	5	6	7	8	9	11	12	14	15	16	17	22	23	24	25	26	27	30	31	32	34	35	36	37	38	39	41	43	44	45	46	47	48	#
124	2266.09	0	4	6	8	17	33	#
125	11869.4	0	1	4	7	11	12	17	20	21	22	27	28	29	31	32	33	36	37	39	40	44	47	48	#
126	4609.68	2	4	9	13	20	21	27	30	31	40	47	#
127	670.978	45	#
128	15323.7	2	3	8	9	11	12	14	18	20	24	28	29	32	39	40	47	#
129	3629.31	12	22	28	29	#
130	33059.9	0	1	2	3	4	5	6	7	8	9	10	11	12	13	14	15	16	17	18	19	20	21	22	24	25	26	27	28	29	30	31	32	34	35	36	38	39	40	41	42	43	45	46	47	48	#
131	24020.4	0	1	3	4	6	7	9	10	11	14	15	17	18	19	20	21	22	23	25	27	28	30	33	35	36	38	41	44	45	46	47	48	49	#
132	23558.5	0	2	6	8	9	10	11	12	13	14	15	16	17	18	19	20	21	22	23	24	25	27	29	30	32	34	35	38	39	40	41	44	45	46	48	49	#
133	5349.14	1	6	9	13	15	19	20	21	24	25	33	35	37	39	42	47	#
134	21577.8	2	4	5	6	8	10	11	12	13	14	15	17	20	21	22	23	25	26	28	29	31	32	33	36	38	40	41	48	#
135	27267.3	0	1	2	3	5	9	10	12	13	16	17	18	20	21	26	27	29	30	33	35	39	40	43	44	45	46	47	48	#
136	18782.3	2	3	7	9	13	15	16	18	21	24	25	28	31	32	35	36	37	39	40	41	43	44	45	46	47	48	49	#
137	4979.45	0	1	7	10	12	13	15	19	20	23	26	27	28	29	31	32	33	34	35	36	37	41	42	43	44	45	46	47	48	49	#
138	9082.99	0	1	3	5	6	7	9	10	11	12	14	15	16	17	19	20	21	22	23	24	25	26	27	28	30	31	33	34	35	36	37	38	40	41	44	45	46	#
139	13981.8	2	6	8	9	10	11	12	14	15	17	21	23	24	27	29	31	33	34	40	42	43	45	49	#
140	26668.1	0	2	3	4	6	8	9	13	14	15	17	18	21	22	23	26	27	28	29	32	33	34	37	39	40	41	42	43	45	46	47	48	49	#
141	3411.07	14	32	33	36	#
142	17490.2	0	1	4	5	6	8	9	10	11	12	14	15	16	20	21	22	24	25	26	29	30	31	32	33	34	35	36	38	39	41	42	45	46	47	49	#
143	445.808	8	#
144	11531.9	0	3	7	8	12	13	14	17	20	22	23	24	29	30	31	32	37	41	42	44	47	48	49	#
145	1416.03	28	29	45	48	#
146	105.804	2	#
147	3161.14	0	1	3	5	6	9	13	15	17	19	24	27	28	30	39	41	42	43	47	48	49	#
148	34169.8	0	3	5	6	8	10	11	12	13	14	15	17	18	19	22	24	26	27	28	29	31	32	33	34	35	36	40	42	43	44	45	46	47	48	49	#
149	15019.6	6	8	11	13	17	19	22	23	27	28	29	38	42	44	48	49	#
150	17437.5	0	2	4	5	6	8	10	12	16	22	23	24	25	26	28	31	32	33	34	37	38	40	41	44	46	48	#
151	27039.4	2	3	4	7	8	12	15	16	17	20	21	24	25	26	27	28	29	30	31	32	33	34	37	39	40	41	43	46	47	48	49	#
152	22461.3	0	1	5	6	7	9	10	13	14	17	18	19	20	22	26	30	31	32	33	35	36	37	41	42	44	45	49	#
153	3224.82	2	3	7	13	24	29	32	33	34	37	38	43	44	45	46	47	48	#
154	12474.1	2	13	16	21	23	24	28	29	32	39	40	43	45	47	#
155	15398.4	0	2	4	7	9	10	24	26	27	29	32	33	34	35	40	44	#
156	7924.68	0	2	4	6	10	16	18	23	30	31	36	46	#
157	1193.5	12	41	#
158	8362.97	0	2	4	10	11	13	15	16	17	20	21	22	25	27	28	30	32	34	41	43	47	#
159	6913.33	7	8	9	13	27	28	33	#
160	13785.4	0	2	3	4	5	6	7	8	9	10	11	13	14	15	16	17	19	21	22	24	26	27	28	29	30	31	35	36	38	39	40	41	42	44	46	47	49	#
161	8066.16	2	3	6	7	17	18	21	22	23	24	25	26	28	30	34	36	38	43	44	46	49	#
162	3627.89	10	12	18	23	30	31	44	#
163	42964	1	3	4	5	6	7	8	10	12	13	14	15	16	17	18	19	20	21	22	23	24	25	26	27	28	29	30	31	32	33	34	35	36	37	38	39	40	41	42	43	44	45	46	48	49	#
164	21900.6	0	3	5	6	7	8	14	16	18	19	20	21	22	23	24	27	31	32	33	35	36	38	39	41	46	49	#
165	16173.4	2	4	6	11	13	14	17	19	20	31	35	36	40	41	43	47	49	#
166	16897.1	1	2	3	4	5	6	7	8	9	10	11	12	14	15	16	18	19	20	21	22	23	24	25	26	27	28	29	30	31	32	35	36	37	38	39	40	41	42	43	44	46	47	48	49	#
167	5105.07	6	7	18	20	21	38	46	#
168	5952.74	5	7	8	10	11	13	15	17	18	19	20	22	26	30	33	34	35	36	38	40	41	42	44	46	48	49	#
169	10638.5	1	8	13	14	15	18	19	21	25	28	29	30	40	43	49	#
170	30322.9	0	4	6	7	8	10	12	13	14	15	16	18	20	21	24	25	26	27	28	29	31	32	33	35	36	38	40	42	43	44	46	47	48	#
171	6466.21	4	8	9	12	13	22	44	49	#
172	7760.97	0	1	3	4	5	6	7	8	9	10	12	14	15	16	18	21	22	23	27	28	30	31	34	36	38	39	40	41	43	44	45	46	48	#
173	4736.27	2	3	4	9	10	11	12	14	15	18	19	20	21	23	24	27	28	31	32	35	36	37	38	40	41	47	49	#
174	27993.5	0	2	3	7	8	11	12	14	15	17	19	20	22	23	25	26	27	28	30	31	33	35	36	37	38	40	43	44	46	47	#
175	12186.3	3	5	6	11	17	18	23	25	31	32	34	35	36	40	41	44	48	#
176	20947.3	1	3	4	5	6	7	8	9	10	11	13	14	16	17	18	20	21	23	24	25	27	28	30	31	32	33	34	35	36	37	38	39	40	41	43	45	46	47	#
177	13678.1	1	3	4	5	9	10	14	19	20	22	24	26	29	30	32	35	36	37	38	41	43	44	46	48	#
178	17884.3	0	1	3	4	5	6	7	8	9	11	12	13	14	15	16	17	18	20	22	23	24	25	26	27	28	29	30	31	32	33	34	35	36	37	38	39	40	41	43	44	45	46	47	48	49	#
179	21030.5	0	1	2	3	5	6	7	8	9	10	12	14	15	16	18	19	20	21	22	24	25	26	27	28	29	30	31	32	33	34	35	36	37	38	40	41	42	43	44	45	46	47	48	49	#
180	618.352	29	#
181	4993.09	0	14	35	46	47	48	#
182	4226.03	3	26	30	38	45	#
183	38173.6	0	1	2	3	4	5	6	8	9	10	11	12	13	14	16	18	19	20	21	22	23	24	25	27	29	30	32	33	34	35	37	38	40	42	43	44	45	47	49	#
184	25934.8	1	2	4	5	6	7	8	9	13	14	17	18	22	23	24	26	28	29	31	33	35	36	37	38	40	44	49	#
185	14258.3	1	3	9	13	17	18	22	23	30	33	34	36	37	41	45	48	#
186	10921.9	0	2	4	5	6	8	10	11	12	13	15	16	17	20	21	23	27	30	31	34	36	38	39	43	45	46	47	48	49	#
187	2337.48	0	5	6	7	8	10	11	15	17	18	19	24	27	29	30	33	36	38	40	42	43	46	48	49	#
188	30242.8	0	1	2	3	4	5	6	7	8	9	11	12	13	14	15	16	17	18	20	21	22	23	25	26	27	29	30	31	32	33	34	35	37	38	39	40	41	43	44	45	46	48	49	#
189	7921.99	0	1	2	3	5	7	8	9	12	13	14	15	18	19	20	21	23	24	25	26	27	28	33	34	35	37	38	39	42	43	44	46	47	48	49	#
190	6587.53	1	25	29	37	39	41	46	#
191	10445.6	0	8	15	18	22	23	24	26	29	31	33	34	35	37	39	42	44	46	47	49	#
192	1352.81	0	4	8	11	12	21	23	33	34	35	36	45	#
193	26733.2	0	1	2	3	4	5	6	7	9	12	15	19	21	24	25	27	28	29	30	32	34	36	37	38	39	40	41	43	44	45	46	47	48	49	#
194	22710.2	1	3	4	5	7	11	12	13	14	15	16	20	21	22	23	25	26	27	29	30	33	35	38	39	42	43	44	47	48	49	#
195	7264.09	0	1	6	7	8	9	10	12	13	14	15	16	24	30	31	32	33	34	35	36	37	38	40	41	42	43	44	47	49	#
196	651.356	30	#
197	39793.8	1	2	4	6	7	8	9	10	11	12	13	15	16	17	18	19	20	21	22	23	24	25	26	27	28	29	30	31	32	34	35	36	37	38	39	40	41	43	44	45	46	47	49	#
198	12894.1	1	7	8	9	11	13	14	15	16	19	25	27	29	32	33	37	38	41	49	#
199	34668.1	0	2	4	5	7	9	10	13	14	15	16	17	18	19	20	21	22	25	26	27	29	30	31	32	35	36	37	38	40	41	43	44	45	46	47	48	49	#
200	8507.09	0	1	2	13	21	22	25	35	38	42	#
201	16350.5	1	3	7	8	10	16	17	20	23	24	26	28	31	33	40	42	48	#
202	19000.6	0	3	4	5	7	11	13	16	21	23	24	32	33	35	36	41	42	43	46	48	49	#
203	16592.8	0	1	3	6	7	10	11	13	14	15	16	17	18	20	21	23	28	30	32	33	35	37	39	40	41	43	44	46	48	#
204	5870.84	2	7	8	9	10	20	21	22	23	25	26	28	31	37	40	43	44	48	49	#
205	15762	0	1	3	4	5	6	7	8	9	10	11	12	13	15	17	18	19	20	21	22	23	24	25	26	27	28	29	31	32	33	36	38	42	45	47	49	#
206	18215.7	0	1	2	3	5	6	7	8	9	11	12	13	14	15	16	17	19	20	22	23	25	26	28	30	31	32	33	34	35	37	38	39	40	41	42	43	45	46	47	48	49	#
207	10669.3	7	8	12	15	18	19	21	24	25	26	28	30	32	35	37	38	39	43	44	47	#
208	2135.59	1	7	11	13	16	25	31	#
209	14615.4	4	5	6	8	10	12	13	14	22	23	24	26	28	29	30	31	32	35	38	40	41	43	46	48	49	#
210	5883.87	0	20	25	28	34	39	45	#
211	23186.7	1	4	9	10	12	13	15	17	18	21	23	24	25	26	27	29	31	33	34	36	40	42	43	44	45	46	47	48	#
212	31715.7	0	1	2	3	4	5	6	7	8	9	10	11	12	13	14	15	16	17	19	20	21	22	23	24	25	26	27	28	29	30	31	32	33	34	35	36	37	38	39	40	42	43	44	45	46	47	48	49	#
213	2013.84	0	2	3	4	5	7	8	10	11	17	23	24	27	29	32	34	38	39	41	44	47	#
214	4333.07	0	2	3	4	5	6	10	11	12	14	19	20	22	23	25	27	28	30	31	35	38	42	44	45	49	#
215	978.777	15	37	#
216	31874.2	4	5	6	7	9	10	11	13	17	18	20	21	22	23	25	26	28	29	30	31	32	33	34	35	36	37	39	40	41	43	44	46	48	49	#
217	6675.84	13	16	32	37	41	43	46	#
218	3632.8	2	3	4	6	7	8	9	11	12	15	16	17	18	19	20	24	26	27	29	31	32	33	34	35	37	39	41	42	43	45	46	48	#
219	4102.11	7	10	22	23	27	31	#
220	1874.03	3	4	8	13	20	28	33	37	45	#
221	31517	1	3	5	6	9	10	12	13	14	15	16	18	20	23	24	25	26	27	28	29	30	31	32	33	35	40	41	42	43	44	45	49	#
222	3758.36	0	5	27	35	47	#
223	19830.2	0	1	4	5	6	7	9	12	14	15	17	18	19	21	22	23	25	28	29	31	32	34	35	37	38	39	40	41	42	43	44	46	47	#
224	26273.4	0	1	3	4	5	6	8	9	11	12	13	15	17	23	24	28	29	33	34	37	41	42	43	44	45	47	49	#
225	7416.46	0	1	2	3	4	5	7	8	9	10	11	18	19	21	24	26	27	30	31	32	34	35	36	38	40	41	44	46	47	48	#
226	20245.3	1	2	3	4	8	9	10	12	13	17	18	19	21	22	24	25	29	32	34	36	38	39	40	41	42	43	47	48	#
227	6658.34	5	7	9	12	19	24	38	45	46	#
228	27341.4	0	2	5	6	9	11	14	16	18	20	23	26	28	29	30	32	33	34	35	36	38	39	40	42	43	44	45	46	49	#
229	12924.1	0	2	3	4	5	6	8	9	11	12	13	16	19	20	21	22	23	24	25	27	28	29	30	31	34	36	37	38	39	40	41	42	43	44	45	46	47	#
230	8897.14	5	12	14	16	23	26	28	33	36	38	40	41	44	47	#
231	21039	3	4	5	6	8	9	10	11	12	13	14	15	16	17	20	22	24	25	26	27	29	30	31	34	36	39	40	42	43	44	45	46	47	48	49	#
232	12468.5	0	3	7	8	9	15	16	19	21	24	25	28	32	33	39	41	42	44	48	49	#
233	29506.4	0	2	3	4	6	7	8	9	13	14	15	18	19	21	22	23	27	28	29	30	31	37	38	39	40	41	44	45	46	47	48	#
234	12492.8	0	1	2	3	5	6	8	9	11	12	15	18	19	20	21	22	23	24	25	26	28	30	32	33	34	36	37	38	39	40	44	45	46	48	49	#
235	4064.38	16	20	22	29	32	42	#
236	13001.7	0	3	4	5	6	8	10	12	14	16	19	20	21	27	28	30	31	32	36	37	38	40	42	43	45	46	47	48	#
237	20929.3	1	3	7	8	9	10	11	12	13	14	15	16	18	23	26	27	28	29	30	33	35	37	38	39	40	42	43	44	46	47	#
238	4164.61	0	3	11	19	21	25	31	35	37	42	44	49	#
239	46529.2	0	1	2	3	4	5	6	7	8	9	10	11	12	13	14	15	16	18	19	21	22	23	24	25	26	27	28	29	30	31	32	33	34	35	37	38	39	40	41	42	43	44	45	46	47	48	49	#
240	5622.75	0	8	13	20	32	35	40	#
241	39288.8	0	3	4	5	6	7	8	9	10	12	13	15	16	19	20	21	22	23	24	25	26	28	29	30	31	32	33	34	35	37	38	39	40	41	42	43	44	45	46	47	48	49	#
242	1127.45	0	9	#
243	17872.9	0	1	5	6	7	10	11	12	13	15	16	17	19	20	21	23	24	25	28	29	30	31	33	34	38	40	41	44	47	49	#
244	26462.9	0	1	2	3	4	5	6	8	9	10	11	12	13	14	16	18	19	20	22	25	26	27	28	29	30	31	33	34	35	36	37	38	39	40	43	44	45	46	47	48	49	#
245	30124.3	1	4	5	6	8	9	10	12	13	14	16	18	19	21	22	23	24	25	27	28	31	33	34	35	36	37	38	40	42	43	44	45	47	48	#
246	28178.4	0	2	3	4	5	6	7	8	9	10	15	16	18	20	21	22	23	26	29	30	31	32	37	38	39	40	42	44	45	46	48	49	#
247	19194.1	1	3	4	5	6	7	8	9	10	11	12	13	14	15	16	17	18	19	20	21	22	24	25	28	31	33	34	35	36	37	39	40	41	42	43	44	46	47	#
248	3765.42	14	17	23	38	#
249	11186.4	2	3	4	6	7	8	9	11	12	16	19	20	23	24	27	28	29	34	38	39	40	42	46	48	#
250	1234.01	2	4	7	14	15	24	25	31	32	41	44	#
251	29877.4	1	2	3	5	6	7	9	10	13	14	15	17	18	20	21	25	28	30	31	32	35	37	38	40	41	42	44	45	47	48	49	#
252	12193.1	0	1	2	4	8	9	14	23	25	28	29	34	37	39	41	43	48	#
253	37922.3	0	1	2	3	4	5	6	7	8	9	10	11	12	13	14	15	16	17	18	20	21	22	23	24	25	26	27	28	29	30	31	32	33	34	35	36	37	38	39	40	41	42	43	44	45	47	48	49	#
254	14430.2	1	2	3	5	6	9	10	12	13	14	19	22	30	32	38	46	48	49	#
255	5036.95	9	10	13	14	19	24	34	37	42	45	49	#
256	10557	0	3	4	5	6	7	9	10	13	16	19	21	23	24	25	28	31	33	34	37	38	39	40	41	42	43	45	47	48	49	#
257	15528.8	3	6	8	10	13	16	17	20	23	24	25	27	28	29	31	35	36	39	42	45	47	49	#
258	32309.5	0	1	2	3	4	5	6	7	8	9	10	12	13	14	15	16	17	18	20	21	22	23	24	25	26	27	28	30	31	32	33	35	36	37	39	40	41	42	45	46	47	48	49	#
259	498.577	7	14	42	47	#
260	6230.61	1	7	8	18	23	26	28	32	33	34	43	45	49	#
261	5628.94	14	15	16	20	24	26	27	34	44	#
262	13716.6	2	6	7	8	9	10	12	13	14	15	16	17	18	20	21	23	25	26	29	31	32	33	34	38	39	40	41	43	45	#
263	23317.5	2	9	14	16	17	18	19	20	22	26	27	29	30	31	32	34	35	36	39	40	41	42	43	48	#
264	22265.7	0	2	3	9	10	14	15	16	17	18	19	21	22	24	25	26	27	28	30	32	33	34	36	39	41	45	49	#
265	6977.02	1	3	5	7	12	13	16	17	20	22	26	29	32	33	34	35	39	44	45	48	#
266	1371.69	2	5	7	10	12	22	24	25	26	31	38	41	42	46	#
267	3115.28	3	15	27	42	#
268	16925.7	0	1	2	3	5	10	11	12	13	14	17	18	19	20	21	25	26	29	30	31	33	35	37	38	41	43	47	49	#
269	1064.05	5	19	24	37	43	47	#
270	13046.7	1	4	6	9	11	15	16	18	19	20	22	24	27	31	34	35	36	39	47	48	#
271	6058.98	2	3	5	6	7	11	12	16	17	18	19	21	22	25	26	27	28	29	31	37	38	39	40	41	42	43	44	45	47	49	#
272	1058.06	12	33	35	40	47	#
273	29358.7	0	1	2	3	4	5	7	9	10	11	12	13	14	15	19	20	21	22	23	25	26	27	28	29	30	31	33	34	35	36	37	38	39	40	41	42	43	47	48	#
274	47.2428	22	#
275	11689	7	12	17	19	28	29	30	31	32	33	35	36	38	39	40	41	42	43	47	48	49	#
276	22180.6	3	8	9	10	16	17	18	19	20	21	22	23	25	26	27	29	30	37	38	39	40	42	43	46	48	49	#
277	8240.54	3	4	5	6	7	9	10	11	13	14	18	19	20	22	25	30	38	40	41	43	44	#
278	13946.6	0	2	3	4	5	6	8	9	10	16	19	20	21	25	27	31	32	35	40	42	45	46	48	#
279	776.107	17	27	34	#
280	28492	2	3	5	11	13	14	15	16	17	18	19	21	22	23	24	25	26	27	28	30	31	32	33	35	36	37	38	39	40	41	42	45	46	48	#
281	1724.84	13	40	#
282	803.797	8	15	26	28	#
283	8933.4	0	1	6	8	10	12	13	14	18	22	23	24	27	29	30	31	33	35	43	47	#
284	11716.8	0	1	2	3	7	10	13	14	16	21	24	28	29	30	36	38	41	43	45	46	48	#
285	21957.5	0	1	2	4	5	6	7	8	9	10	11	12	13	15	16	17	18	19	20	21	22	23	25	26	28	29	30	31	32	33	34	35	37	38	39	40	41	42	43	44	45	47	48	49	#
286	28978	1	2	3	4	6	7	8	9	10	11	13	14	15	18	19	20	21	22	25	26	27	28	29	31	32	33	36	38	39	41	43	44	45	47	48	#
287	21403.5	0	1	2	3	4	6	8	9	12	13	15	17	20	24	26	31	34	35	38	40	43	44	47	49	#
288	22611.5	0	2	5	8	9	11	13	14	15	16	18	21	24	25	26	27	31	33	36	37	43	44	46	47	48	#
289	33.3022	0	4	31	42	48	#
290	2793.43	4	14	15	17	22	24	26	33	35	37	41	43	46	#
291	18110.4	0	1	3	4	5	6	7	8	9	11	13	14	15	17	18	19	21	23	24	25	27	30	31	32	33	34	35	37	38	39	40	42	44	46	47	48	#
292	23462.1	1	4	5	7	11	14	15	16	18	21	22	23	24	28	30	31	33	34	35	36	38	39	40	41	45	47	48	#
293	19988.3	0	1	3	4	6	7	10	11	12	15	16	17	18	19	21	22	23	25	26	27	28	29	30	31	32	33	34	35	36	37	38	40	42	44	45	46	47	49	#
294	24.5606	1	24	36	#
295	21826.6	1	2	4	10	13	15	19	20	21	22	23	25	26	29	30	31	32	33	36	39	41	42	44	45	46	47	#
296	75.1717	16	17	37	#
297	13479.1	0	3	7	8	22	24	27	31	32	33	34	35	37	39	42	44	45	48	#
298	20031.7	1	2	3	4	5	6	8	10	11	14	15	16	20	21	23	24	26	28	31	33	34	36	37	38	40	41	42	43	45	46	48	#
299	4398.29	2	3	5	6	7	11	13	15	17	18	25	26	31	35	37	41	42	43	45	49	#
300	6764.92	2	6	11	20	24	26	29	31	41	42	49	#
301	5210.75	0	1	4	7	19	21	22	28	30	31	36	39	40	43	#
302	38937.5	0	1	2	3	4	5	6	7	8	9	10	11	12	13	14	15	16	18	19	21	22	24	25	26	27	28	29	30	31	32	33	34	35	36	37	38	39	40	41	42	43	44	45	46	47	48	49	#
303	4593.47	21	22	27	30	44	#
304	10734	2	6	10	11	19	21	22	23	26	27	28	30	31	33	35	37	40	45	46	47	48	#
305	2228.12	2	3	5	9	17	18	20	23	27	28	35	36	43	47	48	#
306	11885.9	4	7	11	16	19	23	25	26	31	36	39	40	43	48	#
307	4164.8	4	11	14	15	23	36	44	47	#
308	20598.2	1	2	3	4	6	7	9	10	15	16	20	21	22	25	27	28	29	30	31	32	33	35	37	38	39	41	44	46	47	49	#
309	5699.86	9	14	16	18	20	24	40	44	46	48	#
310	26822.6	3	4	5	7	8	9	12	13	14	15	16	17	19	20	24	25	26	27	28	29	30	31	32	36	38	39	40	45	47	48	49	#
311	1913.6	1	4	11	13	19	22	23	25	32	#
312	12607.9	0	8	9	13	19	23	26	27	31	32	35	38	45	#
313	20778.6	0	1	2	3	4	5	7	8	10	11	13	14	15	16	17	18	19	20	21	22	23	24	25	27	28	30	31	33	34	35	38	40	41	42	45	46	48	49	#
314	6760.91	1	3	6	7	15	18	19	26	31	33	36	39	43	48	#
315	5279.78	0	5	12	18	24	25	26	27	37	42	45	46	#
316	14828.1	4	5	6	8	11	12	13	15	17	18	19	22	23	24	25	26	27	29	30	33	34	37	38	42	44	45	47	49	#
317	3722.75	13	28	33	37	48	#
318	33923.5	0	1	2	3	4	5	6	7	8	9	10	11	12	13	14	15	16	17	18	20	21	22	23	24	25	26	27	28	29	30	31	32	33	34	36	37	38	39	40	41	42	43	44	45	46	47	48	49	#
319	8068.68	5	11	12	13	17	21	24	26	32	43	44	46	47	#
320	25362.5	1	3	4	5	7	8	9	10	11	14	15	16	21	22	23	24	25	26	28	30	34	37	38	39	40	41	42	43	45	46	48	49	#
321	3056.43	3	4	17	18	21	22	23	24	25	28	30	34	41	43	48	#
322	2542.37	5	9	12	14	18	25	28	35	38	47	#
323	14074.4	3	7	10	14	15	29	33	34	35	36	37	38	41	42	43	48	#
324	22674.9	0	2	3	6	7	10	11	12	13	14	15	16	17	18	19	20	21	22	23	25	26	27	28	29	30	31	32	33	35	36	37	38	39	41	42	43	44	47	49	#
325	1369.56	0	2	4	12	13	14	17	19	23	27	34	36	49	#
326	28018.1	0	1	2	4	5	6	8	9	10	11	12	13	14	16	17	18	19	20	21	22	23	24	25	26	29	30	31	32	33	34	35	36	37	39	40	41	42	43	44	45	48	49	#
327	25962.8	0	1	2	5	6	8	9	10	11	14	16	18	20	21	22	23	27	28	29	30	32	33	35	37	39	40	41	42	44	47	49	#
328	2324.31	1	2	4	6	7	9	13	14	22	23	24	25	28	30	35	37	39	44	45	46	49	#
329	7010.73	5	6	7	10	14	17	19	22	23	24	30	32	33	34	36	41	42	43	44	45	46	47	#
330	6815.7	0	3	5	6	7	8	9	12	13	15	16	17	18	19	20	22	26	27	32	35	36	37	39	40	44	45	48	49	#
331	21872.5	0	2	3	4	5	6	8	9	11	12	13	14	15	16	17	18	19	21	22	24	25	26	27	29	30	31	32	33	34	39	40	41	43	44	45	46	47	#
332	26453.9	0	1	2	4	5	7	9	11	12	15	17	18	20	24	25	26	27	29	32	35	36	39	41	42	43	44	45	46	47	48	49	#
333	10497.8	1	2	3	4	5	6	7	8	9	10	11	12	14	15	18	19	20	21	22	24	25	26	27	28	30	31	32	34	35	36	37	38	39	40	44	45	46	47	49	#
334	27454.7	0	1	2	3	4	5	6	8	9	10	11	13	14	15	18	19	21	22	24	27	28	31	32	33	35	36	37	38	39	44	46	47	48	49	#
335	3002.88	2	5	6	13	16	17	23	28	29	39	42	45	47	49	#
336	37214.6	0	1	2	3	4	6	8	9	10	11	12	13	14	15	16	17	18	19	20	21	22	23	24	25	26	27	28	29	30	31	32	33	34	35	36	37	38	39	41	42	44	45	46	48	49	#
337	8224.01	3	5	6	7	21	27	28	32	37	41	43	46	#
338	17762.6	0	1	2	3	5	7	8	9	11	13	14	15	16	19	20	21	22	23	24	28	32	34	37	38	39	40	41	42	44	45	48	49	#
339	8729.02	0	4	14	16	31	33	35	37	39	40	41	#
340	2371.83	1	11	15	16	18	29	31	38	39	43	47	#
341	5344.45	0	1	2	3	4	5	6	9	10	11	14	16	18	20	22	27	28	29	30	31	32	33	#
342	19974.8	1	2	3	5	6	7	8	11	12	15	17	18	22	24	26	34	35	36	37	38	41	42	43	45	47	48	49	#
343	24530.6	0	1	2	3	4	5	6	7	8	10	11	12	13	14	15	16	17	18	19	20	21	22	25	26	27	28	30	31	32	33	34	36	40	41	42	43	45	46	47	48	49	#
344	6246.2	0	3	5	11	16	18	19	20	21	22	23	24	26	31	32	33	34	36	37	38	39	40	41	42	47	48	#
345	23153.3	0	2	5	7	8	11	13	16	18	22	26	34	35	36	37	38	41	42	43	44	45	46	47	48	#
346	14721.9	0	2	4	6	7	10	12	13	14	15	16	19	20	22	25	28	29	30	31	33	34	36	37	38	39	41	42	43	44	45	46	49	#
347	29465.7	0	1	2	4	5	6	8	9	10	12	13	16	17	18	20	21	22	23	24	25	26	28	29	30	31	32	33	34	35	36	38	39	40	41	42	44	45	46	47	48	49	#
348	5928.6	3	7	26	30	34	40	48	#
349	41528.8	0	1	2	3	4	5	6	7	8	9	10	11	12	13	14	15	16	17	18	19	20	21	22	23	24	25	26	27	28	29	30	31	32	33	35	36	37	38	40	41	42	43	44	45	46	47	48	49	#
350	23574.6	0	1	2	3	4	5	7	8	9	11	13	14	15	16	17	18	19	20	21	22	23	24	25	26	27	28	29	30	31	32	33	34	36	37	38	42	43	45	46	48	49	#
351	16469.3	0	1	2	3	4	7	9	10	11	14	18	19	20	21	22	23	24	26	27	28	29	30	32	34	35	37	40	41	45	48	49	#
352	7543.53	0	3	4	6	7	9	12	13	20	21	24	25	27	28	31	33	34	37	39	42	43	45	46	47	#
353	17963.3	1	3	5	12	13	22	23	28	29	31	32	33	34	39	42	44	45	46	48	#
354	10881.2	0	2	3	4	6	9	10	11	12	16	18	19	20	23	24	27	28	29	30	31	32	33	35	36	37	38	39	40	41	42	43	44	45	46	47	48	49	#
355	814.851	0	2	19	47	48	#
356	27081.3	1	3	4	5	6	7	8	9	12	13	14	15	16	17	18	20	21	22	24	25	27	28	29	30	31	33	37	41	44	45	46	48	#
357	10275.7	0	1	2	4	6	8	9	10	11	12	14	15	17	19	21	25	26	29	32	33	37	43	45	46	47	48	49	#
358	1049.22	0	12	13	15	16	19	24	25	26	27	34	37	46	47	#
359	7149.87	0	3	9	17	18	24	25	28	29	30	32	34	40	45	47	48	#
360	789.977	23	25	#
361	3669.82	4	10	19	21	22	31	32	38	42	47	49	#
362	9406.53	0	1	5	7	8	11	14	15	16	20	22	28	29	30	33	35	39	40	41	45	46	#
363	23784.7	0	1	4	6	7	11	12	15	17	19	22	24	26	27	30	31	32	33	34	35	37	40	43	45	48	49	#
364	12174	2	3	4	5	6	7	8	10	11	13	14	18	20	22	23	24	25	26	28	29	30	31	32	35	37	38	39	40	41	42	43	44	45	47	48	49	#
365	15043.1	0	3	4	8	10	11	12	14	15	20	24	25	28	30	32	37	43	#
366	33448.6	0	1	2	4	6	7	9	10	11	13	15	17	18	21	22	25	26	27	28	29	30	31	33	34	35	36	37	40	42	44	45	46	47	49	#
367	4043.01	7	13	18	26	27	31	38	41	49	#
368	16782.5	0	8	10	12	15	16	18	19	22	24	28	29	32	34	37	38	40	42	45	48	49	#
369	2187.92	9	11	15	20	30	32	33	35	45	48	49	#
370	47706	0	1	2	3	4	5	6	7	8	9	10	12	13	14	15	16	17	18	19	20	21	22	23	24	25	26	27	28	29	30	31	32	33	34	36	37	38	39	40	41	42	43	44	45	46	47	48	49	#
371	32481.8	0	1	2	3	4	5	6	7	9	10	11	12	13	14	15	16	17	19	21	22	23	26	27	28	29	30	31	32	33	34	35	37	38	39	40	41	43	45	46	47	48	49	#
372	4563.97	0	1	2	5	6	7	11	12	13	15	16	17	18	19	20	21	22	24	26	27	33	34	37	39	40	41	42	44	45	47	48	49	#
373	12710.1	0	4	8	12	13	14	17	21	24	25	26	28	33	38	46	49	#
374	21620.7	1	2	3	4	5	6	7	8	9	10	13	14	15	16	17	19	20	21	22	24	27	28	29	30	31	32	33	34	35	38	39	40	44	45	46	47	48	#
375	10615.3	0	1	2	4	5	6	8	9	10	11	14	15	17	19	20	21	22	23	24	26	27	28	30	31	32	33	35	37	38	40	42	44	48	49	#
376	17988.8	0	3	4	5	8	9	11	13	15	16	18	19	21	22	23	24	25	29	31	36	37	39	44	45	47	48	49	#
377	16917.5	0	1	2	3	4	5	6	7	8	9	10	11	12	13	15	16	18	19	20	21	22	23	24	25	26	28	30	31	32	33	37	38	39	41	42	43	44	46	47	48	#
378	10114.3	3	6	9	17	19	21	23	24	26	28	31	33	37	40	44	48	#
379	33387.6	0	1	2	3	4	5	6	7	8	9	10	11	12	13	14	15	16	17	18	20	21	22	23	25	26	27	28	29	30	31	32	33	34	36	37	38	39	40	41	42	43	44	45	46	47	48	49	#
380	8571.39	2	7	9	20	24	28	30	31	33	41	48	#
381	7310.81	2	3	5	7	8	10	11	14	18	21	22	24	25	27	28	32	33	34	38	39	44	47	48	#
382	22239.2	1	2	4	6	8	9	11	13	14	17	19	20	21	22	23	24	25	27	28	29	30	31	32	33	34	35	36	37	38	40	44	45	46	48	#
383	16347.4	0	5	6	8	11	16	19	20	21	22	23	30	34	36	37	40	43	44	46	48	49	#
384	17100.2	1	2	3	4	5	6	8	9	10	11	12	14	16	19	20	22	23	25	26	27	28	30	31	32	33	36	37	38	39	40	42	43	44	46	#
385	7842.81	3	4	7	8	9	12	15	16	19	21	32	33	43	45	47	#
386	22381.4	0	1	3	4	5	6	7	9	10	11	12	13	14	15	17	18	20	22	25	26	28	29	30	31	34	35	36	37	38	39	40	41	42	44	46	47	48	49	#
387	17880	2	5	6	13	15	16	19	22	24	26	29	31	32	33	42	45	46	47	#
388	4049.06	1	2	4	10	14	15	17	18	20	35	39	41	42	47	#
389	25234.6	0	1	2	3	4	6	7	9	10	11	12	15	17	18	19	20	21	23	24	25	26	27	28	29	30	31	32	33	34	36	37	38	39	40	41	42	43	44	45	47	48	49	#
390	2483.32	10	13	33	#
391	2022.97	1	6	11	14	19	24	27	28	32	35	39	43	#
392	20960.2	2	3	4	5	7	8	11	15	20	21	26	28	30	31	33	35	36	38	40	41	42	44	46	#
393	23493.7	0	1	3	6	9	10	11	14	15	16	17	19	21	22	23	24	26	27	29	31	34	38	39	40	41	42	43	44	45	49	#
394	11002.7	5	6	14	15	16	18	19	20	26	33	35	36	39	40	43	45	47	48	#
395	3886.09	1	4	5	6	15	17	18	19	27	35	36	39	40	47	49	#
396	3398.59	4	6	7	16	21	26	28	29	33	35	36	#
397	19258.9	0	1	2	3	4	6	7	8	9	11	12	14	16	17	18	19	20	21	22	23	24	25	26	27	28	29	30	31	33	34	35	36	37	38	39	40	41	42	44	45	46	48	49	#
398	24.35	38	#
399	9632.38	5	10	11	14	18	21	30	39	47	48	#
