%% File generated by CATS v.2.1Mon Jul  4 11:09:37 2011

%% The CATS webpage is http://robotics.stanford.edu/CATS

%% PARAMETER SETTINGS:
% Goods: 512; Bids: 2000; Distribution: L3; Runs: 1; Seed: 1309806901
% Legacy distribution parameters:
% Number of goods chosen according to Constant distribution (const_goods = 3).
% Price chosen according to Fixed Random distribution (low_fixed = 0, high_fixed = 1000).


goods 512
bids 2000
dummy 0

0	467.748	31	327	339	#
1	638.87	281	441	494	#
2	473.013	98	148	206	#
3	234.687	114	126	160	#
4	2.60454	37	127	375	#
5	968.04	206	288	392	#
6	598.939	7	204	455	#
7	180.275	319	480	505	#
8	373.812	39	191	195	#
9	706.197	19	46	337	#
10	844.937	180	282	306	#
11	287.235	157	181	217	#
12	624.808	162	203	507	#
13	894.875	33	172	330	#
14	47.7479	266	363	509	#
15	197.18	5	238	326	#
16	841.479	13	172	392	#
17	499.845	44	244	450	#
18	376.337	44	362	431	#
19	498.128	56	151	193	#
20	858.249	261	274	484	#
21	87.1176	90	264	336	#
22	70.8418	168	197	323	#
23	295.192	193	308	365	#
24	917.585	107	294	429	#
25	129.144	64	87	147	#
26	66.5901	300	423	506	#
27	749.352	47	197	202	#
28	458.728	1	75	325	#
29	929.477	177	248	285	#
30	303.977	333	377	459	#
31	197.583	50	421	442	#
32	461.404	63	323	474	#
33	404.186	114	153	474	#
34	774.968	84	157	226	#
35	717.627	392	394	412	#
36	20.3166	10	194	282	#
37	208.306	7	155	295	#
38	607.021	246	298	303	#
39	250.683	92	401	469	#
40	76.1936	116	267	472	#
41	945.594	84	151	422	#
42	735.2	268	425	482	#
43	645.308	331	388	399	#
44	479.168	21	46	115	#
45	449.887	151	323	354	#
46	963.274	18	137	394	#
47	235.796	85	323	344	#
48	810.279	11	226	253	#
49	376.329	329	393	471	#
50	464.56	274	285	291	#
51	818.325	107	234	371	#
52	636.868	128	349	480	#
53	590.754	37	301	327	#
54	23.3232	248	429	431	#
55	138.154	235	362	450	#
56	127.661	50	428	500	#
57	95.519	270	309	359	#
58	567.483	116	482	492	#
59	251.145	212	335	455	#
60	203.307	35	286	371	#
61	480.038	12	89	247	#
62	793.43	89	192	505	#
63	372.899	53	166	343	#
64	648.162	8	53	398	#
65	134.331	104	132	291	#
66	933.72	9	187	219	#
67	78.7758	68	90	289	#
68	859.093	85	117	146	#
69	713.848	71	312	386	#
70	968.441	81	363	483	#
71	968.096	26	140	410	#
72	157.097	3	9	133	#
73	593.861	162	470	476	#
74	831.016	1	195	229	#
75	155.79	19	63	497	#
76	837.491	136	288	455	#
77	301.69	237	259	277	#
78	409.241	58	346	418	#
79	204.781	48	124	142	#
80	384.483	357	418	471	#
81	165.068	320	455	494	#
82	392.326	94	129	445	#
83	362.391	120	306	457	#
84	525.888	76	98	507	#
85	664.901	71	251	416	#
86	264.729	235	240	311	#
87	214.034	192	353	509	#
88	53.7701	260	280	343	#
89	230.728	119	214	289	#
90	997.558	110	151	428	#
91	117.5	82	275	486	#
92	586.803	370	410	440	#
93	467.133	70	157	308	#
94	238.328	280	428	465	#
95	993.394	83	149	264	#
96	367.191	40	51	357	#
97	905.034	172	402	506	#
98	560.041	141	200	441	#
99	977.246	72	409	437	#
100	465.241	14	469	479	#
101	491.186	13	209	411	#
102	237.605	39	125	159	#
103	760.032	86	392	396	#
104	231.499	16	147	456	#
105	29.1896	214	254	501	#
106	151.765	258	419	420	#
107	810.26	315	358	487	#
108	433.836	150	258	336	#
109	712.516	160	196	397	#
110	366.495	183	367	476	#
111	805.376	10	118	229	#
112	706.087	150	410	412	#
113	296.32	6	174	360	#
114	47.6046	36	125	269	#
115	840.933	257	267	468	#
116	15.8999	416	433	440	#
117	115.238	122	188	413	#
118	419.393	69	432	507	#
119	375.185	231	291	292	#
120	868.988	48	78	370	#
121	604.183	118	401	505	#
122	6.52573	159	169	384	#
123	506.739	100	428	475	#
124	409.922	185	259	374	#
125	44.7802	173	403	426	#
126	446.287	195	356	370	#
127	432.944	70	115	343	#
128	829.625	105	303	330	#
129	510.108	2	19	41	#
130	406.355	123	301	380	#
131	186.649	94	154	509	#
132	739.721	96	145	383	#
133	230.4	91	111	314	#
134	393.268	42	174	178	#
135	999.009	81	86	174	#
136	423.91	49	161	476	#
137	852.361	85	147	252	#
138	618.959	159	296	357	#
139	594.743	112	327	379	#
140	622.923	280	282	476	#
141	949.088	71	331	368	#
142	726.063	21	50	457	#
143	690.792	36	329	471	#
144	23.3978	217	315	491	#
145	798.098	90	140	295	#
146	499.63	34	314	329	#
147	512.696	11	333	499	#
148	11.6108	72	190	387	#
149	201.659	48	139	468	#
150	764.776	100	373	472	#
151	715.267	4	306	398	#
152	704.609	79	310	474	#
153	359.505	170	349	493	#
154	178.735	160	372	449	#
155	239.742	155	289	334	#
156	816.11	6	16	509	#
157	526.046	52	91	250	#
158	816.8	159	314	445	#
159	140.762	16	27	301	#
160	749.189	66	486	498	#
161	475.445	276	367	501	#
162	511.018	24	33	286	#
163	6.93145	72	266	376	#
164	326.478	102	124	484	#
165	101.275	235	256	481	#
166	523.651	176	201	483	#
167	869.463	12	105	486	#
168	364.908	7	359	479	#
169	670.294	152	214	260	#
170	387.456	237	292	440	#
171	743.46	263	485	508	#
172	552.027	98	288	318	#
173	499.865	24	368	429	#
174	994.797	359	390	435	#
175	196.358	186	247	378	#
176	330.919	19	115	398	#
177	78.5515	133	208	362	#
178	267.636	154	313	496	#
179	588.054	128	367	464	#
180	750.769	139	195	204	#
181	899.416	255	284	386	#
182	990.422	212	239	311	#
183	877.263	11	138	142	#
184	490.09	250	281	374	#
185	525.564	247	390	446	#
186	637.915	45	459	494	#
187	138.631	153	368	421	#
188	509.651	66	75	101	#
189	657.456	132	293	315	#
190	279.979	23	64	435	#
191	185.124	214	354	359	#
192	42.135	254	477	495	#
193	221.52	93	413	456	#
194	895.364	77	209	428	#
195	940.248	5	359	418	#
196	875.564	62	87	206	#
197	749.595	78	190	471	#
198	676.524	181	284	409	#
199	454.604	291	328	399	#
200	137.509	164	177	412	#
201	568.739	230	397	445	#
202	157.488	52	64	153	#
203	711.33	90	106	377	#
204	37.1368	189	236	481	#
205	570.936	159	283	444	#
206	246.826	15	330	350	#
207	614.951	55	105	242	#
208	272.097	71	338	389	#
209	582.225	246	411	464	#
210	497.732	223	244	375	#
211	808.173	238	256	423	#
212	57.3123	119	361	419	#
213	600.785	0	267	369	#
214	197.264	139	373	395	#
215	211.146	54	115	280	#
216	982.675	174	458	497	#
217	423.517	52	267	497	#
218	106.766	0	268	273	#
219	427.738	105	324	453	#
220	156.701	78	324	470	#
221	430.635	242	286	445	#
222	935.503	83	141	165	#
223	413.335	41	330	337	#
224	165.588	399	448	497	#
225	809.36	287	382	507	#
226	900.055	117	205	315	#
227	6.78917	261	389	425	#
228	365.631	105	354	428	#
229	471.487	212	285	472	#
230	118.479	108	120	297	#
231	739.864	180	199	283	#
232	66.1973	21	426	456	#
233	413.482	197	312	416	#
234	699.965	193	207	449	#
235	579.512	208	413	502	#
236	770.815	65	150	230	#
237	794.838	73	79	289	#
238	338.787	51	177	481	#
239	414.611	302	394	441	#
240	335.599	118	218	376	#
241	398.579	256	344	460	#
242	524.672	203	262	377	#
243	112.309	76	448	487	#
244	16.7365	66	402	481	#
245	55.474	78	110	135	#
246	304.913	29	156	353	#
247	895.634	11	58	59	#
248	120.089	229	356	423	#
249	663.52	243	269	475	#
250	275.554	64	293	367	#
251	474.581	34	155	336	#
252	69.3037	195	309	335	#
253	681.614	137	193	456	#
254	743.04	158	315	411	#
255	934.589	127	210	415	#
256	958.859	33	155	301	#
257	226.305	25	204	394	#
258	247.748	100	151	351	#
259	636.307	3	99	375	#
260	908.432	76	135	399	#
261	150.551	43	180	245	#
262	890.8	41	260	277	#
263	630.556	243	273	488	#
264	785.008	25	71	321	#
265	733.367	175	251	479	#
266	155.569	284	314	499	#
267	342.396	71	116	471	#
268	109.129	31	264	458	#
269	859.287	5	52	506	#
270	165.276	80	108	307	#
271	528.208	66	69	282	#
272	211.698	11	89	415	#
273	816.538	83	259	385	#
274	568.093	358	456	482	#
275	759.686	157	234	459	#
276	957.732	68	244	425	#
277	92.8293	13	352	365	#
278	491.155	48	179	260	#
279	938.651	99	234	237	#
280	603.48	231	381	407	#
281	797.673	261	329	438	#
282	254.885	68	327	394	#
283	596.604	43	50	242	#
284	603.311	85	465	502	#
285	590.134	354	387	403	#
286	789.041	66	403	449	#
287	982.903	43	191	251	#
288	432.769	146	192	290	#
289	240.92	329	437	448	#
290	941.891	59	172	482	#
291	195.485	85	92	258	#
292	744.219	80	199	376	#
293	207.713	88	411	454	#
294	123.922	270	394	465	#
295	858.043	366	428	434	#
296	421.471	56	240	308	#
297	852.658	123	261	302	#
298	977.485	70	163	428	#
299	97.541	237	253	445	#
300	349.804	330	345	389	#
301	180.898	215	301	322	#
302	13.7947	46	63	350	#
303	826.009	27	82	174	#
304	967.78	195	484	504	#
305	229.084	40	395	464	#
306	408.671	226	254	263	#
307	580.488	201	457	458	#
308	917.275	85	217	417	#
309	482.75	93	116	252	#
310	398.447	173	180	453	#
311	425.057	52	223	492	#
312	358.114	19	193	338	#
313	951.46	126	130	487	#
314	967.439	147	184	222	#
315	668.835	116	189	457	#
316	763.725	91	134	402	#
317	780.643	66	103	335	#
318	768.39	51	54	386	#
319	403.869	46	196	434	#
320	264.221	35	158	287	#
321	529.012	56	243	346	#
322	467.285	11	207	495	#
323	116.818	97	179	412	#
324	853.308	237	240	289	#
325	490.483	162	211	257	#
326	953.958	70	100	215	#
327	878.326	69	222	274	#
328	25.4336	303	430	476	#
329	689.489	17	210	298	#
330	109.879	23	318	477	#
331	864.005	53	57	59	#
332	659.576	66	169	371	#
333	428.603	11	226	261	#
334	74.5491	122	298	435	#
335	210.929	20	96	362	#
336	216.085	225	341	357	#
337	517.378	114	192	502	#
338	201.889	206	315	455	#
339	463.542	108	441	489	#
340	562.973	196	210	232	#
341	561.301	29	90	160	#
342	148.039	100	149	479	#
343	112.886	235	268	470	#
344	998.075	38	422	424	#
345	939.775	94	318	487	#
346	781.974	120	317	345	#
347	983.067	6	33	489	#
348	283.475	84	264	493	#
349	352.037	41	43	62	#
350	860.338	89	382	409	#
351	468.844	301	375	391	#
352	758.6	158	187	469	#
353	59.908	156	212	345	#
354	657.913	28	394	437	#
355	878.272	218	381	385	#
356	848.403	111	150	425	#
357	206.292	347	450	497	#
358	995.11	225	429	509	#
359	384.285	96	265	447	#
360	533.03	162	318	471	#
361	838.323	4	230	444	#
362	353.91	161	261	378	#
363	339.13	173	190	295	#
364	595.378	39	234	389	#
365	514.075	26	78	207	#
366	23.647	46	52	307	#
367	955.575	68	302	377	#
368	712.953	250	369	399	#
369	621.724	11	210	491	#
370	468.042	374	381	471	#
371	608.768	73	390	412	#
372	710.438	145	147	458	#
373	790.094	122	404	429	#
374	354.899	81	194	231	#
375	262.675	13	120	288	#
376	539.364	197	226	316	#
377	19.4645	74	235	420	#
378	939.866	390	408	423	#
379	775.003	249	261	401	#
380	801.31	194	345	393	#
381	411.575	22	23	280	#
382	745.662	115	235	458	#
383	84.4967	108	271	311	#
384	263.103	22	419	435	#
385	289.913	131	173	425	#
386	628.551	230	289	435	#
387	39.3324	271	353	359	#
388	736.074	175	405	460	#
389	964.912	40	52	212	#
390	5.49558	66	346	507	#
391	420.789	30	150	281	#
392	702.225	21	487	494	#
393	337.227	107	416	477	#
394	896.256	154	213	352	#
395	954.342	37	297	376	#
396	563.862	79	196	233	#
397	945.183	30	36	56	#
398	2.29584	43	75	93	#
399	972.004	64	105	255	#
400	826.45	331	354	375	#
401	146.358	229	262	340	#
402	821.309	9	206	281	#
403	696.623	22	61	489	#
404	835.167	190	285	328	#
405	385.829	14	77	272	#
406	715.953	28	109	206	#
407	868.195	202	280	326	#
408	16.6494	7	194	462	#
409	224.49	136	321	336	#
410	825.671	80	226	485	#
411	374.387	186	337	489	#
412	614.2	5	44	205	#
413	928.219	265	277	289	#
414	434.861	35	210	299	#
415	311.041	61	233	482	#
416	154.75	82	432	442	#
417	668.684	18	42	375	#
418	660.703	223	363	504	#
419	148.474	258	314	368	#
420	135.856	7	10	253	#
421	636.561	45	93	165	#
422	573.888	262	339	466	#
423	929.309	186	340	504	#
424	671.002	96	173	262	#
425	617.941	75	96	157	#
426	115.571	254	297	325	#
427	673.662	23	361	414	#
428	81.5054	113	219	383	#
429	834.728	266	373	506	#
430	423.794	128	500	511	#
431	417.436	135	196	401	#
432	673.287	85	477	484	#
433	99.782	71	130	333	#
434	432.683	45	209	403	#
435	559.516	284	289	458	#
436	186.81	72	367	507	#
437	587.611	64	75	462	#
438	857.687	44	63	394	#
439	443.645	220	405	469	#
440	658.448	20	94	463	#
441	771.375	99	223	277	#
442	930.152	128	397	416	#
443	350.763	38	42	466	#
444	681.574	217	240	376	#
445	327.003	3	229	291	#
446	494.5	116	346	478	#
447	327.583	45	314	410	#
448	305.655	136	234	414	#
449	55.1806	38	70	476	#
450	331.299	85	182	434	#
451	527.2	92	355	366	#
452	61.6228	33	316	403	#
453	122.015	104	215	395	#
454	819.509	130	249	281	#
455	987.496	117	367	486	#
456	851.807	66	72	118	#
457	169.136	284	323	454	#
458	301.18	278	304	374	#
459	23.1369	23	314	400	#
460	692.719	100	130	344	#
461	94.0274	1	128	338	#
462	761.88	461	480	506	#
463	656.936	249	291	319	#
464	548.953	0	59	79	#
465	551.368	131	175	247	#
466	690.147	70	155	454	#
467	766.365	121	236	409	#
468	746.502	49	137	491	#
469	476.162	11	276	322	#
470	229.236	56	443	499	#
471	870.996	309	321	506	#
472	703.755	10	56	493	#
473	179.437	289	403	477	#
474	984.441	134	297	456	#
475	736.658	72	111	132	#
476	968.468	141	343	449	#
477	817.298	3	65	366	#
478	99.2779	37	119	429	#
479	222.08	77	96	281	#
480	798.98	65	135	415	#
481	284.113	33	442	446	#
482	463.814	33	132	391	#
483	43.8103	96	372	388	#
484	777.969	42	281	370	#
485	830.61	114	161	493	#
486	168.412	266	281	427	#
487	385.197	107	198	233	#
488	197.016	140	356	447	#
489	957.68	208	272	412	#
490	566.184	48	187	468	#
491	525.195	145	238	401	#
492	200.259	27	336	489	#
493	386.643	182	332	390	#
494	557.426	205	307	367	#
495	912.799	55	219	275	#
496	925.431	102	204	337	#
497	156.781	317	338	489	#
498	959.321	49	279	487	#
499	362.866	77	140	325	#
500	130.552	23	365	377	#
501	150.912	20	290	335	#
502	74.1897	267	399	401	#
503	299.134	13	290	375	#
504	44.5551	232	254	378	#
505	599.778	189	258	264	#
506	819.566	206	330	348	#
507	220.182	33	193	350	#
508	430.134	58	75	168	#
509	366.041	10	367	443	#
510	33.3871	384	387	505	#
511	814.148	343	346	421	#
512	97.0943	12	194	500	#
513	58.6601	163	209	305	#
514	817.574	107	312	490	#
515	397.964	103	327	386	#
516	354.483	409	468	496	#
517	278.43	83	188	451	#
518	33.2798	10	105	106	#
519	606.899	0	173	327	#
520	139.779	20	62	209	#
521	545.472	68	227	297	#
522	311.099	127	256	504	#
523	510.188	11	29	130	#
524	813.437	60	103	106	#
525	709.447	160	220	285	#
526	189.503	338	434	455	#
527	578.523	76	151	343	#
528	857.043	38	321	409	#
529	893.278	242	349	435	#
530	244.802	52	84	162	#
531	179.204	134	240	246	#
532	963.389	280	287	384	#
533	271.162	245	280	439	#
534	325.892	187	310	466	#
535	524.711	265	314	419	#
536	256.729	6	288	430	#
537	231.656	4	97	403	#
538	257.093	349	357	484	#
539	250.489	177	441	455	#
540	631.506	154	272	302	#
541	726.606	205	279	430	#
542	622.339	89	234	381	#
543	47.7316	210	297	439	#
544	447.832	135	301	362	#
545	856.723	20	203	398	#
546	494.008	252	267	477	#
547	26.9296	265	290	391	#
548	71.9927	265	315	422	#
549	994.559	39	346	446	#
550	219.682	309	419	487	#
551	737.981	44	260	299	#
552	0.272613	68	89	444	#
553	995.692	103	155	157	#
554	630.105	22	46	157	#
555	22.6374	333	390	477	#
556	554.371	232	412	486	#
557	298.877	17	68	432	#
558	281.627	73	163	462	#
559	125.062	56	240	372	#
560	386.695	94	233	440	#
561	965.963	24	206	226	#
562	596.411	59	430	432	#
563	736.295	316	467	470	#
564	283.806	36	140	293	#
565	962.343	102	299	400	#
566	13.6969	39	64	327	#
567	898.393	434	441	455	#
568	6.30621	145	350	415	#
569	228.736	176	177	451	#
570	515.381	202	330	502	#
571	944.032	129	148	247	#
572	153.448	82	374	479	#
573	345.054	43	420	510	#
574	139.215	70	238	357	#
575	897.354	110	204	415	#
576	290.738	89	235	316	#
577	837.168	136	410	463	#
578	342.896	93	108	355	#
579	11.836	109	131	242	#
580	828.822	193	314	351	#
581	427.333	55	302	482	#
582	332.32	45	147	436	#
583	370.962	108	161	319	#
584	391.944	294	337	476	#
585	779.053	222	450	457	#
586	717.299	9	92	409	#
587	727.489	1	78	466	#
588	664.234	25	99	496	#
589	537.182	8	200	508	#
590	108.009	99	481	504	#
591	7.0716	114	221	250	#
592	952.132	266	292	341	#
593	714.031	117	132	464	#
594	515.451	227	325	341	#
595	152.041	45	102	502	#
596	951.217	7	201	391	#
597	722.259	55	367	496	#
598	669.216	106	286	357	#
599	231.115	100	114	180	#
600	455.718	26	245	378	#
601	605.34	152	240	452	#
602	615.823	129	163	381	#
603	990.812	239	496	499	#
604	999.004	277	437	463	#
605	266.384	70	318	350	#
606	210.92	61	137	191	#
607	274.368	124	269	324	#
608	663.316	70	106	309	#
609	746.085	15	244	300	#
610	368.622	108	116	137	#
611	983.922	373	400	438	#
612	547.037	319	428	450	#
613	850.587	239	347	418	#
614	181.279	366	414	497	#
615	511.752	287	449	490	#
616	627.767	14	59	456	#
617	680.048	5	79	347	#
618	272.94	9	68	387	#
619	816.361	125	134	252	#
620	9.50293	98	468	474	#
621	858.675	294	324	389	#
622	999.807	256	402	448	#
623	569.162	31	144	403	#
624	792.184	146	282	478	#
625	517.025	248	365	416	#
626	360.949	18	40	409	#
627	47.5808	90	250	260	#
628	51.9016	73	206	293	#
629	327.338	280	387	398	#
630	732.571	61	84	496	#
631	700.326	72	163	258	#
632	670.041	373	417	434	#
633	142.697	33	62	272	#
634	789.108	132	255	489	#
635	560.625	166	276	459	#
636	999.646	118	164	405	#
637	40.785	103	158	207	#
638	224.426	190	197	258	#
639	933.203	27	223	400	#
640	607.285	61	88	441	#
641	823.029	257	299	510	#
642	136.419	82	266	318	#
643	30.7853	111	350	372	#
644	578.694	268	475	509	#
645	269.908	26	75	454	#
646	188.276	96	375	386	#
647	485.904	44	298	381	#
648	126.488	1	285	373	#
649	703.203	99	251	274	#
650	909.702	77	101	163	#
651	913.792	90	244	506	#
652	488.21	23	78	498	#
653	655.98	285	393	455	#
654	751.373	44	161	303	#
655	952.146	206	258	438	#
656	353.018	232	387	424	#
657	701.079	109	201	327	#
658	755.908	279	295	350	#
659	453.535	23	318	511	#
660	305.259	361	384	412	#
661	738.887	5	104	360	#
662	958.64	199	227	445	#
663	756.243	53	375	433	#
664	23.2535	39	327	478	#
665	295.192	46	287	322	#
666	881.46	207	256	412	#
667	209.317	16	40	236	#
668	221.53	124	246	374	#
669	629.882	194	336	398	#
670	733.029	138	183	343	#
671	377.618	154	177	457	#
672	574.823	327	419	464	#
673	707.278	87	262	493	#
674	362.952	200	310	503	#
675	395.888	28	317	472	#
676	198.75	52	301	324	#
677	435.006	119	293	407	#
678	874.811	365	431	479	#
679	347.324	260	293	424	#
680	930.462	90	278	419	#
681	374.667	202	262	270	#
682	178.045	293	430	463	#
683	257.518	153	236	410	#
684	732.913	190	339	417	#
685	662.247	81	276	429	#
686	356.647	58	101	196	#
687	147.659	71	161	195	#
688	679.191	325	373	498	#
689	217.497	394	445	461	#
690	397.844	147	305	339	#
691	803.436	159	209	505	#
692	864.51	24	393	488	#
693	602.17	200	256	442	#
694	567.348	33	235	492	#
695	50.5659	145	312	479	#
696	888.916	172	311	336	#
697	364.438	8	240	358	#
698	180.177	187	246	494	#
699	989.383	121	304	370	#
700	628.137	276	284	453	#
701	16.1776	170	188	421	#
702	614.703	89	311	373	#
703	598.62	170	386	422	#
704	265.239	0	19	356	#
705	178.289	308	342	448	#
706	667.581	234	428	496	#
707	368.547	18	368	446	#
708	805.74	58	319	330	#
709	679.202	110	181	281	#
710	597.212	9	277	442	#
711	873.631	58	139	370	#
712	548.845	35	99	446	#
713	641.719	190	197	224	#
714	453.402	227	361	459	#
715	444.862	116	193	435	#
716	237.441	43	111	294	#
717	843.362	164	293	472	#
718	540.876	169	351	436	#
719	351.901	99	160	480	#
720	859.535	35	128	448	#
721	885.372	47	175	345	#
722	114.289	19	225	428	#
723	155.221	42	343	411	#
724	323.764	5	197	491	#
725	955.519	171	309	485	#
726	652.409	347	458	472	#
727	138.379	82	180	219	#
728	481.654	47	133	494	#
729	219.882	20	86	229	#
730	309.11	71	201	348	#
731	980.587	186	262	294	#
732	219.269	16	81	273	#
733	128.746	237	240	343	#
734	388.846	33	218	234	#
735	79.7344	18	368	444	#
736	590.923	227	285	461	#
737	171.79	92	101	119	#
738	944.257	57	441	467	#
739	186.017	35	84	222	#
740	217.592	28	39	380	#
741	867.698	48	172	415	#
742	843.558	26	170	255	#
743	256.33	119	171	481	#
744	422.693	126	160	403	#
745	23.3729	8	417	471	#
746	905.373	181	261	320	#
747	689.585	66	390	430	#
748	827.892	124	347	404	#
749	547.892	34	189	327	#
750	948.676	156	331	507	#
751	353.1	86	116	118	#
752	381.584	48	202	285	#
753	356.371	283	313	348	#
754	855.476	34	259	305	#
755	60.2201	11	209	375	#
756	42.7056	257	324	508	#
757	148.89	20	310	374	#
758	993.924	33	86	279	#
759	409.337	17	130	364	#
760	592.547	47	239	432	#
761	99.6297	40	353	461	#
762	599.488	23	206	319	#
763	144.441	147	176	437	#
764	297.202	44	215	264	#
765	741.392	299	457	480	#
766	961.848	80	88	362	#
767	447.386	112	270	463	#
768	393.325	5	53	359	#
769	580.64	27	206	275	#
770	515.179	52	273	366	#
771	822.004	161	223	241	#
772	619.851	252	426	498	#
773	228.232	42	49	150	#
774	179.465	365	397	450	#
775	480.242	134	274	412	#
776	268.322	1	421	438	#
777	80.9926	72	276	469	#
778	550.51	131	180	276	#
779	390.458	206	286	478	#
780	474.495	85	357	505	#
781	839.283	219	251	458	#
782	786.303	345	394	499	#
783	398.056	287	328	348	#
784	723.874	3	309	403	#
785	395.732	4	39	83	#
786	287.383	226	258	342	#
787	78.5967	49	239	240	#
788	793.825	69	328	411	#
789	880.266	1	382	496	#
790	518.865	144	288	509	#
791	233.547	146	201	425	#
792	604.935	48	309	339	#
793	896.62	162	272	447	#
794	571.798	6	163	290	#
795	188.828	30	215	346	#
796	704.266	2	283	422	#
797	235.463	108	254	382	#
798	311.481	153	216	284	#
799	306.315	158	228	384	#
800	353.161	59	457	494	#
801	599.306	148	375	395	#
802	210.421	348	375	378	#
803	368.441	90	94	217	#
804	442.265	155	191	245	#
805	124.346	230	441	508	#
806	213.578	95	274	337	#
807	746.071	68	108	283	#
808	706.405	203	224	409	#
809	734.402	300	374	470	#
810	233.549	14	101	148	#
811	509.788	85	322	333	#
812	961.993	92	398	432	#
813	612.1	128	156	499	#
814	123.356	185	284	451	#
815	894.765	20	409	446	#
816	339.614	248	281	360	#
817	322.462	21	122	275	#
818	224.489	271	380	448	#
819	779.363	134	330	387	#
820	734.44	9	210	403	#
821	374.059	76	278	370	#
822	837.863	107	118	378	#
823	87.6217	38	124	332	#
824	947.138	25	152	175	#
825	252.875	100	131	443	#
826	215.34	369	373	379	#
827	275.793	209	354	440	#
828	237.93	254	446	475	#
829	214.05	198	436	505	#
830	919.482	53	180	365	#
831	313.081	79	327	456	#
832	266.443	221	303	436	#
833	366.652	378	402	505	#
834	649.18	48	107	249	#
835	816.734	219	266	466	#
836	640.034	253	291	451	#
837	836.635	32	269	332	#
838	878.824	128	173	425	#
839	251.653	269	337	363	#
840	543.223	62	112	188	#
841	43.1343	270	330	508	#
842	908.664	117	201	246	#
843	354.672	2	219	230	#
844	170.893	214	397	442	#
845	373.27	171	304	409	#
846	174.025	58	256	493	#
847	193.665	43	308	474	#
848	937.932	16	95	185	#
849	790.594	305	329	418	#
850	911.023	43	203	404	#
851	521.633	24	374	398	#
852	687.944	399	407	491	#
853	162.361	225	360	421	#
854	526.451	17	24	108	#
855	335.932	154	393	409	#
856	373.711	44	65	343	#
857	340.751	92	195	203	#
858	269.473	14	34	178	#
859	802.796	128	203	385	#
860	932.053	24	253	373	#
861	283.232	3	184	440	#
862	52.807	74	128	417	#
863	957.315	227	272	363	#
864	325.728	283	312	441	#
865	747.188	66	291	484	#
866	521.026	235	238	433	#
867	839.014	58	432	504	#
868	975.059	138	193	267	#
869	343.996	101	325	484	#
870	713.657	83	206	214	#
871	973.203	108	117	329	#
872	51.9152	137	282	298	#
873	987.682	122	421	422	#
874	920.714	202	223	291	#
875	358.242	425	465	494	#
876	358.718	60	237	277	#
877	23.3369	92	433	449	#
878	578.343	54	143	446	#
879	368.887	17	129	411	#
880	765.127	37	74	99	#
881	570.43	333	422	505	#
882	302.211	159	258	341	#
883	235.868	0	15	90	#
884	425.057	154	416	471	#
885	866.188	60	160	226	#
886	406.318	255	262	343	#
887	11.8519	36	382	464	#
888	246.691	115	204	423	#
889	644.189	121	468	505	#
890	504.869	24	221	348	#
891	183.956	121	403	488	#
892	338.132	210	254	458	#
893	833.33	85	88	315	#
894	44.8789	97	180	186	#
895	342.963	9	40	467	#
896	401.369	228	252	502	#
897	112.323	112	370	384	#
898	867.154	0	79	222	#
899	569.388	151	303	332	#
900	297.192	321	405	463	#
901	104.882	129	260	341	#
902	143.311	16	76	202	#
903	446.569	314	343	353	#
904	253.729	117	198	307	#
905	250.748	113	373	486	#
906	286.494	138	416	424	#
907	860.919	16	23	171	#
908	441.254	193	207	365	#
909	637.712	19	119	148	#
910	683.434	333	416	448	#
911	999.508	75	86	164	#
912	885.919	37	167	174	#
913	329.795	26	297	461	#
914	345.526	357	398	412	#
915	205.133	7	273	293	#
916	945.078	216	436	482	#
917	976.739	225	260	350	#
918	826.557	65	76	293	#
919	599.015	82	196	245	#
920	816.846	33	185	235	#
921	739.966	59	141	496	#
922	4.75881	92	115	223	#
923	631.308	76	262	271	#
924	806.554	2	264	446	#
925	820.156	156	387	435	#
926	576.838	426	482	499	#
927	969.542	34	150	408	#
928	322.764	110	126	306	#
929	121.61	359	361	387	#
930	361.631	38	160	184	#
931	385.189	223	385	488	#
932	825.487	97	382	498	#
933	838.547	34	335	489	#
934	761.053	396	479	504	#
935	548.482	121	185	237	#
936	199.269	69	334	442	#
937	998.494	105	270	498	#
938	975.985	35	236	311	#
939	891.662	184	225	361	#
940	273.799	52	356	449	#
941	247.92	83	129	400	#
942	824.768	32	155	490	#
943	950.798	157	268	474	#
944	464.697	38	166	340	#
945	415.285	210	262	434	#
946	261.943	245	396	469	#
947	846.339	117	317	484	#
948	757.13	176	295	340	#
949	636.638	100	326	468	#
950	944.917	201	477	495	#
951	812.56	1	14	123	#
952	504.929	154	265	448	#
953	78.9408	9	23	32	#
954	446.186	246	276	495	#
955	936.046	64	250	474	#
956	767.845	81	264	442	#
957	546.262	142	277	399	#
958	958.791	45	249	344	#
959	513.388	181	305	347	#
960	159.607	290	318	386	#
961	504.001	5	122	152	#
962	592.648	62	367	462	#
963	688.222	302	361	493	#
964	429.451	112	120	500	#
965	306.299	20	51	455	#
966	609.426	25	192	210	#
967	277.8	15	431	498	#
968	249.748	166	285	487	#
969	227.774	65	385	510	#
970	607.993	337	464	496	#
971	168.187	14	179	332	#
972	758.869	28	161	274	#
973	864.917	207	311	426	#
974	913.125	57	147	457	#
975	301.481	188	445	446	#
976	439.04	278	346	456	#
977	153.052	371	445	507	#
978	320.374	178	327	367	#
979	228.669	183	317	477	#
980	888.702	37	267	320	#
981	674.028	13	108	121	#
982	333.852	40	317	413	#
983	637.137	5	232	418	#
984	892.494	187	312	497	#
985	33.7226	171	328	440	#
986	252.653	97	123	486	#
987	640.063	37	93	386	#
988	505.808	231	272	489	#
989	988.026	77	96	298	#
990	928.503	279	316	399	#
991	440.385	194	322	415	#
992	981.78	50	421	437	#
993	384.064	20	85	373	#
994	179.477	112	299	484	#
995	694.794	360	372	484	#
996	895.368	9	193	302	#
997	498.71	113	140	258	#
998	754.312	363	372	436	#
999	784.765	174	487	506	#
1000	984.035	93	197	234	#
1001	606.393	270	404	446	#
1002	991.851	49	114	342	#
1003	451.661	47	235	264	#
1004	474.586	95	176	390	#
1005	858.258	9	99	152	#
1006	570.151	72	74	477	#
1007	502.944	103	246	273	#
1008	915.674	140	189	245	#
1009	804.69	230	318	424	#
1010	989.773	67	177	411	#
1011	546.531	34	50	497	#
1012	785.517	0	147	256	#
1013	143.247	178	469	504	#
1014	685.807	17	261	446	#
1015	960.301	78	215	311	#
1016	394.356	127	208	431	#
1017	524.017	131	218	353	#
1018	913.145	21	66	323	#
1019	553.824	162	229	447	#
1020	851.177	148	284	285	#
1021	494.455	246	369	424	#
1022	799.538	409	427	472	#
1023	629.301	74	330	481	#
1024	114.238	383	448	491	#
1025	915.702	21	218	228	#
1026	210.974	80	89	206	#
1027	398.777	147	278	407	#
1028	394.93	85	160	299	#
1029	432.444	188	288	372	#
1030	323.903	80	155	442	#
1031	964.646	89	233	405	#
1032	434.5	16	121	276	#
1033	828.317	31	437	467	#
1034	48.8426	200	452	501	#
1035	320.48	184	191	216	#
1036	423.167	169	335	370	#
1037	348.92	58	158	261	#
1038	699.888	10	285	418	#
1039	79.2117	14	130	268	#
1040	581.165	371	463	496	#
1041	324.429	137	145	443	#
1042	554.673	176	267	347	#
1043	885.708	86	122	448	#
1044	671.252	48	171	424	#
1045	673.883	9	137	192	#
1046	199.297	43	326	373	#
1047	720.76	160	163	413	#
1048	962.189	22	72	106	#
1049	123.137	202	387	429	#
1050	802.761	225	266	422	#
1051	553.522	13	34	496	#
1052	412.762	41	100	188	#
1053	218.548	80	99	154	#
1054	715.437	117	224	256	#
1055	49.4351	248	333	379	#
1056	95.8351	11	105	195	#
1057	468.389	185	268	491	#
1058	36.1019	219	377	505	#
1059	290.658	139	186	465	#
1060	132.001	43	415	464	#
1061	194.056	53	96	211	#
1062	42.0764	20	142	467	#
1063	716.044	396	461	511	#
1064	652.333	113	280	467	#
1065	923.076	352	401	420	#
1066	626.987	266	295	375	#
1067	737.694	195	266	455	#
1068	559.796	225	239	382	#
1069	405.96	189	299	342	#
1070	140.689	135	217	323	#
1071	741.112	355	428	435	#
1072	108.817	264	380	403	#
1073	588.919	159	305	373	#
1074	275.889	70	197	242	#
1075	426.001	82	120	233	#
1076	572.578	294	383	414	#
1077	124.496	314	407	414	#
1078	895.977	119	475	484	#
1079	694.726	329	468	510	#
1080	517.54	34	176	365	#
1081	252.121	37	282	285	#
1082	948.628	137	319	479	#
1083	545.473	15	58	326	#
1084	454.739	313	352	444	#
1085	130.636	38	255	366	#
1086	859.677	292	436	437	#
1087	677.15	458	468	483	#
1088	887.381	317	391	495	#
1089	954.814	70	237	322	#
1090	51.8158	228	269	276	#
1091	763.038	168	203	466	#
1092	24.274	98	324	443	#
1093	437.914	138	238	462	#
1094	482.642	78	255	442	#
1095	600.238	34	341	407	#
1096	678.62	3	259	326	#
1097	492.28	328	334	406	#
1098	346.58	257	371	507	#
1099	591.951	39	260	453	#
1100	121.703	49	62	210	#
1101	190.047	183	381	501	#
1102	335.216	396	436	443	#
1103	269.605	152	256	326	#
1104	911.005	263	316	424	#
1105	335.955	127	146	269	#
1106	100.577	113	114	352	#
1107	811.872	173	234	278	#
1108	962.276	71	114	281	#
1109	234.325	285	440	508	#
1110	815.877	208	268	490	#
1111	767.604	42	497	500	#
1112	385.095	84	181	350	#
1113	482.215	117	304	321	#
1114	978.276	16	237	481	#
1115	439.718	44	198	421	#
1116	851.453	36	332	385	#
1117	870.789	69	329	337	#
1118	848.167	166	246	299	#
1119	637.064	86	419	449	#
1120	516.883	90	273	307	#
1121	726.942	176	236	389	#
1122	169.535	16	146	504	#
1123	751.301	84	153	478	#
1124	763.676	119	159	355	#
1125	277.188	320	326	359	#
1126	65.9084	61	63	218	#
1127	365.822	11	256	498	#
1128	285.707	164	209	504	#
1129	865.872	29	343	502	#
1130	256.448	127	171	172	#
1131	853.747	7	374	487	#
1132	284.411	70	142	368	#
1133	109.715	248	325	348	#
1134	986.69	389	411	434	#
1135	672.029	219	246	290	#
1136	795.432	246	299	397	#
1137	320.728	76	231	298	#
1138	318.482	222	251	272	#
1139	308.693	11	208	420	#
1140	415.479	302	374	399	#
1141	779.533	186	342	364	#
1142	673.645	51	294	317	#
1143	90.2426	69	252	376	#
1144	948.925	84	238	253	#
1145	691.121	2	187	475	#
1146	775.886	116	465	495	#
1147	306.271	12	249	306	#
1148	743.667	31	157	353	#
1149	905.068	248	262	310	#
1150	385.503	65	451	505	#
1151	358.298	0	51	311	#
1152	735.8	16	208	282	#
1153	732.252	2	220	471	#
1154	471.394	138	394	508	#
1155	889.87	37	164	479	#
1156	472.613	219	317	456	#
1157	440.098	7	203	395	#
1158	714.929	141	166	307	#
1159	104.958	163	409	487	#
1160	633.453	180	385	390	#
1161	258.379	158	272	417	#
1162	490.194	3	264	463	#
1163	731.675	28	211	257	#
1164	817.985	61	367	428	#
1165	977.612	70	158	429	#
1166	715.141	399	418	504	#
1167	338.35	1	149	362	#
1168	621.374	103	250	256	#
1169	472.072	373	416	497	#
1170	218.191	138	195	417	#
1171	958.995	4	249	299	#
1172	265.93	337	380	405	#
1173	729.459	209	292	377	#
1174	514.803	220	236	477	#
1175	235.18	155	404	493	#
1176	308.739	279	432	510	#
1177	219.251	75	191	359	#
1178	138.545	10	53	106	#
1179	531.368	82	380	416	#
1180	194.812	38	57	121	#
1181	681.77	90	209	356	#
1182	921.212	32	285	504	#
1183	730.727	32	416	467	#
1184	675.288	43	124	285	#
1185	669.998	56	225	278	#
1186	866.493	245	425	455	#
1187	668.45	212	319	458	#
1188	360.222	29	145	489	#
1189	426.166	25	430	460	#
1190	511.756	88	240	492	#
1191	409.625	44	105	236	#
1192	925.48	20	241	310	#
1193	925.158	62	296	375	#
1194	922.447	280	392	480	#
1195	828.677	117	295	502	#
1196	743.284	438	481	484	#
1197	166.749	46	116	367	#
1198	713.657	143	274	351	#
1199	197.416	52	220	500	#
1200	955.932	132	250	390	#
1201	48.7201	224	249	315	#
1202	743.38	119	293	439	#
1203	738.722	23	251	407	#
1204	262.224	118	313	432	#
1205	402.871	288	320	328	#
1206	371.993	57	455	500	#
1207	352.897	44	324	454	#
1208	936.134	49	354	361	#
1209	25.9729	59	113	197	#
1210	432.491	81	282	466	#
1211	973.72	244	290	295	#
1212	847.237	207	403	447	#
1213	787.682	23	72	405	#
1214	306.007	4	25	335	#
1215	261.233	135	206	477	#
1216	502.455	35	346	384	#
1217	147.45	83	156	419	#
1218	747.148	22	178	466	#
1219	588.284	161	266	446	#
1220	378.623	64	150	198	#
1221	662.465	81	169	406	#
1222	353.686	102	276	330	#
1223	527.868	67	474	506	#
1224	65.4224	295	312	393	#
1225	318.651	356	470	471	#
1226	825.117	13	473	477	#
1227	298.295	3	5	324	#
1228	988.212	226	281	433	#
1229	766.751	106	231	456	#
1230	404.638	212	231	412	#
1231	873.204	187	203	376	#
1232	730.281	298	432	444	#
1233	795.546	103	313	490	#
1234	149.067	156	215	421	#
1235	713.478	319	452	510	#
1236	224.065	282	332	455	#
1237	624.21	214	264	332	#
1238	921.232	108	255	279	#
1239	328.066	392	403	503	#
1240	242.523	40	315	353	#
1241	843.32	48	74	486	#
1242	23.342	205	354	384	#
1243	843.704	82	126	373	#
1244	832.164	105	426	432	#
1245	139.003	8	178	462	#
1246	859.325	122	228	327	#
1247	699.574	104	251	498	#
1248	513.407	295	457	460	#
1249	65.2737	107	125	286	#
1250	582.992	68	148	290	#
1251	7.59478	290	332	357	#
1252	254.914	0	165	493	#
1253	574.328	116	171	381	#
1254	172.147	186	284	494	#
1255	497.232	450	496	504	#
1256	942.002	34	225	394	#
1257	561.391	62	103	449	#
1258	764.104	78	147	406	#
1259	684.315	80	104	110	#
1260	137.64	303	373	427	#
1261	133.553	144	378	472	#
1262	928.683	370	399	489	#
1263	523.443	156	247	355	#
1264	430.916	162	392	438	#
1265	974.849	112	443	447	#
1266	436.876	58	261	275	#
1267	96.0942	239	396	429	#
1268	751.878	38	129	254	#
1269	249.002	206	296	459	#
1270	29.0775	68	137	376	#
1271	900.852	50	252	496	#
1272	949.236	309	370	477	#
1273	316.697	101	394	413	#
1274	137.871	87	102	494	#
1275	49.9242	21	369	510	#
1276	652.313	77	292	323	#
1277	889.837	25	119	492	#
1278	826.317	223	416	469	#
1279	265.281	63	300	489	#
1280	485.507	55	359	490	#
1281	383.967	61	81	396	#
1282	889.58	306	367	447	#
1283	39.4113	64	183	213	#
1284	333.761	310	403	493	#
1285	225.38	87	147	297	#
1286	996.314	53	189	260	#
1287	57.2769	91	320	366	#
1288	420.716	73	305	349	#
1289	879.766	105	241	413	#
1290	229.057	25	70	192	#
1291	726.067	66	120	342	#
1292	277.522	49	152	153	#
1293	486.747	23	68	476	#
1294	485.32	87	200	419	#
1295	244.455	332	420	460	#
1296	995.147	110	263	313	#
1297	235.929	162	414	480	#
1298	156.327	292	448	449	#
1299	813.76	37	57	370	#
1300	60.9905	305	341	366	#
1301	597.743	85	161	238	#
1302	9.18455	124	295	463	#
1303	729.304	190	196	356	#
1304	330.556	191	288	362	#
1305	772.378	145	380	387	#
1306	448.258	2	205	480	#
1307	340.224	375	381	400	#
1308	934.982	193	239	503	#
1309	970.062	3	112	419	#
1310	581.548	28	279	399	#
1311	116.051	179	412	438	#
1312	175.203	311	430	511	#
1313	385.994	61	379	395	#
1314	767.836	54	224	480	#
1315	308.31	124	358	458	#
1316	703.525	32	139	269	#
1317	983.185	49	174	234	#
1318	570.385	77	343	461	#
1319	945.434	8	312	341	#
1320	543.402	243	295	416	#
1321	446.52	115	352	355	#
1322	292.982	44	364	416	#
1323	149.278	83	162	460	#
1324	748.181	62	331	474	#
1325	921.291	270	295	452	#
1326	524.089	64	76	427	#
1327	11.5008	141	187	456	#
1328	749.614	126	128	265	#
1329	399.501	136	324	407	#
1330	364.902	176	198	445	#
1331	518.112	101	338	394	#
1332	696.902	84	164	234	#
1333	867.215	114	115	191	#
1334	267.082	21	465	492	#
1335	260.447	64	459	489	#
1336	337.065	262	264	508	#
1337	576.244	42	189	225	#
1338	655.958	356	390	436	#
1339	920.872	6	298	375	#
1340	237.412	3	203	422	#
1341	53.4296	180	284	498	#
1342	764.958	239	240	287	#
1343	771.48	32	81	330	#
1344	400.896	25	54	428	#
1345	710.826	280	360	481	#
1346	357.079	242	247	336	#
1347	674.076	256	409	470	#
1348	575.128	233	409	466	#
1349	170.055	267	270	313	#
1350	259.155	118	122	391	#
1351	319.717	164	241	333	#
1352	805.845	259	340	449	#
1353	664.113	43	272	493	#
1354	884.705	40	74	77	#
1355	696.108	202	387	456	#
1356	35.5996	143	209	350	#
1357	129.91	77	291	480	#
1358	171.164	38	73	137	#
1359	21.1102	224	286	489	#
1360	798.46	8	284	376	#
1361	854.829	278	361	411	#
1362	607.249	220	223	304	#
1363	630.667	24	365	401	#
1364	311.497	36	296	417	#
1365	790.582	62	221	411	#
1366	276.263	15	103	200	#
1367	559.409	112	304	419	#
1368	513.846	200	326	440	#
1369	897.643	48	76	183	#
1370	91.1067	27	381	481	#
1371	802.237	10	278	461	#
1372	854.115	10	93	439	#
1373	133.541	193	474	488	#
1374	646.786	280	362	386	#
1375	495.149	22	39	311	#
1376	876.935	42	62	358	#
1377	948.296	62	211	352	#
1378	366.188	127	162	261	#
1379	503.598	205	292	293	#
1380	909.416	107	345	457	#
1381	400.275	112	321	510	#
1382	864.92	0	78	442	#
1383	156.673	18	92	135	#
1384	398.3	376	436	454	#
1385	255.753	96	427	450	#
1386	710.979	99	175	413	#
1387	115.359	209	236	337	#
1388	698.601	39	234	355	#
1389	685.46	152	311	363	#
1390	5.03915	317	340	371	#
1391	613.187	21	89	468	#
1392	364.487	108	289	481	#
1393	421.389	21	386	429	#
1394	457.142	102	281	335	#
1395	557.53	62	226	303	#
1396	243.217	234	356	453	#
1397	487.162	109	147	285	#
1398	885.562	147	186	361	#
1399	229.841	147	340	495	#
1400	922.888	132	299	462	#
1401	865.208	7	298	418	#
1402	313.64	259	332	497	#
1403	573.117	120	140	339	#
1404	334.79	180	282	470	#
1405	714.07	90	265	499	#
1406	90.3485	388	408	442	#
1407	304.847	98	202	261	#
1408	561.14	180	225	455	#
1409	999.088	83	204	342	#
1410	710.395	10	71	112	#
1411	343.76	81	226	366	#
1412	148.987	96	173	339	#
1413	649.762	80	187	213	#
1414	259.619	172	272	362	#
1415	288.622	249	340	381	#
1416	481.057	111	269	459	#
1417	607.064	52	203	295	#
1418	661.481	56	173	296	#
1419	937.389	97	267	317	#
1420	4.3228	200	309	395	#
1421	373.994	99	240	356	#
1422	150.416	190	201	214	#
1423	84.9725	102	315	383	#
1424	367.093	122	308	460	#
1425	932.637	206	321	467	#
1426	647.84	101	121	256	#
1427	87.923	233	299	472	#
1428	765.38	54	238	305	#
1429	141.033	73	150	504	#
1430	966.584	195	291	338	#
1431	934.296	36	245	404	#
1432	49.3402	49	75	436	#
1433	973.115	87	385	462	#
1434	19.5381	181	364	465	#
1435	806.99	44	138	303	#
1436	390.573	102	193	221	#
1437	215.011	115	282	433	#
1438	458.292	63	199	366	#
1439	378.828	28	265	459	#
1440	561.047	14	88	320	#
1441	480.989	84	289	503	#
1442	417.547	32	224	261	#
1443	327.685	64	93	371	#
1444	124.441	150	397	429	#
1445	662.316	68	311	361	#
1446	291.082	378	416	437	#
1447	809.91	22	262	327	#
1448	90.6826	262	274	511	#
1449	172.335	47	346	425	#
1450	715.06	43	449	488	#
1451	880.36	249	295	456	#
1452	834.465	391	433	445	#
1453	601.01	85	203	424	#
1454	184.448	42	296	429	#
1455	97.2936	198	211	488	#
1456	328.519	131	353	477	#
1457	642.252	349	409	510	#
1458	978.337	79	241	473	#
1459	800.437	134	300	314	#
1460	992.427	119	252	318	#
1461	407.282	212	299	486	#
1462	319.946	62	422	482	#
1463	800.474	49	321	342	#
1464	707.755	46	207	482	#
1465	487.327	204	210	271	#
1466	947.081	13	85	302	#
1467	468.264	260	425	488	#
1468	800.292	167	186	222	#
1469	378.929	252	280	292	#
1470	518.841	154	411	424	#
1471	462.057	91	116	485	#
1472	40.165	26	68	333	#
1473	135.135	70	107	423	#
1474	534.349	145	247	366	#
1475	580.992	52	71	486	#
1476	960.626	22	64	132	#
1477	355.873	246	299	410	#
1478	689.28	42	480	504	#
1479	483.155	114	341	503	#
1480	46.2793	103	136	374	#
1481	880.767	266	348	396	#
1482	845.988	74	224	478	#
1483	256.488	25	64	370	#
1484	591.541	30	94	323	#
1485	797.702	6	161	454	#
1486	42.9922	98	217	436	#
1487	80.814	15	94	506	#
1488	280.1	61	277	498	#
1489	630.392	29	59	288	#
1490	219.611	34	412	449	#
1491	469.279	63	172	357	#
1492	786.177	332	341	393	#
1493	818.252	270	386	439	#
1494	581.534	143	280	442	#
1495	827.474	43	71	181	#
1496	948.344	119	180	349	#
1497	851.849	131	199	411	#
1498	783.095	91	191	256	#
1499	318.529	173	251	450	#
1500	316.709	12	375	467	#
1501	677.208	5	211	366	#
1502	352.049	287	350	406	#
1503	272.459	93	195	346	#
1504	124.219	12	240	369	#
1505	232.268	16	230	320	#
1506	32.614	195	223	240	#
1507	628.041	178	213	271	#
1508	982.891	282	374	497	#
1509	228.748	142	284	444	#
1510	972.573	236	331	395	#
1511	145.499	20	337	378	#
1512	855.73	110	235	466	#
1513	542.728	45	344	481	#
1514	930.208	197	212	269	#
1515	378.296	194	314	341	#
1516	105.126	90	146	505	#
1517	827.21	67	124	485	#
1518	926.86	113	345	352	#
1519	642.284	4	245	470	#
1520	668.516	116	167	488	#
1521	209.943	27	136	462	#
1522	20.8762	285	351	404	#
1523	470.525	104	343	344	#
1524	662.072	50	108	289	#
1525	189.797	106	155	502	#
1526	128.748	150	268	356	#
1527	292.044	18	53	128	#
1528	963.224	39	220	299	#
1529	94.9726	424	435	504	#
1530	69.2027	292	317	425	#
1531	221.563	121	291	366	#
1532	623.49	78	116	176	#
1533	512.046	11	54	225	#
1534	875.913	223	232	248	#
1535	820.743	370	383	407	#
1536	971.044	65	209	377	#
1537	704.118	15	67	487	#
1538	440.552	103	319	445	#
1539	867.662	230	438	493	#
1540	271.64	108	232	315	#
1541	195.798	59	427	502	#
1542	786.536	2	306	404	#
1543	311.46	198	336	350	#
1544	77.059	22	342	404	#
1545	993.754	204	402	453	#
1546	256.757	370	460	481	#
1547	470.575	33	359	397	#
1548	247.196	25	332	347	#
1549	72.7785	34	205	408	#
1550	550.333	45	117	342	#
1551	987.495	51	200	409	#
1552	475.509	66	212	249	#
1553	880.379	85	428	482	#
1554	587.449	153	190	238	#
1555	970.095	77	205	353	#
1556	720.769	65	214	377	#
1557	733.025	68	140	415	#
1558	766.817	29	117	454	#
1559	792.212	18	51	110	#
1560	580.292	62	70	191	#
1561	701.717	25	117	312	#
1562	775.951	10	211	264	#
1563	276.117	88	207	350	#
1564	889.777	13	44	82	#
1565	834.526	15	39	171	#
1566	364.377	41	137	327	#
1567	229.546	36	151	483	#
1568	84.9386	101	138	313	#
1569	813.771	5	216	315	#
1570	739.963	146	210	419	#
1571	559.928	228	315	407	#
1572	617.499	103	308	327	#
1573	999.392	103	311	421	#
1574	407.332	318	421	494	#
1575	437.371	287	396	502	#
1576	506.59	354	372	426	#
1577	961.62	50	185	489	#
1578	336.675	49	174	382	#
1579	827.346	292	312	373	#
1580	665.738	42	381	433	#
1581	771.09	25	99	368	#
1582	710.984	86	189	391	#
1583	748.211	100	398	423	#
1584	126.722	1	402	443	#
1585	29.7093	182	311	314	#
1586	39.4643	52	151	399	#
1587	861.174	76	150	418	#
1588	413.415	343	354	365	#
1589	711.858	33	110	111	#
1590	808.032	195	196	203	#
1591	123.284	19	66	170	#
1592	23.9088	196	262	439	#
1593	304.539	53	156	254	#
1594	224.038	29	302	457	#
1595	915.292	400	459	506	#
1596	864.598	337	441	478	#
1597	927.829	76	419	486	#
1598	172.722	174	237	378	#
1599	65.8063	262	313	370	#
1600	968.264	246	310	397	#
1601	80.1268	59	275	475	#
1602	342.434	33	306	341	#
1603	41.2901	37	151	354	#
1604	78.1881	103	105	106	#
1605	902.771	238	338	394	#
1606	725.646	190	369	466	#
1607	821.413	9	196	444	#
1608	930.318	136	179	340	#
1609	108.521	116	338	460	#
1610	952.786	139	182	496	#
1611	229.302	128	256	317	#
1612	315.531	113	291	293	#
1613	968.457	6	272	294	#
1614	165.932	211	349	511	#
1615	736.222	10	184	419	#
1616	254.018	27	36	95	#
1617	1.81505	12	365	492	#
1618	389.393	251	484	494	#
1619	10.2044	14	264	502	#
1620	863.813	346	440	494	#
1621	263.307	43	239	365	#
1622	604.205	333	371	510	#
1623	728.177	250	376	429	#
1624	755.518	95	107	442	#
1625	372.431	362	415	501	#
1626	983.581	21	28	356	#
1627	421.103	362	436	459	#
1628	35.2355	138	319	484	#
1629	679.326	143	428	457	#
1630	996.336	78	130	503	#
1631	371.675	92	126	442	#
1632	247.747	219	235	279	#
1633	211.693	271	449	488	#
1634	335.333	134	358	442	#
1635	834.097	7	127	424	#
1636	841.974	354	363	395	#
1637	297.31	67	480	496	#
1638	877.966	163	206	503	#
1639	95.4688	53	108	511	#
1640	990.749	107	234	240	#
1641	6.68091	36	256	460	#
1642	135.715	112	187	499	#
1643	148.328	88	217	391	#
1644	846.917	19	326	329	#
1645	810.341	3	182	340	#
1646	899.819	165	316	475	#
1647	993.858	46	310	444	#
1648	567.82	60	366	428	#
1649	95.3584	79	467	481	#
1650	40.0695	1	249	284	#
1651	845.309	27	147	438	#
1652	690.181	228	415	417	#
1653	435.557	122	265	459	#
1654	663.789	205	259	272	#
1655	751.156	59	319	373	#
1656	687.416	370	371	456	#
1657	759.992	86	117	384	#
1658	91.9971	260	464	472	#
1659	407.53	8	25	235	#
1660	791.42	216	462	467	#
1661	814.212	231	267	322	#
1662	359.813	41	104	350	#
1663	179.443	358	415	483	#
1664	410.843	133	240	371	#
1665	558.842	259	321	481	#
1666	198.121	366	447	463	#
1667	600.354	52	110	491	#
1668	727.899	115	309	407	#
1669	400.009	78	355	361	#
1670	703.524	56	156	306	#
1671	869.593	215	389	395	#
1672	305.73	281	422	483	#
1673	396.147	140	425	441	#
1674	153.629	15	94	181	#
1675	117.185	65	248	394	#
1676	788.363	313	324	405	#
1677	835.718	328	370	419	#
1678	674.682	1	204	371	#
1679	455.592	19	241	455	#
1680	25.2865	82	139	408	#
1681	830.371	223	396	406	#
1682	718.596	191	215	417	#
1683	87.9233	218	272	417	#
1684	202.681	9	319	325	#
1685	818.074	92	137	369	#
1686	556.393	49	123	270	#
1687	992.126	104	153	364	#
1688	813.334	224	254	289	#
1689	120.752	62	195	440	#
1690	245.094	40	56	252	#
1691	950.701	328	380	507	#
1692	547.27	135	171	284	#
1693	950.96	89	166	356	#
1694	775.101	132	271	509	#
1695	945.463	240	263	436	#
1696	435.125	86	260	386	#
1697	512.12	116	184	327	#
1698	355.074	12	60	353	#
1699	186.895	29	169	374	#
1700	826.304	129	224	397	#
1701	86.8631	244	337	413	#
1702	41.3697	307	426	511	#
1703	297.603	190	271	402	#
1704	33.9399	5	65	96	#
1705	257.995	25	146	224	#
1706	169.038	235	384	465	#
1707	419.427	153	395	442	#
1708	728.702	269	322	442	#
1709	656.622	274	314	479	#
1710	291.44	71	208	421	#
1711	263.72	67	130	416	#
1712	413.466	115	233	416	#
1713	881.974	56	155	395	#
1714	585.488	125	220	471	#
1715	374.34	456	469	483	#
1716	560.898	16	310	505	#
1717	487.447	168	208	292	#
1718	929.568	70	221	297	#
1719	122.879	26	397	500	#
1720	245.96	2	3	115	#
1721	177.397	103	303	432	#
1722	111.152	85	252	337	#
1723	205.66	29	89	138	#
1724	355.392	32	255	265	#
1725	609.227	5	275	378	#
1726	871.148	7	12	148	#
1727	662.038	28	199	249	#
1728	706.185	131	359	460	#
1729	445.286	121	249	301	#
1730	742.005	62	292	331	#
1731	683.534	194	438	449	#
1732	655.082	110	146	355	#
1733	549.116	204	267	401	#
1734	886.618	52	204	489	#
1735	733.327	8	205	303	#
1736	31.1396	137	353	360	#
1737	470.578	167	202	343	#
1738	395.055	72	79	215	#
1739	745.653	135	188	452	#
1740	473.378	100	117	176	#
1741	614.397	161	201	271	#
1742	746.138	22	209	328	#
1743	424.613	177	222	352	#
1744	505.556	37	158	294	#
1745	736.631	131	192	214	#
1746	390.917	178	236	355	#
1747	911.958	175	300	363	#
1748	930.095	70	108	134	#
1749	663.635	215	292	296	#
1750	665.057	181	294	441	#
1751	343.344	226	247	415	#
1752	373.19	48	105	383	#
1753	378.012	29	338	386	#
1754	487.175	4	86	294	#
1755	62.6215	52	207	463	#
1756	63.1331	60	302	418	#
1757	866.106	5	334	365	#
1758	550.162	238	405	435	#
1759	513.67	35	112	491	#
1760	173.886	174	207	251	#
1761	371.568	240	344	355	#
1762	962.513	126	295	356	#
1763	79.3145	20	78	292	#
1764	315.929	313	424	447	#
1765	949.506	65	220	401	#
1766	546.703	210	259	345	#
1767	386.857	174	185	371	#
1768	6.42266	50	378	506	#
1769	465.78	102	265	308	#
1770	251.636	282	316	354	#
1771	849.754	98	351	384	#
1772	200.701	116	382	414	#
1773	435.945	262	337	496	#
1774	386.202	104	314	504	#
1775	464.968	205	316	352	#
1776	217.146	162	440	485	#
1777	348.394	54	103	408	#
1778	630.969	34	99	291	#
1779	135.53	62	204	210	#
1780	637.462	46	101	230	#
1781	366.22	113	264	368	#
1782	35.045	88	103	470	#
1783	37.8357	49	51	162	#
1784	14.3788	4	103	116	#
1785	552.335	10	268	423	#
1786	455.138	52	278	428	#
1787	803.217	140	278	402	#
1788	468.827	212	318	485	#
1789	12.3724	278	307	421	#
1790	143.85	135	284	409	#
1791	533.311	28	278	349	#
1792	508.609	189	394	474	#
1793	599.906	89	219	355	#
1794	444.23	127	324	505	#
1795	918.764	30	67	195	#
1796	650.591	195	238	243	#
1797	78.52	4	204	484	#
1798	797.623	131	217	334	#
1799	980.796	77	273	385	#
1800	678.465	279	396	511	#
1801	885.258	167	181	195	#
1802	521.84	34	178	326	#
1803	205.165	139	374	394	#
1804	618.093	118	184	496	#
1805	889.978	33	222	405	#
1806	66.6889	25	179	305	#
1807	88.0544	108	227	387	#
1808	762.473	221	234	310	#
1809	795.155	218	236	491	#
1810	703.89	34	45	472	#
1811	363.416	265	399	425	#
1812	328.364	226	241	303	#
1813	70.6551	10	329	412	#
1814	858.409	335	371	396	#
1815	431.309	199	231	405	#
1816	576.587	67	425	482	#
1817	568.011	255	303	378	#
1818	538.242	230	303	494	#
1819	756.747	95	96	101	#
1820	478.048	19	210	259	#
1821	208.736	362	460	486	#
1822	569.677	30	280	388	#
1823	258.613	369	433	493	#
1824	257.506	201	254	491	#
1825	391.207	27	272	311	#
1826	595.077	124	142	189	#
1827	958.138	48	194	286	#
1828	397.114	0	142	226	#
1829	10.6404	259	413	473	#
1830	40.1949	105	174	328	#
1831	406.509	37	341	409	#
1832	931.777	150	241	446	#
1833	236.7	82	182	306	#
1834	508.07	22	431	460	#
1835	661.115	53	325	360	#
1836	118.342	64	91	153	#
1837	443.267	18	217	375	#
1838	306.532	53	162	383	#
1839	829.968	167	187	200	#
1840	810.668	25	269	508	#
1841	934.898	96	328	483	#
1842	66.3357	194	234	466	#
1843	453.833	194	272	419	#
1844	122.592	136	227	358	#
1845	364.514	90	234	239	#
1846	656.969	214	369	374	#
1847	245.603	377	442	508	#
1848	210.833	39	200	246	#
1849	986.832	105	234	352	#
1850	857.159	129	338	468	#
1851	956.431	176	329	428	#
1852	259.858	142	362	490	#
1853	142.091	54	331	455	#
1854	487.112	246	273	425	#
1855	388.176	295	483	501	#
1856	0.749972	33	42	480	#
1857	614.594	127	135	262	#
1858	959.509	146	458	462	#
1859	821.674	181	274	389	#
1860	346.098	261	281	486	#
1861	760.596	78	192	495	#
1862	456.302	8	35	287	#
1863	380.375	85	124	422	#
1864	972.948	7	240	408	#
1865	550.071	225	362	425	#
1866	188.331	63	310	429	#
1867	98.8758	87	99	401	#
1868	935.847	13	230	479	#
1869	916.891	36	224	427	#
1870	444.797	161	331	443	#
1871	715.878	47	187	391	#
1872	642.006	216	352	374	#
1873	61.9473	27	201	482	#
1874	389.623	17	32	123	#
1875	461.102	280	377	488	#
1876	770.614	313	326	361	#
1877	603.744	33	171	235	#
1878	811.733	180	354	462	#
1879	355.697	10	117	333	#
1880	968.343	39	175	333	#
1881	720.997	46	217	471	#
1882	286.285	124	239	375	#
1883	795.656	125	317	507	#
1884	403.058	172	221	346	#
1885	681.766	73	372	440	#
1886	453.876	132	161	503	#
1887	437.803	45	384	434	#
1888	507.783	15	185	450	#
1889	403.654	328	400	447	#
1890	374.766	30	59	394	#
1891	657.841	9	178	285	#
1892	496.941	45	398	419	#
1893	939.613	423	442	480	#
1894	165.146	98	171	351	#
1895	100.033	260	385	390	#
1896	486.902	65	403	428	#
1897	33.8641	269	369	464	#
1898	372.474	69	413	489	#
1899	88.0127	19	322	365	#
1900	302.872	93	286	379	#
1901	142.49	305	342	499	#
1902	796.927	92	279	381	#
1903	916.28	132	186	364	#
1904	304.158	12	127	279	#
1905	563.216	36	147	425	#
1906	715.978	242	468	492	#
1907	291.902	17	145	426	#
1908	809.825	68	371	400	#
1909	568.913	77	160	398	#
1910	719.156	40	54	357	#
1911	445.954	17	181	336	#
1912	956.801	220	254	431	#
1913	689.357	104	246	457	#
1914	609.99	56	207	432	#
1915	684.228	76	198	321	#
1916	72.4373	240	354	409	#
1917	535.772	107	132	433	#
1918	82.1976	34	114	365	#
1919	396.743	29	380	406	#
1920	893.567	175	375	428	#
1921	812.691	77	252	439	#
1922	127.126	119	188	195	#
1923	795.59	26	163	502	#
1924	214.095	58	237	346	#
1925	411.664	300	338	454	#
1926	379.493	119	263	329	#
1927	900.637	30	318	370	#
1928	793.146	160	243	391	#
1929	731.35	94	233	257	#
1930	858.448	303	383	476	#
1931	542.635	69	298	474	#
1932	605.797	0	47	116	#
1933	618.511	168	266	275	#
1934	810.994	103	232	481	#
1935	403.242	157	358	460	#
1936	768.44	240	284	497	#
1937	574.457	75	369	413	#
1938	614.791	57	96	502	#
1939	361.515	10	108	377	#
1940	720.795	2	166	325	#
1941	121.459	4	16	363	#
1942	947.381	47	243	311	#
1943	666.378	190	198	397	#
1944	496.599	78	283	430	#
1945	473.664	57	270	328	#
1946	678.866	219	347	491	#
1947	704.621	87	140	415	#
1948	165.025	259	305	456	#
1949	907.056	56	102	301	#
1950	195.057	118	268	475	#
1951	383.948	26	36	303	#
1952	774.834	2	282	485	#
1953	472.971	291	368	439	#
1954	108.149	88	100	162	#
1955	400.599	275	484	487	#
1956	383.313	55	169	395	#
1957	949.717	381	421	485	#
1958	561.926	251	280	326	#
1959	911.099	299	321	341	#
1960	2.01839	36	115	453	#
1961	176.827	146	154	436	#
1962	588.55	252	367	501	#
1963	377.644	270	471	506	#
1964	541.361	204	252	270	#
1965	166.462	54	283	319	#
1966	223.951	0	109	251	#
1967	606.66	211	222	310	#
1968	86.0643	2	45	401	#
1969	636.518	68	189	433	#
1970	338.858	111	245	480	#
1971	250.082	339	388	394	#
1972	83.5201	21	353	356	#
1973	859.944	268	307	386	#
1974	392.495	68	152	459	#
1975	288.857	45	108	291	#
1976	277.085	35	145	278	#
1977	974.826	290	299	461	#
1978	565.977	48	156	345	#
1979	268.229	206	246	380	#
1980	466.339	100	115	316	#
1981	149.749	27	74	400	#
1982	982.442	159	446	467	#
1983	304.317	90	200	505	#
1984	426.337	17	102	161	#
1985	248.978	188	205	489	#
1986	970.935	33	46	208	#
1987	131.531	112	370	374	#
1988	567.898	108	448	496	#
1989	891.988	279	411	472	#
1990	581.099	146	193	464	#
1991	710.348	72	425	498	#
1992	170.941	288	343	460	#
1993	51.8712	196	291	306	#
1994	805.677	165	186	240	#
1995	164.986	50	101	494	#
1996	272.922	226	451	492	#
1997	587.159	376	430	436	#
1998	217.881	116	182	365	#
1999	70.5018	37	295	416	#
