%% File generated by CATS v.2.1Mon Jul  4 11:09:37 2011

%% The CATS webpage is http://robotics.stanford.edu/CATS

%% PARAMETER SETTINGS:
% Goods: 512; Bids: 2000; Distribution: L3; Runs: 1; Seed: 1309806898
% Legacy distribution parameters:
% Number of goods chosen according to Constant distribution (const_goods = 3).
% Price chosen according to Fixed Random distribution (low_fixed = 0, high_fixed = 1000).


goods 512
bids 2000
dummy 0

0	855.341	55	129	186	#
1	674.313	103	358	451	#
2	843.234	132	149	277	#
3	34.5833	135	319	333	#
4	783.762	53	130	382	#
5	469.339	202	358	374	#
6	506.703	93	158	359	#
7	828.112	90	104	311	#
8	854.817	97	205	499	#
9	432.654	189	265	350	#
10	153.197	165	426	475	#
11	247.912	147	183	290	#
12	780.949	283	322	484	#
13	213.274	35	267	475	#
14	931.044	125	234	404	#
15	966.905	87	131	256	#
16	664.709	146	239	248	#
17	294.609	36	383	400	#
18	793.449	28	98	176	#
19	639.578	330	343	498	#
20	954.838	117	391	409	#
21	920.466	33	133	446	#
22	487.444	230	382	406	#
23	722.666	104	128	221	#
24	355.779	27	77	464	#
25	651.247	10	203	358	#
26	427.913	231	286	368	#
27	263.931	141	351	403	#
28	866.405	14	22	455	#
29	538.612	27	117	166	#
30	257.46	267	430	481	#
31	272.283	305	398	501	#
32	373.728	47	64	166	#
33	156.896	193	228	274	#
34	142.915	409	464	469	#
35	532.555	145	314	356	#
36	477.396	28	273	466	#
37	979.554	21	52	178	#
38	109.259	1	128	406	#
39	978.196	155	267	510	#
40	470.738	9	177	278	#
41	838.92	37	269	497	#
42	961.735	84	205	416	#
43	985.168	98	101	215	#
44	654.143	87	186	382	#
45	457.562	112	301	401	#
46	596.944	243	288	413	#
47	200.324	194	271	448	#
48	406.561	124	196	483	#
49	289.515	24	207	276	#
50	753.696	73	208	291	#
51	767.562	198	251	265	#
52	690.904	6	237	354	#
53	159.659	62	113	156	#
54	504.402	24	257	388	#
55	65.0127	106	357	425	#
56	919.123	27	92	341	#
57	439.55	49	110	284	#
58	37.7847	44	88	358	#
59	316.569	50	233	400	#
60	352.748	58	481	500	#
61	747.962	178	186	353	#
62	533.694	339	346	368	#
63	691.016	341	368	399	#
64	464.672	107	126	412	#
65	414.429	302	438	508	#
66	180.803	59	146	315	#
67	752.059	227	297	309	#
68	937.958	102	120	153	#
69	194.072	223	226	369	#
70	637.969	168	268	437	#
71	372.514	149	194	459	#
72	227.45	170	427	437	#
73	971.987	106	398	492	#
74	490.046	372	421	442	#
75	475.968	12	30	92	#
76	859.973	23	103	459	#
77	445.479	67	472	475	#
78	498.913	240	333	386	#
79	219.155	55	268	408	#
80	898.898	186	214	393	#
81	22.4201	81	313	444	#
82	700.52	148	189	308	#
83	478.363	231	443	466	#
84	248.858	125	220	232	#
85	424.012	181	185	294	#
86	648.724	13	273	317	#
87	753.131	287	422	442	#
88	726.393	125	180	314	#
89	730.244	48	65	271	#
90	356.684	414	472	485	#
91	850.528	68	236	475	#
92	72.307	136	308	353	#
93	856.309	75	140	432	#
94	736.626	12	171	450	#
95	963.29	7	126	132	#
96	331.517	35	209	459	#
97	698.284	73	293	415	#
98	588.725	73	111	216	#
99	5.09492	311	336	446	#
100	276.176	147	240	277	#
101	436.325	91	106	137	#
102	439.911	185	200	468	#
103	316.27	437	455	502	#
104	797.854	289	438	504	#
105	733.696	80	140	399	#
106	783.367	248	260	356	#
107	103.19	171	174	198	#
108	444.548	318	328	487	#
109	819.87	11	242	357	#
110	519.506	6	141	408	#
111	224.671	100	223	375	#
112	528.321	131	263	464	#
113	696.023	55	96	381	#
114	649.206	68	72	126	#
115	188.625	23	137	498	#
116	479.329	319	321	473	#
117	951.175	147	268	419	#
118	520.082	28	208	330	#
119	472.259	105	400	482	#
120	372.032	34	116	128	#
121	927.274	313	415	430	#
122	176.583	199	234	277	#
123	529.113	103	373	450	#
124	799.372	61	211	264	#
125	221.495	7	89	262	#
126	614.687	19	197	474	#
127	96.1942	48	68	348	#
128	520.686	31	215	463	#
129	764.045	314	376	396	#
130	991.983	49	164	508	#
131	664.516	6	313	511	#
132	559.143	113	368	390	#
133	959.74	29	94	467	#
134	93.9126	14	260	458	#
135	226.297	49	400	470	#
136	674.495	119	216	466	#
137	631.66	13	29	394	#
138	606.965	5	92	265	#
139	662.124	207	322	346	#
140	386.903	94	435	493	#
141	755.134	14	158	198	#
142	999.591	52	94	351	#
143	381.344	148	456	463	#
144	977.638	14	262	465	#
145	220.356	90	327	454	#
146	61.6294	88	269	357	#
147	78.9699	102	149	298	#
148	142.431	10	118	285	#
149	111.911	158	203	232	#
150	403.024	39	86	174	#
151	722.393	111	241	296	#
152	223.248	39	256	423	#
153	243.485	26	108	332	#
154	462.608	98	235	480	#
155	131.164	91	349	429	#
156	194.281	93	461	469	#
157	936.041	285	359	483	#
158	827.744	132	140	182	#
159	763.141	270	296	373	#
160	827.93	168	370	381	#
161	277.758	49	67	252	#
162	915.593	162	216	342	#
163	570.275	74	249	486	#
164	716.559	12	235	488	#
165	353.984	26	294	495	#
166	316.803	179	275	313	#
167	37.3153	37	38	68	#
168	75.8073	66	174	270	#
169	185.518	11	81	101	#
170	352.391	227	374	405	#
171	766.728	210	219	447	#
172	505.239	40	168	298	#
173	363.477	70	213	266	#
174	644.598	86	447	509	#
175	223.089	56	64	439	#
176	132.107	116	235	349	#
177	619.041	236	340	509	#
178	752.513	114	130	465	#
179	500.247	75	81	398	#
180	814.014	73	339	368	#
181	816.355	97	110	502	#
182	173.223	162	198	212	#
183	224.536	206	332	367	#
184	326.266	66	288	302	#
185	106.87	233	405	483	#
186	259.294	101	321	489	#
187	957.315	148	260	455	#
188	709.668	50	141	273	#
189	233.399	207	468	489	#
190	853.353	74	278	342	#
191	710.114	226	338	357	#
192	204.579	282	341	453	#
193	222.181	21	427	488	#
194	690.544	343	355	463	#
195	435.678	65	284	427	#
196	446.983	69	85	362	#
197	951.217	60	64	121	#
198	869.662	371	419	425	#
199	608.177	135	303	420	#
200	852.367	72	197	344	#
201	333.181	28	134	495	#
202	943.725	7	88	399	#
203	255.872	72	91	125	#
204	363.186	157	295	413	#
205	101.159	186	235	471	#
206	430.772	224	256	433	#
207	59.518	181	329	458	#
208	985.69	159	364	468	#
209	435.534	79	362	477	#
210	795.672	166	424	430	#
211	379.781	30	57	331	#
212	791.912	253	312	368	#
213	920.256	87	378	461	#
214	203.727	82	181	353	#
215	326.952	134	357	500	#
216	312.575	149	244	469	#
217	566.821	26	388	405	#
218	596.833	131	135	483	#
219	236.237	26	199	428	#
220	496.713	266	392	507	#
221	894.199	41	320	364	#
222	893.007	176	187	279	#
223	161.917	72	200	396	#
224	663.791	26	172	215	#
225	303.031	56	176	251	#
226	360.042	210	254	301	#
227	253.634	278	327	381	#
228	124.086	135	147	185	#
229	232.344	70	276	325	#
230	464.069	121	177	495	#
231	128.116	337	437	499	#
232	393.142	183	229	445	#
233	837.083	129	431	501	#
234	743.831	352	427	451	#
235	831.611	10	162	345	#
236	900.037	219	327	411	#
237	869.334	190	278	396	#
238	559.115	263	303	328	#
239	27.4412	63	74	266	#
240	748.583	42	410	440	#
241	706.531	68	113	413	#
242	401.844	173	240	256	#
243	698.5	83	444	475	#
244	480.81	294	364	376	#
245	403.157	194	404	417	#
246	237.438	150	370	386	#
247	378.074	86	349	489	#
248	502.232	30	47	267	#
249	551.815	58	206	252	#
250	757.07	70	265	436	#
251	972.864	94	350	504	#
252	539.966	184	186	441	#
253	713.232	14	91	363	#
254	662.641	51	214	484	#
255	352.046	184	308	507	#
256	387.476	45	64	312	#
257	558.308	81	389	444	#
258	80.3138	38	57	76	#
259	1.99514	101	500	507	#
260	320.689	75	214	503	#
261	741.601	134	269	440	#
262	823.179	399	500	510	#
263	311.404	150	176	430	#
264	551.842	42	44	355	#
265	963.215	31	91	109	#
266	94.3173	341	357	488	#
267	14.556	39	304	393	#
268	837.469	265	463	481	#
269	845.181	326	454	485	#
270	182.678	38	328	441	#
271	58.3763	139	289	293	#
272	120.149	81	149	452	#
273	435.524	129	239	262	#
274	860.369	106	192	509	#
275	51.8656	200	302	365	#
276	544.002	312	348	468	#
277	822.306	46	365	448	#
278	264.662	92	133	511	#
279	853.207	10	134	154	#
280	295.271	178	437	507	#
281	346.79	70	373	425	#
282	827.613	16	223	510	#
283	813.541	180	252	366	#
284	434.096	123	315	430	#
285	388.072	278	451	479	#
286	891.395	40	125	426	#
287	115.148	28	88	93	#
288	749.199	313	398	413	#
289	554.103	95	123	320	#
290	554.347	21	235	346	#
291	626.061	4	13	357	#
292	951.101	35	400	489	#
293	813.851	59	109	248	#
294	861.588	119	260	310	#
295	452.66	78	178	482	#
296	523.472	108	240	314	#
297	53.2211	111	197	417	#
298	324.214	27	199	399	#
299	223.536	0	62	479	#
300	344.921	196	290	367	#
301	492.169	34	234	291	#
302	799.717	119	150	249	#
303	342.562	77	194	510	#
304	155.222	88	240	366	#
305	694.629	41	317	417	#
306	219.595	143	219	344	#
307	402.858	332	346	468	#
308	901.729	4	8	109	#
309	79.4358	80	404	431	#
310	658.58	349	439	448	#
311	696.398	271	365	400	#
312	872.231	29	332	469	#
313	972.571	185	191	372	#
314	528.189	45	129	157	#
315	509.087	140	142	305	#
316	602.529	197	222	224	#
317	1.50439	389	419	482	#
318	507.896	61	188	286	#
319	627.07	87	286	294	#
320	797.01	23	298	360	#
321	882.426	107	124	475	#
322	77.1804	103	425	503	#
323	730.072	99	313	429	#
324	750.502	151	207	393	#
325	901.137	134	162	165	#
326	761.758	11	338	367	#
327	597.544	67	334	488	#
328	9.6986	122	358	405	#
329	638.39	68	210	429	#
330	457.264	49	315	391	#
331	303.387	139	304	375	#
332	262.417	94	346	386	#
333	740.453	229	280	286	#
334	443.669	229	294	482	#
335	825.056	150	247	464	#
336	692.992	224	333	496	#
337	785.686	247	272	293	#
338	953.71	29	41	451	#
339	742.802	90	107	253	#
340	292.072	6	252	476	#
341	547.904	111	193	254	#
342	408.624	12	218	402	#
343	954.85	116	155	504	#
344	859.1	368	460	481	#
345	207.312	305	361	414	#
346	684.453	19	320	500	#
347	584.286	214	483	508	#
348	685.772	84	344	429	#
349	309.791	137	446	508	#
350	22.2173	148	338	385	#
351	503.441	144	299	376	#
352	158.738	223	224	308	#
353	525.316	28	139	381	#
354	445.219	31	146	502	#
355	151.542	131	345	491	#
356	769.836	7	84	459	#
357	506.296	45	146	470	#
358	796.78	107	376	470	#
359	571.421	97	255	314	#
360	272.147	33	155	346	#
361	396.6	15	345	452	#
362	761.675	77	148	326	#
363	841.067	15	239	437	#
364	970.131	0	213	494	#
365	792.065	81	226	303	#
366	484.551	157	225	233	#
367	325.783	52	181	273	#
368	382.149	105	282	388	#
369	203.262	445	484	491	#
370	648.617	50	140	261	#
371	426.754	85	278	459	#
372	763.641	64	170	446	#
373	321.302	180	256	304	#
374	127.877	76	184	362	#
375	751.787	66	189	271	#
376	229.231	32	116	429	#
377	637.462	446	477	484	#
378	576.19	245	307	334	#
379	884.015	124	213	443	#
380	462.07	70	282	499	#
381	217.412	55	374	426	#
382	566.447	260	467	500	#
383	174.348	40	410	467	#
384	248.658	242	399	446	#
385	680.826	99	260	476	#
386	143.132	389	444	508	#
387	233.44	287	355	366	#
388	327.47	89	100	388	#
389	687.161	6	299	456	#
390	901.557	118	152	363	#
391	48.9664	188	196	455	#
392	289.622	125	306	461	#
393	478.375	150	158	478	#
394	957.054	227	240	319	#
395	903.988	111	359	457	#
396	519.904	381	412	468	#
397	279.378	311	463	511	#
398	417.4	5	169	453	#
399	522.179	39	112	331	#
400	416.42	324	326	492	#
401	606.989	6	284	292	#
402	957.212	110	296	342	#
403	352.425	166	196	396	#
404	945.796	106	439	470	#
405	349.154	110	249	487	#
406	661.905	43	119	146	#
407	926.489	4	63	246	#
408	77.1625	6	60	464	#
409	622.27	145	184	400	#
410	759.04	68	424	427	#
411	44.6934	9	395	432	#
412	826.748	38	319	436	#
413	822.974	167	311	361	#
414	7.21086	214	275	290	#
415	36.5254	46	169	336	#
416	99.0213	40	161	234	#
417	286.504	46	156	402	#
418	434.481	116	406	484	#
419	121.421	74	119	404	#
420	993.336	249	340	416	#
421	357.621	111	325	388	#
422	666.518	303	312	401	#
423	945.779	235	279	414	#
424	794.198	59	307	446	#
425	426.183	66	94	445	#
426	509.67	36	70	471	#
427	688.388	32	93	186	#
428	609.068	265	343	478	#
429	704.974	86	145	198	#
430	636.646	93	362	382	#
431	144.441	1	64	366	#
432	626.327	221	291	330	#
433	284.932	72	103	441	#
434	472.444	54	240	437	#
435	448.271	167	172	419	#
436	216.091	15	97	362	#
437	252.943	32	34	238	#
438	628.205	50	235	290	#
439	344.983	69	259	280	#
440	346.508	356	407	477	#
441	907.342	14	164	341	#
442	480.623	255	341	436	#
443	171.133	15	152	503	#
444	38.2012	285	414	464	#
445	356.305	240	355	507	#
446	744.585	19	66	477	#
447	954.598	139	148	161	#
448	829.523	0	237	435	#
449	34.2541	37	199	477	#
450	136.696	261	340	442	#
451	293.82	108	344	373	#
452	475.258	59	186	298	#
453	921.457	9	428	481	#
454	477.34	33	87	497	#
455	926.548	140	421	424	#
456	351.452	46	108	214	#
457	501.967	4	18	33	#
458	828.924	221	245	376	#
459	148.262	128	371	481	#
460	289.006	49	157	402	#
461	745.064	197	307	407	#
462	517.994	95	112	355	#
463	490.421	105	265	328	#
464	808.7	30	52	452	#
465	645.342	186	374	432	#
466	138.833	228	291	497	#
467	318.685	41	84	255	#
468	980.304	90	330	376	#
469	106.622	178	226	309	#
470	886.241	325	412	503	#
471	261.292	91	103	427	#
472	378.424	37	327	494	#
473	204.815	152	286	407	#
474	815.123	38	243	335	#
475	627.718	53	281	495	#
476	857.755	261	281	510	#
477	114.923	100	388	485	#
478	874.556	34	95	292	#
479	227.791	62	199	506	#
480	120.375	23	213	286	#
481	237.314	112	418	505	#
482	813.986	143	153	447	#
483	251.42	55	132	359	#
484	297.754	178	280	356	#
485	308.429	211	275	323	#
486	309.214	189	322	489	#
487	119.076	143	244	246	#
488	20.1353	28	334	392	#
489	531.09	16	145	263	#
490	905.823	179	377	406	#
491	463.206	63	289	472	#
492	695.926	23	223	297	#
493	9.54862	406	482	495	#
494	627.711	76	201	471	#
495	650.713	75	168	505	#
496	973.775	74	308	352	#
497	24.444	287	318	335	#
498	348.37	5	158	159	#
499	506.678	29	160	204	#
500	609.984	390	402	418	#
501	932.821	66	294	430	#
502	272.592	79	436	506	#
503	149.464	39	240	328	#
504	213.905	179	219	268	#
505	728.365	254	299	383	#
506	126.229	101	151	186	#
507	97.3675	170	391	498	#
508	593.988	225	232	256	#
509	547.011	132	210	363	#
510	901.691	4	107	503	#
511	56.9763	72	193	474	#
512	677.135	43	346	364	#
513	653.078	232	279	292	#
514	256.812	415	470	499	#
515	53.3777	304	334	403	#
516	224.007	137	451	464	#
517	691.101	170	228	355	#
518	914.769	155	328	401	#
519	812.386	166	478	507	#
520	812.949	137	162	390	#
521	238.49	32	136	260	#
522	662.68	93	256	328	#
523	554.938	41	211	356	#
524	815.193	319	409	420	#
525	944.2	114	128	323	#
526	796.564	70	186	372	#
527	613.819	72	317	445	#
528	333.977	30	287	360	#
529	788.549	242	490	499	#
530	110.299	298	317	339	#
531	532.864	269	390	391	#
532	330.26	56	399	495	#
533	249.349	21	278	495	#
534	776.245	66	244	378	#
535	558.805	186	202	436	#
536	407.673	47	63	298	#
537	409.506	266	324	457	#
538	715.192	45	265	443	#
539	685.915	319	385	397	#
540	979.365	72	134	199	#
541	291.24	228	376	461	#
542	303.271	184	344	357	#
543	663.594	309	399	424	#
544	789.407	256	380	475	#
545	952.087	68	76	128	#
546	513.509	154	229	280	#
547	627.074	41	152	324	#
548	11.3999	42	127	318	#
549	127.837	224	277	506	#
550	839.661	15	140	372	#
551	261.38	348	444	466	#
552	396.955	116	359	467	#
553	457.564	93	94	140	#
554	599.994	30	244	486	#
555	658.717	36	158	395	#
556	196.688	279	372	491	#
557	575.904	70	241	450	#
558	468.665	268	332	370	#
559	279.432	64	169	470	#
560	826.4	0	177	439	#
561	607.74	24	206	352	#
562	332.359	207	451	461	#
563	676.702	8	194	359	#
564	501.085	60	63	148	#
565	850.442	60	176	230	#
566	819.841	230	284	495	#
567	895.128	99	435	480	#
568	309.438	430	457	476	#
569	678.834	58	113	241	#
570	102.071	40	274	479	#
571	703.355	174	199	328	#
572	451.494	37	170	175	#
573	958.026	186	193	396	#
574	810.548	68	78	319	#
575	70.9035	51	266	351	#
576	612.089	58	302	466	#
577	499.279	26	307	389	#
578	171.536	3	102	266	#
579	549.364	147	249	371	#
580	692.77	111	333	466	#
581	344.058	388	455	472	#
582	703.829	363	400	443	#
583	468.092	112	275	312	#
584	374.819	42	222	480	#
585	911.421	191	282	414	#
586	77.6995	82	375	493	#
587	104.587	72	159	281	#
588	236.054	180	200	402	#
589	293.915	95	107	488	#
590	982.714	95	450	460	#
591	239.688	107	196	306	#
592	394.058	258	260	291	#
593	237.122	172	208	409	#
594	102.041	83	115	363	#
595	757.757	190	236	292	#
596	898.491	118	160	177	#
597	588.014	17	270	290	#
598	540.926	19	292	393	#
599	202.002	35	394	492	#
600	345.139	82	137	496	#
601	247.279	14	36	261	#
602	306.988	69	258	488	#
603	445.094	196	439	505	#
604	434.368	109	382	410	#
605	910.772	95	166	341	#
606	689.987	37	153	445	#
607	885.233	89	108	426	#
608	446.626	148	226	291	#
609	135.239	49	400	427	#
610	638.726	39	352	373	#
611	827.829	134	187	189	#
612	857.655	45	163	325	#
613	513.485	152	248	508	#
614	482.737	48	166	406	#
615	962.939	27	359	366	#
616	566.068	198	208	457	#
617	994.126	70	306	453	#
618	596.418	231	368	397	#
619	98.6312	322	352	471	#
620	455.951	9	58	256	#
621	631.101	62	102	444	#
622	853.258	127	356	506	#
623	560.42	3	31	262	#
624	267.139	18	172	298	#
625	298.073	156	163	249	#
626	967.832	70	202	289	#
627	916.939	139	474	504	#
628	272.782	148	214	485	#
629	404.013	79	356	456	#
630	751.745	37	136	174	#
631	12.668	64	201	351	#
632	111.631	103	276	449	#
633	688.837	30	391	482	#
634	341.086	36	142	328	#
635	149.228	29	475	511	#
636	95.7168	135	339	353	#
637	57.4417	424	436	504	#
638	350.067	125	195	452	#
639	454.282	35	98	246	#
640	928.077	186	307	395	#
641	411.959	24	121	437	#
642	578.676	49	240	375	#
643	331.271	31	118	182	#
644	182.1	25	30	458	#
645	672.955	83	113	219	#
646	747.75	192	206	288	#
647	942.668	103	351	465	#
648	95.822	88	143	470	#
649	433.676	189	469	497	#
650	502.648	68	316	420	#
651	572.132	258	416	466	#
652	133.63	48	380	462	#
653	706.872	61	91	350	#
654	787.85	171	345	432	#
655	839.024	6	51	412	#
656	334.878	288	337	371	#
657	96.2539	114	256	361	#
658	236.99	70	129	308	#
659	722.308	158	298	454	#
660	718.972	187	220	495	#
661	974.599	63	473	477	#
662	472.861	134	281	467	#
663	600.865	157	269	425	#
664	266.432	65	85	309	#
665	500.54	170	410	420	#
666	461.93	402	490	507	#
667	767.265	29	179	487	#
668	245.488	119	165	226	#
669	556.066	197	216	412	#
670	317.886	85	300	451	#
671	122.013	173	279	360	#
672	903.715	31	56	244	#
673	936.779	154	163	268	#
674	198.754	28	102	371	#
675	5.31367	72	157	291	#
676	794.258	291	459	465	#
677	376.922	118	238	505	#
678	192.108	30	265	351	#
679	373.375	10	292	335	#
680	256.165	79	306	450	#
681	241.216	2	193	469	#
682	332.912	141	396	441	#
683	776.287	158	306	462	#
684	818.372	31	153	237	#
685	965.536	68	84	357	#
686	148.526	15	161	483	#
687	844.507	242	391	488	#
688	546.859	19	222	413	#
689	578.469	192	257	432	#
690	375.398	143	358	370	#
691	240.984	21	37	348	#
692	604.513	112	150	390	#
693	885.757	84	158	453	#
694	741.982	62	226	425	#
695	285.948	5	501	506	#
696	543.235	70	125	326	#
697	149.693	142	358	381	#
698	962.414	26	306	456	#
699	711.402	246	319	471	#
700	97.8123	105	115	116	#
701	345.468	42	313	449	#
702	335.465	372	379	404	#
703	252.345	32	268	295	#
704	501.093	110	209	335	#
705	326.523	212	233	374	#
706	593.318	40	385	392	#
707	31.7514	34	309	453	#
708	589.993	204	312	457	#
709	480.922	138	233	368	#
710	894.694	87	328	382	#
711	946.354	112	225	330	#
712	221.872	15	57	177	#
713	710.793	186	230	437	#
714	106.849	37	194	310	#
715	510.244	197	249	290	#
716	770.793	243	345	403	#
717	816.85	184	358	367	#
718	770.992	59	143	296	#
719	863.326	196	345	455	#
720	723.219	108	459	497	#
721	620.043	100	229	295	#
722	395.636	202	396	478	#
723	901.669	33	411	443	#
724	642.664	18	90	246	#
725	402.358	58	260	386	#
726	972.429	82	244	281	#
727	736.768	2	51	280	#
728	22.8293	27	328	403	#
729	498.803	346	460	507	#
730	858.986	5	165	293	#
731	940.754	128	208	427	#
732	798.763	278	349	446	#
733	122.605	296	366	386	#
734	423.255	55	107	287	#
735	284.593	96	444	470	#
736	535.571	27	212	336	#
737	755.661	273	302	455	#
738	93.9547	167	336	343	#
739	926.292	232	325	347	#
740	564.21	9	266	279	#
741	686.258	246	261	309	#
742	711.608	126	318	439	#
743	256.147	392	400	471	#
744	583.893	13	63	147	#
745	526.11	239	252	461	#
746	324.701	114	180	484	#
747	856.07	327	501	511	#
748	500.642	29	329	450	#
749	788.73	144	310	478	#
750	825.511	47	296	377	#
751	280.017	105	347	411	#
752	521.514	170	284	492	#
753	861.176	111	144	470	#
754	70.1171	31	335	498	#
755	612.56	187	402	482	#
756	774.039	81	333	362	#
757	951.201	138	156	490	#
758	377.142	62	290	470	#
759	12.6196	342	374	403	#
760	970.389	28	61	315	#
761	841.832	224	321	471	#
762	549.743	157	259	267	#
763	699.405	313	374	465	#
764	885.831	85	390	457	#
765	535.42	190	223	373	#
766	815.391	87	173	251	#
767	87.5765	20	116	128	#
768	670.961	107	369	388	#
769	119.185	114	131	202	#
770	327.964	141	210	490	#
771	28.6792	177	181	230	#
772	267.293	137	182	409	#
773	434.286	90	106	128	#
774	126.694	41	257	350	#
775	365.863	67	106	462	#
776	445.692	69	94	337	#
777	380.453	10	240	457	#
778	696.486	242	306	369	#
779	258.932	291	293	357	#
780	237.215	33	296	312	#
781	938.209	145	210	478	#
782	524.153	103	471	495	#
783	986.744	290	323	364	#
784	775.874	259	312	495	#
785	240.715	93	136	189	#
786	295.093	1	82	408	#
787	184.009	118	209	375	#
788	822.855	82	116	439	#
789	277.261	69	215	397	#
790	624.933	82	223	281	#
791	719.49	14	96	440	#
792	491.728	67	286	383	#
793	60.4517	51	62	135	#
794	470.688	98	258	323	#
795	672.665	163	288	475	#
796	944.176	78	201	396	#
797	339.097	18	277	493	#
798	615.943	27	43	501	#
799	115.868	323	365	487	#
800	75.775	50	53	137	#
801	188.857	64	330	470	#
802	874.613	52	247	250	#
803	658.941	356	357	413	#
804	461.358	331	421	484	#
805	62.6622	271	342	442	#
806	907.795	174	287	400	#
807	963.428	0	19	45	#
808	79.492	70	89	154	#
809	132.94	32	364	490	#
810	798.25	34	237	433	#
811	683.343	83	345	393	#
812	585.599	124	138	484	#
813	7.68416	138	301	433	#
814	777.049	208	248	322	#
815	539.553	128	131	312	#
816	153.253	55	120	484	#
817	152.399	221	330	432	#
818	746.906	376	383	479	#
819	484.784	208	394	459	#
820	153.19	64	277	363	#
821	599.94	106	214	328	#
822	496.737	136	227	308	#
823	166.306	83	370	480	#
824	189.546	166	325	497	#
825	780.29	219	276	304	#
826	751.974	65	211	429	#
827	143.315	127	230	493	#
828	262.877	74	138	351	#
829	552.306	90	271	436	#
830	455.164	253	272	364	#
831	566.046	236	302	387	#
832	79.4727	43	156	298	#
833	769.458	243	327	431	#
834	921.382	155	206	374	#
835	273.643	97	159	473	#
836	776.503	229	235	336	#
837	961.595	300	419	501	#
838	762.999	70	192	492	#
839	517.834	335	500	503	#
840	582.532	29	69	330	#
841	964.771	220	242	258	#
842	728.319	212	305	390	#
843	769.418	34	234	457	#
844	182.925	233	287	345	#
845	581.164	161	198	430	#
846	848.638	185	465	476	#
847	314.617	17	396	510	#
848	809.681	135	360	508	#
849	601.114	310	359	470	#
850	538.239	144	167	489	#
851	598.309	158	266	443	#
852	325.223	6	307	411	#
853	769.313	62	376	506	#
854	541.858	392	469	470	#
855	521.188	47	449	493	#
856	819.679	102	109	181	#
857	527.181	99	311	467	#
858	874.159	273	330	416	#
859	147.862	146	261	264	#
860	491.181	68	329	455	#
861	613.458	276	332	462	#
862	145.742	110	253	329	#
863	532.942	15	330	448	#
864	828.715	82	362	421	#
865	855.04	152	199	249	#
866	920.219	104	194	335	#
867	622.135	166	188	321	#
868	367.055	373	407	431	#
869	730.093	26	218	315	#
870	996.89	276	322	496	#
871	435.392	36	240	345	#
872	533.311	24	98	471	#
873	535.48	199	367	413	#
874	763.543	156	176	424	#
875	989.116	200	214	495	#
876	354.619	324	441	492	#
877	240.522	45	71	214	#
878	13.9185	19	316	499	#
879	664.487	191	247	318	#
880	46.5111	244	264	310	#
881	359.139	131	199	301	#
882	874.366	15	155	288	#
883	978.923	83	325	481	#
884	751.492	8	203	228	#
885	422.385	114	184	500	#
886	734.225	39	284	453	#
887	967.699	243	309	420	#
888	947.352	106	129	504	#
889	883.42	112	298	329	#
890	324.452	187	282	385	#
891	632.784	43	90	509	#
892	294.753	74	312	384	#
893	536.953	82	268	489	#
894	339.047	178	189	384	#
895	165.892	295	314	430	#
896	943.612	80	171	325	#
897	785.174	39	85	309	#
898	243.786	204	380	427	#
899	902.803	158	244	307	#
900	567.823	86	289	304	#
901	332.217	215	297	352	#
902	166.802	9	172	420	#
903	215.978	286	444	509	#
904	647.84	115	450	494	#
905	139.182	101	108	171	#
906	15.5542	101	105	305	#
907	802.496	28	80	497	#
908	770.648	117	156	329	#
909	26.9926	40	209	265	#
910	586.852	20	54	156	#
911	428.885	29	122	153	#
912	668.677	41	89	147	#
913	262.121	22	79	145	#
914	435.671	152	153	183	#
915	517.15	101	205	361	#
916	723.474	308	382	495	#
917	680.833	196	345	500	#
918	405.048	65	117	217	#
919	741.925	90	182	416	#
920	586.887	15	230	462	#
921	688.251	101	106	293	#
922	248.001	28	225	470	#
923	517.113	87	209	279	#
924	929.613	19	78	317	#
925	211.096	157	305	459	#
926	154.796	134	307	336	#
927	93.3712	181	198	246	#
928	359.829	233	308	414	#
929	469.749	27	154	424	#
930	252.813	83	418	496	#
931	489.153	69	265	394	#
932	680.164	135	137	237	#
933	709.856	32	35	447	#
934	277.854	231	285	379	#
935	945.72	6	413	445	#
936	411.826	207	241	492	#
937	584.86	53	231	391	#
938	170.811	185	434	480	#
939	722.554	316	352	444	#
940	464.781	54	257	308	#
941	130.891	136	164	398	#
942	603.592	120	270	409	#
943	299.568	48	156	414	#
944	82.9005	91	211	274	#
945	525.4	59	350	403	#
946	688.211	6	393	416	#
947	302.524	63	296	320	#
948	442.977	102	366	444	#
949	70.9582	151	296	368	#
950	372.952	236	300	505	#
951	718.058	309	371	466	#
952	536.515	54	73	165	#
953	95.6152	290	395	440	#
954	279.519	194	337	426	#
955	214.725	126	139	169	#
956	213.204	84	117	339	#
957	711.233	35	198	481	#
958	985.057	75	134	436	#
959	636.475	89	182	365	#
960	514.979	134	143	238	#
961	621.196	77	153	471	#
962	2.97843	378	445	492	#
963	984.945	140	295	434	#
964	679.579	265	437	508	#
965	418.902	8	246	506	#
966	966.48	10	320	348	#
967	457.007	94	295	471	#
968	442.502	82	221	346	#
969	68.4479	79	91	499	#
970	768.665	14	307	329	#
971	353.938	183	248	510	#
972	516.271	121	436	488	#
973	508.909	118	331	356	#
974	663.173	166	222	284	#
975	928.657	72	222	225	#
976	375.911	13	163	436	#
977	573.621	205	435	497	#
978	579.236	107	235	457	#
979	487.411	17	226	386	#
980	729.545	120	277	332	#
981	665.867	98	233	371	#
982	155.044	324	352	506	#
983	312.315	73	106	179	#
984	303.019	33	232	299	#
985	652.145	68	83	153	#
986	712.62	36	53	491	#
987	690.754	407	456	474	#
988	304.197	119	121	478	#
989	498.272	58	136	231	#
990	7.9652	6	122	358	#
991	263.344	76	129	181	#
992	827.524	216	268	457	#
993	477.463	15	336	404	#
994	348.995	111	230	250	#
995	179.688	28	109	142	#
996	835.686	219	295	456	#
997	818.947	3	6	434	#
998	964.812	14	416	505	#
999	780.201	52	249	491	#
1000	891.744	312	436	466	#
1001	500.661	40	53	311	#
1002	35.2299	181	270	306	#
1003	888.355	25	141	222	#
1004	91.3272	194	249	324	#
1005	447.753	338	455	467	#
1006	304.265	133	448	476	#
1007	115.768	156	220	452	#
1008	949.222	111	153	223	#
1009	316.343	24	320	441	#
1010	315.027	51	70	376	#
1011	152.965	64	110	333	#
1012	214.009	138	338	462	#
1013	975.838	124	463	489	#
1014	191.791	253	308	478	#
1015	784.063	142	191	281	#
1016	161.514	161	336	371	#
1017	53.0722	201	252	416	#
1018	145.032	6	118	133	#
1019	613.686	269	323	425	#
1020	167.867	12	333	432	#
1021	151.557	226	470	474	#
1022	125.196	14	216	328	#
1023	744.374	85	206	498	#
1024	612.94	435	460	498	#
1025	609.122	238	447	479	#
1026	301	209	368	414	#
1027	892.774	44	61	143	#
1028	414.952	254	374	479	#
1029	907.231	315	473	495	#
1030	288.038	72	255	498	#
1031	682.902	51	137	263	#
1032	747.018	135	173	277	#
1033	95.2503	129	167	494	#
1034	435.952	6	189	266	#
1035	93.2343	220	319	471	#
1036	570.19	151	281	465	#
1037	137.005	137	414	505	#
1038	984.247	105	258	305	#
1039	170.19	152	351	447	#
1040	79.7387	190	438	497	#
1041	923.316	7	395	463	#
1042	443.167	5	257	280	#
1043	842.685	159	207	436	#
1044	340.644	223	277	454	#
1045	21.4168	145	152	489	#
1046	414.643	263	455	472	#
1047	619.381	51	116	376	#
1048	680.228	33	291	318	#
1049	233.263	29	327	361	#
1050	341.036	166	365	467	#
1051	616.432	107	118	279	#
1052	649.43	102	247	450	#
1053	868.034	445	466	510	#
1054	20.5477	350	417	497	#
1055	711.7	183	303	366	#
1056	876.619	159	323	368	#
1057	766.492	122	374	441	#
1058	245.729	150	449	477	#
1059	776.175	184	190	201	#
1060	968.346	41	222	308	#
1061	607.638	160	204	368	#
1062	475.259	227	302	371	#
1063	455.269	0	92	453	#
1064	492.183	85	111	411	#
1065	95.2991	6	198	372	#
1066	699.141	14	61	455	#
1067	222.623	249	285	430	#
1068	326.819	64	367	493	#
1069	872.323	87	215	287	#
1070	907.476	73	208	341	#
1071	679.098	104	275	470	#
1072	914.549	104	249	467	#
1073	260.03	193	268	273	#
1074	822.973	46	96	510	#
1075	319.599	140	187	268	#
1076	201.338	142	373	456	#
1077	170.571	147	163	501	#
1078	807.339	37	174	234	#
1079	240.387	191	334	421	#
1080	299.591	54	143	155	#
1081	789.862	28	158	276	#
1082	101.725	27	214	446	#
1083	509.544	15	134	291	#
1084	158.799	62	133	147	#
1085	878.738	385	397	435	#
1086	811.368	191	330	366	#
1087	173.236	40	170	317	#
1088	779.222	249	378	506	#
1089	789.99	34	393	434	#
1090	294.589	108	321	473	#
1091	120.438	208	325	426	#
1092	753.747	195	225	292	#
1093	548.945	309	396	411	#
1094	866.314	7	427	508	#
1095	278.772	174	176	469	#
1096	173.098	23	69	395	#
1097	595.226	200	337	446	#
1098	976.252	44	75	422	#
1099	864.119	53	159	352	#
1100	179.536	77	206	401	#
1101	33.3793	50	127	151	#
1102	271.913	127	363	395	#
1103	975.028	267	404	441	#
1104	538.027	180	323	492	#
1105	355.901	127	244	366	#
1106	364.696	241	321	368	#
1107	689.367	182	197	294	#
1108	487.766	142	247	370	#
1109	371.562	40	243	425	#
1110	508.363	142	279	446	#
1111	409.838	168	354	394	#
1112	395.012	184	234	458	#
1113	173.769	64	175	333	#
1114	263.784	141	176	271	#
1115	578.513	304	409	439	#
1116	501.674	218	359	388	#
1117	794.95	2	141	500	#
1118	423.756	9	102	353	#
1119	687.41	101	199	351	#
1120	214.298	352	358	416	#
1121	442.529	15	274	407	#
1122	117.793	229	254	349	#
1123	271.714	82	300	329	#
1124	717.955	60	157	187	#
1125	644.882	226	280	473	#
1126	671.046	85	408	485	#
1127	244.599	278	382	391	#
1128	444.455	19	75	273	#
1129	717.421	104	193	393	#
1130	452.303	235	444	498	#
1131	343.206	161	275	415	#
1132	476.885	13	499	511	#
1133	943.341	281	354	404	#
1134	418.091	0	9	129	#
1135	705.291	91	222	482	#
1136	222.534	95	322	387	#
1137	113.555	96	269	282	#
1138	309.912	87	206	335	#
1139	846.08	130	156	225	#
1140	936.207	181	192	301	#
1141	320.355	73	79	507	#
1142	711.656	415	426	455	#
1143	554.871	41	98	480	#
1144	925.982	86	120	335	#
1145	149.327	147	176	334	#
1146	424.207	119	125	505	#
1147	480.892	174	205	303	#
1148	523.431	15	64	202	#
1149	664.049	86	164	450	#
1150	864.283	11	157	472	#
1151	427.974	30	66	134	#
1152	150.331	144	177	440	#
1153	828.112	7	296	510	#
1154	444.534	104	464	486	#
1155	627.55	174	201	438	#
1156	63.9147	5	93	159	#
1157	258.982	72	113	298	#
1158	141.941	306	330	382	#
1159	509.516	21	39	302	#
1160	612.67	7	184	406	#
1161	458.246	326	429	453	#
1162	711.534	261	354	445	#
1163	740.491	9	130	219	#
1164	84.7317	179	360	476	#
1165	912.765	13	127	219	#
1166	252.466	287	399	487	#
1167	549.004	83	201	435	#
1168	480.901	39	207	468	#
1169	711.277	158	269	481	#
1170	83.4757	72	292	434	#
1171	607.133	417	447	462	#
1172	794.311	79	377	460	#
1173	570.959	0	9	154	#
1174	134.77	186	256	439	#
1175	988.136	43	190	265	#
1176	628.777	191	222	345	#
1177	418.51	200	326	504	#
1178	313.353	25	36	230	#
1179	969.607	197	440	487	#
1180	237.866	149	358	379	#
1181	920.254	28	346	380	#
1182	548.839	6	196	222	#
1183	701.671	79	122	232	#
1184	316.711	187	239	459	#
1185	605.825	114	171	358	#
1186	476.777	142	475	490	#
1187	9.77611	170	215	355	#
1188	128.601	237	290	296	#
1189	479.934	141	143	150	#
1190	966.514	16	119	465	#
1191	851.587	127	192	424	#
1192	798.382	107	286	344	#
1193	266.78	190	212	458	#
1194	950.643	60	273	378	#
1195	197.532	19	130	499	#
1196	854.699	131	233	266	#
1197	681.613	14	238	322	#
1198	263.046	102	281	282	#
1199	354.52	312	338	486	#
1200	353.109	20	48	405	#
1201	373.993	290	469	506	#
1202	442.58	129	219	322	#
1203	2.37109	140	286	387	#
1204	162.094	156	247	315	#
1205	437.266	85	134	279	#
1206	709.435	144	362	400	#
1207	462.481	143	291	375	#
1208	244.014	58	232	470	#
1209	628.806	15	431	477	#
1210	571.181	166	351	493	#
1211	968.257	82	224	382	#
1212	13.0182	171	386	428	#
1213	695.528	3	117	433	#
1214	765.557	43	217	323	#
1215	956.858	237	370	397	#
1216	101.961	10	80	125	#
1217	449.232	24	79	336	#
1218	497.015	76	207	453	#
1219	651.761	105	181	461	#
1220	120.337	38	291	492	#
1221	486.284	136	182	258	#
1222	174.061	234	292	478	#
1223	455.697	154	309	454	#
1224	235.283	90	459	497	#
1225	696.182	150	336	444	#
1226	104.42	238	329	331	#
1227	923.481	71	382	501	#
1228	657.663	125	127	386	#
1229	953.533	27	432	457	#
1230	855.056	162	342	413	#
1231	334.264	110	249	412	#
1232	365.283	31	148	157	#
1233	637.97	39	408	502	#
1234	234.079	9	40	453	#
1235	132.748	26	295	442	#
1236	645.248	2	34	298	#
1237	876.541	52	142	190	#
1238	101.575	91	175	338	#
1239	758.888	85	301	397	#
1240	287.518	191	202	406	#
1241	653.107	10	259	323	#
1242	466.375	118	223	258	#
1243	635.612	11	144	508	#
1244	989.12	8	154	156	#
1245	871.822	64	107	169	#
1246	481.195	253	269	372	#
1247	618.34	251	333	404	#
1248	787.834	248	288	390	#
1249	382.377	158	326	420	#
1250	865.506	42	186	503	#
1251	79.3207	161	191	306	#
1252	575.15	212	247	329	#
1253	947.153	234	394	446	#
1254	378.911	58	167	176	#
1255	968.712	397	482	508	#
1256	248.554	181	386	390	#
1257	663.73	10	214	230	#
1258	533.637	40	83	370	#
1259	210.141	139	391	508	#
1260	218.175	52	64	420	#
1261	175.476	369	453	483	#
1262	206.463	28	238	404	#
1263	491.636	84	116	439	#
1264	21.8678	203	244	324	#
1265	690.21	149	257	459	#
1266	576.829	209	215	264	#
1267	830.46	30	376	398	#
1268	477.958	34	116	290	#
1269	998.439	41	165	358	#
1270	667.061	53	97	252	#
1271	733.228	29	40	126	#
1272	67.0445	311	335	338	#
1273	245.067	39	55	297	#
1274	301.11	57	105	110	#
1275	830.195	284	430	439	#
1276	484.278	258	294	311	#
1277	458.501	145	321	478	#
1278	548.22	73	105	165	#
1279	112.641	106	410	477	#
1280	553.519	69	300	314	#
1281	91.0363	97	308	463	#
1282	967.921	365	415	490	#
1283	152.245	358	397	474	#
1284	944.77	342	383	420	#
1285	74.449	166	293	493	#
1286	222.764	184	249	297	#
1287	931.368	199	207	498	#
1288	386.312	42	178	267	#
1289	144.687	49	150	348	#
1290	875.198	64	246	283	#
1291	163.128	18	252	426	#
1292	312.923	244	383	511	#
1293	439.573	44	276	313	#
1294	434.992	46	325	405	#
1295	230.208	8	367	491	#
1296	141.608	299	314	403	#
1297	623.425	68	81	93	#
1298	973.618	52	79	138	#
1299	121.267	398	423	439	#
1300	616.237	133	150	411	#
1301	42.4967	159	169	216	#
1302	871.994	143	160	413	#
1303	993.887	0	9	275	#
1304	912.49	29	69	233	#
1305	665.152	143	211	407	#
1306	517.993	207	250	330	#
1307	242.946	87	130	317	#
1308	444.536	88	124	477	#
1309	810.667	13	79	122	#
1310	20.1302	20	320	446	#
1311	203.333	105	201	302	#
1312	564.828	23	147	415	#
1313	920.582	149	227	496	#
1314	253.827	47	255	294	#
1315	865.908	192	196	349	#
1316	598.436	41	89	334	#
1317	876.496	111	210	391	#
1318	806.662	102	192	415	#
1319	235.609	18	231	484	#
1320	903.324	171	298	397	#
1321	618.214	10	381	483	#
1322	639.022	44	213	438	#
1323	210.621	286	349	383	#
1324	897.965	45	367	482	#
1325	66.1612	27	34	486	#
1326	526.541	23	265	436	#
1327	111.503	51	127	396	#
1328	247.717	226	253	288	#
1329	601.957	50	170	333	#
1330	600.751	305	363	399	#
1331	239.192	162	423	452	#
1332	651.35	108	338	359	#
1333	611.064	157	312	319	#
1334	554.35	27	259	266	#
1335	90.7745	238	329	503	#
1336	919.141	123	134	141	#
1337	841.417	118	298	309	#
1338	327.474	310	405	464	#
1339	111.945	263	349	353	#
1340	283.947	300	364	413	#
1341	581.938	145	339	480	#
1342	341.409	91	145	195	#
1343	115.053	105	153	344	#
1344	136.64	188	334	368	#
1345	914.838	60	264	338	#
1346	596.12	111	170	217	#
1347	741.643	241	314	421	#
1348	627.34	49	97	390	#
1349	545.623	24	184	401	#
1350	198.028	262	350	495	#
1351	598.397	198	452	483	#
1352	823.835	8	115	179	#
1353	964.697	150	154	362	#
1354	134.423	14	91	437	#
1355	945.382	132	177	417	#
1356	368.588	20	221	329	#
1357	944.485	300	498	505	#
1358	360.926	375	425	481	#
1359	65.5106	29	43	460	#
1360	825.758	36	50	195	#
1361	625.959	235	354	448	#
1362	518.412	170	200	408	#
1363	694.127	119	336	449	#
1364	159.627	150	394	487	#
1365	698.501	49	120	360	#
1366	845.791	360	366	464	#
1367	137.611	186	248	327	#
1368	35.8337	277	316	338	#
1369	426.985	77	478	495	#
1370	105.059	110	252	311	#
1371	959.917	136	189	329	#
1372	886.839	20	263	464	#
1373	529.997	205	265	423	#
1374	585.017	289	348	431	#
1375	365.955	137	153	426	#
1376	933.015	24	328	475	#
1377	163.098	22	86	386	#
1378	500.083	158	189	375	#
1379	660.712	317	352	506	#
1380	600.764	152	188	254	#
1381	511.037	99	127	162	#
1382	350.577	167	202	272	#
1383	413.024	391	452	491	#
1384	29.0837	266	379	456	#
1385	742.807	212	238	242	#
1386	60.9105	169	316	417	#
1387	202.91	268	374	459	#
1388	605.975	467	484	497	#
1389	333.478	336	342	430	#
1390	962.067	205	480	483	#
1391	81.3621	211	302	481	#
1392	726.103	48	310	476	#
1393	6.68075	30	169	210	#
1394	934.793	328	361	506	#
1395	121.512	132	193	279	#
1396	211.113	44	277	280	#
1397	801.675	35	139	363	#
1398	279.898	186	191	460	#
1399	690.071	14	250	375	#
1400	84.022	243	417	502	#
1401	18.8867	230	284	454	#
1402	132.075	226	413	428	#
1403	317.947	122	326	433	#
1404	639.068	76	404	498	#
1405	47.8415	137	143	487	#
1406	483.646	162	271	474	#
1407	298.961	348	354	506	#
1408	998.446	140	213	302	#
1409	331.379	26	114	482	#
1410	134.631	125	141	234	#
1411	395.548	0	274	294	#
1412	597.325	181	202	510	#
1413	970.072	72	268	476	#
1414	135.564	125	199	269	#
1415	280.362	127	137	304	#
1416	288.554	230	359	367	#
1417	720.747	376	378	453	#
1418	539.443	22	143	331	#
1419	592.691	23	363	475	#
1420	8.46467	30	204	478	#
1421	393.014	57	258	416	#
1422	529.239	323	375	454	#
1423	738.583	179	204	300	#
1424	195.177	302	343	506	#
1425	897.717	265	323	386	#
1426	237.347	2	68	455	#
1427	813.589	136	270	500	#
1428	400.814	57	243	498	#
1429	451.2	113	115	326	#
1430	823.414	302	489	495	#
1431	277.036	16	36	395	#
1432	789.031	105	287	442	#
1433	689.311	162	272	303	#
1434	626.925	24	136	406	#
1435	256.734	83	318	477	#
1436	459.264	59	173	258	#
1437	695.035	73	351	417	#
1438	460.966	68	294	355	#
1439	613.012	192	210	395	#
1440	789.109	27	252	349	#
1441	193.667	22	291	481	#
1442	363.568	234	375	501	#
1443	141.01	77	95	262	#
1444	236.233	87	177	401	#
1445	419.441	62	87	464	#
1446	373.037	164	206	336	#
1447	540.113	303	389	448	#
1448	291.225	144	163	330	#
1449	407.505	3	104	313	#
1450	143.678	227	417	472	#
1451	29.4482	146	164	464	#
1452	522.793	99	259	308	#
1453	715.158	5	155	267	#
1454	468.319	81	161	224	#
1455	738.341	54	346	478	#
1456	906.717	142	390	440	#
1457	826.258	115	347	480	#
1458	24.0373	101	158	302	#
1459	250.645	94	458	489	#
1460	879.951	176	294	381	#
1461	742.697	146	337	353	#
1462	907.502	12	78	142	#
1463	931.844	110	391	449	#
1464	811.306	154	169	392	#
1465	516.857	280	365	478	#
1466	776.332	2	82	366	#
1467	917.838	7	11	369	#
1468	830.084	1	94	469	#
1469	728.954	140	253	470	#
1470	662.876	101	158	492	#
1471	894.317	76	197	491	#
1472	204.11	115	130	244	#
1473	163.17	148	263	338	#
1474	776.831	140	223	401	#
1475	45.6321	61	481	489	#
1476	708.532	84	228	368	#
1477	186.483	328	346	386	#
1478	863.085	134	270	321	#
1479	802.062	54	184	506	#
1480	676.818	68	421	422	#
1481	584.102	304	396	446	#
1482	931.218	74	123	260	#
1483	264.39	63	86	435	#
1484	675.349	10	82	448	#
1485	855.413	150	347	467	#
1486	423.04	8	132	249	#
1487	434.698	22	36	239	#
1488	993.013	122	196	236	#
1489	224.342	44	165	358	#
1490	134.589	304	344	399	#
1491	632.271	373	417	476	#
1492	387.208	146	177	182	#
1493	868.037	200	452	476	#
1494	458.991	17	236	237	#
1495	723.536	98	336	440	#
1496	777.659	98	100	354	#
1497	117.781	129	252	464	#
1498	766.593	23	158	283	#
1499	44.9289	316	415	472	#
1500	829.46	25	424	494	#
1501	636.043	53	248	271	#
1502	988.754	339	461	467	#
1503	147.601	112	319	422	#
1504	616.739	23	193	280	#
1505	823.568	310	454	495	#
1506	721.741	168	186	384	#
1507	742.871	195	438	443	#
1508	808.357	8	325	347	#
1509	960.414	100	379	398	#
1510	417.088	204	290	411	#
1511	477.321	36	225	403	#
1512	67.0522	251	374	386	#
1513	834.843	94	198	278	#
1514	474.865	173	275	376	#
1515	416.463	69	108	370	#
1516	603.422	78	203	310	#
1517	863.974	4	225	322	#
1518	306.238	332	352	493	#
1519	365.858	16	90	116	#
1520	76.1663	16	21	117	#
1521	960.103	98	240	279	#
1522	681.734	130	204	367	#
1523	408.604	28	338	446	#
1524	279.981	149	158	222	#
1525	646.594	20	201	440	#
1526	931.626	198	256	331	#
1527	288.11	104	415	462	#
1528	312.526	325	379	403	#
1529	177.248	107	190	377	#
1530	814.826	169	210	484	#
1531	515.041	111	431	478	#
1532	161.851	8	394	458	#
1533	663.058	103	148	489	#
1534	122.707	93	131	248	#
1535	327.36	194	259	353	#
1536	905.717	76	134	184	#
1537	460.262	140	440	462	#
1538	334.257	79	260	439	#
1539	882.357	114	219	494	#
1540	964.181	188	356	377	#
1541	323.579	146	307	378	#
1542	888.969	265	350	377	#
1543	309.585	114	214	312	#
1544	96.8888	73	277	331	#
1545	78.5662	129	417	450	#
1546	893.869	222	249	464	#
1547	503.601	275	301	346	#
1548	86.4517	257	367	453	#
1549	816.974	15	198	255	#
1550	331.103	153	402	485	#
1551	785.418	31	373	505	#
1552	299.331	107	169	265	#
1553	869.021	201	298	338	#
1554	82.4684	62	258	485	#
1555	811.582	89	113	246	#
1556	565.632	53	149	466	#
1557	56.4958	353	375	501	#
1558	337.318	167	218	470	#
1559	359.77	61	62	382	#
1560	69.2084	61	226	307	#
1561	980.582	434	470	473	#
1562	200.224	40	142	186	#
1563	869.82	140	165	301	#
1564	189.491	148	161	261	#
1565	348.323	25	209	363	#
1566	564.82	91	278	302	#
1567	869.106	186	259	436	#
1568	486.447	270	318	360	#
1569	591.622	84	363	419	#
1570	570.222	104	212	311	#
1571	661.148	66	105	369	#
1572	270.064	8	194	434	#
1573	282.699	71	211	385	#
1574	206.441	138	196	393	#
1575	906.38	163	256	511	#
1576	445.785	143	158	386	#
1577	99.8947	43	93	495	#
1578	885.177	131	152	254	#
1579	973.972	109	330	496	#
1580	577.279	108	290	318	#
1581	347.736	130	332	508	#
1582	42.4294	274	481	501	#
1583	193.619	320	336	420	#
1584	357.972	21	199	212	#
1585	285.171	188	308	474	#
1586	89.2958	211	442	450	#
1587	386.192	245	345	352	#
1588	932.735	122	182	359	#
1589	765.871	139	402	496	#
1590	277.395	1	40	405	#
1591	302.174	320	413	507	#
1592	761.13	95	300	407	#
1593	944.518	216	449	495	#
1594	295.302	28	334	408	#
1595	846.772	140	221	368	#
1596	963.64	229	280	333	#
1597	52.9739	66	160	174	#
1598	662.408	83	247	254	#
1599	220.62	166	312	345	#
1600	342.265	94	322	464	#
1601	500.242	111	400	478	#
1602	236.615	255	312	486	#
1603	354.973	240	309	433	#
1604	516.907	63	227	302	#
1605	800.123	39	245	357	#
1606	402.258	254	284	341	#
1607	270.31	55	272	438	#
1608	868.942	124	205	447	#
1609	80.4841	14	302	439	#
1610	754.684	34	144	219	#
1611	237.234	18	52	266	#
1612	233.395	43	311	434	#
1613	178.026	9	276	493	#
1614	347.865	22	35	487	#
1615	868.594	118	164	188	#
1616	531.109	76	79	442	#
1617	572.476	1	264	496	#
1618	821.481	15	319	493	#
1619	521.72	27	73	401	#
1620	782.326	66	85	110	#
1621	664.1	128	327	399	#
1622	973.852	90	317	433	#
1623	639.688	223	237	420	#
1624	193.083	47	154	250	#
1625	148.445	187	301	305	#
1626	597.147	383	431	488	#
1627	910.517	24	252	346	#
1628	255.834	196	244	468	#
1629	492.214	125	300	492	#
1630	641.267	243	257	478	#
1631	373.2	235	236	414	#
1632	55.6893	241	317	399	#
1633	764.185	18	305	317	#
1634	22.7982	16	122	127	#
1635	849.487	53	337	484	#
1636	223.696	96	217	221	#
1637	325.078	130	397	480	#
1638	645.469	182	220	280	#
1639	330.312	7	171	223	#
1640	228.556	4	201	484	#
1641	130.274	310	323	481	#
1642	448.482	166	247	356	#
1643	195.78	107	386	422	#
1644	948.194	3	91	433	#
1645	649.296	311	380	479	#
1646	549.163	96	246	357	#
1647	397.62	233	282	367	#
1648	712.57	151	162	466	#
1649	655.954	158	356	463	#
1650	796.299	36	325	383	#
1651	983.002	136	365	415	#
1652	259.156	56	272	411	#
1653	393.069	38	151	237	#
1654	300.599	117	178	461	#
1655	588.632	107	297	301	#
1656	292.48	236	269	316	#
1657	865.665	281	318	445	#
1658	758.671	349	366	480	#
1659	784.034	331	341	381	#
1660	589.135	109	137	264	#
1661	266.561	177	330	359	#
1662	636.917	13	52	509	#
1663	392.914	138	210	465	#
1664	839.669	171	295	458	#
1665	788.238	93	233	262	#
1666	531.771	306	361	411	#
1667	171.519	30	446	506	#
1668	668.758	363	431	434	#
1669	324.918	5	323	497	#
1670	604.494	26	124	237	#
1671	429.71	156	228	248	#
1672	795.879	308	407	418	#
1673	195.907	372	420	463	#
1674	613.13	185	249	452	#
1675	327.503	219	340	342	#
1676	410.119	30	244	496	#
1677	512.474	133	178	187	#
1678	383.75	140	192	404	#
1679	412.574	198	398	463	#
1680	144.314	103	428	509	#
1681	753.834	24	178	326	#
1682	517.998	15	257	367	#
1683	421.269	224	326	354	#
1684	708.926	58	303	352	#
1685	871.203	172	343	483	#
1686	671.688	8	70	424	#
1687	226.318	151	350	474	#
1688	175.243	22	396	408	#
1689	876.614	119	133	511	#
1690	575.177	102	425	432	#
1691	273.662	67	157	270	#
1692	753.715	99	229	270	#
1693	876.083	9	59	373	#
1694	35.4818	91	341	398	#
1695	880.913	230	284	442	#
1696	141.926	230	348	423	#
1697	458.554	152	275	442	#
1698	408.427	11	267	411	#
1699	698.227	159	379	471	#
1700	555.492	90	186	399	#
1701	366.399	63	153	337	#
1702	279.109	73	76	162	#
1703	882.371	168	385	508	#
1704	805.157	330	347	368	#
1705	623.251	92	233	454	#
1706	338.955	67	213	441	#
1707	784.774	81	177	461	#
1708	33.3824	185	505	509	#
1709	544.959	244	301	465	#
1710	697.652	91	241	274	#
1711	204.328	31	339	467	#
1712	973.695	185	266	506	#
1713	309.439	269	316	349	#
1714	118.24	190	311	423	#
1715	505.734	202	296	463	#
1716	846.084	95	305	483	#
1717	11.2063	182	335	459	#
1718	913.634	40	348	423	#
1719	154.166	128	233	497	#
1720	251.733	379	413	453	#
1721	376.368	114	283	359	#
1722	492.877	30	264	358	#
1723	467.04	22	176	320	#
1724	680.349	273	346	384	#
1725	563.86	28	104	506	#
1726	795.382	18	21	503	#
1727	633.663	84	285	300	#
1728	493.398	167	305	408	#
1729	728.708	69	304	318	#
1730	101.462	177	246	377	#
1731	303.548	103	233	393	#
1732	496.498	73	240	478	#
1733	273.091	111	216	371	#
1734	957.424	214	348	383	#
1735	294.175	83	379	384	#
1736	464.278	192	309	380	#
1737	960.994	29	148	489	#
1738	203.502	314	438	481	#
1739	218.979	12	146	215	#
1740	230.964	30	67	397	#
1741	322.226	388	445	509	#
1742	342.919	12	128	466	#
1743	86.3468	213	319	401	#
1744	209.985	129	188	418	#
1745	21.5926	317	322	489	#
1746	740.359	107	278	410	#
1747	170.402	21	323	446	#
1748	455.873	227	269	384	#
1749	118.987	330	415	476	#
1750	388.116	6	241	431	#
1751	704.362	110	402	480	#
1752	631.745	25	441	481	#
1753	396.208	236	270	480	#
1754	228.227	43	367	483	#
1755	197.244	83	325	354	#
1756	495.645	77	226	360	#
1757	176.255	339	340	359	#
1758	268.841	114	189	466	#
1759	424.712	308	357	418	#
1760	769.023	74	169	247	#
1761	310.911	101	107	474	#
1762	983.134	19	53	296	#
1763	394.827	117	231	255	#
1764	500.639	313	341	463	#
1765	262.371	170	382	429	#
1766	729.023	71	136	285	#
1767	839.507	40	227	485	#
1768	289.175	149	261	487	#
1769	454.709	374	375	425	#
1770	177.984	295	413	431	#
1771	32.4472	267	369	505	#
1772	977.82	88	367	508	#
1773	320.966	33	307	383	#
1774	991.243	10	486	499	#
1775	984.314	127	210	238	#
1776	684.137	64	124	439	#
1777	721.636	437	440	490	#
1778	231.622	59	77	375	#
1779	315.972	36	38	59	#
1780	278.461	41	105	303	#
1781	660.326	42	416	509	#
1782	249.323	1	64	291	#
1783	360.526	82	122	405	#
1784	674.14	15	325	361	#
1785	472.386	107	114	462	#
1786	29.9358	214	314	384	#
1787	294.978	37	84	336	#
1788	542.876	14	49	276	#
1789	912.278	8	130	225	#
1790	242.938	146	235	363	#
1791	352.258	185	329	401	#
1792	318.461	2	101	498	#
1793	815.467	92	134	365	#
1794	478.986	49	208	420	#
1795	414.42	150	281	457	#
1796	602.184	233	290	366	#
1797	260.619	24	111	501	#
1798	414.263	15	35	185	#
1799	537.787	245	347	448	#
1800	333.196	134	280	422	#
1801	407.89	5	142	361	#
1802	890.17	119	164	412	#
1803	210.823	78	156	488	#
1804	337.102	35	349	427	#
1805	439.072	24	153	260	#
1806	146.651	178	383	443	#
1807	395.509	286	364	395	#
1808	116.078	56	331	504	#
1809	275.397	95	367	418	#
1810	697.413	23	77	225	#
1811	653.015	347	440	510	#
1812	993.777	41	372	456	#
1813	998.768	178	363	438	#
1814	585.345	318	337	470	#
1815	904.436	157	392	442	#
1816	978.318	124	287	349	#
1817	152.203	126	172	317	#
1818	6.39539	14	154	288	#
1819	627.386	97	282	504	#
1820	956.636	77	104	112	#
1821	345.268	133	328	453	#
1822	540.213	0	66	143	#
1823	539.221	161	288	486	#
1824	83.4717	216	296	442	#
1825	840.288	18	246	405	#
1826	475.807	12	73	360	#
1827	67.6785	56	356	405	#
1828	478.281	170	321	379	#
1829	45.1104	63	85	282	#
1830	970.527	104	402	436	#
1831	159.714	11	185	231	#
1832	593.353	16	432	506	#
1833	88.2068	93	148	221	#
1834	30.6355	369	407	410	#
1835	229.311	215	343	348	#
1836	866.408	87	278	440	#
1837	901.891	102	136	501	#
1838	551.758	44	373	470	#
1839	295.052	106	110	335	#
1840	520.965	40	358	360	#
1841	489.437	7	72	358	#
1842	907.485	21	49	426	#
1843	608.23	99	156	185	#
1844	627.755	130	301	430	#
1845	301.876	12	227	252	#
1846	824.417	65	159	457	#
1847	322.278	78	107	158	#
1848	790.465	72	98	191	#
1849	900.256	72	155	300	#
1850	531.926	8	350	444	#
1851	4.29904	377	420	475	#
1852	69.0886	156	292	329	#
1853	329.143	41	92	256	#
1854	424.917	216	306	436	#
1855	39.4884	40	406	440	#
1856	4.16897	236	261	286	#
1857	877.149	138	153	373	#
1858	727.875	164	372	417	#
1859	229.209	70	229	348	#
1860	855.216	96	301	411	#
1861	150.257	201	434	497	#
1862	898.47	53	105	150	#
1863	133.52	253	455	509	#
1864	416.575	170	392	435	#
1865	633.747	35	354	390	#
1866	759.009	32	389	392	#
1867	958.931	163	343	419	#
1868	24.0313	350	409	444	#
1869	168.474	135	262	462	#
1870	594.015	70	342	491	#
1871	42.1608	112	366	406	#
1872	615.429	20	208	257	#
1873	17.3037	157	166	482	#
1874	702.207	165	209	390	#
1875	230.692	59	63	257	#
1876	958.59	52	148	480	#
1877	447.478	39	270	475	#
1878	141.178	236	280	300	#
1879	710.892	38	101	319	#
1880	409.812	140	193	447	#
1881	4.68958	155	201	318	#
1882	653.028	43	143	487	#
1883	84.4865	207	243	407	#
1884	816.219	182	404	439	#
1885	904.65	264	401	427	#
1886	9.26294	0	258	429	#
1887	744.168	305	352	368	#
1888	425.267	63	303	490	#
1889	217.931	145	193	491	#
1890	263.213	201	248	472	#
1891	849.117	366	388	389	#
1892	914.655	186	286	486	#
1893	773.865	82	131	225	#
1894	648.272	66	146	425	#
1895	451.22	40	56	499	#
1896	905.953	40	174	492	#
1897	959.274	285	435	483	#
1898	110.225	47	368	446	#
1899	572.765	217	384	436	#
1900	575.211	53	302	370	#
1901	837.825	235	312	509	#
1902	711.958	191	264	338	#
1903	286.395	156	286	322	#
1904	223.83	14	369	456	#
1905	265.778	21	51	121	#
1906	398.817	255	281	342	#
1907	98.0991	44	329	483	#
1908	922.985	62	170	350	#
1909	929.918	78	129	368	#
1910	862.912	196	257	312	#
1911	184.027	260	339	484	#
1912	594.875	133	152	454	#
1913	483.446	139	256	406	#
1914	494.633	26	373	437	#
1915	281.906	7	444	468	#
1916	144.085	156	193	432	#
1917	205.613	121	205	392	#
1918	659.675	363	376	448	#
1919	287.835	302	337	456	#
1920	502.333	33	135	236	#
1921	860.879	126	344	441	#
1922	789.836	8	102	493	#
1923	859.257	118	432	476	#
1924	699.898	106	180	263	#
1925	683.38	245	423	495	#
1926	25.8863	82	109	461	#
1927	574.857	57	400	407	#
1928	326.994	60	374	417	#
1929	662.472	68	117	272	#
1930	400.774	88	199	275	#
1931	452.208	10	225	236	#
1932	998.383	271	401	490	#
1933	555.153	222	394	456	#
1934	801.462	107	337	370	#
1935	873.91	127	338	495	#
1936	684.505	75	187	279	#
1937	301.128	192	206	507	#
1938	197.671	32	59	487	#
1939	223.026	92	216	286	#
1940	22.3991	111	297	417	#
1941	766.307	50	242	342	#
1942	875.804	130	189	460	#
1943	778.588	185	292	456	#
1944	969.712	232	365	410	#
1945	990.514	162	493	508	#
1946	666.352	59	120	342	#
1947	671.952	232	479	489	#
1948	415.061	185	310	317	#
1949	365.185	144	184	221	#
1950	403.039	18	23	115	#
1951	954.787	98	279	464	#
1952	608.035	342	401	477	#
1953	416.845	114	187	351	#
1954	102.002	213	224	332	#
1955	79.4858	146	183	225	#
1956	522.128	35	387	444	#
1957	122.14	72	161	259	#
1958	599.291	22	227	355	#
1959	342.759	26	305	414	#
1960	513.867	377	397	401	#
1961	930.197	56	59	212	#
1962	634.95	134	231	316	#
1963	93.2175	112	420	490	#
1964	891.428	95	190	439	#
1965	918.118	167	231	253	#
1966	621.987	133	162	417	#
1967	753.704	144	199	361	#
1968	256.017	46	93	219	#
1969	755.353	57	123	455	#
1970	588.489	125	243	266	#
1971	959.174	166	214	491	#
1972	729.302	65	226	348	#
1973	402.772	85	121	498	#
1974	31.1868	305	354	458	#
1975	360.887	154	275	350	#
1976	430.171	128	176	508	#
1977	722.181	145	354	493	#
1978	668.726	154	381	475	#
1979	897.707	15	26	379	#
1980	814.096	73	118	160	#
1981	422.099	6	332	499	#
1982	332.951	23	418	478	#
1983	585.288	43	87	388	#
1984	738.395	235	364	399	#
1985	15.5422	53	277	491	#
1986	486.462	95	122	434	#
1987	123.911	23	141	329	#
1988	366.663	107	217	301	#
1989	715.622	359	379	501	#
1990	104.737	62	214	476	#
1991	875.786	15	195	283	#
1992	275.66	162	370	379	#
1993	444.73	54	102	408	#
1994	911.105	279	285	399	#
1995	12.5649	133	376	387	#
1996	377.922	29	156	503	#
1997	383.087	90	145	327	#
1998	202.829	321	433	499	#
1999	883.872	9	82	160	#
