%% File generated by CATS v.2.1Mon Jul  4 11:09:37 2011

%% The CATS webpage is http://robotics.stanford.edu/CATS

%% PARAMETER SETTINGS:
% Goods: 512; Bids: 2000; Distribution: L3; Runs: 1; Seed: 1309806895
% Legacy distribution parameters:
% Number of goods chosen according to Constant distribution (const_goods = 3).
% Price chosen according to Fixed Random distribution (low_fixed = 0, high_fixed = 1000).


goods 512
bids 2000
dummy 0

0	242.934	32	228	296	#
1	709.755	223	438	462	#
2	213.455	59	199	405	#
3	834.48	39	143	477	#
4	564.919	70	132	388	#
5	970.638	117	357	511	#
6	414.466	113	180	264	#
7	475.95	118	213	400	#
8	335.821	4	292	372	#
9	159.111	168	194	331	#
10	461.458	23	155	161	#
11	208.588	114	210	362	#
12	937.09	136	295	364	#
13	531.674	251	265	502	#
14	814.34	203	298	400	#
15	736.63	187	258	447	#
16	487.938	105	121	466	#
17	89.3738	9	29	351	#
18	210.56	153	207	432	#
19	781.028	117	332	466	#
20	51.4266	10	31	261	#
21	753.815	45	175	313	#
22	904.047	85	262	488	#
23	150.141	62	133	354	#
24	793.974	371	460	498	#
25	173.35	116	260	469	#
26	789.236	40	231	273	#
27	778.51	91	236	506	#
28	274.081	230	398	464	#
29	147.748	85	390	462	#
30	210.943	14	158	504	#
31	346.982	47	374	379	#
32	253.505	32	167	412	#
33	563.58	271	372	394	#
34	954.154	79	341	405	#
35	483.687	182	217	409	#
36	307.494	23	227	311	#
37	628.865	260	338	460	#
38	785.318	55	471	480	#
39	30.2816	38	217	453	#
40	419.816	57	88	506	#
41	823.072	53	436	453	#
42	585.82	55	141	406	#
43	945.517	32	321	434	#
44	347.193	207	212	256	#
45	280.056	72	372	447	#
46	849.578	216	438	467	#
47	738.387	33	41	64	#
48	477.063	202	236	340	#
49	543.848	230	261	456	#
50	6.9235	162	292	383	#
51	496.504	132	295	345	#
52	794.458	126	397	423	#
53	319.861	10	86	382	#
54	99.0305	274	313	346	#
55	282.834	65	104	275	#
56	22.7781	65	157	269	#
57	166.572	23	299	422	#
58	175.067	73	109	207	#
59	303.001	95	344	401	#
60	98.6033	256	419	452	#
61	850.363	165	266	361	#
62	697.219	134	186	259	#
63	690.825	119	340	474	#
64	390.716	201	258	367	#
65	336.157	261	373	414	#
66	488.737	72	160	444	#
67	9.72439	306	377	385	#
68	323.476	118	159	189	#
69	636.52	27	351	376	#
70	10.1821	172	254	287	#
71	817.675	161	265	491	#
72	314.708	206	230	336	#
73	991.877	249	327	464	#
74	999.002	102	176	285	#
75	893.348	164	345	508	#
76	188.264	104	233	429	#
77	104.496	180	278	370	#
78	757.61	135	355	473	#
79	971.107	73	257	395	#
80	471.412	70	367	414	#
81	398.902	225	305	395	#
82	625.122	203	306	446	#
83	82.5068	6	67	181	#
84	237.202	26	365	367	#
85	531.381	200	292	465	#
86	417.9	228	305	422	#
87	851.956	134	222	334	#
88	401.978	46	101	420	#
89	621.218	259	318	327	#
90	874.064	84	280	347	#
91	344.201	64	163	164	#
92	638.184	70	295	345	#
93	926.332	103	485	506	#
94	387.127	109	250	473	#
95	311.28	102	261	268	#
96	312.616	20	50	369	#
97	935.97	107	151	413	#
98	563.914	294	457	502	#
99	936.613	89	174	214	#
100	110.289	0	27	350	#
101	103.106	2	294	376	#
102	391.91	72	298	360	#
103	423.876	5	399	477	#
104	254.065	41	92	349	#
105	689.205	27	71	334	#
106	51.2084	239	292	397	#
107	28.3236	180	420	503	#
108	480.202	311	345	399	#
109	444.013	57	289	318	#
110	656.198	5	120	156	#
111	378.205	327	451	482	#
112	179.979	361	375	483	#
113	93.0214	75	345	479	#
114	462.165	126	141	378	#
115	183.943	17	18	260	#
116	367.553	41	197	210	#
117	855.266	122	171	213	#
118	321.948	164	497	498	#
119	682.721	56	160	349	#
120	384.209	155	211	249	#
121	464.123	82	231	430	#
122	427.818	105	298	396	#
123	416.14	84	289	317	#
124	499.152	164	259	450	#
125	413.74	44	263	350	#
126	623.721	37	155	240	#
127	188.604	16	67	68	#
128	816.999	147	272	310	#
129	403.783	198	219	260	#
130	823.064	125	150	488	#
131	304.08	14	343	471	#
132	152.136	26	129	396	#
133	205.135	76	107	372	#
134	317.176	91	347	363	#
135	428.905	206	255	399	#
136	780.082	258	382	421	#
137	419.213	25	430	454	#
138	9.61488	136	338	458	#
139	678.274	192	280	312	#
140	226.025	62	291	421	#
141	853.554	230	461	480	#
142	861.475	20	91	246	#
143	774.092	70	400	508	#
144	500.687	290	382	440	#
145	486.336	41	256	319	#
146	82.8488	101	143	434	#
147	371.824	72	238	326	#
148	443.673	144	209	430	#
149	242.474	164	269	483	#
150	855.594	118	269	389	#
151	904.006	175	209	455	#
152	84.45	39	343	511	#
153	53.9675	259	378	389	#
154	622.578	97	393	419	#
155	538.086	11	38	410	#
156	181.137	165	281	403	#
157	927.134	118	244	401	#
158	228.536	204	229	230	#
159	96.2216	13	272	486	#
160	347.23	271	303	354	#
161	989.404	146	170	493	#
162	447.717	215	385	398	#
163	34.7305	113	338	389	#
164	426.449	248	495	497	#
165	738.323	4	221	435	#
166	683.457	89	144	436	#
167	830.811	79	99	418	#
168	25.8364	114	180	424	#
169	965.416	195	497	499	#
170	874.855	218	269	342	#
171	374.215	128	264	441	#
172	367.289	122	239	327	#
173	77.5787	117	173	265	#
174	895.69	148	311	476	#
175	211.52	32	176	439	#
176	867.655	92	347	348	#
177	788.645	34	323	484	#
178	980.743	115	263	418	#
179	740.656	121	428	474	#
180	107.571	256	276	464	#
181	403.789	122	309	476	#
182	964.685	156	451	480	#
183	703.346	11	24	195	#
184	99.1874	63	242	327	#
185	169.415	23	33	419	#
186	368.677	180	219	386	#
187	573.116	93	98	274	#
188	12.9334	93	331	472	#
189	411.2	44	152	446	#
190	619.847	109	220	427	#
191	686.526	356	399	459	#
192	773.493	11	71	188	#
193	432.937	161	250	398	#
194	938.795	281	438	472	#
195	215.289	223	254	293	#
196	185.13	75	102	480	#
197	398.835	43	217	471	#
198	680.283	322	323	457	#
199	326.924	200	205	453	#
200	496.536	357	377	510	#
201	671.937	63	170	278	#
202	162.273	29	134	200	#
203	131.599	39	198	242	#
204	565.338	110	198	238	#
205	331.311	25	180	403	#
206	268.457	119	224	391	#
207	262.833	34	178	308	#
208	32.4429	16	144	338	#
209	840.67	71	312	425	#
210	359.44	349	422	484	#
211	189.697	317	416	467	#
212	166.361	388	457	498	#
213	91.0706	367	394	488	#
214	277.748	30	56	213	#
215	608.178	269	337	435	#
216	287.664	164	186	251	#
217	290.36	141	296	444	#
218	481.783	233	455	505	#
219	509.37	226	294	445	#
220	933.747	204	209	343	#
221	422.014	282	385	395	#
222	593.92	210	375	380	#
223	772.126	10	327	372	#
224	174.038	10	216	318	#
225	246.032	177	254	504	#
226	897.869	54	127	393	#
227	377.857	134	230	510	#
228	735.81	235	409	458	#
229	64.5392	221	309	493	#
230	570.488	8	21	281	#
231	595.104	0	378	500	#
232	850.769	93	277	478	#
233	724.757	30	313	318	#
234	683.172	184	289	342	#
235	731.566	278	338	384	#
236	982.552	151	159	289	#
237	581.99	151	443	482	#
238	258.004	16	92	414	#
239	301.22	178	231	445	#
240	845.306	154	158	191	#
241	395.301	107	305	361	#
242	913.803	38	257	482	#
243	704.202	441	476	506	#
244	373.501	106	172	264	#
245	378.507	48	160	451	#
246	887.236	175	198	344	#
247	767.096	115	167	178	#
248	553.128	68	112	364	#
249	879.182	266	342	358	#
250	464.147	188	297	372	#
251	741.298	155	182	342	#
252	274.448	62	241	383	#
253	408.289	26	346	372	#
254	106.26	251	330	455	#
255	607.1	88	182	268	#
256	616.437	96	404	484	#
257	993.132	242	274	415	#
258	808.409	0	461	477	#
259	781.156	112	117	153	#
260	223.094	16	36	220	#
261	76.255	192	251	324	#
262	471.46	54	74	466	#
263	574.99	74	341	494	#
264	681.758	16	73	208	#
265	432.964	8	174	178	#
266	326.065	75	352	476	#
267	2.18933	199	429	493	#
268	63.6018	9	120	467	#
269	830.118	88	185	403	#
270	692.429	265	348	454	#
271	781.96	83	289	510	#
272	36.4442	62	488	507	#
273	398.848	74	186	220	#
274	611.217	49	204	386	#
275	636.675	227	243	452	#
276	210.054	73	381	446	#
277	943.863	117	377	437	#
278	130.781	78	217	253	#
279	231.097	4	294	488	#
280	624.086	34	75	96	#
281	661.992	73	418	494	#
282	285.855	36	115	390	#
283	350.912	171	216	499	#
284	538.816	225	255	460	#
285	992.63	44	150	262	#
286	52.8649	35	188	489	#
287	168.241	179	376	402	#
288	938.83	12	107	190	#
289	572.728	142	433	477	#
290	817.029	21	193	277	#
291	691.784	249	341	499	#
292	409.811	80	118	275	#
293	519.004	126	223	385	#
294	136.387	378	401	409	#
295	749.25	167	182	351	#
296	298.605	19	88	253	#
297	510.006	425	468	506	#
298	837.924	101	134	140	#
299	99.73	118	215	250	#
300	316.693	37	354	398	#
301	390.712	198	242	251	#
302	730.942	259	391	442	#
303	523.674	103	255	501	#
304	997.249	249	268	307	#
305	764.965	240	294	425	#
306	258.178	215	331	435	#
307	792.148	194	206	249	#
308	8.12136	42	302	347	#
309	593.731	258	277	374	#
310	245.586	38	342	442	#
311	778.042	49	109	118	#
312	428.08	231	394	404	#
313	343.889	64	103	483	#
314	359.982	304	455	456	#
315	342.123	237	334	508	#
316	471.896	155	304	503	#
317	877.298	116	256	398	#
318	499.353	155	348	503	#
319	215.669	59	107	393	#
320	173.354	308	364	446	#
321	372.267	157	183	460	#
322	594.749	50	132	372	#
323	312.426	102	261	428	#
324	680.322	66	170	319	#
325	822.145	120	190	443	#
326	440.489	13	221	460	#
327	176.806	23	329	394	#
328	876.855	421	452	501	#
329	969.264	36	131	439	#
330	972.428	76	163	454	#
331	845.97	186	281	434	#
332	588.13	75	118	328	#
333	443.788	48	123	137	#
334	76.305	159	174	476	#
335	520.316	291	420	473	#
336	75.2276	122	125	298	#
337	126.985	153	174	471	#
338	258.225	48	326	387	#
339	686.917	238	316	434	#
340	776.807	225	295	369	#
341	8.44895	115	116	194	#
342	759.286	318	437	468	#
343	812.576	27	76	325	#
344	497.267	25	239	315	#
345	528.169	64	223	291	#
346	837.673	9	38	142	#
347	865.063	98	422	423	#
348	777.362	17	194	261	#
349	895.502	215	234	336	#
350	400.003	167	206	362	#
351	425.019	48	360	498	#
352	199.508	428	487	490	#
353	811.947	413	429	446	#
354	703.51	286	411	465	#
355	17.9026	118	251	390	#
356	228.332	31	254	416	#
357	938.598	219	256	306	#
358	721.561	138	242	510	#
359	260.618	260	362	409	#
360	735.213	19	108	263	#
361	317.339	277	389	459	#
362	190.652	138	406	431	#
363	675.946	160	306	351	#
364	745.846	191	398	472	#
365	477.557	15	244	435	#
366	256.196	261	348	419	#
367	873.749	243	293	306	#
368	32.0991	164	323	354	#
369	255.306	171	368	492	#
370	339.557	140	142	479	#
371	352.83	167	334	405	#
372	864.577	83	194	232	#
373	703.846	82	147	469	#
374	667.743	19	70	400	#
375	427.377	177	357	366	#
376	492.296	119	398	429	#
377	724.46	37	163	208	#
378	157.168	144	205	279	#
379	31.879	10	126	166	#
380	165.884	94	98	371	#
381	296.448	61	176	215	#
382	592.88	63	188	412	#
383	408.425	280	456	508	#
384	770.693	221	263	456	#
385	435.216	14	305	388	#
386	294.673	18	214	452	#
387	930.301	178	304	358	#
388	386.25	4	253	430	#
389	257.349	317	361	473	#
390	711.474	147	240	497	#
391	565.783	45	94	247	#
392	338.445	36	124	390	#
393	781.6	137	336	350	#
394	635.429	266	299	473	#
395	736.031	25	65	170	#
396	560.858	44	117	190	#
397	344.671	73	365	479	#
398	977.079	262	302	448	#
399	570.994	46	403	480	#
400	331.639	86	119	316	#
401	760.715	185	224	263	#
402	293.04	344	462	479	#
403	817.236	238	311	363	#
404	702.339	239	370	464	#
405	603.462	118	142	179	#
406	507.593	17	31	333	#
407	901.577	167	271	430	#
408	185.111	63	104	412	#
409	239.859	104	109	465	#
410	519.589	4	115	389	#
411	904.472	91	214	228	#
412	514.667	141	257	382	#
413	494.151	58	396	458	#
414	636.07	252	315	327	#
415	447.018	30	51	167	#
416	551.424	161	334	463	#
417	71.2999	143	275	343	#
418	24.0267	148	337	380	#
419	745.504	263	347	352	#
420	642.215	82	88	312	#
421	118.645	2	481	486	#
422	621.683	199	323	343	#
423	337.414	153	212	283	#
424	4.99907	119	245	507	#
425	554.714	30	325	480	#
426	200.722	178	350	399	#
427	232.774	10	35	404	#
428	953.96	70	293	304	#
429	44.0949	170	303	310	#
430	520.857	197	475	501	#
431	494.771	114	137	327	#
432	31.4031	242	356	469	#
433	747.269	55	72	178	#
434	768.159	72	318	412	#
435	503.53	51	61	207	#
436	362.858	121	231	452	#
437	224.312	15	229	284	#
438	718.541	52	219	372	#
439	406.965	26	246	318	#
440	801.794	125	207	425	#
441	121.375	144	228	250	#
442	317.801	286	387	437	#
443	512.612	431	455	497	#
444	680.357	41	403	430	#
445	518.841	72	106	196	#
446	619.65	133	233	299	#
447	624.347	111	242	379	#
448	232.522	57	255	377	#
449	70.0805	65	287	327	#
450	273.101	10	451	474	#
451	577.892	125	360	386	#
452	6.0851	232	285	338	#
453	309.689	124	425	456	#
454	0.656393	330	375	384	#
455	479.02	142	180	214	#
456	829.886	215	397	487	#
457	760.135	25	171	196	#
458	758.675	22	427	449	#
459	398.368	49	156	410	#
460	152.679	87	265	376	#
461	715.712	106	165	275	#
462	521.34	203	218	322	#
463	526.756	260	333	474	#
464	820.047	44	277	364	#
465	832.7	92	176	433	#
466	879.628	251	426	428	#
467	44.9231	186	237	497	#
468	605.778	98	153	222	#
469	904.657	341	388	487	#
470	896.691	262	324	432	#
471	211.586	97	347	390	#
472	64.0971	94	204	415	#
473	451.722	26	94	376	#
474	911.041	12	23	94	#
475	423.729	9	48	489	#
476	519.172	114	115	354	#
477	2.86301	74	196	358	#
478	228.975	34	72	121	#
479	253.028	46	383	478	#
480	258.288	86	144	158	#
481	199.956	35	290	394	#
482	897.607	57	174	408	#
483	712.315	21	393	405	#
484	245.106	74	199	251	#
485	102.611	70	435	497	#
486	999.95	362	423	511	#
487	255.991	89	295	432	#
488	919.408	213	289	473	#
489	322.65	53	81	129	#
490	163.427	193	240	260	#
491	268.291	278	338	399	#
492	899.737	37	257	496	#
493	867.139	119	427	428	#
494	223.239	64	168	259	#
495	43.3149	160	165	280	#
496	655.328	322	367	481	#
497	818.886	77	183	318	#
498	231.968	40	131	230	#
499	510.72	154	338	429	#
500	463.755	426	450	485	#
501	233.307	175	185	355	#
502	256.862	92	258	388	#
503	210.985	22	82	216	#
504	220.686	85	125	491	#
505	880.571	7	231	318	#
506	656.164	95	127	159	#
507	274.159	161	227	450	#
508	918.153	46	288	345	#
509	711.921	46	148	203	#
510	775.925	24	340	501	#
511	405.99	97	106	312	#
512	857.749	215	229	382	#
513	179.092	310	408	420	#
514	258.687	32	204	507	#
515	135.347	27	108	419	#
516	915.156	238	245	289	#
517	785.715	97	260	349	#
518	405.457	185	186	351	#
519	826.842	140	270	312	#
520	422.41	66	211	480	#
521	499.625	307	453	456	#
522	282.364	45	125	401	#
523	212.552	144	291	445	#
524	484.306	17	24	45	#
525	904.981	97	322	368	#
526	513.416	35	295	344	#
527	446.753	80	92	301	#
528	795.358	23	86	108	#
529	223.094	194	243	268	#
530	950.757	265	295	435	#
531	937.572	23	57	501	#
532	273.706	336	365	459	#
533	580.87	92	310	412	#
534	663.838	105	176	291	#
535	459.462	106	350	383	#
536	78.3954	25	119	323	#
537	155.795	70	133	343	#
538	938.896	61	246	281	#
539	300.399	69	82	318	#
540	826.415	451	479	485	#
541	76.3328	211	275	472	#
542	230.156	98	334	351	#
543	447.727	21	407	408	#
544	75.9137	376	383	473	#
545	206.674	72	121	460	#
546	254.167	192	308	494	#
547	66.5312	148	270	424	#
548	392.001	9	94	215	#
549	194.727	155	267	460	#
550	668.662	56	152	437	#
551	774.468	41	73	396	#
552	561.526	161	238	301	#
553	412.256	19	30	384	#
554	27.3631	99	302	384	#
555	466.946	11	474	494	#
556	773.256	144	333	443	#
557	666.081	105	183	466	#
558	952.134	214	372	446	#
559	696.565	281	313	334	#
560	829.853	356	371	425	#
561	809.237	207	237	381	#
562	713.88	101	149	332	#
563	860.728	203	216	247	#
564	708.057	85	225	333	#
565	631.007	331	464	465	#
566	663.614	53	58	152	#
567	701.316	12	275	312	#
568	33.474	243	258	279	#
569	654.727	149	265	306	#
570	205.08	219	299	486	#
571	870.353	25	28	152	#
572	286.393	51	180	259	#
573	722.277	236	291	507	#
574	250.351	85	310	355	#
575	565.548	79	100	412	#
576	805.019	174	330	337	#
577	494.155	154	155	237	#
578	349.805	110	232	280	#
579	489.632	114	127	164	#
580	902.541	22	107	311	#
581	244.051	376	391	508	#
582	937.886	169	228	411	#
583	637.389	44	416	486	#
584	664.433	113	151	284	#
585	576.822	95	167	470	#
586	386.048	145	154	270	#
587	664.301	134	170	239	#
588	242.402	77	417	494	#
589	948.766	33	129	457	#
590	804.306	127	308	365	#
591	840.688	55	158	475	#
592	711.384	57	251	343	#
593	119.121	241	465	489	#
594	782.779	461	500	506	#
595	845.281	251	334	336	#
596	805.994	286	360	440	#
597	911.674	20	49	189	#
598	514.65	275	374	443	#
599	902.102	165	249	467	#
600	102.839	80	138	139	#
601	915.403	29	69	213	#
602	991.932	153	270	438	#
603	14.5857	116	293	404	#
604	465.098	125	138	454	#
605	3.04379	131	263	486	#
606	215.467	14	244	254	#
607	300.829	93	466	501	#
608	815.781	254	330	347	#
609	796.504	272	399	401	#
610	610.54	41	125	229	#
611	683.885	221	405	406	#
612	556.061	221	279	384	#
613	458.013	148	156	303	#
614	89.5377	147	364	447	#
615	441.003	66	75	100	#
616	195.1	83	93	383	#
617	435.93	64	380	390	#
618	453.037	38	213	440	#
619	365.728	258	295	300	#
620	7.76023	19	100	425	#
621	44.1025	326	361	460	#
622	70.7477	99	309	339	#
623	546.747	85	116	321	#
624	786.625	267	323	423	#
625	3.69447	23	249	261	#
626	33.7045	170	199	464	#
627	17.4222	27	199	351	#
628	4.71474	122	286	291	#
629	326.38	40	242	345	#
630	219.117	73	285	398	#
631	779.875	164	327	425	#
632	955.322	18	196	266	#
633	167.814	6	191	404	#
634	959.285	144	343	441	#
635	957.568	71	96	336	#
636	685.361	106	295	418	#
637	530.286	296	467	500	#
638	255.987	211	307	317	#
639	80.2573	33	192	224	#
640	788.644	109	170	456	#
641	943.461	39	44	358	#
642	731.744	46	243	283	#
643	755.247	173	377	383	#
644	375.483	97	302	483	#
645	502.114	263	421	496	#
646	759.366	40	341	456	#
647	228.837	141	194	363	#
648	785.036	230	323	434	#
649	889.768	4	147	328	#
650	461.192	216	222	457	#
651	591.872	97	127	405	#
652	856.792	419	470	492	#
653	267.142	322	330	411	#
654	519.424	0	22	81	#
655	633.308	54	147	483	#
656	827.603	43	189	217	#
657	154.298	328	352	466	#
658	988.962	111	414	460	#
659	595.688	48	95	260	#
660	170.676	367	410	497	#
661	685.431	70	233	269	#
662	554.152	45	216	270	#
663	336.444	54	406	502	#
664	942.924	152	370	371	#
665	865.159	109	295	416	#
666	920.843	53	96	287	#
667	648.931	206	429	433	#
668	457.089	39	161	337	#
669	705.269	79	117	195	#
670	285.172	48	136	255	#
671	747.088	123	142	287	#
672	345.032	12	56	440	#
673	370.782	238	353	363	#
674	70.4705	116	327	448	#
675	167.648	240	286	350	#
676	328.612	94	243	353	#
677	714.278	93	158	440	#
678	373.707	0	206	496	#
679	593.793	1	166	357	#
680	264.544	238	367	459	#
681	827.357	111	135	194	#
682	812.871	240	247	438	#
683	354.163	314	328	507	#
684	279.658	338	419	440	#
685	488.173	172	213	236	#
686	716.701	122	267	271	#
687	601.126	125	296	498	#
688	62.9509	124	268	358	#
689	633.918	336	446	459	#
690	848.166	11	54	66	#
691	422.21	140	233	282	#
692	630.844	25	135	346	#
693	237.182	418	451	507	#
694	103.104	317	425	447	#
695	388.62	5	90	153	#
696	132.06	196	285	346	#
697	215.09	313	425	487	#
698	875.43	41	241	383	#
699	294.715	138	209	367	#
700	508.507	65	123	453	#
701	250.117	262	381	437	#
702	30.3074	42	206	357	#
703	92.3905	139	477	496	#
704	78.5978	43	203	260	#
705	651.493	61	87	161	#
706	676.706	1	157	431	#
707	274.236	51	165	387	#
708	359.389	249	363	461	#
709	636.104	88	411	431	#
710	180.735	94	356	358	#
711	209.403	243	288	467	#
712	693.966	84	148	303	#
713	657.795	97	428	444	#
714	111.175	92	174	256	#
715	186.064	121	226	277	#
716	500.467	13	32	202	#
717	663.972	165	191	230	#
718	58.596	133	205	288	#
719	164.396	280	324	369	#
720	209.155	233	433	484	#
721	408.43	89	126	346	#
722	519.486	129	152	292	#
723	493.969	14	218	331	#
724	203.948	246	480	485	#
725	199.29	30	329	374	#
726	286.786	142	283	511	#
727	99.4645	17	116	435	#
728	334.813	160	381	510	#
729	710.967	71	149	315	#
730	38.2377	150	237	462	#
731	888.618	167	232	322	#
732	817.418	47	58	258	#
733	739.069	169	426	433	#
734	63.9538	22	187	354	#
735	386.298	403	461	499	#
736	586.473	14	199	261	#
737	27.1359	7	358	444	#
738	324.618	74	418	453	#
739	848.633	204	255	425	#
740	419.141	344	428	496	#
741	544.118	149	490	493	#
742	281.714	176	251	473	#
743	361.073	216	288	339	#
744	394.936	17	34	116	#
745	841.513	236	262	290	#
746	191.201	9	465	497	#
747	674.319	39	46	247	#
748	508.522	75	268	490	#
749	369.051	21	48	126	#
750	802.027	75	330	365	#
751	782.003	17	260	311	#
752	501.804	187	191	500	#
753	877.856	9	92	284	#
754	650.902	20	48	453	#
755	494.039	27	372	498	#
756	231.726	0	268	306	#
757	289.958	159	349	439	#
758	394.725	151	423	479	#
759	509.544	68	90	483	#
760	140.181	32	33	218	#
761	663.103	45	169	328	#
762	872.079	123	182	424	#
763	743.246	52	327	454	#
764	642.444	59	190	221	#
765	129.725	91	417	492	#
766	835.199	265	315	505	#
767	909.261	265	349	432	#
768	500.52	88	139	441	#
769	939.022	157	222	284	#
770	543.807	55	290	333	#
771	616.18	103	143	194	#
772	497.83	91	122	291	#
773	981.017	21	136	370	#
774	662.246	63	212	446	#
775	477.341	198	256	371	#
776	981.63	79	280	370	#
777	421.521	254	457	465	#
778	151.291	267	276	446	#
779	990.211	45	117	367	#
780	89.5789	79	278	295	#
781	326.911	75	156	494	#
782	96.0636	141	196	499	#
783	188.773	0	210	323	#
784	726.844	388	401	428	#
785	407.609	5	476	491	#
786	661.447	19	24	188	#
787	322.84	16	27	335	#
788	610.174	186	252	460	#
789	259.191	94	198	447	#
790	616.408	135	153	481	#
791	68.1775	42	54	117	#
792	945.33	43	114	161	#
793	730.018	272	291	428	#
794	118.637	168	179	216	#
795	21.3653	36	120	127	#
796	554.281	87	295	325	#
797	294.296	155	286	301	#
798	700.906	39	167	169	#
799	483.292	197	338	398	#
800	518.576	120	223	487	#
801	559.481	120	162	357	#
802	650.556	244	392	433	#
803	785.19	115	123	310	#
804	655.302	15	98	460	#
805	286.922	120	317	472	#
806	223.519	143	176	209	#
807	661.119	75	165	449	#
808	392.017	81	119	228	#
809	554.662	242	268	343	#
810	384.279	260	277	293	#
811	420.801	478	494	500	#
812	857.088	61	94	319	#
813	941.286	65	329	502	#
814	13.1749	197	394	488	#
815	926.722	159	178	213	#
816	251.821	13	93	266	#
817	859.746	42	209	276	#
818	772.465	32	126	312	#
819	629.392	164	258	373	#
820	820.802	180	271	452	#
821	420.042	34	141	190	#
822	72.5404	203	209	447	#
823	164.684	6	164	391	#
824	986.842	286	288	325	#
825	449.688	114	228	260	#
826	829.713	164	175	268	#
827	267.15	114	259	490	#
828	466.948	87	107	111	#
829	550.856	117	407	498	#
830	956.963	6	239	495	#
831	3.22097	48	351	365	#
832	435.712	144	165	397	#
833	323.109	8	123	348	#
834	779.079	124	251	461	#
835	578.198	157	299	498	#
836	52.54	11	84	100	#
837	130.631	78	183	220	#
838	813.563	209	422	457	#
839	220.947	98	226	366	#
840	919.103	308	319	431	#
841	42.856	203	440	457	#
842	608.746	179	247	262	#
843	5.51012	115	163	360	#
844	227.547	23	135	180	#
845	485.223	50	93	108	#
846	483.561	91	190	311	#
847	718.585	21	180	504	#
848	320.614	23	80	86	#
849	968.524	26	330	414	#
850	292.598	144	264	316	#
851	239.772	175	293	297	#
852	404.315	28	116	309	#
853	318.369	277	290	390	#
854	717.81	114	354	405	#
855	244.986	231	250	503	#
856	394.802	157	372	506	#
857	555.945	168	329	332	#
858	124.81	253	367	435	#
859	83.8538	88	290	355	#
860	424.724	38	114	373	#
861	973.998	196	470	485	#
862	737.965	71	81	334	#
863	843.163	241	432	465	#
864	609.985	170	203	440	#
865	684.317	36	389	431	#
866	471.761	162	238	255	#
867	203.574	71	453	465	#
868	724.054	158	336	443	#
869	765.132	72	145	422	#
870	882.605	84	287	339	#
871	15.3944	150	205	484	#
872	518.063	111	139	422	#
873	559.205	212	294	403	#
874	604.314	135	436	482	#
875	769.189	54	143	243	#
876	675.025	179	370	493	#
877	923.398	29	222	510	#
878	880.607	187	231	352	#
879	387.002	354	470	478	#
880	636.407	84	201	450	#
881	480.506	187	423	442	#
882	57.8495	102	289	319	#
883	9.98909	304	359	401	#
884	789.369	375	382	465	#
885	174.122	30	125	143	#
886	151.349	108	131	168	#
887	708.215	329	389	459	#
888	752.942	24	144	446	#
889	677.323	230	250	348	#
890	848.486	25	197	425	#
891	288.426	67	288	393	#
892	751.421	47	123	149	#
893	455.968	281	360	459	#
894	561.94	71	139	177	#
895	625.558	9	160	483	#
896	313.264	147	305	493	#
897	537.364	115	221	477	#
898	396.326	17	27	303	#
899	193.77	164	365	429	#
900	783.761	221	256	286	#
901	285.108	40	69	302	#
902	141.485	157	327	475	#
903	722.782	164	326	450	#
904	389.785	80	263	486	#
905	730.872	353	354	359	#
906	655.739	49	71	197	#
907	155.301	115	177	312	#
908	844.868	114	314	458	#
909	263.912	85	91	420	#
910	252.379	74	113	140	#
911	331.313	24	280	389	#
912	732.915	22	75	291	#
913	729.091	58	268	298	#
914	952.668	159	418	491	#
915	75.0267	30	296	313	#
916	158.818	143	437	485	#
917	234.183	142	391	415	#
918	718.639	413	446	447	#
919	610.243	37	252	322	#
920	404.264	146	264	362	#
921	217.259	2	270	296	#
922	28.9756	260	304	493	#
923	479.94	156	164	167	#
924	577.007	101	111	449	#
925	574.913	116	208	432	#
926	411.252	215	423	435	#
927	395.847	101	119	150	#
928	491.89	267	367	448	#
929	902.134	102	106	240	#
930	793.813	117	177	501	#
931	693.798	256	342	501	#
932	271.907	291	347	435	#
933	144.578	207	298	346	#
934	790.574	9	73	313	#
935	320.631	334	393	454	#
936	407.565	8	191	215	#
937	214.051	86	94	143	#
938	282.029	161	244	381	#
939	528.437	10	366	500	#
940	262.855	30	277	330	#
941	367.957	20	73	430	#
942	905.742	73	231	241	#
943	701.912	379	382	423	#
944	266.083	38	151	241	#
945	403.511	13	31	211	#
946	319.603	230	306	493	#
947	994.621	74	290	406	#
948	273.871	49	344	361	#
949	967.488	17	192	391	#
950	351.131	70	320	362	#
951	699.932	15	78	476	#
952	846.588	0	267	477	#
953	532.296	138	269	407	#
954	396.111	188	384	435	#
955	532.417	379	389	461	#
956	423.505	245	258	279	#
957	839.15	444	470	485	#
958	679.834	1	42	202	#
959	245.497	233	316	510	#
960	635.947	31	47	375	#
961	859.126	262	288	487	#
962	244.229	371	379	479	#
963	261.104	315	394	447	#
964	246.725	85	210	293	#
965	572.885	116	219	341	#
966	774.175	150	291	369	#
967	237.155	112	252	429	#
968	454.139	23	58	113	#
969	119.837	204	366	413	#
970	626.256	118	151	397	#
971	748.611	117	409	473	#
972	548.819	214	367	483	#
973	117.539	89	198	508	#
974	673.257	287	400	479	#
975	507.9	78	395	510	#
976	161.691	179	210	214	#
977	202.095	104	191	419	#
978	827.678	40	60	239	#
979	800.493	76	234	379	#
980	591.351	268	297	488	#
981	90.3463	25	202	310	#
982	357.538	110	145	282	#
983	61.4071	386	426	495	#
984	949.129	14	125	130	#
985	714.639	107	285	408	#
986	357.764	163	237	354	#
987	768.425	261	434	486	#
988	110.123	306	326	425	#
989	78.1369	62	83	141	#
990	264.207	72	207	313	#
991	385.41	11	108	343	#
992	788.662	142	207	301	#
993	4.21763	329	381	450	#
994	897.172	36	156	429	#
995	614.48	10	253	373	#
996	169.561	5	267	474	#
997	38.3696	171	286	455	#
998	633.629	44	237	497	#
999	838.045	41	327	432	#
1000	288.832	67	237	378	#
1001	956.261	381	402	427	#
1002	905.517	128	275	426	#
1003	396.713	95	273	376	#
1004	600.969	182	188	287	#
1005	895.075	37	50	400	#
1006	663.248	3	59	325	#
1007	767.04	176	195	245	#
1008	844.769	101	146	468	#
1009	636.276	21	154	423	#
1010	879.805	60	416	472	#
1011	543.059	187	254	471	#
1012	293.566	89	172	477	#
1013	13.444	347	421	427	#
1014	665.254	146	315	318	#
1015	29.2004	0	142	292	#
1016	383.434	156	297	503	#
1017	480.317	364	435	455	#
1018	589.323	142	146	255	#
1019	604.756	70	332	494	#
1020	442.053	2	437	497	#
1021	124.218	154	173	291	#
1022	59.7038	82	195	469	#
1023	270.047	147	174	457	#
1024	490.868	28	196	362	#
1025	660	51	67	386	#
1026	853.742	338	397	488	#
1027	34.4456	159	385	420	#
1028	343.216	125	196	366	#
1029	189.687	101	384	461	#
1030	151.158	99	243	280	#
1031	56.416	350	377	422	#
1032	471.062	65	361	406	#
1033	762.951	12	366	414	#
1034	665.464	55	133	317	#
1035	695.722	193	332	347	#
1036	363.006	262	267	437	#
1037	23.5929	119	302	359	#
1038	721.734	214	262	263	#
1039	887.963	79	114	341	#
1040	346.229	144	332	397	#
1041	477.169	40	182	242	#
1042	378.372	19	237	260	#
1043	501.592	73	391	425	#
1044	95.0096	269	449	487	#
1045	164.941	361	438	487	#
1046	940.555	64	424	430	#
1047	587.574	237	364	393	#
1048	298.49	107	135	161	#
1049	779.281	154	354	435	#
1050	462.985	16	346	455	#
1051	681.838	62	299	410	#
1052	210.337	25	111	194	#
1053	505.712	35	125	396	#
1054	89.6183	253	302	421	#
1055	570.684	150	401	453	#
1056	52.9549	262	412	486	#
1057	126.717	38	195	340	#
1058	328.028	24	194	242	#
1059	179.292	199	238	346	#
1060	498.91	98	324	429	#
1061	172.491	9	383	384	#
1062	606.053	201	267	268	#
1063	493.501	282	351	456	#
1064	702.22	113	277	398	#
1065	153.782	47	329	401	#
1066	708.394	131	189	228	#
1067	675.007	84	204	398	#
1068	602.163	122	210	332	#
1069	161.986	80	131	340	#
1070	940.801	252	320	470	#
1071	780.135	304	454	501	#
1072	472.267	11	165	341	#
1073	371.639	250	264	414	#
1074	119.528	148	190	303	#
1075	742.346	370	389	497	#
1076	937.138	123	212	408	#
1077	230.475	233	331	483	#
1078	733.691	157	176	353	#
1079	528.635	18	75	410	#
1080	929.768	123	205	222	#
1081	372.199	3	119	274	#
1082	878.203	88	221	508	#
1083	629.968	323	412	491	#
1084	312.001	189	380	466	#
1085	537.136	40	411	414	#
1086	804.927	118	433	477	#
1087	295.931	176	275	432	#
1088	130.798	22	140	416	#
1089	35.9096	175	431	506	#
1090	189.714	6	42	81	#
1091	173.725	49	337	479	#
1092	732.955	93	408	478	#
1093	541.302	151	196	311	#
1094	462.979	56	93	203	#
1095	261.686	162	219	491	#
1096	210.953	92	99	102	#
1097	243.462	216	315	383	#
1098	801.468	122	273	304	#
1099	337.465	48	401	503	#
1100	902.559	107	142	269	#
1101	653.61	175	422	484	#
1102	628.88	177	372	488	#
1103	271.045	101	399	496	#
1104	916.875	217	325	385	#
1105	591.394	100	232	378	#
1106	722.989	36	106	413	#
1107	882.735	310	432	503	#
1108	909.458	31	292	306	#
1109	141.063	357	434	454	#
1110	276.935	169	325	359	#
1111	256.303	62	243	450	#
1112	579.186	79	113	439	#
1113	611.602	46	350	498	#
1114	512.325	137	158	504	#
1115	667.405	80	83	309	#
1116	609.519	39	222	485	#
1117	785.995	33	366	382	#
1118	691.824	53	243	351	#
1119	537.468	112	266	293	#
1120	26.8171	307	409	430	#
1121	994.764	29	85	215	#
1122	628.86	289	309	395	#
1123	73.1795	34	428	491	#
1124	198.365	56	320	440	#
1125	798.945	80	272	499	#
1126	42.1272	32	343	374	#
1127	501.738	201	238	319	#
1128	942.761	42	277	311	#
1129	317.661	10	103	320	#
1130	352.533	37	51	104	#
1131	62.0292	3	407	496	#
1132	475.33	359	461	479	#
1133	485.433	137	148	289	#
1134	770.241	152	318	510	#
1135	161.877	239	292	496	#
1136	161.216	207	298	317	#
1137	774.411	185	403	500	#
1138	769.47	265	312	450	#
1139	361.524	148	477	485	#
1140	298.805	11	201	399	#
1141	166.648	21	259	321	#
1142	298.712	108	186	355	#
1143	93.5063	256	270	453	#
1144	406.143	113	342	446	#
1145	411.608	196	212	239	#
1146	324.01	98	172	237	#
1147	279.071	2	107	191	#
1148	732.999	368	380	506	#
1149	854.035	95	170	293	#
1150	552.97	178	448	483	#
1151	251.294	4	241	380	#
1152	971.23	208	365	499	#
1153	367.362	69	91	367	#
1154	437.147	131	167	455	#
1155	645.061	45	252	492	#
1156	386.106	86	113	421	#
1157	177.797	116	180	291	#
1158	800.472	273	432	454	#
1159	164.056	151	354	496	#
1160	841.256	133	163	218	#
1161	614.255	253	394	476	#
1162	691.374	129	293	396	#
1163	384.922	169	266	365	#
1164	439.875	9	224	470	#
1165	69.293	199	257	371	#
1166	306.248	131	140	347	#
1167	8.75661	199	435	462	#
1168	754.871	64	151	243	#
1169	706.192	9	94	171	#
1170	81.9338	111	256	410	#
1171	220.075	56	141	401	#
1172	870.588	46	430	465	#
1173	697.354	151	294	461	#
1174	304.856	89	293	459	#
1175	63.4267	84	356	481	#
1176	708.773	44	87	461	#
1177	29.168	29	84	308	#
1178	834.479	131	283	295	#
1179	997.799	169	316	479	#
1180	361.443	88	274	406	#
1181	158.495	57	401	506	#
1182	788.744	127	217	282	#
1183	38.976	19	109	361	#
1184	403.296	70	200	341	#
1185	55.9363	127	389	421	#
1186	289.132	260	443	494	#
1187	150.003	67	225	339	#
1188	406.346	310	392	454	#
1189	421.037	60	121	450	#
1190	613.016	41	49	213	#
1191	789.919	181	215	438	#
1192	129.406	14	339	365	#
1193	104.583	56	277	352	#
1194	350.959	145	228	413	#
1195	780.903	122	126	131	#
1196	105.108	65	119	335	#
1197	23.14	243	408	417	#
1198	416.605	118	203	396	#
1199	904.005	1	61	373	#
1200	597.094	33	211	360	#
1201	101.009	329	358	393	#
1202	6.84094	286	298	500	#
1203	883.603	8	32	435	#
1204	150.044	56	141	143	#
1205	24.7311	179	205	497	#
1206	859.852	114	227	324	#
1207	670.754	192	245	401	#
1208	205.192	153	390	443	#
1209	845.318	204	350	430	#
1210	408.762	75	270	289	#
1211	185.587	43	180	452	#
1212	503.989	44	228	478	#
1213	238.355	189	320	450	#
1214	85.05	1	20	210	#
1215	269.881	170	227	464	#
1216	411.261	89	192	447	#
1217	56.4722	5	344	448	#
1218	151.316	27	203	495	#
1219	405.746	147	459	502	#
1220	924.898	59	163	345	#
1221	578.209	67	414	506	#
1222	618.882	89	415	455	#
1223	820.254	111	400	451	#
1224	845.971	12	85	226	#
1225	151.916	11	337	448	#
1226	567.247	146	338	410	#
1227	910.546	146	333	472	#
1228	858.749	263	330	374	#
1229	548.575	20	147	317	#
1230	502.429	141	153	172	#
1231	836.908	136	449	480	#
1232	938.246	199	289	393	#
1233	935.019	83	212	494	#
1234	126.873	149	170	276	#
1235	754.681	76	77	83	#
1236	41.4311	41	108	307	#
1237	666.287	249	253	383	#
1238	831.851	124	177	336	#
1239	875.083	192	285	469	#
1240	186.934	129	155	288	#
1241	729.174	269	307	357	#
1242	56.8482	261	326	354	#
1243	811.991	61	74	391	#
1244	692.762	63	73	398	#
1245	918.995	67	183	305	#
1246	910.501	12	372	413	#
1247	921.69	7	433	444	#
1248	591.575	0	46	85	#
1249	81.5934	192	211	468	#
1250	697.591	27	73	389	#
1251	592.651	161	238	425	#
1252	493.042	317	402	446	#
1253	2.62609	29	114	273	#
1254	246.64	97	295	389	#
1255	692.336	127	133	395	#
1256	412.807	58	111	120	#
1257	776.162	156	177	426	#
1258	182.638	132	280	455	#
1259	628.092	61	119	469	#
1260	337.603	167	200	410	#
1261	734.618	185	239	459	#
1262	539.426	179	340	418	#
1263	729.137	100	120	320	#
1264	546.048	7	353	394	#
1265	272.064	40	293	421	#
1266	356.275	24	254	353	#
1267	906.698	2	4	21	#
1268	954.634	1	154	203	#
1269	142.94	169	285	375	#
1270	153.187	137	194	257	#
1271	799.304	430	453	455	#
1272	8.47166	13	282	426	#
1273	68.1949	95	195	210	#
1274	429.451	116	290	491	#
1275	860.289	211	379	446	#
1276	886.292	73	104	206	#
1277	730.899	97	203	368	#
1278	579.981	59	116	420	#
1279	94.5186	14	84	162	#
1280	39.2547	134	330	460	#
1281	493.35	6	239	420	#
1282	873.977	201	221	311	#
1283	401.382	355	380	405	#
1284	333.092	148	312	358	#
1285	417.712	30	299	483	#
1286	390.428	73	272	449	#
1287	731.081	3	270	386	#
1288	313.108	66	116	376	#
1289	422.201	31	54	294	#
1290	54.9985	158	238	346	#
1291	511.234	251	299	333	#
1292	361.581	189	201	213	#
1293	654.879	265	441	454	#
1294	172.826	28	217	265	#
1295	50.8471	149	185	441	#
1296	767.09	158	348	361	#
1297	417.049	149	219	456	#
1298	101.757	198	345	475	#
1299	878.665	49	120	122	#
1300	975.291	278	451	506	#
1301	218.323	150	218	222	#
1302	960.556	193	453	466	#
1303	222.943	28	89	261	#
1304	540.7	54	219	261	#
1305	795.358	87	184	349	#
1306	516.626	82	212	334	#
1307	89.6675	101	365	463	#
1308	548.972	20	218	394	#
1309	176.318	24	238	273	#
1310	647.755	0	427	476	#
1311	646.26	92	200	484	#
1312	529.255	83	310	412	#
1313	123.074	83	364	498	#
1314	22.4354	18	184	485	#
1315	867.79	67	243	465	#
1316	126.108	48	337	423	#
1317	533.193	35	419	442	#
1318	893.281	110	274	359	#
1319	652.734	331	410	490	#
1320	50.5452	85	133	144	#
1321	633.722	30	168	224	#
1322	148.071	37	285	455	#
1323	865.307	417	473	505	#
1324	79.7164	76	255	368	#
1325	48.8253	131	156	263	#
1326	12.9557	5	11	450	#
1327	11.4029	25	45	418	#
1328	124.771	121	357	485	#
1329	73.2844	50	317	374	#
1330	52.3568	167	385	437	#
1331	505.168	117	186	467	#
1332	636.424	103	249	431	#
1333	733.906	103	151	167	#
1334	360.086	90	348	496	#
1335	733.247	30	383	469	#
1336	867.763	6	291	481	#
1337	470.863	2	22	499	#
1338	86.2217	231	313	358	#
1339	373.728	187	275	511	#
1340	763.827	174	355	496	#
1341	520.995	48	103	257	#
1342	694.27	238	281	437	#
1343	676.812	53	102	492	#
1344	497.482	155	189	196	#
1345	335.118	258	281	406	#
1346	593.143	85	185	341	#
1347	664.259	85	158	255	#
1348	921.134	125	374	375	#
1349	611.348	0	5	406	#
1350	38.4843	46	395	443	#
1351	454.609	313	323	455	#
1352	453.801	14	57	399	#
1353	776.495	34	168	430	#
1354	447.875	173	205	339	#
1355	171.244	18	159	218	#
1356	173.085	37	81	180	#
1357	997.537	41	139	152	#
1358	524.449	14	206	330	#
1359	140.298	51	412	499	#
1360	131.567	125	221	441	#
1361	55.2255	30	102	117	#
1362	833.454	339	484	487	#
1363	335.453	269	450	489	#
1364	167.158	201	245	349	#
1365	661.838	213	400	479	#
1366	726.278	84	90	132	#
1367	276.658	52	180	312	#
1368	726.944	141	173	372	#
1369	55.1136	51	433	492	#
1370	756.491	237	299	416	#
1371	839.795	162	366	385	#
1372	474.049	213	220	359	#
1373	950.411	55	79	411	#
1374	982.411	47	190	259	#
1375	684.328	1	43	79	#
1376	697.042	196	245	459	#
1377	183.103	427	499	508	#
1378	800.742	132	157	467	#
1379	255.958	34	175	354	#
1380	791.443	16	258	493	#
1381	623.257	54	118	466	#
1382	205.818	0	123	325	#
1383	571.335	241	263	501	#
1384	332.821	93	113	420	#
1385	194.624	149	188	417	#
1386	618.958	145	308	360	#
1387	241.826	166	240	294	#
1388	511.058	329	392	473	#
1389	79.9578	172	248	340	#
1390	682.499	301	312	405	#
1391	443.407	260	289	366	#
1392	945.276	27	134	434	#
1393	444.723	55	217	357	#
1394	663.016	26	82	84	#
1395	789.678	147	319	371	#
1396	148.976	106	447	461	#
1397	261.191	151	274	385	#
1398	358.256	16	63	430	#
1399	315.058	36	224	388	#
1400	164.913	39	105	369	#
1401	64.9748	24	316	362	#
1402	652.34	95	136	291	#
1403	25.1697	290	333	382	#
1404	139.247	254	473	489	#
1405	726.035	3	207	480	#
1406	113.743	73	235	496	#
1407	721.463	71	135	282	#
1408	854.491	44	201	359	#
1409	566.171	8	33	64	#
1410	280.591	95	117	147	#
1411	57.0958	55	66	84	#
1412	490.788	158	248	331	#
1413	405.051	138	325	346	#
1414	527.809	175	228	312	#
1415	31.1097	18	93	97	#
1416	135.061	22	53	498	#
1417	366.794	256	347	440	#
1418	660.645	130	189	497	#
1419	377.932	54	148	314	#
1420	807.548	237	360	483	#
1421	529.145	98	472	498	#
1422	629.11	131	478	493	#
1423	559.231	80	163	360	#
1424	25.2735	3	160	479	#
1425	747.273	46	136	417	#
1426	7.8523	5	64	382	#
1427	315.16	11	45	370	#
1428	171.966	0	219	454	#
1429	234.216	142	222	493	#
1430	136.012	19	360	397	#
1431	982.02	78	415	441	#
1432	193.975	22	60	433	#
1433	730.017	46	161	259	#
1434	61.5756	62	77	241	#
1435	33.3723	66	157	257	#
1436	391.702	41	486	487	#
1437	341.575	147	207	232	#
1438	684.768	260	421	430	#
1439	551.63	7	49	404	#
1440	326.083	189	319	422	#
1441	385.234	207	214	379	#
1442	745.011	37	308	349	#
1443	587.162	60	237	405	#
1444	109.656	306	336	403	#
1445	814.16	44	300	323	#
1446	545.98	193	250	475	#
1447	611.947	199	393	411	#
1448	601.741	100	476	503	#
1449	62.5243	100	243	388	#
1450	563.29	37	70	358	#
1451	524.789	184	206	220	#
1452	277.263	368	388	482	#
1453	388.521	23	180	285	#
1454	329.342	237	338	482	#
1455	915.152	378	453	475	#
1456	788.757	71	112	488	#
1457	48.2657	18	450	462	#
1458	239.862	344	470	502	#
1459	542.627	115	230	399	#
1460	491.073	9	246	284	#
1461	882.589	5	169	288	#
1462	176.663	131	355	365	#
1463	239.061	214	434	499	#
1464	448.326	78	175	180	#
1465	734.045	68	99	253	#
1466	45.0344	425	430	474	#
1467	856.425	90	189	242	#
1468	189.068	3	344	360	#
1469	45.0302	233	361	409	#
1470	103.112	50	351	380	#
1471	203.96	66	112	357	#
1472	574.576	127	325	343	#
1473	651.446	124	168	348	#
1474	359.334	150	280	462	#
1475	63.4782	80	315	376	#
1476	551.527	385	443	458	#
1477	123.668	184	380	491	#
1478	621.413	139	293	484	#
1479	344.238	106	140	198	#
1480	766.326	101	247	365	#
1481	641.171	56	449	493	#
1482	978.574	123	207	385	#
1483	895.967	127	291	494	#
1484	24.1636	31	360	384	#
1485	917.128	102	370	379	#
1486	347.503	56	323	377	#
1487	926.405	0	271	286	#
1488	769.809	17	278	418	#
1489	937.995	289	332	469	#
1490	732.701	98	189	295	#
1491	173.301	112	372	442	#
1492	753.516	46	406	430	#
1493	959.524	95	231	428	#
1494	705.177	121	224	511	#
1495	397.276	294	337	476	#
1496	510.964	142	248	322	#
1497	450.572	214	300	508	#
1498	853.356	56	68	161	#
1499	11.9479	115	291	386	#
1500	536.119	56	305	392	#
1501	926.15	174	470	483	#
1502	210.13	91	256	402	#
1503	917.734	75	216	504	#
1504	275.946	18	113	497	#
1505	861.078	33	155	204	#
1506	909.946	178	200	256	#
1507	855.734	42	64	383	#
1508	325.857	67	91	406	#
1509	125.698	47	365	387	#
1510	579.846	0	49	428	#
1511	848.103	6	389	486	#
1512	454.811	208	216	339	#
1513	199.197	22	190	277	#
1514	44.1909	338	345	430	#
1515	309.101	151	235	434	#
1516	410.899	83	127	294	#
1517	715.408	182	320	497	#
1518	341.923	293	294	338	#
1519	60.838	230	235	417	#
1520	797.397	12	85	117	#
1521	907.37	11	208	409	#
1522	886.085	42	128	153	#
1523	672.164	325	392	429	#
1524	700.687	115	206	273	#
1525	414.704	144	327	487	#
1526	954.618	197	219	345	#
1527	185.508	131	157	458	#
1528	394.805	24	168	193	#
1529	776.666	101	301	324	#
1530	923.012	202	302	330	#
1531	750.546	79	203	298	#
1532	722.474	112	221	271	#
1533	565.466	51	178	197	#
1534	457.147	217	247	437	#
1535	465.677	15	104	112	#
1536	787.604	230	322	404	#
1537	557.97	84	292	403	#
1538	30.6517	116	442	478	#
1539	158.277	231	354	458	#
1540	778.963	124	281	448	#
1541	59.0769	40	140	499	#
1542	692.572	99	127	285	#
1543	842.017	123	168	193	#
1544	475.785	170	385	407	#
1545	740.049	99	335	349	#
1546	261.122	19	110	227	#
1547	839.527	452	457	466	#
1548	236.111	38	269	326	#
1549	605.075	105	383	458	#
1550	369.308	55	241	506	#
1551	808.683	101	111	394	#
1552	518.638	39	175	250	#
1553	949.356	3	243	489	#
1554	38.1945	332	442	507	#
1555	160.801	62	104	254	#
1556	238.854	196	279	294	#
1557	421.979	205	284	477	#
1558	703.609	23	106	295	#
1559	609.023	80	223	417	#
1560	510.249	48	191	307	#
1561	556.877	215	426	501	#
1562	872.049	96	169	408	#
1563	835.164	37	187	384	#
1564	571.371	127	191	237	#
1565	385.146	36	124	320	#
1566	831.59	10	20	52	#
1567	513.318	33	193	212	#
1568	949.525	58	231	466	#
1569	992.002	22	120	322	#
1570	93.5583	109	179	223	#
1571	178.493	108	193	481	#
1572	161.874	227	276	316	#
1573	131.662	60	228	474	#
1574	490.77	234	315	433	#
1575	678.555	60	381	467	#
1576	504.75	113	193	335	#
1577	263.428	118	203	425	#
1578	108.098	110	190	429	#
1579	197.77	131	215	466	#
1580	731.929	170	334	349	#
1581	622.258	294	352	395	#
1582	471.159	35	242	478	#
1583	90.2253	156	237	324	#
1584	672.673	110	243	421	#
1585	187.099	93	112	243	#
1586	668.899	63	321	362	#
1587	11.3969	236	371	467	#
1588	90.3109	71	129	260	#
1589	660.268	291	354	414	#
1590	335.863	161	180	272	#
1591	86.1654	95	96	314	#
1592	332.131	60	143	499	#
1593	821.167	242	351	505	#
1594	669.92	131	426	447	#
1595	101.545	3	117	296	#
1596	571.39	208	287	486	#
1597	867.604	53	83	416	#
1598	911.233	71	273	400	#
1599	962.417	15	118	258	#
1600	692.194	163	363	473	#
1601	607.999	103	171	376	#
1602	958.256	127	319	480	#
1603	898.54	116	170	464	#
1604	118.046	144	263	276	#
1605	617.776	87	350	363	#
1606	46.5327	11	150	151	#
1607	161.128	103	182	217	#
1608	134.849	321	425	465	#
1609	723.196	7	232	393	#
1610	666.082	249	323	382	#
1611	197.27	221	250	453	#
1612	509.117	21	82	293	#
1613	425.934	259	283	486	#
1614	143.15	132	160	235	#
1615	540.476	15	114	320	#
1616	452.216	145	367	375	#
1617	131.664	41	212	276	#
1618	562.118	114	145	251	#
1619	905.63	57	262	485	#
1620	231.377	155	357	434	#
1621	295.947	22	108	335	#
1622	953.33	48	75	434	#
1623	226.631	147	264	458	#
1624	978.289	31	223	344	#
1625	850.697	92	355	404	#
1626	922.639	239	396	425	#
1627	625.001	234	263	273	#
1628	496.045	17	143	443	#
1629	524.506	220	255	425	#
1630	148.443	110	142	335	#
1631	547.746	12	87	249	#
1632	115.214	31	88	286	#
1633	920.108	70	204	293	#
1634	421.999	65	147	276	#
1635	562.749	19	187	484	#
1636	899.832	24	36	132	#
1637	462.269	87	192	257	#
1638	156.785	17	293	496	#
1639	549.975	338	355	367	#
1640	754.092	88	337	456	#
1641	579.378	18	287	393	#
1642	542.704	134	253	389	#
1643	276.768	144	316	484	#
1644	230.505	98	125	320	#
1645	732.026	25	190	435	#
1646	770.906	114	281	493	#
1647	595.53	240	345	494	#
1648	90.322	25	155	367	#
1649	151.845	140	241	347	#
1650	5.0039	41	47	230	#
1651	752.047	147	334	407	#
1652	916.997	192	332	425	#
1653	403.903	134	406	440	#
1654	24.4745	16	214	282	#
1655	542.764	152	402	490	#
1656	333.468	32	96	362	#
1657	135.919	167	180	306	#
1658	716.019	271	349	475	#
1659	309.269	57	374	473	#
1660	624.04	0	16	172	#
1661	627.594	67	319	370	#
1662	838.667	43	417	428	#
1663	8.28596	62	128	374	#
1664	811.658	4	266	498	#
1665	3.33129	126	165	179	#
1666	738.402	250	264	476	#
1667	845.443	17	52	276	#
1668	491.332	288	400	447	#
1669	221.626	42	219	480	#
1670	938.094	290	403	489	#
1671	211.107	165	168	455	#
1672	970.521	106	403	421	#
1673	204.415	334	374	491	#
1674	778.522	235	273	452	#
1675	906.564	157	484	487	#
1676	517.232	102	113	311	#
1677	719.652	111	174	390	#
1678	536.256	44	153	360	#
1679	898.82	142	278	397	#
1680	766.643	5	142	376	#
1681	880.413	239	263	284	#
1682	694.194	155	323	460	#
1683	92.3119	126	136	300	#
1684	586.993	359	437	438	#
1685	373.78	238	265	308	#
1686	290.528	126	206	403	#
1687	855.807	16	64	182	#
1688	955.567	14	282	337	#
1689	782.823	51	85	117	#
1690	521.922	72	328	453	#
1691	292.771	264	344	465	#
1692	645.517	161	163	180	#
1693	614.928	246	288	353	#
1694	26.6787	44	363	476	#
1695	493.483	153	211	420	#
1696	774.318	25	113	156	#
1697	899.77	132	175	311	#
1698	523.687	25	189	425	#
1699	257.188	182	307	506	#
1700	514.65	78	302	320	#
1701	470.214	227	462	469	#
1702	732.919	202	226	247	#
1703	22.5612	148	347	475	#
1704	518.458	105	498	500	#
1705	289.409	79	118	147	#
1706	753.264	13	57	158	#
1707	994.761	28	192	488	#
1708	855.004	231	401	479	#
1709	437.378	55	98	183	#
1710	323.483	20	65	215	#
1711	707.364	480	485	490	#
1712	513.673	261	342	468	#
1713	620.364	85	147	216	#
1714	642.061	144	205	228	#
1715	507.455	165	210	214	#
1716	772.31	122	422	491	#
1717	316.231	161	264	299	#
1718	671.739	237	358	374	#
1719	702.152	55	114	149	#
1720	981.896	49	352	370	#
1721	919.19	292	311	324	#
1722	104.504	309	312	482	#
1723	354.855	119	438	465	#
1724	568.303	161	300	322	#
1725	497.138	105	149	272	#
1726	412.832	202	269	353	#
1727	969.491	28	356	367	#
1728	301.956	212	213	350	#
1729	24.879	54	314	385	#
1730	662.94	75	306	334	#
1731	551.044	17	159	160	#
1732	136.138	7	319	347	#
1733	206.532	25	88	392	#
1734	15.8587	8	17	25	#
1735	780.647	142	201	490	#
1736	164.759	118	237	275	#
1737	250.381	265	276	406	#
1738	92.0787	228	300	356	#
1739	293.518	36	185	228	#
1740	500.337	114	418	489	#
1741	209.463	12	428	473	#
1742	625.573	102	301	483	#
1743	298.018	5	78	93	#
1744	123.002	64	67	267	#
1745	751.172	192	324	475	#
1746	82.9631	112	453	462	#
1747	24.1267	9	321	388	#
1748	1.27182	16	25	54	#
1749	469.166	123	161	181	#
1750	173.62	258	336	365	#
1751	739.59	187	276	488	#
1752	35.4177	342	388	431	#
1753	100.841	63	129	180	#
1754	426.472	179	418	478	#
1755	322.052	217	388	401	#
1756	624.168	105	244	421	#
1757	263.676	202	331	419	#
1758	259.308	202	324	443	#
1759	625.428	74	192	456	#
1760	905.55	27	180	213	#
1761	573.715	132	149	339	#
1762	216.354	235	360	369	#
1763	128.812	257	462	467	#
1764	972.649	85	277	441	#
1765	259.466	14	180	382	#
1766	299.904	33	80	477	#
1767	606.199	320	359	470	#
1768	615.059	31	88	164	#
1769	634.515	77	198	431	#
1770	571.79	198	441	495	#
1771	805.298	273	373	477	#
1772	386.812	218	388	417	#
1773	42.1133	100	237	275	#
1774	450.466	263	278	496	#
1775	373.724	217	223	381	#
1776	51.5634	37	50	210	#
1777	135.04	5	154	469	#
1778	379.492	315	325	368	#
1779	520.843	376	399	425	#
1780	705.824	18	327	375	#
1781	604.004	35	274	494	#
1782	793.202	35	80	333	#
1783	153.561	78	313	493	#
1784	131.004	135	147	241	#
1785	717.884	199	269	425	#
1786	555.328	59	145	313	#
1787	474.323	303	489	491	#
1788	175.065	176	183	363	#
1789	289.066	275	282	329	#
1790	296.368	106	466	489	#
1791	279.623	99	156	185	#
1792	214.551	314	327	379	#
1793	927.186	160	319	506	#
1794	325.482	94	140	381	#
1795	447.287	32	334	360	#
1796	997.788	104	362	368	#
1797	694.532	17	97	488	#
1798	42.6866	17	155	329	#
1799	350.825	113	158	366	#
1800	420.029	27	306	492	#
1801	526.408	100	352	449	#
1802	27.1425	175	222	328	#
1803	189.121	135	336	467	#
1804	31.3204	431	456	485	#
1805	29.7313	357	395	475	#
1806	227.305	128	393	486	#
1807	469.758	70	128	375	#
1808	327.886	139	419	465	#
1809	523.145	279	402	468	#
1810	928.725	51	229	497	#
1811	134.238	119	134	505	#
1812	127.79	31	143	430	#
1813	431.924	284	292	391	#
1814	425.281	359	398	473	#
1815	63.4019	228	264	393	#
1816	581.684	304	378	477	#
1817	400.969	279	444	487	#
1818	569.622	115	255	335	#
1819	951.307	4	121	444	#
1820	619.389	194	304	394	#
1821	739.152	88	136	359	#
1822	628.601	171	235	438	#
1823	785.865	78	187	409	#
1824	883.127	82	344	358	#
1825	58.3034	48	179	344	#
1826	119.488	6	155	277	#
1827	424.506	18	251	482	#
1828	448.159	5	103	399	#
1829	220.129	211	245	384	#
1830	552.729	226	330	507	#
1831	3.15621	288	322	477	#
1832	881.617	121	126	222	#
1833	954.323	203	239	322	#
1834	257.054	45	163	215	#
1835	166.811	329	388	453	#
1836	440.319	61	362	365	#
1837	761.165	33	464	470	#
1838	712.688	248	332	471	#
1839	359.986	68	206	439	#
1840	458.34	32	107	134	#
1841	961.892	389	433	450	#
1842	68.4739	232	407	463	#
1843	665.315	319	415	450	#
1844	225.119	144	437	445	#
1845	10.1106	108	125	469	#
1846	768.668	291	303	404	#
1847	928.602	267	471	472	#
1848	904.891	142	276	350	#
1849	427.536	16	29	509	#
1850	465.2	25	353	494	#
1851	158.576	13	39	97	#
1852	298.22	110	187	218	#
1853	977.346	95	328	389	#
1854	641.174	140	451	497	#
1855	439.656	81	128	446	#
1856	496.417	57	90	333	#
1857	938.43	245	444	479	#
1858	621.394	140	159	390	#
1859	845.998	58	146	287	#
1860	729.616	183	434	486	#
1861	593.793	108	195	219	#
1862	895.696	227	368	403	#
1863	95.099	78	195	436	#
1864	959.305	189	314	500	#
1865	296.437	242	358	461	#
1866	930.864	204	358	434	#
1867	929.248	97	180	267	#
1868	16.0775	312	314	438	#
1869	725.957	293	340	477	#
1870	896.915	110	319	489	#
1871	463.108	208	292	483	#
1872	333.394	32	368	461	#
1873	199.165	31	43	157	#
1874	983.536	114	288	301	#
1875	985.693	208	489	501	#
1876	578.133	141	278	290	#
1877	148.008	61	302	414	#
1878	232.443	257	304	472	#
1879	955.047	39	247	293	#
1880	728.716	306	412	422	#
1881	128.061	136	235	348	#
1882	61.4591	94	260	409	#
1883	173.879	337	474	488	#
1884	401.578	98	266	504	#
1885	970.886	416	437	463	#
1886	906.084	270	366	386	#
1887	384.459	12	38	79	#
1888	476.777	38	146	178	#
1889	943.529	205	328	452	#
1890	654.335	252	407	452	#
1891	771.037	368	371	486	#
1892	323.515	14	87	218	#
1893	28.4397	36	152	226	#
1894	800.642	274	293	504	#
1895	108.083	33	250	500	#
1896	176.357	46	102	488	#
1897	687.092	202	369	456	#
1898	494.584	42	110	502	#
1899	542.616	26	407	415	#
1900	462.927	75	402	442	#
1901	720.598	234	240	407	#
1902	170.71	165	228	347	#
1903	57.4651	33	147	439	#
1904	213.359	121	157	232	#
1905	422.462	29	407	486	#
1906	102.067	117	451	511	#
1907	851.904	42	135	367	#
1908	575.568	57	288	333	#
1909	58.4665	29	339	455	#
1910	467.375	46	117	306	#
1911	30.3755	112	210	425	#
1912	554.223	36	152	457	#
1913	846.214	78	293	367	#
1914	202.303	92	208	321	#
1915	91.003	13	35	229	#
1916	957.558	194	285	471	#
1917	7.25289	304	317	430	#
1918	70.9035	239	386	443	#
1919	106.796	85	186	507	#
1920	901.956	24	228	353	#
1921	628.382	394	444	501	#
1922	313.165	17	76	132	#
1923	537.003	72	271	503	#
1924	339.405	7	150	303	#
1925	0.82805	151	255	425	#
1926	216.084	64	150	412	#
1927	151.074	91	203	259	#
1928	420.785	141	220	444	#
1929	278.254	27	98	390	#
1930	352.643	392	433	444	#
1931	413.669	391	478	511	#
1932	616.412	41	417	420	#
1933	945.239	16	109	195	#
1934	531.489	176	430	509	#
1935	773.173	58	305	319	#
1936	795.732	90	393	421	#
1937	523.724	336	362	474	#
1938	199.742	75	233	326	#
1939	508.175	86	133	175	#
1940	909.327	155	431	494	#
1941	439.42	61	85	232	#
1942	112.213	0	124	136	#
1943	399.949	171	219	486	#
1944	759.611	4	155	387	#
1945	192.732	446	449	459	#
1946	724.087	100	104	192	#
1947	0.448682	56	380	489	#
1948	942.248	90	376	501	#
1949	228.71	53	287	498	#
1950	14.0725	289	292	323	#
1951	515.348	193	243	404	#
1952	290.298	135	334	439	#
1953	150.568	28	244	373	#
1954	695.07	101	493	503	#
1955	571.676	44	393	452	#
1956	403.164	56	414	480	#
1957	171.31	234	286	506	#
1958	19.385	72	271	429	#
1959	389.555	16	114	154	#
1960	92.3289	17	168	430	#
1961	947.972	87	279	301	#
1962	635.512	130	209	376	#
1963	127.591	363	403	508	#
1964	825.943	59	113	245	#
1965	193.033	60	224	495	#
1966	203.528	16	182	461	#
1967	421.436	67	112	271	#
1968	504.281	150	183	510	#
1969	707.517	250	329	426	#
1970	726.119	2	53	248	#
1971	385.059	97	419	504	#
1972	148.099	13	342	450	#
1973	730.317	255	325	376	#
1974	802.279	24	45	269	#
1975	594.258	81	134	320	#
1976	331.932	75	272	378	#
1977	748.274	70	176	479	#
1978	260.707	41	98	261	#
1979	821.936	43	161	399	#
1980	444.346	145	412	433	#
1981	161.54	71	85	212	#
1982	879.935	263	364	488	#
1983	544.686	94	307	357	#
1984	107.201	14	454	463	#
1985	448.76	10	437	494	#
1986	152.218	37	59	426	#
1987	490.205	77	139	283	#
1988	335.928	21	109	229	#
1989	726.601	24	80	285	#
1990	298.218	14	295	409	#
1991	745.068	142	331	357	#
1992	272.873	265	396	441	#
1993	848.161	129	171	424	#
1994	989.512	122	195	381	#
1995	192.405	75	138	459	#
1996	575.732	87	281	492	#
1997	434.788	117	365	371	#
1998	485.958	65	438	459	#
1999	298.995	256	261	450	#
