%% File generated by CATS v.2.1Mon Jul  4 15:13:13 2011

%% The CATS webpage is http://robotics.stanford.edu/CATS

%% PARAMETER SETTINGS:
% Goods: 256; Bids: 1000; Distribution: L3; Runs: 1; Parameters generated from distribution in file "qpstuff/L3-qp.txt".; Problems generated from distribution over features in files: qpstuff/cass-qp.txt, qpstuff/cplex-qp.txt, qpstuff/lehman-qp.txt; Seed: 1309824486
% Legacy distribution parameters:
% Number of goods chosen according to Constant distribution (const_goods = 8).
% Price chosen according to Fixed Random distribution (low_fixed = 0.53595, high_fixed = 1).


goods 256
bids 1000
dummy 0

0	0.659544	6	7	38	45	60	124	127	186	#
1	0.920052	25	30	57	106	117	128	143	251	#
2	0.804969	0	11	19	60	97	104	118	216	#
3	0.893644	1	14	15	17	102	116	194	212	#
4	0.685129	44	49	52	190	192	225	232	238	#
5	0.638511	50	55	86	119	144	155	156	240	#
6	0.651908	9	29	44	96	153	162	169	203	#
7	0.776068	27	40	43	54	112	162	197	240	#
8	0.938672	73	124	135	171	177	187	221	244	#
9	0.947043	14	61	92	114	153	169	170	173	#
10	0.836307	15	41	79	134	161	166	177	248	#
11	0.776282	8	148	163	184	212	215	236	242	#
12	0.967549	16	32	103	160	202	227	240	248	#
13	0.970085	66	110	153	161	188	204	230	237	#
14	0.832228	34	37	60	65	181	188	217	220	#
15	0.93893	0	21	30	37	50	110	154	244	#
16	0.960035	55	68	107	179	186	229	238	250	#
17	0.715477	30	105	110	125	130	165	174	223	#
18	0.959335	96	120	134	148	152	187	209	247	#
19	0.891733	49	56	58	82	87	132	188	196	#
20	0.587339	58	66	97	190	210	214	248	249	#
21	0.817407	132	136	149	181	193	202	217	233	#
22	0.828093	58	125	127	132	150	197	212	240	#
23	0.752555	55	60	77	119	185	215	225	237	#
24	0.720434	24	34	90	120	158	200	202	253	#
25	0.926854	2	109	158	165	172	176	198	249	#
26	0.765537	83	86	96	109	126	137	201	246	#
27	0.568935	6	17	41	60	91	100	106	223	#
28	0.812395	3	69	73	88	113	120	171	188	#
29	0.796961	4	78	85	89	90	126	211	237	#
30	0.785055	54	74	97	102	106	158	203	246	#
31	0.578029	8	52	63	111	132	138	151	215	#
32	0.974075	13	33	71	83	89	131	142	206	#
33	0.963838	2	91	92	130	139	169	189	237	#
34	0.757642	30	37	63	87	146	159	167	229	#
35	0.992545	12	14	27	84	153	161	162	255	#
36	0.689712	18	27	51	93	122	149	160	173	#
37	0.876002	79	92	106	126	157	183	210	239	#
38	0.712606	14	18	38	39	157	237	250	254	#
39	0.662159	6	8	19	146	166	172	218	249	#
40	0.797729	2	35	44	60	63	64	234	239	#
41	0.793921	0	5	41	96	125	141	180	193	#
42	0.60051	1	39	102	127	219	225	243	245	#
43	0.85956	25	69	79	108	155	203	227	239	#
44	0.763395	47	66	107	114	153	160	178	247	#
45	0.912886	17	20	23	81	102	193	216	220	#
46	0.69601	21	32	70	88	89	124	168	184	#
47	0.85462	108	112	130	166	172	189	205	228	#
48	0.652857	38	80	88	109	147	158	182	210	#
49	0.614195	53	69	77	150	168	199	228	242	#
50	0.725725	1	3	8	67	90	130	187	234	#
51	0.756008	33	56	114	126	209	212	226	248	#
52	0.783521	12	82	145	150	155	191	233	244	#
53	0.848546	8	69	128	147	157	206	225	226	#
54	0.888666	50	63	87	132	137	145	172	174	#
55	0.604935	57	73	162	185	210	213	214	240	#
56	0.560984	4	13	38	57	93	147	222	245	#
57	0.559573	7	35	46	93	115	197	212	213	#
58	0.621886	88	95	108	122	178	188	196	243	#
59	0.646453	29	39	87	123	207	225	245	251	#
60	0.874813	12	78	94	100	118	148	211	247	#
61	0.853208	32	110	114	127	143	173	189	208	#
62	0.734681	1	99	104	121	125	151	172	240	#
63	0.884667	11	12	25	51	55	159	210	212	#
64	0.849573	35	65	80	93	135	139	156	179	#
65	0.972525	22	36	43	119	131	135	227	236	#
66	0.588995	28	36	109	121	137	154	196	225	#
67	0.976194	22	57	80	132	143	151	161	163	#
68	0.576064	23	125	145	160	169	185	223	255	#
69	0.860313	36	60	95	123	191	203	208	230	#
70	0.666163	12	20	182	193	206	218	232	244	#
71	0.649268	53	82	96	148	152	216	219	225	#
72	0.65412	35	39	54	86	121	148	190	227	#
73	0.866548	33	57	63	65	124	174	178	243	#
74	0.786112	10	46	58	70	102	152	157	160	#
75	0.72179	19	25	75	103	110	187	193	222	#
76	0.719171	24	29	30	43	48	56	101	233	#
77	0.750822	72	74	127	130	132	159	230	246	#
78	0.693139	26	27	31	39	108	165	168	201	#
79	0.762696	20	93	149	172	221	231	238	253	#
80	0.738326	14	23	85	111	114	139	143	249	#
81	0.663352	36	75	99	189	206	226	235	242	#
82	0.80574	13	25	104	128	156	157	190	205	#
83	0.764351	59	63	73	98	163	178	241	242	#
84	0.734456	20	34	52	116	140	159	168	170	#
85	0.855622	123	143	221	226	233	240	244	247	#
86	0.830308	31	131	156	185	206	231	253	255	#
87	0.591604	3	13	26	82	104	120	185	227	#
88	0.754301	8	41	57	162	193	205	253	255	#
89	0.613662	40	93	132	156	157	165	208	228	#
90	0.630705	5	31	60	68	69	90	182	194	#
91	0.931025	49	56	74	82	131	157	224	238	#
92	0.773408	9	86	120	146	149	163	183	203	#
93	0.60134	22	27	90	147	159	165	232	250	#
94	0.920299	5	40	111	126	151	178	190	238	#
95	0.569831	55	74	103	106	110	112	166	170	#
96	0.846938	23	92	119	123	139	146	165	223	#
97	0.891122	4	46	53	68	179	226	239	253	#
98	0.660997	39	49	52	76	80	173	209	220	#
99	0.852499	110	135	159	196	214	218	233	249	#
100	0.595042	78	183	191	207	214	226	232	243	#
101	0.826242	48	67	96	151	155	203	216	253	#
102	0.918826	3	14	34	83	94	101	104	178	#
103	0.651176	9	44	48	71	105	180	202	217	#
104	0.919786	25	87	173	206	207	211	222	224	#
105	0.760997	7	32	98	164	178	208	226	250	#
106	0.992106	60	90	91	109	140	156	159	196	#
107	0.932347	4	44	51	109	156	191	219	244	#
108	0.799387	4	60	159	185	197	211	245	252	#
109	0.742345	2	117	118	172	177	192	209	250	#
110	0.866425	62	76	90	116	172	178	197	231	#
111	0.786997	102	124	157	195	197	200	215	223	#
112	0.808459	64	81	106	130	168	247	252	254	#
113	0.754304	16	51	72	137	151	164	219	232	#
114	0.536576	12	34	36	57	194	197	228	234	#
115	0.820992	14	51	91	129	150	210	234	239	#
116	0.702977	16	17	64	84	101	139	159	231	#
117	0.934966	4	44	56	70	79	108	180	246	#
118	0.555546	24	38	63	67	77	152	175	234	#
119	0.774733	65	82	101	166	180	195	200	203	#
120	0.74293	49	63	97	120	122	137	191	251	#
121	0.614259	4	30	56	80	82	198	199	212	#
122	0.750991	6	51	132	161	167	173	193	206	#
123	0.749668	1	55	58	62	174	223	238	241	#
124	0.71572	17	43	87	89	125	174	183	200	#
125	0.884816	11	14	15	66	105	110	198	225	#
126	0.964857	39	75	116	126	155	206	237	244	#
127	0.815508	117	130	147	168	209	221	227	243	#
128	0.793485	10	45	57	102	127	167	225	250	#
129	0.687658	22	27	78	124	143	184	239	241	#
130	0.625363	24	78	87	131	175	189	228	254	#
131	0.672045	14	34	55	62	157	158	207	248	#
132	0.937077	39	46	101	105	112	166	246	252	#
133	0.879366	63	67	72	115	132	187	198	226	#
134	0.549408	54	75	83	84	88	98	130	238	#
135	0.816917	8	89	95	171	192	214	237	252	#
136	0.585688	71	156	176	182	203	204	208	252	#
137	0.91691	16	50	67	85	115	151	213	222	#
138	0.910753	25	30	53	104	106	152	185	250	#
139	0.56321	24	70	120	128	163	186	211	218	#
140	0.550704	26	50	65	68	105	125	168	175	#
141	0.757175	9	29	99	108	112	150	183	254	#
142	0.932719	23	68	86	119	136	180	212	219	#
143	0.692451	12	15	25	82	132	149	171	203	#
144	0.944964	47	98	107	113	131	182	185	205	#
145	0.850482	25	73	90	106	110	142	198	242	#
146	0.688894	0	3	51	65	90	123	197	230	#
147	0.972379	79	106	125	137	142	169	181	239	#
148	0.927508	87	96	149	161	192	237	248	255	#
149	0.719899	79	104	152	160	185	200	202	204	#
150	0.676569	31	135	151	166	185	190	215	255	#
151	0.597517	39	53	81	91	173	197	211	244	#
152	0.896525	13	35	80	109	115	161	179	202	#
153	0.684708	75	139	164	180	184	187	204	214	#
154	0.849476	40	50	65	130	154	161	179	225	#
155	0.577215	25	127	162	184	206	219	245	251	#
156	0.941532	13	32	90	100	103	144	210	224	#
157	0.943059	3	13	30	81	85	110	164	188	#
158	0.815465	16	28	30	48	53	100	132	249	#
159	0.931744	39	44	77	99	112	118	143	149	#
160	0.631071	138	163	166	173	179	189	194	234	#
161	0.725439	29	118	135	216	232	241	242	254	#
162	0.694195	6	87	92	95	139	153	185	250	#
163	0.577282	6	31	84	164	169	181	214	238	#
164	0.582269	39	46	60	101	102	108	156	195	#
165	0.95702	32	71	120	130	167	229	240	241	#
166	0.953558	7	32	74	159	201	202	223	224	#
167	0.805729	36	54	65	97	106	124	162	170	#
168	0.8832	56	95	121	125	155	156	163	208	#
169	0.635023	6	29	32	117	129	154	232	242	#
170	0.801838	36	61	68	99	102	113	142	200	#
171	0.757642	30	71	93	141	216	229	237	245	#
172	0.747712	34	36	43	91	116	122	164	207	#
173	0.853677	134	153	167	177	210	215	248	255	#
174	0.865792	18	57	86	120	145	148	157	213	#
175	0.822517	24	66	124	144	147	178	200	232	#
176	0.980416	10	56	105	166	169	209	214	247	#
177	0.851019	34	108	131	140	172	195	205	231	#
178	0.617473	2	31	42	71	80	105	116	205	#
179	0.650571	24	34	85	92	121	163	178	203	#
180	0.539673	30	42	44	68	87	173	205	235	#
181	0.67853	27	42	111	125	175	212	217	234	#
182	0.688519	86	89	111	134	151	176	215	246	#
183	0.559172	35	50	55	92	152	157	195	209	#
184	0.564608	31	32	82	152	174	175	206	212	#
185	0.953829	5	38	52	89	195	212	221	223	#
186	0.597473	132	146	148	155	179	189	210	241	#
187	0.724273	2	87	110	118	120	131	191	196	#
188	0.697476	41	83	105	126	168	202	223	240	#
189	0.987445	30	48	144	171	183	185	209	212	#
190	0.542788	4	68	81	104	114	115	164	203	#
191	0.975718	22	61	145	191	196	210	212	254	#
192	0.939133	10	52	86	107	198	211	216	239	#
193	0.655734	6	26	40	81	115	144	207	234	#
194	0.72669	36	65	88	117	123	127	196	199	#
195	0.875475	18	90	96	102	117	154	214	237	#
196	0.946469	117	123	171	196	200	201	215	219	#
197	0.615052	67	70	114	128	158	216	218	252	#
198	0.653545	39	48	49	94	156	206	213	251	#
199	0.836141	0	8	46	88	128	130	188	255	#
200	0.894701	6	17	54	61	128	129	130	209	#
201	0.838106	32	43	94	167	174	192	203	218	#
202	0.546994	14	45	77	81	118	176	207	247	#
203	0.747179	2	28	151	170	171	179	216	237	#
204	0.870184	20	112	150	159	172	187	208	218	#
205	0.740547	3	15	102	137	139	165	184	225	#
206	0.539819	90	104	141	174	188	227	240	246	#
207	0.958045	19	23	42	47	51	117	186	203	#
208	0.843623	55	68	100	145	188	197	212	230	#
209	0.664088	27	52	105	113	176	236	250	253	#
210	0.918113	26	111	119	124	167	175	195	208	#
211	0.949934	26	70	98	111	126	174	236	247	#
212	0.710277	18	20	134	143	165	204	212	221	#
213	0.776095	25	53	108	140	154	217	219	228	#
214	0.607272	25	76	120	126	160	193	233	247	#
215	0.628633	3	21	74	179	187	201	214	239	#
216	0.901137	5	27	56	59	97	170	212	242	#
217	0.648065	85	94	105	136	195	196	197	221	#
218	0.740304	10	84	92	118	128	133	142	155	#
219	0.698209	29	33	116	143	180	219	240	254	#
220	0.60197	17	67	72	80	101	123	218	239	#
221	0.666573	55	70	94	136	141	156	239	252	#
222	0.878133	23	83	122	147	148	183	206	244	#
223	0.683992	1	5	29	42	87	100	101	238	#
224	0.768237	23	60	73	94	112	137	140	203	#
225	0.8925	12	78	82	110	135	145	200	244	#
226	0.807716	4	90	91	150	171	194	222	232	#
227	0.757371	12	46	94	104	109	133	194	228	#
228	0.53956	17	65	156	181	194	202	206	231	#
229	0.993085	15	95	96	103	111	217	235	255	#
230	0.849368	31	51	63	75	104	162	198	215	#
231	0.564535	47	66	80	101	137	151	211	246	#
232	0.680239	33	99	125	196	221	224	231	244	#
233	0.657689	5	51	77	80	143	167	177	237	#
234	0.872654	2	20	70	77	195	212	223	252	#
235	0.971811	50	78	88	93	110	128	220	228	#
236	0.995082	57	64	98	124	132	171	189	207	#
237	0.959413	4	46	67	113	122	139	183	237	#
238	0.641149	12	32	80	106	129	154	165	249	#
239	0.942613	42	98	110	172	179	199	213	230	#
240	0.799886	4	64	102	129	143	194	233	254	#
241	0.595438	0	34	47	57	114	126	133	154	#
242	0.685252	16	26	48	95	116	136	153	211	#
243	0.625031	2	54	64	121	165	204	205	239	#
244	0.940349	12	29	55	81	91	150	172	181	#
245	0.879454	7	14	68	100	120	180	198	228	#
246	0.842668	11	93	106	124	142	160	195	197	#
247	0.885676	60	82	99	110	123	183	203	220	#
248	0.783941	4	8	159	188	190	192	246	252	#
249	0.829983	0	5	68	82	109	142	182	249	#
250	0.86583	13	23	81	93	148	155	184	207	#
251	0.674791	11	66	126	136	156	187	201	243	#
252	0.880123	24	26	37	42	124	192	200	221	#
253	0.960101	13	32	34	161	162	164	176	225	#
254	0.975082	16	21	31	58	86	112	147	255	#
255	0.860615	53	108	147	163	180	189	223	237	#
256	0.840213	6	8	15	54	186	200	223	245	#
257	0.800069	4	43	48	69	110	133	218	226	#
258	0.68593	0	10	33	39	67	76	89	209	#
259	0.732868	66	172	191	206	231	236	252	253	#
260	0.812206	13	14	46	50	141	190	200	251	#
261	0.755962	1	8	30	117	139	144	235	242	#
262	0.962172	22	72	93	110	195	228	232	242	#
263	0.740318	24	114	124	139	168	220	240	248	#
264	0.978059	7	33	59	96	101	108	175	254	#
265	0.703331	38	70	119	166	181	187	194	220	#
266	0.733382	36	122	154	171	175	176	207	245	#
267	0.892016	15	22	33	35	113	123	188	214	#
268	0.928748	18	41	57	70	93	127	135	253	#
269	0.616526	54	80	92	170	186	196	205	226	#
270	0.670041	39	62	104	105	133	139	149	251	#
271	0.788232	4	13	31	145	185	195	226	235	#
272	0.663001	23	40	43	59	105	168	170	200	#
273	0.714765	8	47	102	127	129	178	197	245	#
274	0.672762	9	12	23	145	155	206	213	234	#
275	0.895989	37	94	139	186	194	202	212	241	#
276	0.724541	22	36	90	131	138	183	235	246	#
277	0.613903	66	110	199	206	223	246	254	255	#
278	0.990211	91	125	144	157	171	176	186	206	#
279	0.705577	1	14	17	35	92	129	180	199	#
280	0.903725	102	106	128	162	165	171	197	225	#
281	0.66684	9	12	68	142	153	235	238	246	#
282	0.881322	22	41	63	79	125	232	236	250	#
283	0.885929	7	12	47	57	59	88	182	253	#
284	0.945384	7	21	65	105	157	192	194	249	#
285	0.743979	36	39	51	145	147	159	205	223	#
286	0.664447	61	111	116	125	153	161	196	229	#
287	0.938243	0	26	40	81	95	125	154	204	#
288	0.865603	42	44	58	62	111	159	161	234	#
289	0.981307	109	114	156	160	166	172	182	235	#
290	0.559327	50	52	56	74	89	135	240	247	#
291	0.685975	33	67	107	109	119	161	213	238	#
292	0.584069	59	60	68	150	164	201	225	230	#
293	0.957471	0	15	24	164	168	211	234	255	#
294	0.614011	7	16	93	154	175	229	245	252	#
295	0.725267	26	62	100	117	129	139	155	192	#
296	0.867106	20	29	45	134	167	168	202	240	#
297	0.982488	17	20	29	156	188	202	204	243	#
298	0.559916	71	138	140	147	149	188	204	214	#
299	0.796719	3	7	64	77	81	130	158	229	#
300	0.889921	4	27	45	55	144	149	156	183	#
301	0.635157	36	59	95	132	136	144	217	250	#
302	0.994871	43	94	125	138	147	186	203	243	#
303	0.921924	1	56	60	64	109	128	155	162	#
304	0.640139	17	31	49	63	170	171	206	224	#
305	0.62108	65	83	154	162	184	221	234	244	#
306	0.853386	38	43	81	90	98	137	182	201	#
307	0.842839	96	149	162	196	236	237	239	241	#
308	0.812781	3	40	115	124	165	186	244	245	#
309	0.64266	12	46	47	72	118	130	179	215	#
310	0.546499	9	46	73	109	174	193	201	231	#
311	0.812236	0	25	32	36	131	150	160	186	#
312	0.900946	22	53	78	101	152	182	233	242	#
313	0.547438	32	43	63	87	104	154	245	254	#
314	0.988138	9	28	100	105	167	178	190	221	#
315	0.965057	35	62	86	109	121	134	139	225	#
316	0.832605	11	77	82	87	107	110	137	236	#
317	0.674885	32	80	109	116	145	172	212	220	#
318	0.539599	28	64	79	147	204	208	217	219	#
319	0.972896	14	50	76	80	85	89	97	240	#
320	0.787467	22	42	61	86	168	221	222	223	#
321	0.571323	34	46	76	132	133	146	172	230	#
322	0.828443	15	17	38	42	79	141	216	225	#
323	0.645709	18	62	90	103	133	160	173	214	#
324	0.721012	31	38	70	74	117	133	150	255	#
325	0.646714	17	41	84	98	109	111	177	187	#
326	0.567842	23	136	178	187	216	217	224	249	#
327	0.993006	38	85	93	148	153	221	229	232	#
328	0.599254	7	61	170	183	207	211	213	253	#
329	0.820724	3	14	17	25	76	210	234	253	#
330	0.975227	22	34	67	94	105	148	170	223	#
331	0.699854	78	123	125	127	178	228	251	255	#
332	0.856195	13	14	61	98	169	200	218	251	#
333	0.912075	17	43	62	96	127	183	232	245	#
334	0.978723	70	78	149	167	208	223	230	232	#
335	0.599422	20	83	101	112	146	182	201	217	#
336	0.7899	23	33	34	50	52	86	104	160	#
337	0.915666	18	44	156	157	160	175	191	200	#
338	0.741609	44	49	57	62	95	98	155	201	#
339	0.649375	79	91	152	181	185	213	247	248	#
340	0.902555	25	123	130	147	158	160	176	248	#
341	0.673689	35	55	109	120	201	207	211	234	#
342	0.906442	7	16	111	154	161	162	184	189	#
343	0.694364	6	59	63	75	115	128	134	248	#
344	0.559179	26	61	73	111	130	195	229	233	#
345	0.964355	38	68	99	114	143	154	206	219	#
346	0.910361	112	130	141	167	207	212	218	235	#
347	0.544843	0	31	39	50	80	103	188	241	#
348	0.665334	49	63	91	103	112	123	160	211	#
349	0.63571	52	98	101	140	227	235	241	245	#
350	0.859926	40	53	91	105	185	196	202	251	#
351	0.601038	104	113	121	132	145	171	193	213	#
352	0.761063	6	35	41	80	111	144	192	251	#
353	0.73148	30	39	45	59	137	139	220	233	#
354	0.776147	45	60	68	79	174	193	204	226	#
355	0.834297	45	142	155	167	213	218	225	245	#
356	0.711549	38	42	51	77	108	191	214	222	#
357	0.689606	36	39	42	90	109	165	191	233	#
358	0.712391	7	68	95	116	183	186	212	220	#
359	0.960676	29	32	68	80	107	204	222	250	#
360	0.993684	37	67	71	129	168	217	221	238	#
361	0.604797	102	111	118	131	150	151	160	175	#
362	0.916469	1	29	90	113	165	188	200	234	#
363	0.800511	24	50	95	173	188	197	234	238	#
364	0.878742	35	39	54	106	184	192	211	245	#
365	0.925032	22	62	100	116	139	153	188	205	#
366	0.613698	8	18	28	43	87	196	220	224	#
367	0.895692	29	49	90	110	111	209	233	243	#
368	0.877303	19	83	125	132	162	193	196	223	#
369	0.940537	2	10	15	16	71	81	104	163	#
370	0.698376	7	32	39	58	77	108	124	151	#
371	0.767843	64	83	124	169	175	184	187	195	#
372	0.955583	42	51	62	88	111	155	188	237	#
373	0.883088	18	78	101	109	147	232	247	248	#
374	0.950442	1	5	81	82	147	165	173	214	#
375	0.91626	11	17	30	98	124	193	200	228	#
376	0.561363	45	52	63	101	109	197	214	232	#
377	0.909485	7	42	51	67	75	126	164	234	#
378	0.86846	54	86	92	102	141	168	225	230	#
379	0.604317	5	37	86	96	97	118	126	187	#
380	0.738376	21	57	73	116	139	141	227	251	#
381	0.794884	9	26	51	104	110	146	160	183	#
382	0.835998	10	26	57	69	114	123	195	224	#
383	0.980763	15	22	87	117	135	147	153	206	#
384	0.832553	14	37	114	118	154	202	205	250	#
385	0.845812	0	74	114	147	204	238	250	253	#
386	0.702511	59	80	91	95	140	200	228	245	#
387	0.975543	30	109	139	156	172	189	199	239	#
388	0.696211	82	103	135	175	222	230	231	234	#
389	0.787911	27	59	65	88	121	136	192	241	#
390	0.722606	57	153	155	161	171	187	213	235	#
391	0.984297	1	14	33	56	153	197	217	250	#
392	0.945212	7	11	26	47	77	135	165	235	#
393	0.69949	40	76	85	101	128	143	153	242	#
394	0.601738	47	80	121	168	169	210	228	231	#
395	0.818724	16	31	62	179	203	210	219	246	#
396	0.594846	28	76	86	101	126	181	202	208	#
397	0.745928	38	50	55	131	155	180	184	240	#
398	0.678242	7	15	69	87	107	236	245	255	#
399	0.843233	56	89	113	138	178	202	236	237	#
400	0.73399	2	14	162	180	187	195	228	253	#
401	0.721937	0	43	59	145	194	198	220	249	#
402	0.911631	5	21	88	105	189	195	233	237	#
403	0.781443	8	20	64	74	135	154	164	179	#
404	0.706501	6	66	109	128	136	161	220	246	#
405	0.541911	35	50	150	154	156	165	228	239	#
406	0.584905	4	39	41	85	164	193	221	228	#
407	0.935397	6	12	19	126	145	166	202	209	#
408	0.94388	14	20	32	62	145	172	232	243	#
409	0.919218	7	84	125	177	179	217	238	248	#
410	0.916063	18	34	51	90	122	147	176	182	#
411	0.839454	6	28	30	107	124	157	205	231	#
412	0.679891	32	35	71	100	167	190	208	231	#
413	0.578081	22	39	59	106	108	136	180	233	#
414	0.877106	6	17	76	77	88	101	105	169	#
415	0.726367	5	84	96	100	113	175	196	253	#
416	0.954891	12	39	48	83	89	195	211	241	#
417	0.96043	10	117	173	189	202	226	240	255	#
418	0.828883	9	75	107	143	152	173	210	241	#
419	0.923308	6	12	58	112	197	200	207	240	#
420	0.543087	60	110	134	155	167	174	177	193	#
421	0.758182	26	35	37	67	94	160	184	213	#
422	0.892711	1	26	84	91	99	151	186	213	#
423	0.553808	11	22	56	97	117	162	167	238	#
424	0.977496	16	35	60	65	106	121	127	141	#
425	0.947794	27	33	47	76	83	143	232	238	#
426	0.935249	11	44	45	66	185	190	242	250	#
427	0.845531	21	30	34	67	108	202	208	218	#
428	0.735127	45	73	82	89	116	163	183	226	#
429	0.755397	61	88	96	138	170	204	233	248	#
430	0.586294	19	31	103	153	204	214	217	236	#
431	0.58919	10	23	56	67	191	195	198	221	#
432	0.914345	26	29	54	89	135	160	184	185	#
433	0.664913	80	112	128	166	173	196	244	250	#
434	0.632598	37	54	71	142	149	208	234	248	#
435	0.975034	119	143	145	177	221	222	226	245	#
436	0.587134	28	31	36	72	93	113	204	232	#
437	0.620928	73	141	152	160	174	198	226	235	#
438	0.846525	4	23	61	84	103	121	170	196	#
439	0.796335	63	106	128	135	186	213	246	253	#
440	0.54255	18	45	118	132	203	211	223	231	#
441	0.835526	3	115	138	155	179	192	197	222	#
442	0.91771	1	31	100	125	176	190	250	254	#
443	0.946262	0	48	105	159	160	165	184	252	#
444	0.879233	99	105	137	152	168	241	253	254	#
445	0.951502	65	123	139	146	167	179	217	241	#
446	0.556429	5	57	89	146	152	210	214	238	#
447	0.583361	26	51	65	177	180	182	213	247	#
448	0.551791	45	89	96	124	168	177	208	229	#
449	0.846313	18	42	85	94	188	191	212	216	#
450	0.573442	22	90	103	114	144	207	212	236	#
451	0.665579	20	29	51	87	94	143	213	251	#
452	0.967605	47	48	95	113	139	160	200	207	#
453	0.919876	33	43	73	144	147	219	247	251	#
454	0.807029	5	21	141	145	159	182	252	253	#
455	0.713393	34	60	74	102	110	137	213	228	#
456	0.914613	21	64	92	117	168	192	235	242	#
457	0.756751	10	51	61	150	154	201	209	216	#
458	0.570605	9	54	70	111	157	195	208	244	#
459	0.952495	5	15	26	65	110	145	176	217	#
460	0.90486	31	123	145	146	170	171	204	222	#
461	0.978293	8	30	50	52	72	97	140	161	#
462	0.67852	13	35	74	103	121	153	168	246	#
463	0.832829	6	48	81	135	149	171	219	248	#
464	0.791665	21	25	31	117	131	160	195	255	#
465	0.7151	21	72	89	104	157	172	212	238	#
466	0.773307	24	56	81	83	127	215	248	255	#
467	0.717832	6	75	114	115	150	169	195	231	#
468	0.620296	18	47	103	104	135	194	210	212	#
469	0.833836	85	105	114	118	126	180	233	237	#
470	0.873125	6	15	53	56	155	166	172	198	#
471	0.818885	7	11	42	81	108	158	173	189	#
472	0.881081	28	100	108	111	146	165	175	176	#
473	0.772589	26	42	43	54	63	77	209	213	#
474	0.641612	10	28	38	104	146	162	172	213	#
475	0.897813	13	27	56	66	75	131	142	225	#
476	0.605251	6	35	132	134	148	160	172	178	#
477	0.789691	93	116	118	166	173	196	230	234	#
478	0.739633	24	104	122	126	134	159	186	188	#
479	0.818784	6	34	48	96	171	210	237	242	#
480	0.713066	41	74	103	105	111	143	228	244	#
481	0.899124	25	88	131	172	173	179	193	210	#
482	0.739645	9	80	111	124	187	199	218	243	#
483	0.754357	9	35	64	148	170	174	208	223	#
484	0.743084	57	70	85	142	148	191	205	248	#
485	0.749077	9	36	72	75	80	81	90	120	#
486	0.833195	1	8	49	104	112	177	226	255	#
487	0.944783	8	47	74	104	116	201	222	223	#
488	0.842255	51	61	107	141	151	158	203	231	#
489	0.690901	95	115	126	144	155	184	226	239	#
490	0.859534	47	85	107	158	220	225	232	233	#
491	0.978819	28	33	70	155	200	209	232	252	#
492	0.702402	84	107	111	140	156	196	198	243	#
493	0.714743	17	86	137	140	141	172	181	185	#
494	0.972576	58	60	119	125	150	173	183	234	#
495	0.760822	13	66	69	108	139	153	184	235	#
496	0.931418	9	20	62	158	167	186	236	250	#
497	0.657687	67	74	82	85	96	163	189	219	#
498	0.614545	51	62	86	113	122	180	196	239	#
499	0.734195	8	13	24	37	169	172	188	215	#
500	0.902863	20	26	35	59	122	137	181	217	#
501	0.750795	35	51	69	110	147	157	172	187	#
502	0.812024	13	84	88	96	136	217	220	237	#
503	0.569314	49	80	95	154	180	206	210	224	#
504	0.614181	12	17	57	105	134	142	198	246	#
505	0.543078	7	10	53	91	111	119	128	148	#
506	0.738359	31	42	44	91	96	116	172	221	#
507	0.653667	15	21	22	70	134	177	216	221	#
508	0.56016	56	96	125	145	156	169	203	252	#
509	0.615271	56	66	71	82	87	129	137	215	#
510	0.795416	5	85	107	111	131	138	148	230	#
511	0.715048	52	62	112	151	159	168	208	213	#
512	0.656004	43	56	59	125	144	164	182	234	#
513	0.981051	19	20	52	57	90	96	114	233	#
514	0.696823	75	88	110	134	162	178	218	227	#
515	0.726684	26	37	91	147	176	190	194	254	#
516	0.714456	19	82	96	104	143	190	195	253	#
517	0.785236	15	27	64	122	127	134	176	210	#
518	0.665528	87	167	185	195	206	226	245	253	#
519	0.597641	0	46	65	84	99	187	193	244	#
520	0.547427	58	60	90	115	127	181	211	244	#
521	0.871411	13	16	22	107	127	145	182	252	#
522	0.912806	87	91	104	125	178	205	247	248	#
523	0.725487	15	49	142	153	178	233	237	238	#
524	0.593181	50	60	74	95	136	141	193	204	#
525	0.617199	14	26	104	105	112	168	169	218	#
526	0.595494	31	94	114	130	174	199	243	246	#
527	0.671857	13	61	74	97	104	141	144	217	#
528	0.745989	31	39	40	56	89	122	180	207	#
529	0.565467	36	95	112	114	182	195	202	226	#
530	0.63875	1	24	32	71	86	101	176	219	#
531	0.803683	41	75	93	108	114	145	164	190	#
532	0.582626	1	38	45	46	47	66	121	215	#
533	0.844611	51	114	128	131	133	144	188	218	#
534	0.627883	29	105	108	132	136	137	230	244	#
535	0.59664	169	181	194	203	234	241	243	253	#
536	0.842021	57	99	132	170	171	203	206	221	#
537	0.816821	23	30	49	98	109	111	125	172	#
538	0.622233	32	72	95	157	172	174	181	254	#
539	0.864169	13	14	44	58	79	81	84	232	#
540	0.754246	30	51	73	120	144	150	167	243	#
541	0.618211	13	32	150	157	165	198	203	235	#
542	0.750831	1	5	76	95	130	157	159	237	#
543	0.707482	31	55	69	80	121	138	146	211	#
544	0.88851	3	42	69	90	102	122	188	209	#
545	0.77605	14	61	75	116	141	160	244	252	#
546	0.69317	17	52	91	150	158	185	229	232	#
547	0.680079	1	45	58	165	204	227	231	241	#
548	0.757411	67	102	167	179	195	210	222	227	#
549	0.780034	9	18	89	106	136	168	180	235	#
550	0.832426	18	81	96	121	197	207	219	239	#
551	0.585885	1	23	55	102	121	154	164	229	#
552	0.694489	11	73	114	133	145	166	194	216	#
553	0.787079	27	59	60	110	173	178	206	245	#
554	0.777886	37	50	67	111	114	188	243	244	#
555	0.842302	13	29	66	177	194	224	226	251	#
556	0.691349	8	53	80	81	95	116	166	177	#
557	0.673479	45	120	161	194	219	220	248	252	#
558	0.558786	10	30	92	109	125	141	142	210	#
559	0.960017	21	35	53	74	165	171	203	247	#
560	0.572432	3	30	71	106	132	174	205	248	#
561	0.710758	8	42	45	64	122	229	233	239	#
562	0.720788	58	65	85	106	145	165	170	216	#
563	0.832458	14	29	78	110	124	144	165	200	#
564	0.654912	9	14	39	48	49	62	251	252	#
565	0.574334	39	44	54	68	75	84	95	245	#
566	0.72887	0	13	73	80	95	137	168	186	#
567	0.863685	12	63	84	118	178	196	198	225	#
568	0.775928	57	78	153	155	168	180	195	212	#
569	0.919692	79	118	143	202	210	218	222	239	#
570	0.661328	6	41	47	88	118	228	229	238	#
571	0.977256	46	82	149	154	181	186	189	238	#
572	0.807271	38	57	59	93	131	172	189	199	#
573	0.840479	19	69	94	104	128	136	164	210	#
574	0.917658	3	7	8	41	93	105	156	166	#
575	0.623676	30	38	59	79	87	125	134	218	#
576	0.719026	20	110	135	181	189	192	219	251	#
577	0.656137	29	83	85	194	204	207	219	226	#
578	0.949736	7	33	54	134	136	144	226	233	#
579	0.868071	68	83	87	91	142	196	235	244	#
580	0.659598	48	155	206	210	212	214	220	240	#
581	0.636202	10	23	36	37	45	63	190	197	#
582	0.603741	14	82	101	134	142	149	158	176	#
583	0.903869	60	61	115	123	180	182	198	233	#
584	0.77454	11	24	91	135	205	211	229	254	#
585	0.56007	25	97	123	177	198	206	211	224	#
586	0.596824	8	9	20	27	35	157	212	233	#
587	0.6027	49	68	120	135	150	163	172	204	#
588	0.993924	0	67	106	122	151	153	160	232	#
589	0.582283	0	73	114	167	189	200	210	230	#
590	0.721708	28	56	73	131	180	215	230	252	#
591	0.591763	2	16	121	128	129	155	189	247	#
592	0.669787	47	69	78	81	88	147	175	222	#
593	0.661285	29	85	88	89	113	177	206	218	#
594	0.966659	33	48	54	75	134	200	251	255	#
595	0.8893	13	85	121	126	127	177	206	243	#
596	0.937214	80	130	131	144	167	189	207	239	#
597	0.756341	21	23	95	152	200	205	217	230	#
598	0.79751	17	91	127	151	167	173	180	194	#
599	0.832937	3	13	82	135	139	157	235	236	#
600	0.829433	14	18	30	38	68	209	212	233	#
601	0.901463	8	128	137	158	185	190	210	232	#
602	0.741618	20	46	49	59	117	149	234	242	#
603	0.969215	1	3	104	143	157	162	202	239	#
604	0.59382	27	55	122	136	158	174	201	211	#
605	0.771396	46	47	67	70	102	122	130	151	#
606	0.84231	12	106	161	169	173	193	213	216	#
607	0.741843	47	89	105	129	134	146	177	213	#
608	0.783752	18	30	94	96	128	141	232	247	#
609	0.915872	1	36	65	115	116	125	194	205	#
610	0.822355	16	56	60	81	130	136	200	231	#
611	0.911012	3	9	11	12	30	61	223	232	#
612	0.716171	3	105	127	135	171	181	218	240	#
613	0.930014	6	36	95	130	139	155	233	243	#
614	0.834161	38	47	55	75	84	131	143	197	#
615	0.623263	16	22	24	36	150	171	210	225	#
616	0.680225	18	32	39	64	99	160	208	228	#
617	0.812388	22	55	87	106	134	177	206	251	#
618	0.975655	11	19	27	72	79	193	203	254	#
619	0.578335	7	15	22	61	82	168	220	232	#
620	0.788272	35	62	64	98	139	154	206	210	#
621	0.924209	40	88	93	111	140	141	185	254	#
622	0.774631	23	40	62	72	98	129	138	145	#
623	0.648081	0	22	89	94	132	171	180	246	#
624	0.737932	3	8	84	91	155	183	211	222	#
625	0.98937	1	10	17	62	120	136	239	249	#
626	0.905193	14	42	62	66	110	181	188	206	#
627	0.547261	19	32	51	63	96	198	234	249	#
628	0.889063	47	89	92	94	95	206	248	252	#
629	0.548017	48	77	105	128	226	231	244	255	#
630	0.619421	117	143	170	175	187	189	228	235	#
631	0.960173	2	24	29	46	59	173	210	214	#
632	0.75076	6	60	62	81	132	183	223	241	#
633	0.736986	41	60	124	136	146	171	194	243	#
634	0.671468	2	29	73	115	125	136	156	225	#
635	0.993238	32	51	65	88	98	221	230	242	#
636	0.837644	11	54	96	145	150	164	200	251	#
637	0.537738	8	32	85	94	123	137	151	235	#
638	0.880155	19	22	25	98	132	179	207	220	#
639	0.864348	18	22	23	45	176	213	250	254	#
640	0.879306	11	14	77	119	129	158	196	197	#
641	0.83001	22	28	39	42	54	59	106	209	#
642	0.559415	24	119	150	158	178	195	211	239	#
643	0.908552	22	45	89	214	219	229	253	255	#
644	0.765305	82	112	119	121	171	176	224	235	#
645	0.648477	28	48	59	66	109	163	224	230	#
646	0.910316	4	67	81	113	134	152	177	246	#
647	0.723267	17	43	51	91	148	201	203	223	#
648	0.699015	18	67	78	141	153	227	238	249	#
649	0.801241	26	96	107	119	151	205	209	213	#
650	0.630457	30	120	159	173	210	217	221	240	#
651	0.57301	54	77	92	126	169	171	227	237	#
652	0.941291	25	29	36	37	103	107	243	247	#
653	0.888386	9	51	53	89	109	174	200	226	#
654	0.953495	76	97	141	154	167	215	242	248	#
655	0.635609	4	23	24	75	86	93	141	202	#
656	0.536891	6	27	37	123	128	140	145	235	#
657	0.719066	9	41	52	59	111	137	154	187	#
658	0.687436	21	62	146	172	183	209	212	247	#
659	0.739839	55	133	158	178	195	197	222	243	#
660	0.893369	53	62	118	119	130	158	202	227	#
661	0.787609	3	11	41	59	69	106	200	220	#
662	0.730273	0	34	104	121	148	183	224	229	#
663	0.706286	59	84	90	100	117	205	210	215	#
664	0.667777	55	86	96	107	133	164	204	241	#
665	0.762816	2	120	121	148	216	226	239	252	#
666	0.644511	10	12	88	134	162	165	221	250	#
667	0.925287	6	29	36	82	107	209	221	242	#
668	0.960371	38	86	183	195	197	213	223	253	#
669	0.968633	2	63	114	157	163	184	185	203	#
670	0.789663	3	70	137	164	169	178	183	236	#
671	0.958394	9	50	53	72	88	156	157	243	#
672	0.888693	26	68	130	179	219	224	243	244	#
673	0.898976	28	36	104	118	159	166	180	247	#
674	0.810713	88	93	101	160	188	190	217	234	#
675	0.791197	8	29	35	49	95	131	220	254	#
676	0.58115	16	28	78	125	130	195	208	211	#
677	0.910753	67	86	128	130	149	209	220	222	#
678	0.7311	46	51	74	80	138	162	221	233	#
679	0.755715	15	29	100	149	166	186	226	253	#
680	0.874635	9	18	97	107	146	176	226	245	#
681	0.732929	0	2	7	36	54	62	124	180	#
682	0.729105	13	26	59	95	102	110	138	140	#
683	0.882505	14	49	68	131	139	142	153	225	#
684	0.679345	29	104	113	124	188	200	203	218	#
685	0.76865	20	55	61	71	130	206	211	226	#
686	0.980866	32	39	64	74	131	196	226	249	#
687	0.994631	3	37	41	60	87	213	231	240	#
688	0.61876	15	23	84	93	135	149	193	204	#
689	0.615575	41	44	81	88	124	157	169	204	#
690	0.978484	11	13	55	92	115	160	171	230	#
691	0.735303	53	146	149	221	222	224	251	255	#
692	0.970231	15	24	42	94	130	158	174	192	#
693	0.608494	0	9	20	31	52	66	148	225	#
694	0.826403	17	39	166	167	186	219	245	254	#
695	0.829306	0	15	77	80	83	94	198	239	#
696	0.959752	28	107	119	125	126	136	217	234	#
697	0.572467	19	21	67	130	171	216	246	249	#
698	0.870794	49	55	75	81	115	133	149	204	#
699	0.95429	54	62	94	174	182	232	237	242	#
700	0.849083	5	14	62	135	143	154	161	223	#
701	0.672019	11	33	48	80	133	143	193	221	#
702	0.994575	14	49	83	160	172	196	201	219	#
703	0.758678	29	97	112	132	180	205	212	226	#
704	0.616644	17	95	138	156	157	178	204	239	#
705	0.69172	30	42	48	110	153	163	164	186	#
706	0.923855	33	44	51	91	113	141	177	206	#
707	0.626645	16	18	136	146	167	188	222	250	#
708	0.571245	7	63	96	144	162	171	202	232	#
709	0.592819	3	101	116	118	124	201	229	237	#
710	0.585912	17	61	87	94	157	171	176	239	#
711	0.845148	88	142	159	201	207	234	241	243	#
712	0.671695	27	31	36	62	120	138	164	217	#
713	0.559394	36	59	61	85	103	105	140	210	#
714	0.621949	5	11	28	102	155	188	238	250	#
715	0.547391	2	10	46	130	134	143	214	236	#
716	0.541953	42	54	59	169	215	234	235	237	#
717	0.762224	23	32	112	114	154	207	241	247	#
718	0.634364	63	135	139	147	154	191	216	245	#
719	0.70099	7	22	106	109	114	127	142	185	#
720	0.668063	1	25	117	157	210	226	231	249	#
721	0.981943	103	127	140	175	184	217	229	255	#
722	0.855701	2	18	50	101	113	118	243	244	#
723	0.539025	17	96	124	154	195	220	238	252	#
724	0.897291	12	107	123	152	158	167	241	246	#
725	0.65164	26	35	51	59	77	156	184	230	#
726	0.851491	7	43	48	74	91	180	203	226	#
727	0.972331	50	54	113	117	148	149	195	229	#
728	0.712137	105	107	126	138	140	144	160	255	#
729	0.668021	22	140	178	209	222	240	245	253	#
730	0.583372	38	71	85	147	156	167	223	225	#
731	0.862682	18	25	82	131	147	148	185	234	#
732	0.984533	6	27	35	64	94	160	162	228	#
733	0.976121	18	28	124	168	197	208	218	245	#
734	0.752077	10	47	49	114	187	192	219	241	#
735	0.603908	27	59	107	136	141	208	216	241	#
736	0.541171	32	112	128	160	204	214	223	247	#
737	0.612016	12	26	103	125	151	179	194	197	#
738	0.615762	1	82	112	114	139	153	217	252	#
739	0.61066	5	35	58	61	67	90	150	200	#
740	0.763574	5	12	21	91	135	154	173	232	#
741	0.86067	11	20	31	147	193	212	245	250	#
742	0.795485	12	30	61	87	127	128	134	185	#
743	0.688627	29	51	68	97	130	210	240	254	#
744	0.622892	108	129	159	168	176	182	196	229	#
745	0.821868	23	76	81	100	143	178	191	193	#
746	0.632274	6	40	60	69	91	173	180	239	#
747	0.561894	40	82	163	165	172	211	217	234	#
748	0.787819	0	2	82	85	115	215	244	254	#
749	0.795819	9	45	72	89	91	120	130	213	#
750	0.783956	40	62	72	162	175	192	196	248	#
751	0.99212	7	28	80	82	143	170	239	244	#
752	0.762106	0	37	52	78	93	113	194	221	#
753	0.921996	37	43	82	99	177	200	215	240	#
754	0.911362	40	41	80	108	140	154	164	234	#
755	0.699383	15	22	118	133	134	204	223	240	#
756	0.867436	15	17	43	62	148	152	179	182	#
757	0.611368	75	89	101	123	124	138	179	232	#
758	0.705619	63	125	159	177	178	199	200	201	#
759	0.871645	29	63	80	113	206	230	242	247	#
760	0.592332	122	153	174	190	199	209	227	253	#
761	0.685653	4	6	9	58	156	189	210	228	#
762	0.90054	63	69	101	115	125	127	174	236	#
763	0.9518	14	26	44	91	94	96	111	210	#
764	0.747333	69	74	126	151	152	183	188	211	#
765	0.944877	19	39	81	97	132	137	195	197	#
766	0.920187	70	103	158	190	197	235	238	239	#
767	0.784361	75	106	133	158	179	200	228	234	#
768	0.850956	11	29	37	67	176	197	233	255	#
769	0.576958	24	34	68	138	162	169	226	243	#
770	0.628735	8	12	24	27	40	204	232	245	#
771	0.806263	15	19	33	39	134	171	194	233	#
772	0.914404	19	40	46	103	111	118	167	217	#
773	0.617577	40	62	96	98	108	113	114	131	#
774	0.975142	21	33	69	124	134	192	222	248	#
775	0.775105	23	71	131	132	133	142	187	191	#
776	0.615346	17	32	75	81	101	187	195	232	#
777	0.641717	22	78	96	130	132	145	226	236	#
778	0.607196	13	68	73	90	169	220	221	225	#
779	0.813806	39	69	95	123	166	185	215	252	#
780	0.561591	55	62	68	181	182	192	223	232	#
781	0.613882	0	36	63	90	150	151	190	245	#
782	0.624253	10	40	50	79	99	146	228	229	#
783	0.998639	6	7	20	78	123	152	225	234	#
784	0.958349	38	40	58	60	105	142	214	225	#
785	0.561933	36	41	134	180	209	220	237	254	#
786	0.795901	31	45	195	208	215	224	226	254	#
787	0.89193	12	117	123	183	211	215	227	241	#
788	0.672393	39	41	50	137	185	221	227	240	#
789	0.805066	3	21	48	96	116	130	193	236	#
790	0.647453	14	66	70	110	134	181	204	253	#
791	0.536407	33	55	80	152	201	212	230	242	#
792	0.909158	23	45	58	101	139	149	157	170	#
793	0.855883	37	58	60	72	114	186	216	222	#
794	0.555822	57	75	90	140	146	194	214	219	#
795	0.689145	5	86	97	102	110	112	122	135	#
796	0.536536	52	77	119	131	142	190	206	212	#
797	0.678232	56	92	122	147	149	167	211	219	#
798	0.64494	31	36	52	81	105	138	177	188	#
799	0.934969	1	10	41	43	68	70	90	199	#
800	0.97773	2	35	50	100	116	175	204	233	#
801	0.899852	21	55	110	146	200	204	205	235	#
802	0.875428	24	35	101	117	119	154	246	253	#
803	0.818801	0	3	9	78	82	83	119	150	#
804	0.856153	2	46	70	86	90	106	117	138	#
805	0.866459	13	33	38	77	133	135	137	224	#
806	0.969474	4	32	36	75	123	164	202	222	#
807	0.808846	11	17	37	80	128	191	202	232	#
808	0.673456	6	56	78	129	165	167	172	240	#
809	0.720006	17	25	36	95	148	152	169	247	#
810	0.819954	11	39	79	106	160	164	170	197	#
811	0.647912	34	36	44	178	207	215	240	249	#
812	0.959144	62	66	133	135	150	152	191	215	#
813	0.768966	26	49	145	201	211	232	245	250	#
814	0.834761	44	67	194	197	202	238	239	240	#
815	0.966627	15	81	88	123	164	166	174	185	#
816	0.644771	32	95	106	109	154	172	173	179	#
817	0.694218	33	34	70	133	144	152	217	246	#
818	0.80289	3	124	131	133	135	192	210	247	#
819	0.638522	56	94	103	120	148	191	192	206	#
820	0.579849	74	94	141	154	176	190	231	245	#
821	0.974668	11	35	45	64	161	166	190	244	#
822	0.99227	26	36	72	104	130	161	198	218	#
823	0.855069	35	50	80	105	151	154	215	218	#
824	0.966779	95	106	117	181	183	192	197	219	#
825	0.739201	19	23	64	101	187	192	211	229	#
826	0.746155	4	27	31	35	46	77	87	249	#
827	0.956397	7	29	95	142	170	178	194	196	#
828	0.890626	34	49	108	151	160	182	189	251	#
829	0.943237	32	45	93	104	122	142	146	231	#
830	0.966542	48	60	63	74	82	181	211	253	#
831	0.942602	42	71	94	113	134	201	241	255	#
832	0.660105	12	52	68	89	116	184	213	230	#
833	0.871826	16	71	129	134	204	228	237	248	#
834	0.804014	21	29	105	119	145	155	177	220	#
835	0.557666	20	131	138	157	159	162	173	177	#
836	0.931957	12	15	33	150	192	202	212	227	#
837	0.76398	45	119	140	176	205	217	236	254	#
838	0.843706	32	90	106	184	223	226	231	245	#
839	0.721391	2	70	98	173	178	190	239	243	#
840	0.545506	23	34	38	61	116	119	243	245	#
841	0.612865	0	18	23	75	79	139	214	251	#
842	0.991416	6	19	60	182	209	218	227	231	#
843	0.622103	2	35	64	89	119	150	195	238	#
844	0.573811	25	29	106	116	124	186	232	234	#
845	0.557777	4	8	38	43	76	82	121	152	#
846	0.623028	54	84	155	169	170	172	179	228	#
847	0.703639	68	83	112	149	160	175	216	227	#
848	0.726365	36	60	119	156	163	165	215	226	#
849	0.593867	39	59	69	89	101	129	148	253	#
850	0.901667	34	72	117	144	155	187	188	189	#
851	0.76764	14	51	66	68	102	159	168	231	#
852	0.755744	9	26	59	104	106	119	125	186	#
853	0.764999	45	106	117	151	189	202	206	249	#
854	0.674732	31	77	103	114	139	146	179	231	#
855	0.905271	2	19	30	33	56	178	182	239	#
856	0.568017	12	16	24	127	135	180	204	249	#
857	0.899411	7	15	50	81	116	173	236	251	#
858	0.811009	12	38	70	107	124	176	241	244	#
859	0.847467	11	23	59	105	140	143	163	191	#
860	0.840384	17	48	122	147	163	169	196	210	#
861	0.819631	25	56	79	101	184	193	230	252	#
862	0.688975	85	91	127	129	142	168	207	236	#
863	0.913265	28	32	33	62	120	134	149	200	#
864	0.64702	14	46	91	117	129	148	167	169	#
865	0.950218	34	50	53	108	150	169	204	245	#
866	0.654469	44	84	95	124	153	201	208	230	#
867	0.838413	17	54	60	89	109	125	218	253	#
868	0.777795	5	15	20	89	160	166	173	225	#
869	0.833748	24	102	155	180	201	202	236	248	#
870	0.567014	52	163	169	172	174	191	200	211	#
871	0.789067	14	63	77	90	140	148	169	235	#
872	0.795282	6	12	14	36	41	66	219	226	#
873	0.919507	32	47	53	100	117	142	143	164	#
874	0.888994	41	65	139	191	200	204	225	240	#
875	0.588576	18	30	120	141	142	236	240	255	#
876	0.645008	35	89	105	106	108	129	170	172	#
877	0.612853	23	117	145	160	165	171	212	218	#
878	0.628419	47	92	102	142	148	217	226	250	#
879	0.589431	51	58	65	74	85	117	119	167	#
880	0.538817	59	80	103	145	158	211	231	239	#
881	0.570283	93	95	96	107	146	150	236	238	#
882	0.794328	48	69	79	92	110	118	134	181	#
883	0.889798	13	37	68	100	122	159	230	236	#
884	0.806141	16	19	44	111	159	172	187	189	#
885	0.5426	57	96	99	183	239	247	249	250	#
886	0.561097	2	13	30	41	98	159	161	182	#
887	0.684666	40	96	134	146	165	170	188	203	#
888	0.810651	110	116	128	147	187	199	228	243	#
889	0.691962	80	108	110	149	164	192	204	213	#
890	0.796784	67	113	165	166	169	183	233	246	#
891	0.735262	31	37	40	80	85	92	128	158	#
892	0.537057	15	63	141	166	186	194	200	244	#
893	0.875649	14	96	101	105	115	135	146	151	#
894	0.915098	12	18	22	28	62	63	115	178	#
895	0.979381	12	62	63	77	121	191	242	254	#
896	0.985557	22	32	47	112	123	160	165	227	#
897	0.621233	36	37	62	87	143	183	210	214	#
898	0.716805	42	61	66	94	105	123	245	248	#
899	0.733957	93	118	145	161	166	190	237	246	#
900	0.778223	33	47	72	135	151	170	190	221	#
901	0.897747	10	22	48	83	85	190	193	246	#
902	0.975395	23	36	44	169	171	189	206	224	#
903	0.974302	50	51	90	128	132	153	220	254	#
904	0.802222	77	114	134	151	162	169	200	249	#
905	0.595343	15	33	83	86	105	144	174	233	#
906	0.651399	34	76	80	146	152	179	205	222	#
907	0.550119	6	44	47	53	103	192	217	229	#
908	0.6216	3	39	46	134	135	152	159	213	#
909	0.800633	21	26	69	120	126	165	206	229	#
910	0.812805	30	41	74	97	103	108	119	231	#
911	0.998498	77	99	104	156	173	179	187	251	#
912	0.863217	16	51	52	61	67	95	199	250	#
913	0.727013	26	28	39	54	100	117	131	181	#
914	0.688251	59	153	186	189	190	238	252	255	#
915	0.763245	26	39	45	110	114	192	199	247	#
916	0.78381	44	76	119	167	199	213	222	225	#
917	0.573404	38	85	122	141	170	177	195	214	#
918	0.915355	8	32	73	84	94	128	151	158	#
919	0.918335	52	53	85	153	182	201	243	247	#
920	0.968005	135	143	144	161	186	205	209	231	#
921	0.914581	62	77	143	146	159	202	203	243	#
922	0.561108	7	81	87	94	124	180	198	224	#
923	0.922836	13	53	92	174	191	217	223	243	#
924	0.738274	23	24	52	74	93	104	216	252	#
925	0.852576	17	22	111	144	162	170	198	216	#
926	0.825473	84	119	172	179	213	234	243	246	#
927	0.740371	38	88	121	132	164	172	182	224	#
928	0.595103	73	107	111	135	165	180	184	233	#
929	0.634403	19	43	84	90	112	198	245	246	#
930	0.846498	27	73	144	159	173	192	211	246	#
931	0.659911	0	8	16	92	124	147	168	180	#
932	0.689604	44	50	54	106	135	146	228	253	#
933	0.870205	24	64	67	84	163	190	240	249	#
934	0.859685	12	16	18	81	141	203	241	251	#
935	0.716013	10	21	23	40	133	185	205	254	#
936	0.892593	51	114	125	178	180	181	252	254	#
937	0.843943	49	64	85	110	152	199	226	251	#
938	0.616759	42	129	131	143	197	222	223	243	#
939	0.716983	12	19	24	49	174	206	228	236	#
940	0.980316	33	48	74	137	144	180	191	215	#
941	0.901612	14	39	91	98	119	120	123	137	#
942	0.954769	21	41	55	90	105	144	188	206	#
943	0.771263	0	43	168	172	191	200	201	213	#
944	0.842127	23	88	96	165	195	197	233	238	#
945	0.615591	33	57	63	112	126	153	157	217	#
946	0.889355	11	28	31	69	106	148	168	243	#
947	0.589746	16	96	105	116	169	190	232	245	#
948	0.785642	23	70	85	95	131	149	177	239	#
949	0.692027	18	71	73	104	181	188	205	208	#
950	0.736142	6	47	50	52	117	219	245	252	#
951	0.954866	8	37	50	69	82	90	103	152	#
952	0.823137	19	57	73	126	129	207	213	215	#
953	0.906867	25	53	105	111	148	178	228	246	#
954	0.825012	47	95	96	161	183	204	211	233	#
955	0.763279	1	13	36	63	199	200	205	218	#
956	0.576532	52	71	96	127	180	203	225	251	#
957	0.652256	112	141	175	178	181	199	218	245	#
958	0.562637	3	17	28	43	64	144	199	251	#
959	0.580353	15	33	60	152	179	220	246	252	#
960	0.66454	16	59	74	93	145	148	150	162	#
961	0.976421	35	66	73	94	145	159	216	243	#
962	0.805145	9	35	61	93	170	194	202	209	#
963	0.558526	54	69	88	102	138	147	235	253	#
964	0.788563	22	44	79	88	89	155	178	231	#
965	0.844015	2	27	46	56	82	105	232	233	#
966	0.560767	29	46	64	68	118	136	169	240	#
967	0.773731	64	74	76	101	164	198	238	255	#
968	0.966418	78	102	112	126	138	140	186	190	#
969	0.811342	74	111	143	174	180	182	220	222	#
970	0.721046	13	30	37	84	176	194	196	223	#
971	0.960218	58	72	73	105	161	202	230	251	#
972	0.810069	22	50	77	89	114	124	145	207	#
973	0.895373	20	30	59	65	151	197	217	238	#
974	0.815784	6	38	45	80	105	169	185	253	#
975	0.537922	29	52	104	151	167	183	199	237	#
976	0.873268	72	97	104	116	118	133	185	240	#
977	0.676981	34	87	96	138	163	173	181	239	#
978	0.845502	66	122	139	146	153	162	186	203	#
979	0.878884	9	20	85	105	181	182	231	254	#
980	0.744433	22	28	43	68	195	202	252	253	#
981	0.936449	60	83	85	138	201	203	211	223	#
982	0.993377	0	13	22	33	160	184	188	211	#
983	0.543196	10	86	112	123	128	190	203	246	#
984	0.921034	53	70	121	149	213	227	246	254	#
985	0.577658	19	46	51	57	108	119	133	175	#
986	0.816925	67	79	81	89	157	160	172	185	#
987	0.598004	29	81	149	154	222	244	247	252	#
988	0.626069	23	32	44	119	178	201	230	244	#
989	0.936231	20	94	97	119	164	179	203	252	#
990	0.632472	4	16	73	95	132	170	180	244	#
991	0.687136	31	55	64	78	111	136	157	247	#
992	0.841565	16	31	62	98	100	170	235	255	#
993	0.610221	4	55	64	70	124	126	156	192	#
994	0.556664	9	34	56	80	94	174	207	247	#
995	0.560872	3	4	66	110	114	159	162	201	#
996	0.908883	28	56	64	106	115	223	235	247	#
997	0.556875	36	103	131	173	174	180	207	235	#
998	0.929827	7	29	145	158	211	223	237	255	#
999	0.911313	2	31	59	78	101	177	227	241	#
