%% File generated by CATS v.2.1Mon Jul  4 15:09:52 2011

%% The CATS webpage is http://robotics.stanford.edu/CATS

%% PARAMETER SETTINGS:
% Goods: 256; Bids: 1000; Distribution: L3; Runs: 1; Parameters generated from distribution in file "qpstuff/L3-qp.txt".; Problems generated from distribution over features in files: qpstuff/cass-qp.txt, qpstuff/cplex-qp.txt, qpstuff/lehman-qp.txt; Seed: 1309824131
% Legacy distribution parameters:
% Number of goods chosen according to Constant distribution (const_goods = 6).
% Price chosen according to Fixed Random distribution (low_fixed = 0.915842, high_fixed = 1).


goods 256
bids 1000
dummy 0

0	0.987007	36	41	104	208	225	254	#
1	0.95078	5	9	57	116	219	229	#
2	0.951082	0	36	144	173	195	210	#
3	0.994015	47	48	65	205	234	252	#
4	0.982032	71	74	78	101	105	204	#
5	0.939255	84	86	161	180	207	236	#
6	0.933709	40	83	141	147	226	233	#
7	0.976585	63	68	94	138	184	198	#
8	0.997214	26	81	140	193	218	235	#
9	0.989897	41	45	140	198	237	253	#
10	0.928534	14	15	27	67	87	197	#
11	0.988052	34	39	57	110	179	247	#
12	0.960539	24	65	91	134	207	241	#
13	0.935006	15	45	73	135	162	191	#
14	0.931293	35	77	156	179	199	245	#
15	0.944285	42	81	141	144	206	223	#
16	0.998288	11	33	82	174	200	237	#
17	0.955893	23	30	62	145	168	237	#
18	0.975866	16	49	92	199	223	236	#
19	0.986405	0	80	131	191	213	243	#
20	0.958813	28	46	98	108	220	240	#
21	0.933413	43	44	125	158	163	174	#
22	0.942657	82	104	108	164	173	239	#
23	0.939296	6	85	99	127	201	247	#
24	0.996284	100	118	150	188	210	251	#
25	0.921676	10	88	103	111	162	218	#
26	0.991151	35	113	114	138	194	198	#
27	0.984812	31	38	87	106	124	232	#
28	0.996518	14	37	42	52	151	246	#
29	0.94424	39	110	140	142	180	226	#
30	0.990965	104	105	141	155	169	200	#
31	0.917525	73	127	129	158	160	247	#
32	0.955829	36	47	67	86	180	220	#
33	0.983985	33	104	147	187	223	242	#
34	0.927507	79	131	145	197	199	239	#
35	0.949655	25	42	107	125	182	198	#
36	0.937864	55	100	123	173	234	238	#
37	0.930329	14	44	55	89	100	173	#
38	0.994026	4	110	165	206	233	235	#
39	0.918995	6	94	129	138	172	215	#
40	0.966154	30	66	72	90	253	255	#
41	0.924354	39	87	116	194	195	239	#
42	0.917378	3	27	56	183	198	237	#
43	0.935827	25	38	49	77	186	253	#
44	0.927908	10	39	62	192	218	219	#
45	0.961481	32	76	132	141	233	240	#
46	0.946633	5	13	46	87	140	227	#
47	0.975587	27	59	74	94	219	250	#
48	0.999531	16	18	80	96	182	215	#
49	0.922895	47	55	62	131	150	192	#
50	0.933427	8	50	56	110	143	196	#
51	0.9312	84	106	111	128	174	220	#
52	0.985959	75	115	197	225	231	253	#
53	0.922696	6	35	79	197	202	238	#
54	0.983285	28	44	137	240	248	250	#
55	0.985365	111	113	161	210	240	245	#
56	0.951447	31	86	136	159	187	189	#
57	0.98908	2	39	74	98	113	163	#
58	0.944837	24	29	40	94	112	154	#
59	0.985212	33	56	108	142	182	196	#
60	0.921071	117	120	166	185	189	231	#
61	0.995548	0	24	71	114	220	245	#
62	0.965255	63	101	119	162	197	242	#
63	0.931166	76	98	130	135	148	164	#
64	0.972387	164	179	180	189	223	240	#
65	0.927278	109	127	141	170	206	250	#
66	0.931334	108	122	123	150	190	247	#
67	0.985766	7	64	117	127	130	220	#
68	0.954179	45	103	142	159	165	209	#
69	0.938522	4	63	120	156	195	253	#
70	0.934419	11	69	74	102	153	216	#
71	0.937287	28	39	47	76	90	247	#
72	0.949444	67	80	102	186	225	244	#
73	0.985585	6	46	76	134	146	186	#
74	0.91676	4	82	84	86	104	127	#
75	0.975034	9	21	90	106	126	178	#
76	0.956652	5	41	62	87	175	240	#
77	0.972416	41	77	79	148	242	245	#
78	0.93325	20	36	67	118	140	168	#
79	0.942274	11	61	114	137	204	207	#
80	0.968793	43	134	167	195	196	206	#
81	0.951588	15	51	88	89	184	224	#
82	0.948031	9	15	56	58	81	206	#
83	0.996418	25	39	64	170	234	244	#
84	0.957431	14	20	24	150	152	198	#
85	0.960517	25	31	114	128	152	167	#
86	0.978218	14	30	159	191	195	230	#
87	0.963565	44	138	188	220	239	245	#
88	0.983345	1	56	111	116	198	212	#
89	0.959816	0	13	146	165	220	245	#
90	0.989588	64	73	106	118	132	243	#
91	0.989023	30	55	84	113	198	226	#
92	0.969118	24	34	100	109	124	219	#
93	0.920887	17	48	52	102	192	210	#
94	0.954755	10	65	68	132	206	220	#
95	0.983305	41	69	77	84	167	206	#
96	0.933561	0	12	16	70	110	253	#
97	0.990714	110	115	133	139	168	196	#
98	0.947402	62	68	69	122	130	148	#
99	0.935053	34	52	161	170	199	212	#
100	0.944497	7	33	90	129	149	151	#
101	0.973912	13	86	173	219	224	241	#
102	0.921697	0	39	88	159	175	198	#
103	0.996311	8	25	68	109	113	145	#
104	0.917293	13	66	74	94	100	143	#
105	0.963429	3	22	24	168	179	189	#
106	0.931389	7	16	64	79	132	144	#
107	0.957133	5	12	46	132	151	210	#
108	0.965149	156	163	164	201	240	251	#
109	0.944507	0	11	50	69	135	182	#
110	0.918346	15	37	46	74	83	129	#
111	0.986364	10	14	40	51	96	99	#
112	0.975655	8	33	35	207	212	246	#
113	0.952683	10	35	71	85	150	225	#
114	0.964216	3	101	107	173	233	244	#
115	0.977597	36	154	189	245	248	249	#
116	0.996569	4	20	23	100	101	180	#
117	0.928339	64	116	129	149	217	233	#
118	0.959931	19	40	122	129	174	202	#
119	0.937421	124	165	175	222	223	229	#
120	0.922472	48	61	66	73	113	211	#
121	0.982074	47	70	83	123	145	177	#
122	0.915907	62	94	105	175	182	193	#
123	0.954882	0	110	139	197	239	247	#
124	0.965465	82	85	96	133	168	188	#
125	0.931367	92	100	177	189	213	227	#
126	0.942492	16	30	95	128	143	246	#
127	0.998502	28	67	122	170	184	198	#
128	0.993185	41	49	86	185	192	198	#
129	0.995069	13	78	135	163	215	227	#
130	0.930662	3	15	71	86	234	241	#
131	0.973224	7	74	82	188	209	210	#
132	0.954782	64	116	121	155	159	219	#
133	0.956221	10	23	49	84	168	232	#
134	0.925509	29	36	53	112	115	129	#
135	0.962648	69	138	140	152	178	190	#
136	0.918417	9	26	53	182	198	238	#
137	0.967441	37	56	112	205	235	237	#
138	0.938323	51	160	189	190	195	229	#
139	0.96171	19	105	149	158	165	173	#
140	0.973025	28	158	170	175	177	193	#
141	0.971554	17	40	53	203	229	238	#
142	0.923061	8	51	53	107	115	231	#
143	0.926018	40	41	149	207	228	238	#
144	0.971905	1	37	121	130	131	145	#
145	0.929541	24	92	106	149	152	158	#
146	0.97273	8	49	58	144	178	220	#
147	0.98895	21	34	99	104	152	242	#
148	0.9217	6	104	169	171	181	230	#
149	0.952456	69	89	124	133	135	141	#
150	0.980481	62	179	209	225	235	255	#
151	0.976464	74	79	153	162	200	208	#
152	0.991847	6	46	88	157	188	234	#
153	0.921236	1	13	93	140	154	184	#
154	0.933858	7	91	102	153	216	237	#
155	0.963228	31	36	43	51	183	191	#
156	0.938641	5	6	78	191	217	254	#
157	0.961483	29	113	126	151	162	245	#
158	0.987573	103	109	137	138	164	254	#
159	0.940453	19	26	60	101	152	177	#
160	0.961151	6	37	65	98	119	175	#
161	0.982461	32	48	104	159	231	240	#
162	0.987865	66	119	145	190	231	249	#
163	0.978149	41	50	102	127	167	248	#
164	0.941534	96	109	121	159	187	196	#
165	0.927757	66	135	164	192	239	249	#
166	0.973956	17	54	57	108	179	253	#
167	0.969879	7	49	164	176	210	246	#
168	0.997173	7	35	110	154	160	252	#
169	0.935104	33	84	89	109	162	246	#
170	0.953329	64	101	150	158	200	216	#
171	0.942069	11	77	181	199	214	251	#
172	0.990648	79	115	153	156	233	236	#
173	0.930187	44	102	106	141	205	215	#
174	0.94322	17	22	115	124	129	223	#
175	0.918001	1	3	13	43	120	148	#
176	0.916899	52	108	207	229	234	243	#
177	0.926016	7	85	135	142	170	213	#
178	0.956094	8	28	53	90	100	105	#
179	0.937921	19	48	73	97	209	255	#
180	0.946828	3	33	39	89	218	243	#
181	0.978964	81	99	121	131	151	255	#
182	0.935649	70	127	131	145	185	236	#
183	0.946015	80	129	154	173	184	250	#
184	0.923413	15	21	47	112	113	192	#
185	0.980547	34	40	115	117	208	246	#
186	0.959948	5	26	59	231	242	249	#
187	0.973892	0	7	35	69	149	171	#
188	0.971084	14	93	121	123	130	193	#
189	0.934227	4	92	107	158	239	245	#
190	0.969771	67	75	78	218	219	239	#
191	0.928235	36	75	136	155	162	247	#
192	0.981787	12	49	94	228	234	241	#
193	0.930558	37	90	94	235	239	253	#
194	0.964716	17	62	202	210	214	235	#
195	0.929306	58	76	90	135	146	175	#
196	0.948588	7	30	35	86	185	218	#
197	0.967026	4	60	172	190	210	214	#
198	0.992102	33	132	136	159	167	196	#
199	0.965866	23	129	148	193	247	254	#
200	0.954306	8	30	36	91	102	108	#
201	0.929099	2	33	72	119	145	197	#
202	0.925601	48	52	61	107	113	162	#
203	0.985832	93	114	122	179	213	230	#
204	0.992483	2	34	93	174	221	248	#
205	0.958256	14	111	158	234	239	250	#
206	0.992224	17	99	136	164	181	243	#
207	0.920399	68	125	134	144	150	224	#
208	0.93535	5	47	51	89	119	145	#
209	0.962748	1	28	57	90	152	215	#
210	0.962099	25	37	96	131	165	248	#
211	0.999909	53	65	72	96	112	143	#
212	0.954786	34	40	121	149	207	218	#
213	0.936923	12	25	28	43	68	185	#
214	0.922535	9	51	53	59	140	143	#
215	0.948411	76	97	102	155	182	189	#
216	0.980336	52	70	79	107	183	243	#
217	0.969222	95	138	151	173	175	191	#
218	0.990863	33	45	77	86	171	224	#
219	0.978914	13	20	65	104	227	231	#
220	0.926616	38	69	96	121	134	173	#
221	0.991792	5	46	67	97	225	234	#
222	0.938184	1	52	64	109	128	236	#
223	0.930348	70	76	124	173	199	249	#
224	0.921979	36	55	122	143	202	222	#
225	0.98885	30	80	81	90	133	204	#
226	0.969161	24	96	105	163	213	248	#
227	0.976518	9	44	80	148	199	230	#
228	0.990165	29	63	110	183	188	245	#
229	0.934043	7	46	80	114	173	174	#
230	0.954348	23	42	46	55	106	162	#
231	0.973043	21	41	49	183	194	213	#
232	0.922453	62	106	132	203	253	254	#
233	0.936843	56	89	161	168	236	254	#
234	0.99204	35	107	123	187	199	245	#
235	0.961308	25	29	58	80	118	119	#
236	0.998432	37	131	188	227	241	243	#
237	0.985626	74	177	181	184	186	218	#
238	0.969666	46	73	85	91	180	188	#
239	0.940917	26	28	98	162	199	203	#
240	0.933181	12	73	94	174	208	241	#
241	0.98986	27	52	55	159	189	202	#
242	0.967927	20	53	104	124	149	203	#
243	0.9866	9	37	88	138	146	212	#
244	0.935994	9	36	39	63	152	252	#
245	0.917666	100	118	126	127	134	162	#
246	0.957684	26	29	62	118	152	253	#
247	0.93842	25	66	82	95	122	221	#
248	0.924392	20	28	32	92	152	228	#
249	0.992581	131	143	150	158	201	208	#
250	0.981515	20	34	42	168	185	245	#
251	0.983144	60	120	135	136	201	222	#
252	0.940509	1	64	159	230	232	251	#
253	0.933718	46	64	189	207	209	223	#
254	0.971439	4	143	160	218	227	239	#
255	0.969405	21	105	145	174	175	186	#
256	0.920331	60	61	73	125	233	234	#
257	0.945966	62	123	151	222	227	253	#
258	0.950373	18	31	61	156	179	218	#
259	0.954167	24	88	181	210	214	242	#
260	0.98458	117	139	147	213	234	238	#
261	0.939897	69	133	139	165	201	249	#
262	0.917848	8	51	63	126	130	199	#
263	0.964988	11	20	62	67	143	180	#
264	0.950958	56	57	60	71	140	235	#
265	0.948473	30	48	65	72	85	212	#
266	0.990223	24	75	148	165	177	194	#
267	0.941702	46	62	75	118	219	252	#
268	0.94742	24	29	49	54	63	131	#
269	0.963168	0	26	142	151	165	186	#
270	0.997876	9	14	75	78	151	254	#
271	0.991747	101	135	144	166	167	199	#
272	0.953043	21	47	85	143	148	185	#
273	0.973678	23	55	78	96	210	224	#
274	0.940376	7	35	68	132	154	251	#
275	0.964736	93	157	179	210	218	222	#
276	0.924736	24	49	60	143	203	220	#
277	0.942288	5	11	104	168	187	232	#
278	0.99859	39	71	104	127	205	247	#
279	0.933507	11	39	90	117	169	228	#
280	0.974438	12	59	110	130	178	227	#
281	0.992044	15	19	21	23	141	251	#
282	0.958812	74	83	130	193	212	239	#
283	0.958424	24	42	46	70	101	172	#
284	0.980968	40	74	200	209	214	235	#
285	0.979204	91	122	146	176	232	237	#
286	0.918451	27	63	142	152	175	192	#
287	0.988846	14	45	105	161	216	246	#
288	0.983673	3	32	75	95	103	136	#
289	0.916801	2	14	49	89	93	251	#
290	0.937674	5	7	42	112	209	223	#
291	0.91786	29	46	91	92	144	219	#
292	0.926658	4	28	32	86	87	110	#
293	0.986287	22	32	66	90	131	152	#
294	0.987804	6	66	75	109	203	227	#
295	0.935526	16	142	169	197	224	246	#
296	0.951152	51	136	172	196	228	252	#
297	0.925124	54	94	96	119	163	249	#
298	0.922655	16	23	52	64	77	225	#
299	0.995377	98	129	160	208	240	249	#
300	0.924552	4	75	103	161	194	222	#
301	0.94669	62	66	149	176	178	234	#
302	0.937174	79	94	133	220	243	255	#
303	0.944286	77	176	198	228	230	233	#
304	0.952094	20	42	71	95	138	162	#
305	0.929058	19	27	100	177	195	210	#
306	0.959025	38	62	95	133	182	242	#
307	0.929366	41	99	146	164	221	241	#
308	0.934698	58	78	134	167	179	219	#
309	0.984702	61	145	160	192	199	222	#
310	0.971356	33	62	97	123	139	190	#
311	0.972347	21	38	85	100	110	197	#
312	0.943922	1	20	42	55	105	150	#
313	0.998026	11	29	40	55	56	180	#
314	0.919671	59	100	158	216	228	229	#
315	0.932111	49	58	63	101	121	233	#
316	0.942882	24	37	48	65	155	197	#
317	0.988581	7	86	87	97	217	251	#
318	0.919083	6	72	77	118	170	221	#
319	0.954752	23	28	39	125	139	231	#
320	0.982468	12	18	93	135	213	221	#
321	0.963528	7	56	105	117	142	219	#
322	0.962325	75	135	139	152	156	210	#
323	0.98803	14	29	43	84	167	204	#
324	0.95175	28	57	116	175	182	214	#
325	0.970949	2	42	80	101	141	178	#
326	0.931561	21	43	90	100	131	177	#
327	0.990762	31	45	55	126	140	243	#
328	0.952888	38	160	164	185	212	242	#
329	0.920272	84	103	115	125	158	209	#
330	0.99028	9	10	11	111	233	254	#
331	0.931447	31	39	83	112	147	172	#
332	0.989137	48	94	168	174	176	247	#
333	0.9425	24	122	160	185	215	241	#
334	0.917839	2	26	62	170	175	236	#
335	0.990199	21	35	54	70	163	176	#
336	0.994729	58	78	128	137	215	254	#
337	0.993477	71	122	141	146	206	222	#
338	0.970098	11	29	132	168	193	204	#
339	0.932553	14	37	115	134	148	244	#
340	0.931667	16	31	43	61	70	203	#
341	0.99601	56	111	137	162	175	243	#
342	0.986094	0	59	65	82	154	179	#
343	0.936628	43	110	116	203	215	228	#
344	0.991904	19	28	34	62	134	178	#
345	0.995774	10	105	126	191	223	242	#
346	0.920167	28	95	138	141	158	243	#
347	0.996611	65	82	142	145	207	224	#
348	0.970255	36	81	138	147	233	236	#
349	0.973942	144	150	178	186	188	251	#
350	0.955369	85	111	201	206	231	253	#
351	0.942375	9	10	50	170	234	241	#
352	0.970066	29	38	90	105	160	200	#
353	0.937845	51	57	65	98	166	200	#
354	0.919006	16	72	110	161	163	210	#
355	0.9748	39	70	88	101	115	252	#
356	0.940823	35	66	74	159	180	211	#
357	0.933932	15	67	93	148	181	255	#
358	0.923383	42	69	103	136	172	247	#
359	0.948721	25	91	102	121	122	238	#
360	0.966654	0	53	117	140	173	243	#
361	0.968131	71	98	194	206	224	234	#
362	0.931175	6	78	132	196	211	242	#
363	0.971045	60	200	221	230	232	237	#
364	0.963569	7	59	67	92	153	223	#
365	0.992962	18	90	120	123	213	253	#
366	0.950287	10	138	140	166	206	248	#
367	0.920551	46	94	169	174	202	223	#
368	0.938898	9	36	108	133	135	222	#
369	0.917618	35	130	180	208	245	246	#
370	0.927515	23	25	118	205	230	253	#
371	0.954394	6	47	58	93	118	135	#
372	0.963704	76	105	143	153	225	228	#
373	0.996689	19	64	85	131	173	247	#
374	0.961873	4	5	54	111	201	228	#
375	0.929773	14	77	78	133	220	242	#
376	0.978895	5	60	80	100	217	225	#
377	0.949209	46	67	82	142	190	194	#
378	0.929352	39	116	145	150	179	189	#
379	0.962415	9	22	23	25	157	242	#
380	0.930611	89	138	150	154	155	169	#
381	0.947096	38	41	61	178	225	243	#
382	0.947205	47	89	111	195	245	252	#
383	0.947569	22	34	105	129	227	246	#
384	0.975468	11	21	35	105	165	232	#
385	0.958602	14	47	110	139	154	245	#
386	0.925302	92	125	143	199	224	248	#
387	0.968649	92	105	119	147	199	201	#
388	0.999932	10	49	68	85	213	255	#
389	0.963366	33	34	47	94	117	217	#
390	0.942679	52	83	210	227	248	252	#
391	0.984415	69	122	127	166	223	233	#
392	0.991023	50	89	109	148	179	255	#
393	0.920125	47	49	54	71	141	251	#
394	0.975181	84	122	130	152	173	179	#
395	0.930487	62	73	84	189	202	237	#
396	0.930224	114	157	189	198	217	249	#
397	0.967786	52	81	158	206	231	245	#
398	0.916878	55	98	102	171	214	228	#
399	0.988793	28	62	89	91	182	195	#
400	0.994489	5	51	95	116	148	226	#
401	0.974895	62	175	183	219	231	255	#
402	0.963976	0	42	123	127	146	166	#
403	0.95303	10	106	141	177	194	211	#
404	0.982684	22	77	162	182	195	255	#
405	0.955787	78	122	130	133	176	246	#
406	0.916309	25	158	173	174	197	203	#
407	0.938385	16	18	19	77	86	223	#
408	0.925745	20	36	61	95	117	125	#
409	0.988063	17	57	102	110	156	254	#
410	0.962662	15	138	151	175	227	237	#
411	0.976319	5	8	24	138	160	163	#
412	0.985843	17	21	31	70	174	221	#
413	0.919009	39	76	109	190	247	248	#
414	0.991837	9	101	115	127	154	203	#
415	0.99549	10	86	88	125	222	226	#
416	0.935503	30	52	120	192	207	217	#
417	0.939059	44	123	132	151	163	205	#
418	0.919356	14	85	154	156	242	245	#
419	0.967043	5	85	94	151	214	217	#
420	0.980711	28	40	53	205	210	233	#
421	0.975729	5	14	107	123	147	213	#
422	0.930479	14	61	81	84	177	220	#
423	0.921037	28	34	163	164	216	230	#
424	0.934231	134	175	226	231	242	248	#
425	0.951051	45	53	96	103	241	254	#
426	0.92422	10	20	22	32	88	180	#
427	0.993554	56	67	91	96	178	237	#
428	0.974226	4	17	53	148	168	233	#
429	0.970957	73	135	143	155	203	214	#
430	0.917112	74	114	119	150	166	167	#
431	0.979108	1	97	98	151	156	221	#
432	0.987701	118	135	136	188	228	236	#
433	0.917619	69	110	112	201	225	253	#
434	0.919667	90	190	195	201	204	210	#
435	0.965414	20	45	138	161	174	187	#
436	0.991945	32	41	167	192	210	217	#
437	0.975242	14	63	103	115	158	232	#
438	0.987691	54	70	107	147	190	206	#
439	0.974559	31	50	103	109	177	187	#
440	0.990478	33	44	122	211	214	224	#
441	0.991867	25	42	108	159	236	255	#
442	0.972598	36	147	168	182	243	244	#
443	0.984178	96	147	163	166	170	234	#
444	0.984492	46	135	183	204	211	243	#
445	0.994987	20	63	68	141	153	168	#
446	0.968216	76	143	178	233	245	254	#
447	0.995475	23	42	43	76	228	251	#
448	0.998891	8	44	59	69	198	222	#
449	0.959336	60	73	75	105	152	154	#
450	0.917483	17	27	41	63	83	225	#
451	0.947805	102	107	119	178	186	217	#
452	0.967172	100	127	203	207	225	253	#
453	0.955486	31	131	138	157	164	244	#
454	0.935683	30	44	108	135	142	175	#
455	0.920381	46	89	169	188	225	230	#
456	0.952229	21	54	66	106	115	243	#
457	0.962475	59	94	127	147	153	181	#
458	0.958518	40	108	155	187	225	251	#
459	0.978163	24	29	58	136	141	195	#
460	0.946012	10	21	56	159	194	251	#
461	0.93014	33	58	66	118	161	225	#
462	0.985418	23	50	130	149	204	238	#
463	0.999898	16	125	143	198	231	239	#
464	0.972007	11	108	117	156	186	223	#
465	0.938998	14	70	115	172	182	185	#
466	0.926222	45	83	88	99	136	233	#
467	0.95976	2	14	67	112	116	187	#
468	0.935146	62	79	90	118	132	192	#
469	0.957975	52	77	114	178	190	248	#
470	0.963453	25	55	121	129	132	182	#
471	0.977437	74	81	96	174	205	219	#
472	0.959863	10	86	113	114	194	249	#
473	0.993963	28	38	70	193	203	242	#
474	0.970615	40	173	177	180	182	241	#
475	0.963386	29	74	88	191	223	229	#
476	0.926875	17	18	26	124	193	204	#
477	0.957411	4	64	196	214	228	255	#
478	0.939098	26	43	70	104	131	217	#
479	0.969904	20	76	85	132	141	193	#
480	0.974025	32	121	139	147	173	225	#
481	0.98878	44	49	65	81	92	178	#
482	0.996292	4	8	51	113	148	170	#
483	0.943658	60	79	89	202	222	229	#
484	0.965152	1	17	31	148	206	233	#
485	0.995248	54	62	110	182	187	253	#
486	0.984587	7	40	87	118	176	230	#
487	0.955198	153	158	203	231	237	244	#
488	0.979038	58	89	218	231	241	244	#
489	0.953628	36	38	77	141	176	200	#
490	0.978107	5	43	77	130	150	196	#
491	0.927048	76	96	101	181	202	214	#
492	0.995079	58	112	136	152	177	209	#
493	0.942289	2	27	76	90	181	224	#
494	0.96839	21	22	67	141	221	246	#
495	0.927477	17	66	144	160	182	225	#
496	0.933448	33	82	93	154	162	187	#
497	0.942235	0	1	67	108	191	239	#
498	0.985856	19	42	75	140	142	186	#
499	0.950824	46	83	86	144	167	227	#
500	0.939864	6	44	135	184	220	238	#
501	0.980838	11	87	116	134	138	243	#
502	0.931663	84	104	128	168	193	228	#
503	0.949798	17	33	70	108	228	233	#
504	0.93057	17	57	63	89	206	211	#
505	0.965221	38	127	133	151	163	198	#
506	0.935734	29	44	83	100	167	240	#
507	0.938907	2	82	180	201	222	238	#
508	0.983336	21	39	188	207	250	255	#
509	0.945943	22	23	45	184	196	251	#
510	0.929491	9	17	71	105	147	205	#
511	0.945749	29	74	76	90	161	222	#
512	0.992294	0	10	84	92	230	249	#
513	0.945449	14	54	134	222	245	251	#
514	0.915902	40	52	61	156	229	252	#
515	0.921093	38	77	108	110	227	250	#
516	0.95308	3	102	189	193	225	232	#
517	0.9173	9	25	43	98	131	207	#
518	0.996217	19	41	95	122	174	198	#
519	0.986853	79	103	132	163	191	237	#
520	0.917134	12	58	110	215	223	248	#
521	0.980474	4	17	41	98	152	181	#
522	0.934354	32	33	66	94	136	247	#
523	0.993876	0	2	32	115	125	216	#
524	0.974475	25	49	78	98	224	230	#
525	0.994279	9	87	137	209	232	246	#
526	0.959293	35	125	183	185	189	245	#
527	0.951337	26	69	144	145	166	168	#
528	0.934648	8	37	151	156	171	222	#
529	0.916403	30	111	137	161	176	216	#
530	0.96105	4	46	74	101	166	250	#
531	0.926517	50	110	182	188	208	235	#
532	0.954252	18	100	114	128	195	229	#
533	0.953938	100	104	129	201	202	246	#
534	0.917531	19	140	166	216	224	249	#
535	0.97342	102	138	140	143	204	211	#
536	0.971053	27	68	123	153	162	225	#
537	0.931687	40	59	85	109	191	245	#
538	0.923922	99	109	117	155	165	168	#
539	0.969166	18	42	106	172	179	225	#
540	0.978744	14	61	182	204	225	244	#
541	0.96038	93	103	115	119	143	153	#
542	0.999314	59	115	132	147	178	212	#
543	0.920561	13	36	84	137	200	245	#
544	0.985477	134	141	166	180	183	184	#
545	0.991118	14	60	94	177	239	255	#
546	0.975636	1	55	85	124	152	203	#
547	0.936695	3	57	71	86	121	229	#
548	0.986477	9	34	70	79	199	215	#
549	0.950825	35	122	159	227	242	243	#
550	0.973954	43	52	70	152	171	227	#
551	0.926526	0	81	178	213	229	231	#
552	0.936789	17	50	71	74	123	132	#
553	0.930322	12	15	74	141	171	203	#
554	0.994442	18	66	88	182	227	241	#
555	0.960856	36	51	104	114	123	126	#
556	0.96966	26	159	172	201	204	223	#
557	0.979516	111	131	151	155	179	254	#
558	0.935182	24	85	165	174	221	255	#
559	0.96724	1	38	132	142	171	205	#
560	0.943847	44	52	67	141	153	184	#
561	0.939445	16	120	140	211	225	237	#
562	0.935474	56	85	111	122	191	228	#
563	0.930684	0	14	20	144	189	249	#
564	0.967042	49	58	70	79	111	165	#
565	0.975903	29	56	92	98	149	234	#
566	0.980106	47	201	224	230	232	255	#
567	0.979785	14	25	143	183	224	237	#
568	0.922814	81	110	112	117	140	155	#
569	0.966019	4	9	91	120	139	244	#
570	0.916196	19	60	95	167	204	222	#
571	0.917531	36	110	179	181	212	213	#
572	0.986534	4	22	93	162	190	222	#
573	0.999003	67	69	122	148	156	201	#
574	0.930426	88	100	171	205	228	232	#
575	0.935363	13	18	29	132	141	147	#
576	0.92535	90	100	156	179	198	236	#
577	0.992104	50	63	115	201	215	223	#
578	0.920037	66	91	198	218	223	226	#
579	0.994274	30	96	121	166	195	211	#
580	0.988082	40	96	128	152	205	247	#
581	0.970792	18	65	127	137	189	233	#
582	0.970713	44	81	86	131	198	255	#
583	0.939351	3	127	159	175	241	252	#
584	0.931232	4	117	150	157	195	212	#
585	0.935754	0	106	183	192	199	253	#
586	0.977866	122	127	152	180	215	233	#
587	0.983225	69	88	105	140	143	233	#
588	0.932319	38	60	91	99	135	229	#
589	0.946891	34	47	94	166	174	230	#
590	0.927505	18	84	88	99	129	252	#
591	0.924439	55	62	110	210	211	245	#
592	0.99283	17	23	106	130	143	237	#
593	0.942832	35	76	115	121	198	207	#
594	0.923583	10	32	34	108	139	237	#
595	0.969984	28	57	113	149	204	207	#
596	0.938213	30	40	156	160	174	232	#
597	0.959799	4	26	59	118	137	219	#
598	0.951445	19	67	98	141	225	252	#
599	0.970669	7	13	49	138	196	250	#
600	0.917574	44	59	81	139	140	204	#
601	0.927711	11	37	153	206	210	249	#
602	0.934242	48	134	141	153	161	167	#
603	0.951088	59	91	108	114	173	213	#
604	0.937494	124	133	180	197	206	248	#
605	0.976011	36	53	174	178	209	230	#
606	0.996236	26	83	114	121	190	228	#
607	0.937095	26	30	88	119	141	152	#
608	0.921824	20	28	31	37	68	129	#
609	0.931632	45	88	119	174	199	240	#
610	0.988853	11	95	145	152	246	250	#
611	0.931336	48	115	211	234	243	252	#
612	0.972776	15	33	80	131	151	210	#
613	0.926582	10	73	76	115	136	192	#
614	0.945989	11	123	150	221	246	255	#
615	0.928371	25	43	92	112	243	246	#
616	0.970429	26	106	117	206	212	252	#
617	0.950506	26	33	90	206	243	253	#
618	0.920344	96	100	118	131	140	245	#
619	0.996338	93	115	149	169	221	222	#
620	0.978493	60	76	82	119	150	221	#
621	0.927607	21	58	152	160	227	241	#
622	0.936694	27	56	73	110	161	183	#
623	0.942127	78	91	109	110	164	179	#
624	0.95642	3	49	78	161	225	249	#
625	0.949755	16	28	61	65	119	148	#
626	0.96148	68	83	142	161	194	210	#
627	0.990794	0	1	40	122	164	199	#
628	0.931247	7	62	75	89	210	216	#
629	0.980538	14	35	56	101	227	250	#
630	0.994039	31	168	212	235	241	246	#
631	0.948206	70	86	93	111	130	220	#
632	0.979855	26	53	55	66	177	190	#
633	0.989652	26	33	116	122	216	243	#
634	0.928434	14	29	40	152	173	245	#
635	0.971524	66	70	140	142	168	195	#
636	0.923835	48	90	111	170	194	204	#
637	0.954304	35	49	96	118	161	250	#
638	0.932649	65	87	102	165	213	226	#
639	0.990804	78	135	208	211	229	231	#
640	0.931266	89	91	118	208	218	228	#
641	0.999827	13	48	121	146	219	234	#
642	0.930732	0	19	25	60	195	215	#
643	0.93309	75	128	153	160	161	255	#
644	0.938319	13	125	156	181	226	249	#
645	0.944211	56	79	103	136	160	212	#
646	0.961038	12	43	69	81	88	116	#
647	0.954769	59	61	67	110	205	242	#
648	0.964055	113	125	165	167	240	255	#
649	0.939303	52	96	173	177	181	205	#
650	0.949201	18	206	231	232	242	248	#
651	0.975099	22	23	57	82	190	244	#
652	0.966971	32	47	69	79	137	204	#
653	0.918161	13	61	179	191	229	246	#
654	0.982795	2	56	92	114	119	248	#
655	0.958428	30	59	101	191	225	247	#
656	0.981068	42	61	101	135	168	194	#
657	0.965814	41	122	131	214	231	235	#
658	0.976259	1	4	19	21	90	171	#
659	0.974817	22	47	48	84	147	246	#
660	0.957314	7	12	131	149	183	185	#
661	0.954882	8	60	130	168	172	189	#
662	0.926957	13	68	80	92	115	121	#
663	0.919435	71	122	141	199	232	242	#
664	0.969604	17	35	39	102	176	224	#
665	0.971904	5	18	27	32	89	117	#
666	0.927502	25	39	70	96	127	130	#
667	0.939392	0	15	31	33	93	169	#
668	0.963172	18	22	32	39	222	240	#
669	0.923003	59	132	150	214	215	239	#
670	0.999729	16	21	104	113	183	203	#
671	0.974162	10	16	51	106	110	115	#
672	0.94269	47	87	96	175	213	251	#
673	0.934343	18	70	83	90	176	228	#
674	0.95962	103	132	204	209	235	243	#
675	0.93681	14	22	25	114	145	240	#
676	0.937334	53	60	67	110	145	253	#
677	0.932381	32	106	114	160	193	201	#
678	0.969	57	71	97	151	183	253	#
679	0.955353	61	72	104	121	225	238	#
680	0.93218	60	87	100	143	144	197	#
681	0.965871	4	13	27	97	113	180	#
682	0.977743	2	23	49	71	159	163	#
683	0.972604	10	125	186	194	196	205	#
684	0.994511	15	32	58	85	171	217	#
685	0.964689	16	72	82	106	208	209	#
686	0.997983	35	42	90	91	174	235	#
687	0.969329	23	172	203	211	235	249	#
688	0.930376	73	100	169	229	236	244	#
689	0.962495	3	42	170	203	231	253	#
690	0.936022	53	121	122	128	156	235	#
691	0.943484	64	76	114	143	211	223	#
692	0.988097	25	84	103	156	168	175	#
693	0.966213	88	90	111	119	141	223	#
694	0.9675	24	107	162	209	219	254	#
695	0.963016	70	80	95	139	170	203	#
696	0.960234	99	119	164	166	215	238	#
697	0.927204	11	37	48	82	124	201	#
698	0.93203	61	65	71	128	150	249	#
699	0.915864	19	147	158	167	182	190	#
700	0.946384	6	25	44	74	127	161	#
701	0.989372	18	54	129	146	213	217	#
702	0.991782	86	127	140	150	233	244	#
703	0.93438	41	147	170	214	228	235	#
704	0.990586	41	47	50	162	197	199	#
705	0.926203	93	112	201	205	208	215	#
706	0.973172	45	123	128	160	192	202	#
707	0.940356	15	28	50	83	188	249	#
708	0.969675	13	114	139	164	220	245	#
709	0.95956	44	85	182	204	229	230	#
710	0.982748	34	97	138	139	205	218	#
711	0.959225	4	74	82	112	185	235	#
712	0.978668	93	128	132	141	161	255	#
713	0.916778	100	147	164	177	188	235	#
714	0.930033	1	42	88	208	217	228	#
715	0.918948	49	57	80	214	228	252	#
716	0.962278	67	94	167	224	242	244	#
717	0.981538	33	43	76	108	116	150	#
718	0.998477	3	142	143	196	229	253	#
719	0.917112	30	32	101	224	226	250	#
720	0.936923	31	67	81	98	130	207	#
721	0.928823	87	103	110	122	130	151	#
722	0.967935	18	32	37	71	88	103	#
723	0.973751	11	67	83	117	225	237	#
724	0.959666	20	46	50	64	125	141	#
725	0.996729	38	41	63	69	102	225	#
726	0.989101	97	154	158	162	200	229	#
727	0.970442	50	60	70	103	129	234	#
728	0.920842	6	68	180	218	235	243	#
729	0.942463	8	93	142	163	205	243	#
730	0.918826	36	65	123	126	186	206	#
731	0.977278	27	116	155	180	229	243	#
732	0.954606	27	94	129	196	202	221	#
733	0.92494	11	49	57	119	215	252	#
734	0.981915	23	25	80	86	121	147	#
735	0.917096	14	28	76	195	218	220	#
736	0.971556	21	63	109	127	147	198	#
737	0.96604	23	40	164	165	167	168	#
738	0.952914	2	90	115	179	231	236	#
739	0.958456	72	152	153	174	202	250	#
740	0.987824	30	48	119	150	240	249	#
741	0.91702	5	6	11	191	245	254	#
742	0.972277	40	133	150	177	218	231	#
743	0.970902	28	93	110	151	197	252	#
744	0.982551	14	28	107	121	149	165	#
745	0.922751	85	90	93	144	145	226	#
746	0.930005	80	91	117	119	134	194	#
747	0.929856	36	78	129	161	185	207	#
748	0.930096	45	53	61	127	163	175	#
749	0.948401	31	82	136	158	230	239	#
750	0.977178	9	59	86	139	184	200	#
751	0.971636	12	27	177	195	207	251	#
752	0.972759	55	66	73	97	190	197	#
753	0.968062	18	35	97	163	225	234	#
754	0.931749	4	35	103	113	215	225	#
755	0.981602	89	96	123	220	235	251	#
756	0.933306	18	46	59	62	217	225	#
757	0.966655	3	39	120	182	183	204	#
758	0.976921	43	47	86	94	182	244	#
759	0.936747	26	132	224	225	230	231	#
760	0.916096	8	21	28	95	127	162	#
761	0.968638	39	86	92	189	231	243	#
762	0.926543	16	33	99	132	161	226	#
763	0.940128	13	59	62	74	114	119	#
764	0.956626	31	42	104	151	163	197	#
765	0.927919	2	47	191	223	237	251	#
766	0.949246	72	130	134	142	152	198	#
767	0.923757	79	93	126	188	204	252	#
768	0.966012	15	18	119	121	134	144	#
769	0.993071	42	66	141	150	177	253	#
770	0.976631	22	46	156	188	189	236	#
771	0.925312	7	72	128	131	149	214	#
772	0.944483	0	13	61	94	95	237	#
773	0.992397	7	18	62	74	213	237	#
774	0.9406	124	128	146	157	194	209	#
775	0.962877	30	39	50	187	203	219	#
776	0.994138	85	123	166	207	243	252	#
777	0.927631	32	49	55	118	168	183	#
778	0.967254	45	78	115	136	145	223	#
779	0.956819	3	4	18	64	175	213	#
780	0.941138	31	41	85	116	164	165	#
781	0.982911	29	42	132	136	211	219	#
782	0.925554	89	93	143	156	177	178	#
783	0.982685	54	72	107	158	179	201	#
784	0.926192	39	74	78	85	161	167	#
785	0.985976	15	21	49	199	241	245	#
786	0.994289	58	94	150	179	233	248	#
787	0.933071	85	103	144	160	207	224	#
788	0.931633	19	77	78	124	135	146	#
789	0.919309	14	175	178	199	220	253	#
790	0.995553	52	66	104	108	159	215	#
791	0.999008	54	75	110	159	196	253	#
792	0.935334	32	46	154	166	187	199	#
793	0.954344	1	13	20	28	147	153	#
794	0.946452	19	21	68	136	192	232	#
795	0.961431	96	107	115	216	241	252	#
796	0.982715	29	32	34	45	113	139	#
797	0.996139	45	144	180	186	197	238	#
798	0.998622	62	85	95	110	196	209	#
799	0.928666	109	122	142	148	207	218	#
800	0.95497	133	145	148	165	166	242	#
801	0.976898	42	84	139	149	210	215	#
802	0.968089	71	76	102	121	160	185	#
803	0.985784	0	25	47	113	203	246	#
804	0.917527	30	38	60	105	107	195	#
805	0.938067	0	53	63	196	229	233	#
806	0.922182	46	53	78	104	109	239	#
807	0.951199	52	54	63	94	225	237	#
808	0.936025	53	107	130	223	231	240	#
809	0.917233	15	70	128	190	200	255	#
810	0.998095	73	82	90	120	163	242	#
811	0.95868	48	150	169	185	216	254	#
812	0.960056	61	101	124	194	200	253	#
813	0.995355	8	11	13	172	198	219	#
814	0.951685	27	30	62	167	178	229	#
815	0.96156	53	121	131	183	184	209	#
816	0.949888	15	176	223	227	244	247	#
817	0.988473	70	82	118	130	239	240	#
818	0.966084	26	82	99	124	142	235	#
819	0.991838	1	32	37	151	192	198	#
820	0.931169	18	114	131	184	213	237	#
821	0.960853	22	27	30	100	137	220	#
822	0.926744	28	38	47	112	151	171	#
823	0.985548	105	152	167	198	201	244	#
824	0.943425	11	29	104	107	162	212	#
825	0.924874	14	45	52	155	194	223	#
826	0.936918	28	30	31	70	89	91	#
827	0.954499	73	125	141	159	198	240	#
828	0.965599	30	56	63	111	135	166	#
829	0.999764	6	25	54	73	148	233	#
830	0.980391	4	46	76	202	230	243	#
831	0.972892	19	59	136	140	161	228	#
832	0.958072	41	101	129	140	233	241	#
833	0.990425	50	64	109	114	173	225	#
834	0.921131	13	15	58	130	200	255	#
835	0.980369	38	93	128	143	164	227	#
836	0.978454	4	33	156	199	218	234	#
837	0.932394	16	109	127	241	246	247	#
838	0.994779	0	51	85	107	178	245	#
839	0.921669	39	79	162	212	232	237	#
840	0.950421	0	1	29	74	151	255	#
841	0.964258	6	28	140	151	168	252	#
842	0.928837	12	55	101	111	120	193	#
843	0.97804	0	12	33	136	146	215	#
844	0.929108	13	68	93	203	213	240	#
845	0.946699	94	106	135	158	163	251	#
846	0.970984	23	43	96	104	243	251	#
847	0.976013	23	72	79	108	131	234	#
848	0.945906	10	18	26	45	147	158	#
849	0.998535	42	52	97	110	244	247	#
850	0.925961	65	76	103	242	247	253	#
851	0.960453	16	94	169	172	242	244	#
852	0.944606	68	169	180	199	218	254	#
853	0.984889	60	112	145	172	178	179	#
854	0.95863	5	6	71	99	155	209	#
855	0.951056	22	29	77	91	107	121	#
856	0.966541	26	100	131	180	193	199	#
857	0.961912	13	73	77	89	146	232	#
858	0.988729	60	115	120	164	232	248	#
859	0.915925	55	93	113	141	245	252	#
860	0.927195	7	56	70	186	209	235	#
861	0.955252	101	154	184	209	211	232	#
862	0.974691	53	69	99	212	235	240	#
863	0.992601	11	69	144	190	209	224	#
864	0.929353	35	120	123	188	211	253	#
865	0.980582	10	30	43	48	75	160	#
866	0.987933	9	98	102	121	129	202	#
867	0.935482	16	100	110	163	174	177	#
868	0.930528	41	91	156	160	174	228	#
869	0.952116	15	39	86	162	198	232	#
870	0.94703	1	31	62	105	106	107	#
871	0.957561	14	34	73	183	234	244	#
872	0.974931	22	35	72	106	130	229	#
873	0.939472	24	59	70	88	103	150	#
874	0.928832	45	68	163	196	231	241	#
875	0.983052	22	171	196	208	231	251	#
876	0.961452	34	35	143	177	200	202	#
877	0.990472	151	157	165	234	244	254	#
878	0.935902	39	47	105	156	181	205	#
879	0.917937	44	109	145	167	173	177	#
880	0.962436	59	153	187	199	205	215	#
881	0.995436	41	103	118	169	217	239	#
882	0.942048	5	61	118	199	209	225	#
883	0.961052	14	16	39	142	170	214	#
884	0.952022	17	88	124	137	175	199	#
885	0.945922	13	54	88	133	143	249	#
886	0.985026	1	26	98	123	125	249	#
887	0.933715	16	20	21	146	155	201	#
888	0.933148	58	155	192	194	225	231	#
889	0.972699	25	75	121	146	153	187	#
890	0.968845	3	26	117	179	207	217	#
891	0.979525	71	79	94	113	212	213	#
892	0.981645	9	41	114	156	227	235	#
893	0.979605	17	46	56	79	115	201	#
894	0.930567	0	19	39	140	202	206	#
895	0.948962	52	103	191	226	229	235	#
896	0.965274	45	88	114	130	136	236	#
897	0.954595	12	88	131	132	178	195	#
898	0.916848	1	19	51	194	195	248	#
899	0.9821	10	31	51	94	189	252	#
900	0.988572	23	26	101	211	223	234	#
901	0.972184	77	95	151	201	212	217	#
902	0.955596	3	10	144	218	232	245	#
903	0.978284	66	87	97	153	181	244	#
904	0.930945	29	75	112	130	146	158	#
905	0.986578	63	169	174	178	183	186	#
906	0.985015	30	99	101	154	181	217	#
907	0.972538	1	64	67	75	159	181	#
908	0.968023	42	168	178	185	215	248	#
909	0.981904	1	9	34	90	151	234	#
910	0.917646	47	139	145	162	199	234	#
911	0.923001	59	140	164	180	202	255	#
912	0.989013	6	45	58	115	244	246	#
913	0.986283	86	164	188	191	206	237	#
914	0.916315	25	34	48	58	214	242	#
915	0.927267	6	114	187	224	226	235	#
916	0.947877	9	18	85	119	164	236	#
917	0.975597	59	100	180	186	212	250	#
918	0.994337	86	195	203	221	222	226	#
919	0.956122	59	160	203	212	220	222	#
920	0.989727	6	38	43	79	190	226	#
921	0.981742	20	131	133	138	140	206	#
922	0.919098	84	112	116	144	179	235	#
923	0.930567	0	5	69	154	163	200	#
924	0.975567	112	142	156	167	183	218	#
925	0.99386	28	44	64	156	220	251	#
926	0.923702	19	122	123	196	213	225	#
927	0.924821	49	55	81	89	227	254	#
928	0.980015	21	39	47	55	91	160	#
929	0.987478	9	32	100	107	184	219	#
930	0.922834	74	77	110	158	169	177	#
931	0.954723	23	44	99	156	173	176	#
932	0.934094	9	61	141	149	171	223	#
933	0.939741	26	61	69	78	95	128	#
934	0.962716	4	53	137	163	231	250	#
935	0.93165	9	29	91	151	187	247	#
936	0.932075	39	49	94	131	179	201	#
937	0.954216	59	64	110	133	169	252	#
938	0.952229	19	52	105	164	183	216	#
939	0.951967	16	103	111	115	209	229	#
940	0.95168	78	111	112	125	145	238	#
941	0.967288	7	59	76	102	135	158	#
942	0.919609	55	89	90	160	170	202	#
943	0.991523	11	21	100	165	174	190	#
944	0.920902	8	16	51	65	159	198	#
945	0.989354	0	77	133	231	232	243	#
946	0.956237	12	68	74	104	193	240	#
947	0.989929	23	39	98	161	221	239	#
948	0.973002	34	62	126	179	195	252	#
949	0.927991	5	118	139	219	232	246	#
950	0.948705	23	126	157	174	221	240	#
951	0.975789	51	85	100	190	204	210	#
952	0.984077	0	134	140	143	158	184	#
953	0.982366	14	15	23	57	179	243	#
954	0.987675	59	151	158	164	192	252	#
955	0.950054	27	32	55	115	169	228	#
956	0.975142	6	22	110	157	218	240	#
957	0.923771	4	22	43	47	123	220	#
958	0.978654	13	16	26	133	202	254	#
959	0.916633	12	20	109	128	194	224	#
960	0.976636	22	88	167	190	192	206	#
961	0.962431	115	120	170	180	183	239	#
962	0.991707	6	54	68	72	209	213	#
963	0.947568	62	127	164	194	224	245	#
964	0.937472	30	48	56	64	91	102	#
965	0.982752	2	87	115	184	212	225	#
966	0.946715	20	37	156	168	180	223	#
967	0.979561	46	139	183	190	250	251	#
968	0.945559	16	53	153	216	229	243	#
969	0.980566	79	85	131	155	203	242	#
970	0.968593	0	40	49	107	114	205	#
971	0.984575	60	80	89	164	168	226	#
972	0.995267	23	26	91	137	190	222	#
973	0.957792	50	144	153	196	206	218	#
974	0.95106	41	108	114	125	127	136	#
975	0.920057	1	53	103	132	211	216	#
976	0.972098	3	55	59	85	89	93	#
977	0.956967	47	52	63	92	183	190	#
978	0.925662	114	117	141	159	172	176	#
979	0.96552	60	73	83	121	124	236	#
980	0.945941	9	23	103	110	132	224	#
981	0.975488	24	25	78	146	182	230	#
982	0.981189	37	43	95	174	224	235	#
983	0.929308	42	73	107	155	225	233	#
984	0.925344	1	92	99	103	108	148	#
985	0.949973	20	92	138	144	165	240	#
986	0.947642	6	41	43	123	129	192	#
987	0.918533	134	183	196	206	207	239	#
988	0.942355	68	76	94	141	233	251	#
989	0.978557	50	85	109	127	183	235	#
990	0.979882	116	138	169	196	201	231	#
991	0.946648	4	45	161	188	212	223	#
992	0.957212	4	61	95	155	207	231	#
993	0.992947	6	80	134	225	231	234	#
994	0.953995	68	83	95	108	155	220	#
995	0.93782	37	60	92	126	193	203	#
996	0.948934	49	85	188	191	232	253	#
997	0.950126	14	25	90	105	204	220	#
998	0.937528	15	41	132	205	211	251	#
999	0.954541	71	77	85	112	131	141	#
