%% File generated by CATS v.2.1Mon Jul  4 11:09:38 2011

%% The CATS webpage is http://robotics.stanford.edu/CATS

%% PARAMETER SETTINGS:
% Goods: 500; Bids: 1000; Distribution: L4; Runs: 1; Seed: 1309806936
% Legacy distribution parameters:
% Number of goods chosen according to Decay distribution (alpha = 0.55).
% Price chosen according to Linear Random distribution (low_linearly = 1, high_linearly = 1000).


goods 500
bids 1000
dummy 0

0	1634.93	44	358	#
1	1909.52	183	242	449	#
2	684.709	297	442	#
3	885.535	86	#
4	355.935	451	#
5	245.625	379	#
6	587.114	10	#
7	2025.51	66	202	310	#
8	763.144	270	#
9	1440.3	8	423	#
10	372.199	63	#
11	720.054	169	#
12	875.404	474	#
13	495.877	184	#
14	931.505	57	#
15	900.554	237	#
16	881.63	255	#
17	309.234	112	#
18	980.147	230	488	#
19	2639.04	101	256	270	372	#
20	366.236	460	#
21	977.754	462	#
22	637.364	421	439	#
23	439.181	2	#
24	487.994	52	#
25	967.046	292	#
26	1012.16	44	159	311	476	#
27	903.268	171	#
28	1619.66	11	227	#
29	1727.84	207	315	#
30	744.149	269	#
31	1258.2	73	115	164	325	351	#
32	580.232	467	#
33	1132.79	117	167	#
34	833.085	195	#
35	793.371	0	#
36	914.335	47	77	89	92	125	166	291	308	409	478	#
37	925.65	0	474	#
38	658.526	449	#
39	772.436	43	#
40	780.047	336	#
41	1668.14	76	146	204	210	267	300	343	350	357	384	486	#
42	1418.91	52	72	264	324	#
43	735.249	375	#
44	4974.92	9	69	73	319	360	416	428	466	#
45	864.407	28	#
46	2028.12	6	238	471	#
47	373.609	267	#
48	1956.97	49	99	218	430	#
49	1720.77	81	90	280	351	#
50	419.133	376	#
51	974.723	273	#
52	552.099	122	#
53	802.194	131	#
54	764.063	79	471	#
55	735.64	1	#
56	965.41	483	#
57	1365.14	303	442	#
58	912.24	390	#
59	1259.41	273	395	#
60	2895.32	46	47	251	#
61	860.089	481	#
62	782.658	429	#
63	535.699	448	#
64	365.766	41	#
65	1447.27	85	181	#
66	1206.51	142	322	#
67	895.039	215	#
68	4311.74	3	4	54	129	168	361	372	#
69	556.028	331	#
70	48.0514	499	#
71	967.594	80	#
72	734.144	15	#
73	1545.7	385	425	#
74	103.563	170	#
75	1215.74	55	308	#
76	554.946	146	#
77	2264.41	93	94	187	348	478	499	#
78	440.33	440	#
79	4490.81	71	176	197	260	262	#
80	1208.01	340	472	#
81	973.931	167	#
82	810.563	179	#
83	844.723	211	#
84	1532.84	133	229	#
85	849.935	183	485	#
86	857.751	62	#
87	1570.61	129	220	#
88	985.417	107	182	382	#
89	4610.32	26	45	65	193	253	276	368	#
90	912.246	383	#
91	985.393	263	#
92	631.203	90	#
93	3311.01	62	144	372	420	#
94	3851.64	56	60	103	334	434	436	#
95	950.235	329	#
96	875.178	469	#
97	952.936	498	#
98	539.715	300	#
99	285.56	424	#
100	707.229	271	#
101	2508.19	84	187	307	347	383	397	452	486	#
102	137.895	70	#
103	952.768	322	#
104	2631.35	87	286	387	454	#
105	7645.9	48	65	83	119	144	156	217	260	269	280	284	309	364	373	#
106	519.542	24	#
107	922.649	413	#
108	706.768	106	#
109	2749.5	1	8	416	434	#
110	1859.64	307	397	448	#
111	913.653	319	#
112	2782.79	156	178	404	#
113	1774.82	391	419	#
114	968.603	293	#
115	874.622	17	#
116	2370.97	254	321	375	#
117	2753.72	84	139	382	#
118	897.199	492	#
119	1064.33	201	325	#
120	2257.2	309	325	429	#
121	918.784	209	#
122	2912.53	25	30	297	407	497	#
123	2896.52	85	319	340	#
124	751.572	403	#
125	506.144	239	#
126	887.447	56	#
127	992.11	32	62	99	249	#
128	850.128	405	#
129	2244.22	62	84	338	#
130	840.151	10	67	264	266	422	#
131	548.019	21	#
132	942.719	496	#
133	3381.7	212	218	363	497	#
134	4708.74	199	219	220	303	367	450	#
135	838.087	201	#
136	936.559	286	350	#
137	30.7952	495	#
138	100.432	323	#
139	870.552	436	#
140	1607.22	157	222	422	#
141	738.57	153	#
142	117.229	330	#
143	1111.93	41	122	298	436	#
144	1293.73	138	378	#
145	1356.14	224	385	442	#
146	825.988	333	#
147	855.439	108	#
148	1668.27	115	120	168	452	458	495	#
149	888.01	64	430	#
150	215.519	115	#
151	1358.34	215	296	#
152	773.894	190	#
153	1044.05	234	334	#
154	953.04	256	#
155	928.314	266	335	#
156	707.644	168	434	#
157	994.483	294	#
158	3130.94	70	171	176	229	#
159	947.197	305	#
160	962.16	334	383	#
161	196.019	222	#
162	591.644	205	351	#
163	999.048	37	#
164	3678.14	35	172	203	417	#
165	3031.49	115	172	229	230	265	408	#
166	729.422	41	355	#
167	815.078	463	#
168	696.313	303	#
169	1835.87	184	372	#
170	4729.81	15	25	73	100	172	334	399	437	#
171	810.729	489	#
172	1971.69	192	449	451	#
173	1243.56	264	291	#
174	340.993	432	#
175	969.044	233	334	#
176	1906.11	39	287	411	#
177	912.358	477	#
178	195.368	455	#
179	313.549	105	#
180	3297.53	46	79	86	202	347	#
181	353.267	78	#
182	729.53	111	#
183	292.479	251	#
184	108.972	466	#
185	766.292	347	#
186	551.478	172	#
187	1517.93	114	455	#
188	590.86	276	#
189	1061.15	287	359	454	#
190	858.698	200	#
191	903.733	124	#
192	650.963	382	#
193	1602.45	91	234	#
194	2536.81	158	414	469	#
195	2643.28	161	398	403	#
196	3245.14	54	238	295	375	#
197	358.164	443	#
198	626.861	64	#
199	1880.43	109	344	#
200	406.017	183	#
201	3399.39	47	137	363	397	#
202	851.815	151	#
203	1698.43	34	124	#
204	842.773	238	#
205	867.187	227	#
206	1366.99	211	229	298	392	441	#
207	965.627	452	#
208	985.562	386	#
209	1298.43	14	299	460	#
210	567.052	488	#
211	1251.4	289	458	#
212	3262.72	92	115	117	170	368	418	#
213	869.437	415	#
214	1615.85	223	364	#
215	1116.97	144	223	260	304	419	#
216	410.708	437	#
217	921.208	71	#
218	3608.23	203	237	349	411	471	#
219	998.917	396	#
220	1883.03	62	484	#
221	1330.9	24	232	#
222	1688.2	73	267	#
223	230.941	261	#
224	629.909	59	#
225	570.616	454	#
226	862.944	435	#
227	3594.86	124	253	307	414	472	#
228	4181.68	48	56	214	269	439	#
229	971.962	59	444	#
230	1647.32	41	61	159	168	434	#
231	1091.53	154	453	#
232	1781.84	227	237	294	#
233	1312.28	31	67	137	#
234	339.346	38	143	#
235	316.243	9	#
236	496.604	98	#
237	1600.05	18	341	373	#
238	985.173	5	#
239	1348.4	175	286	#
240	966.639	257	#
241	772.562	122	369	#
242	296.649	6	#
243	892.081	280	#
244	585.715	401	#
245	524.049	395	#
246	971.572	155	#
247	1287.76	345	362	#
248	844.018	475	#
249	561.281	326	#
250	1863.16	98	241	256	#
251	923.94	114	#
252	2493.73	25	119	147	309	417	#
253	56.5293	258	#
254	948.122	346	#
255	839.697	163	#
256	422.643	459	#
257	1339.96	152	255	399	431	#
258	1591.59	140	294	447	#
259	940.705	266	325	356	#
260	1159.27	173	179	264	#
261	79.749	94	#
262	774.859	365	#
263	3818.68	74	298	308	462	#
264	2407	47	88	214	#
265	891.278	197	#
266	1498.78	324	445	#
267	814.741	96	285	#
268	126.535	433	#
269	608.032	221	#
270	1234.99	38	144	339	453	#
271	3284.18	199	223	290	310	339	#
272	770.362	77	#
273	818.016	104	#
274	1208.33	95	473	#
275	906.561	117	119	#
276	1621.22	17	76	488	#
277	684.383	186	#
278	1974.44	107	456	#
279	1725.22	84	203	216	310	#
280	916.326	275	324	#
281	662.234	4	#
282	1444.47	28	288	#
283	1762.31	62	251	299	#
284	7691.05	42	43	175	219	285	342	373	412	#
285	470.41	321	#
286	983.023	164	#
287	480.583	426	#
288	951.661	394	#
289	1269.49	174	267	#
290	1734.29	32	114	286	422	440	489	#
291	777.466	48	#
292	271.128	13	#
293	529.924	199	#
294	702.801	58	422	#
295	153.802	408	#
296	440.16	355	#
297	331.784	296	#
298	3453.71	103	175	215	406	480	#
299	2010.28	29	78	168	376	385	#
300	646.894	126	#
301	4574.49	112	170	342	481	495	#
302	845.325	87	#
303	739.883	100	#
304	892.465	286	#
305	1179.18	131	247	#
306	617.228	191	#
307	631.251	409	#
308	336.016	345	#
309	93.0983	40	#
310	161.048	351	#
311	1014.24	147	194	#
312	920.273	49	#
313	2526.88	99	429	445	#
314	3740.47	16	61	147	324	453	#
315	2081.21	367	397	443	#
316	1260.59	275	423	#
317	581.236	193	#
318	518.208	427	#
319	1283.74	88	235	262	291	#
320	289.313	307	#
321	92.625	8	#
322	987.201	228	#
323	598.616	402	#
324	437.518	279	309	#
325	691.306	250	#
326	3380.34	44	245	250	271	396	418	#
327	987.36	18	28	#
328	536.524	385	#
329	797.686	243	#
330	846.352	83	#
331	1203.73	70	244	448	#
332	142.734	341	#
333	895.608	195	422	486	#
334	2312.97	44	92	157	212	257	408	418	#
335	2815.88	0	46	48	127	338	#
336	3765.31	90	158	234	453	#
337	4405.3	18	38	80	287	317	358	430	#
338	1191.42	139	233	#
339	1349.17	77	356	#
340	949.379	381	#
341	734.214	189	#
342	1003.69	359	423	#
343	1994.69	93	136	320	#
344	74.6877	472	#
345	994.512	464	#
346	763.266	181	#
347	539.725	485	#
348	2999.29	352	385	472	#
349	843.464	468	#
350	821.847	260	#
351	1939.21	42	62	228	256	273	#
352	752.136	356	#
353	997.399	295	#
354	1470.27	62	321	398	#
355	1708.13	351	393	#
356	974.192	214	#
357	1699.9	72	230	464	#
358	2311.93	180	254	398	#
359	1102.28	42	301	326	426	463	#
360	1488.07	268	423	#
361	2803.04	100	232	289	326	#
362	621.429	184	408	#
363	1619.51	135	182	#
364	1870.87	156	309	493	#
365	2444.74	82	153	414	#
366	1440.56	199	243	378	#
367	1882.4	34	429	474	#
368	711.622	387	#
369	1053.7	54	416	433	#
370	1267.2	198	453	#
371	482.228	50	392	#
372	857.489	203	#
373	843.119	144	#
374	2022.4	62	162	188	223	237	253	364	#
375	940.619	99	#
376	1659.54	160	249	#
377	1554.98	304	428	432	#
378	4984.16	244	253	370	397	455	#
379	137.803	229	#
380	1701.93	340	489	#
381	1322.09	300	418	#
382	1074.35	123	274	296	#
383	3019.81	98	175	203	449	#
384	1377.41	346	374	#
385	2108.49	242	245	313	#
386	3866.41	127	187	361	427	#
387	475.471	3	94	#
388	2480.82	69	91	122	227	#
389	1259.43	210	337	#
390	308.74	34	#
391	1172.67	0	24	490	#
392	1345.44	334	499	#
393	367.72	490	#
394	1884.7	47	364	#
395	867.713	32	112	#
396	850.574	139	#
397	210.232	248	#
398	2596.45	198	282	294	#
399	999.939	54	118	#
400	936.843	425	#
401	3791.13	51	164	259	276	384	#
402	579.264	320	440	#
403	3591.97	312	339	354	459	#
404	1380.93	106	158	#
405	599.044	73	#
406	1122.24	68	136	324	447	#
407	1275.21	8	84	95	230	474	#
408	1112.46	376	468	#
409	589.825	113	#
410	900.519	248	444	#
411	3410.9	56	122	390	420	470	#
412	795.226	207	#
413	3870.02	0	199	203	267	#
414	1108.21	71	115	329	381	#
415	1841.41	7	311	327	336	490	#
416	1626.59	37	112	131	221	253	272	#
417	1083.66	86	135	#
418	1635.56	190	239	#
419	1002.72	51	329	458	497	#
420	637.371	51	132	#
421	1870	193	211	#
422	2140.15	5	135	419	#
423	339.444	218	#
424	1982.52	34	146	#
425	2406.32	95	133	214	#
426	4994.13	93	127	288	417	443	#
427	330.565	82	#
428	2943.17	356	453	473	#
429	250.425	421	#
430	1520.64	111	405	425	#
431	877.799	75	#
432	915.553	73	203	397	#
433	1009.49	16	104	#
434	3958.45	58	209	246	465	#
435	499.443	27	#
436	1658.36	360	461	#
437	2706.14	94	96	349	#
438	751.17	91	#
439	3982.27	16	146	196	270	477	#
440	1381.84	33	381	397	#
441	1185.42	79	286	318	341	#
442	898.012	308	#
443	1602.12	214	223	234	382	424	#
444	2153.95	78	99	166	309	#
445	859.893	274	#
446	681.711	96	#
447	93.1198	384	#
448	852.567	314	#
449	335.438	44	242	#
450	1373.56	27	481	#
451	3598.58	46	68	237	451	#
452	380.618	318	#
453	940.753	129	409	#
454	1788.92	29	498	#
455	779.486	54	121	#
456	789.549	234	#
457	1779.97	167	291	446	#
458	1989.56	35	448	#
459	1147.45	139	486	#
460	2066.22	20	274	489	#
461	1675.71	107	139	193	359	#
462	984.042	84	#
463	945.977	339	#
464	1474.44	125	246	#
465	159.707	328	#
466	361.879	230	#
467	771.022	53	184	375	#
468	746.202	473	#
469	2132.49	142	172	291	#
470	755.91	106	246	#
471	616.621	134	#
472	1451.39	232	282	499	#
473	622.325	363	#
474	1687.9	114	213	#
475	470.739	168	#
476	396.536	120	#
477	411.013	283	#
478	1400.59	44	270	#
479	647.991	121	#
480	4078.47	52	240	304	309	351	#
481	1139.17	338	372	436	450	#
482	1904.21	66	105	268	288	#
483	3942.17	67	142	280	448	#
484	1405.08	108	291	#
485	951.12	447	#
486	790.887	66	#
487	1809.63	244	273	362	#
488	1331.68	119	144	210	387	#
489	2278.68	59	247	333	#
490	1488.21	200	346	396	#
491	1022.43	148	193	289	#
492	1031.17	114	238	#
493	3120.39	144	250	253	290	#
494	537.006	378	#
495	490.369	354	#
496	2491.44	244	352	419	#
497	580.956	16	175	#
498	19.7098	219	#
499	2380.74	182	257	471	#
500	775.988	312	#
501	1243.13	102	204	266	#
502	166.762	423	#
503	876.497	482	#
504	830.56	14	76	#
505	943.534	306	#
506	3621.3	24	61	265	347	#
507	2499.95	29	122	348	357	#
508	2394.14	204	424	429	#
509	569.285	61	358	#
510	610.869	349	#
511	5309.96	37	59	100	128	142	162	416	#
512	4536.93	0	24	50	61	70	87	108	204	296	368	373	468	#
513	1860.45	22	91	250	393	#
514	865.548	97	428	#
515	855.403	310	#
516	4385.23	67	69	238	263	444	#
517	1053.42	144	167	177	#
518	676.912	150	#
519	892.738	19	#
520	1274.99	378	462	#
521	1652.05	122	141	246	337	341	349	477	498	#
522	1367.01	143	237	480	#
523	312.876	343	#
524	307.942	26	#
525	988.6	69	288	#
526	797.282	277	#
527	1892.26	68	165	263	#
528	985.875	101	#
529	556.69	46	#
530	1988.02	171	321	#
531	391.772	218	262	#
532	148.828	32	#
533	2730.26	189	235	449	#
534	682.094	460	466	#
535	850.095	353	#
536	3628	100	108	154	332	#
537	613.445	465	#
538	813.02	265	#
539	2840.7	160	230	443	463	469	470	484	#
540	4661.67	147	233	287	373	478	#
541	3826.37	148	265	280	343	365	#
542	1777.52	11	132	406	421	#
543	2626.99	94	382	417	#
544	1475.99	380	392	436	#
545	3971.81	49	86	178	277	337	350	#
546	720.069	142	#
547	1627.33	249	308	#
548	1168.8	249	328	428	#
549	512.178	272	#
550	1595.88	101	336	354	#
551	699.334	302	#
552	2631.95	58	272	434	#
553	1893.32	3	226	476	#
554	5304.41	15	226	235	390	393	412	#
555	1229.05	404	483	#
556	1122.37	46	82	#
557	576.479	6	9	#
558	342.066	128	#
559	1392.43	86	267	299	308	493	#
560	871.775	159	#
561	1796.62	20	132	367	#
562	2821.17	205	222	471	#
563	2647.07	163	330	458	484	#
564	4206.43	12	233	244	302	340	495	#
565	981.561	147	#
566	1740.38	107	119	173	249	#
567	1495.68	70	147	#
568	772.647	371	#
569	1568.86	49	150	235	#
570	4299.32	138	140	160	352	491	#
571	2530.74	89	290	482	#
572	402.582	69	#
573	4956.44	213	238	282	419	458	#
574	201.929	369	#
575	182.891	235	#
576	3176.11	86	154	236	459	#
577	781.511	186	196	#
578	444.257	116	#
579	901.934	431	#
580	4934.32	54	164	327	351	400	499	#
581	1833.81	18	42	329	#
582	2850.14	102	404	478	#
583	1562.57	349	455	#
584	1388.11	103	225	#
585	457.516	352	#
586	3877.86	24	102	278	319	#
587	3870.49	126	169	262	325	442	#
588	659.674	7	#
589	929.44	202	#
590	347.211	487	#
591	929.957	413	494	#
592	802.176	404	#
593	1343.81	181	234	288	381	385	#
594	1577.84	34	281	#
595	991.899	194	#
596	1186.81	39	137	#
597	598.279	317	#
598	3947.89	21	59	306	341	#
599	3184.79	20	62	204	256	350	370	373	387	408	466	#
600	901.612	44	451	#
601	517.95	112	304	#
602	399.007	110	#
603	4338.58	21	79	121	179	205	273	353	#
604	695.653	476	#
605	5055.23	13	79	157	244	355	493	#
606	192.13	309	357	#
607	723.815	316	#
608	1669.49	303	323	432	#
609	691.974	493	#
610	3091.34	67	87	109	224	411	#
611	1352.43	239	292	#
612	2134.07	11	125	366	#
613	1226.43	63	313	#
614	119.348	53	#
615	680.288	285	#
616	408.1	380	#
617	1243.58	183	274	#
618	616.872	494	#
619	555.752	204	#
620	4900.52	54	55	297	333	420	#
621	449.304	158	#
622	810.592	140	#
623	541.83	471	#
624	965.926	337	#
625	826.05	338	#
626	2065.06	105	219	245	#
627	945.724	249	#
628	1373.44	25	78	#
629	1205.61	337	456	#
630	979.911	99	213	#
631	1060.22	22	88	#
632	236.632	132	#
633	2117.48	183	399	441	#
634	572.956	11	#
635	2416.45	138	255	272	#
636	1418.43	209	316	322	#
637	2795.88	128	232	448	#
638	1990.61	45	140	#
639	665.024	420	#
640	2083.34	125	135	435	#
641	1370.4	81	120	157	207	348	#
642	899.706	13	358	#
643	1540.98	353	429	#
644	790.876	68	#
645	629.117	14	102	172	#
646	2624.42	359	374	463	#
647	1531.33	62	370	#
648	25.3546	262	#
649	1060.05	200	379	452	#
650	3284.91	76	183	298	479	#
651	2740.14	45	151	197	#
652	1894.14	257	437	#
653	777.499	252	#
654	1755.02	132	170	#
655	1155.06	357	465	#
656	179.229	133	#
657	1709.86	210	365	#
658	1165.94	97	266	#
659	580.811	478	#
660	5369.99	131	160	186	206	213	269	272	#
661	1029.05	112	222	#
662	1502.78	82	324	#
663	1682.67	249	363	#
664	1956.62	422	451	#
665	590.933	208	#
666	7257.37	121	134	154	229	275	345	381	494	#
667	3082	38	112	127	259	304	#
668	2877.86	3	32	153	#
669	3502.1	104	242	272	305	341	370	#
670	630.535	348	#
671	420.544	491	#
672	89.7071	3	#
673	812.499	176	#
674	1192.39	266	364	#
675	77.0815	392	#
676	1209.44	128	129	#
677	1114.45	136	224	262	352	#
678	539.811	278	#
679	2903.68	51	347	414	#
680	5378.39	4	37	252	275	351	459	#
681	4838.16	35	121	247	287	367	#
682	1168.63	87	265	392	#
683	114.11	359	#
684	1981.36	57	348	361	#
685	795.295	173	#
686	1218.43	131	485	#
687	2508.53	12	396	477	#
688	1072.79	271	309	429	#
689	402.836	398	#
690	1908.14	33	153	454	#
691	1930.33	140	229	495	#
692	911.383	168	205	232	268	#
693	1871.45	330	420	#
694	953.143	46	55	188	#
695	2511.71	39	125	399	470	#
696	623.634	113	206	#
697	1632.44	160	268	292	454	#
698	1212.85	285	451	#
699	2830.99	27	284	404	497	#
700	1077.34	205	291	353	#
701	1800.9	23	299	#
702	770.937	344	#
703	1823.51	339	497	#
704	6376.92	41	65	70	112	145	262	336	#
705	1436.85	137	379	#
706	1170.68	346	375	#
707	1274.77	53	55	#
708	931.572	254	#
709	1692.84	106	261	#
710	1933.59	37	214	340	454	468	472	#
711	1609.47	63	304	#
712	558.262	461	#
713	435.453	364	#
714	1754.57	84	472	#
715	2528.78	163	212	318	#
716	2750.85	202	268	489	#
717	2647.1	304	392	440	470	497	#
718	92.0418	241	#
719	1056.37	355	482	#
720	1175.28	163	180	475	#
721	274.874	180	#
722	874.37	78	204	458	468	#
723	473.432	470	#
724	2137.03	113	229	492	#
725	1968.91	286	326	461	474	#
726	1969.2	29	52	#
727	881.494	13	174	360	#
728	703.401	103	313	#
729	2961.58	172	379	436	#
730	1643.17	44	58	#
731	281.353	141	320	#
732	1166.6	102	216	#
733	614.514	174	#
734	2349.91	65	269	271	296	#
735	510.959	391	#
736	636.833	217	#
737	1861.78	208	242	304	#
738	3711.07	109	323	347	395	#
739	831.826	198	#
740	2667.56	84	164	388	394	#
741	1877.46	263	357	419	#
742	792.835	266	#
743	1692.71	254	281	#
744	1837.83	50	85	#
745	816.169	92	495	#
746	1434.05	77	429	#
747	2218.18	48	124	316	321	474	#
748	510.296	412	#
749	9773.38	70	74	131	141	225	227	308	317	372	395	437	#
750	1168.3	41	186	195	#
751	1822.86	36	129	#
752	920.629	287	#
753	761.52	158	169	#
754	2689.39	117	335	391	#
755	1842.55	121	239	242	#
756	2224.22	65	104	167	273	278	#
757	2366.93	79	215	228	268	415	#
758	1510.02	162	411	#
759	1008.33	321	416	#
760	1175.92	70	135	375	433	#
761	653.907	430	#
762	4040.72	44	50	311	321	405	#
763	2150.14	33	165	334	422	#
764	1117.91	223	256	#
765	954.327	335	412	#
766	3494.68	34	116	391	423	#
767	1339.33	222	334	#
768	2925.07	29	244	312	402	477	#
769	857.336	170	221	395	437	#
770	662.218	313	#
771	2104.8	137	186	491	#
772	298.382	458	#
773	522.686	224	#
774	3528.83	82	194	196	215	264	418	#
775	803.097	166	#
776	40.4851	29	#
777	4651.53	112	165	188	242	249	276	298	#
778	1434.19	211	228	391	#
779	1008.83	107	133	#
780	1195.84	32	427	#
781	979.966	342	#
782	1349.93	302	410	469	#
783	447.063	441	#
784	2571.8	18	445	453	#
785	1172.85	199	376	#
786	1188.91	366	459	#
787	2534.59	29	414	415	#
788	1790.63	299	311	398	#
789	785.834	445	#
790	1975.49	252	372	#
791	752.506	115	495	#
792	287.039	45	#
793	191.129	97	#
794	857.768	47	151	#
795	2286.98	89	202	409	#
796	5293.04	50	124	280	301	355	422	#
797	1408.91	12	37	44	#
798	127.882	438	#
799	528.761	205	#
800	1938.78	82	159	312	#
801	967.396	284	447	#
802	843.623	156	252	#
803	3247.98	109	248	285	389	#
804	1127	324	457	#
805	2499.87	237	299	403	#
806	4254.44	24	185	213	217	427	#
807	196.046	289	#
808	2199.97	177	336	441	486	#
809	1552.05	234	236	#
810	4472.07	71	95	116	205	232	259	358	363	#
811	1613.69	105	337	466	#
812	791.351	399	412	#
813	911.796	181	230	#
814	1916.65	147	244	431	#
815	929.439	107	288	#
816	1104.11	235	345	#
817	2456.27	173	238	395	#
818	2209.95	169	215	362	413	#
819	4446.58	24	208	236	309	312	313	329	#
820	1365.24	373	468	#
821	2845.18	130	403	432	#
822	774.902	480	#
823	618.115	393	#
824	861.398	212	225	437	#
825	4193.38	31	196	205	463	468	#
826	1589.31	227	368	#
827	738.903	76	#
828	707.743	288	#
829	1564.39	186	330	#
830	2606.98	1	45	59	298	#
831	985.423	254	267	#
832	303.922	242	#
833	4327.57	25	59	128	162	203	240	270	300	315	316	420	477	490	#
834	1365.15	205	464	#
835	448.113	362	#
836	1346.06	291	433	#
837	1976.36	47	204	#
838	2909.43	38	136	216	242	280	476	#
839	1809.82	73	429	#
840	4666.48	246	288	364	402	444	#
841	1829.92	98	284	359	#
842	1354.68	121	361	#
843	1542.48	7	165	195	#
844	2141.4	265	308	496	#
845	3158.39	143	207	249	335	#
846	926.584	340	#
847	1055.14	363	481	#
848	3727.67	296	308	334	402	486	#
849	2613.48	48	256	427	#
850	1641.04	109	358	493	#
851	1047.44	362	435	#
852	88.3197	334	#
853	4649.58	44	214	264	303	458	#
854	3739.92	96	149	209	220	441	#
855	1617.54	439	498	#
856	215.647	50	#
857	1182.8	281	399	#
858	918.449	220	#
859	2075.73	241	291	311	#
860	2559.36	73	197	461	#
861	996.369	367	#
862	826.88	22	#
863	1451.78	200	325	#
864	1042.87	52	444	#
865	836.205	92	239	#
866	589.596	417	#
867	351.562	406	#
868	945.957	259	#
869	3821.25	4	200	318	385	#
870	1842.36	260	331	#
871	481.182	245	#
872	1532.27	162	189	225	231	496	#
873	736.192	373	#
874	3765.31	29	69	122	250	297	411	#
875	865.962	192	#
876	2670.87	264	308	321	400	#
877	1818.59	226	401	#
878	792.289	212	#
879	1764.3	125	261	427	#
880	730.28	177	#
881	1598.74	252	366	#
882	859	484	#
883	1346.39	54	74	345	439	#
884	1774.41	257	376	#
885	948.971	418	#
886	1379.66	9	328	#
887	1664.82	8	25	118	323	487	#
888	1057.17	450	495	#
889	245.276	350	#
890	1030.34	33	39	480	#
891	815.455	374	#
892	1455.47	429	463	#
893	3977.75	154	237	302	351	388	422	#
894	1698.42	106	247	467	#
895	1810.11	38	103	170	223	287	#
896	703.467	161	#
897	1596.42	392	489	#
898	366.262	410	#
899	232.499	137	#
900	503.663	33	#
901	1917.5	120	273	#
902	870.674	127	#
903	872.324	227	279	#
904	2997.72	37	94	117	219	493	#
905	1221.29	187	323	#
906	984.775	50	63	345	#
907	2364.69	234	274	425	#
908	2672.61	28	370	401	#
909	4769.95	1	5	95	102	442	#
910	469.013	72	#
911	608.791	165	#
912	1249.83	326	370	#
913	3031.37	25	128	286	351	371	378	475	#
914	1922.27	28	349	#
915	2765.55	63	169	493	#
916	954.863	90	430	#
917	740.545	184	458	#
918	382.581	213	#
919	999.281	105	164	274	#
920	1274.4	60	376	#
921	287.801	148	#
922	1142.22	29	199	241	276	#
923	2112.34	21	39	172	298	309	369	#
924	975.664	86	271	#
925	2037.03	17	356	492	#
926	1288.03	305	470	#
927	567.324	185	#
928	6322.7	18	179	194	349	382	383	393	495	#
929	3511.97	147	316	326	334	#
930	2444.93	10	65	100	#
931	1284.31	278	466	#
932	813.484	450	#
933	2828.38	102	148	152	186	421	#
934	1459.31	92	150	316	#
935	787.445	35	#
936	1970.28	121	276	375	388	#
937	1315.58	189	251	#
938	611.43	422	472	#
939	576.377	196	#
940	2786.72	8	241	428	#
941	1213.83	53	192	234	331	412	471	#
942	2114.19	124	492	496	#
943	436.481	42	#
944	1477.9	249	309	445	#
945	1690.88	168	198	245	320	393	491	#
946	2967.73	167	289	356	#
947	2110.46	23	89	487	#
948	1845.78	276	413	#
949	2292.11	5	114	359	#
950	1435.88	234	332	#
951	4084.1	78	236	259	315	333	353	431	#
952	354.731	304	#
953	1302.57	22	249	420	#
954	2758.93	78	213	241	463	#
955	1539.98	4	97	#
956	910.994	196	205	470	#
957	1457.43	60	425	465	#
958	34.5946	240	#
959	3044.34	132	254	351	407	#
960	393.224	61	#
961	91.0787	119	#
962	724.45	12	55	#
963	752.798	226	#
964	3788.02	100	117	229	241	242	386	#
965	1871.05	8	76	429	#
966	1654.46	191	268	#
967	389.97	78	216	#
968	1531.22	94	428	#
969	964.484	235	351	#
970	1295.75	151	379	#
971	2645.35	27	277	382	#
972	2725.28	65	214	226	449	#
973	273.737	332	#
974	4.10242	372	#
975	714.787	45	92	#
976	450.983	103	#
977	127.662	92	#
978	2833.08	41	324	400	484	#
979	659.468	126	231	#
980	1264.21	239	288	#
981	3698.11	113	206	352	426	462	488	#
982	428.888	232	#
983	2517.27	201	244	353	#
984	1650.75	183	295	#
985	610.989	21	456	#
986	4523.49	130	231	282	394	467	484	#
987	832.161	175	318	#
988	2144.83	52	421	469	#
989	1384.06	432	494	#
990	1738.36	20	335	#
991	616.831	206	#
992	1985.07	64	209	387	#
993	1196.92	72	152	#
994	1758.85	442	468	#
995	3954.6	85	101	292	355	458	#
996	1402.45	10	159	190	373	#
997	2068.17	140	173	325	#
998	1603.38	201	368	#
999	316.464	130	421	#
