%% File generated by CATS v.2.1Mon Jul  4 11:09:38 2011

%% The CATS webpage is http://robotics.stanford.edu/CATS

%% PARAMETER SETTINGS:
% Goods: 256; Bids: 1000; Distribution: L4; Runs: 1; Seed: 1309806927
% Legacy distribution parameters:
% Number of goods chosen according to Decay distribution (alpha = 0.55).
% Price chosen according to Linear Random distribution (low_linearly = 1, high_linearly = 1000).


goods 256
bids 1000
dummy 0

0	861.824	75	#
1	1675.94	18	56	77	91	98	116	132	167	172	177	186	235	#
2	606.6	188	#
3	1772.22	137	212	#
4	959.438	28	#
5	883.635	191	#
6	990.417	120	#
7	834.565	242	#
8	868.491	130	#
9	937.648	101	#
10	2440.32	166	219	226	#
11	547.354	54	#
12	970.537	183	#
13	790.784	165	#
14	918.294	233	#
15	980.971	20	#
16	997.183	231	#
17	985.445	73	#
18	759.377	196	#
19	700.158	16	#
20	1169.46	16	31	#
21	970.397	121	#
22	882.191	36	#
23	764.402	18	#
24	822.272	212	#
25	3113.79	26	78	166	228	#
26	956.593	239	#
27	1751.39	109	140	#
28	1786.27	20	25	223	#
29	1891.82	16	92	115	#
30	1257.13	58	100	199	211	#
31	895.206	197	#
32	813.359	88	#
33	309.285	141	#
34	3816.17	14	59	159	239	#
35	686.935	158	#
36	5947.46	12	41	157	184	185	189	#
37	421.387	179	#
38	1940.38	25	155	#
39	1469.89	108	129	#
40	680.2	22	#
41	1057.69	52	152	#
42	700.943	118	#
43	1782.3	181	237	#
44	611.403	211	#
45	1359.23	16	179	#
46	2381.99	10	53	55	#
47	944.882	78	#
48	453.764	100	#
49	1594.76	59	154	#
50	853.15	40	#
51	906.003	43	#
52	955.257	246	#
53	952.359	45	#
54	3170.44	7	93	116	255	#
55	959.897	135	#
56	996.029	47	#
57	4834.42	82	91	121	169	179	#
58	971.487	93	#
59	2396.01	93	213	249	#
60	1862.53	2	116	#
61	1089.8	55	190	#
62	860.846	57	#
63	656.968	91	#
64	1400.04	0	54	107	117	250	#
65	924.431	201	#
66	1275.76	84	214	#
67	815.16	248	#
68	1233.47	87	234	#
69	939.321	113	#
70	814.745	79	#
71	1857.82	117	247	#
72	754.266	8	#
73	884.876	237	#
74	2891.8	54	65	243	#
75	941.577	86	#
76	4625.32	57	79	159	181	208	#
77	3590.07	9	29	116	198	#
78	1466.43	151	217	#
79	1689.38	98	211	243	#
80	818.457	163	#
81	863.532	175	196	#
82	1867.13	29	182	#
83	723.053	250	#
84	402.566	39	#
85	1502.4	1	72	159	191	#
86	1951.51	41	78	159	160	#
87	1364.44	88	125	166	201	221	234	#
88	1267.96	133	217	253	#
89	849.055	139	#
90	551.127	107	#
91	3754.1	42	73	80	101	177	188	224	228	#
92	1462.25	172	176	#
93	1032.04	66	87	#
94	1162.85	36	65	137	217	247	#
95	926.042	173	#
96	884.478	232	#
97	824.461	168	#
98	1039	91	204	#
99	1488.96	12	167	#
100	5485.33	14	53	143	186	201	230	#
101	710.148	22	55	#
102	871.886	81	#
103	928.067	96	#
104	975.095	72	#
105	1199.56	29	48	#
106	1399.36	148	194	#
107	1924.16	37	72	238	#
108	721.274	33	#
109	873.125	94	#
110	855.39	59	#
111	4055.61	78	87	90	159	218	#
112	1621.39	200	240	#
113	140.257	128	#
114	968.032	187	#
115	984.628	189	#
116	766.492	229	#
117	772.793	208	#
118	510.293	17	#
119	4117.31	49	111	229	230	231	#
120	1764.83	96	214	#
121	881.827	2	#
122	1355.15	143	174	#
123	6837.19	10	44	58	88	137	188	225	#
124	2638.46	104	150	255	#
125	1952.44	26	54	#
126	1241.12	107	176	#
127	2541.12	42	125	154	#
128	1304.96	164	176	#
129	1867.56	29	237	#
130	590.984	64	#
131	7802.5	26	153	154	162	165	200	224	254	#
132	964.428	112	216	#
133	865.251	255	#
134	984.926	99	206	#
135	385.645	184	#
136	991.08	243	#
137	971.492	13	#
138	944.124	56	#
139	1701.97	9	52	67	#
140	915.753	71	#
141	1698.5	92	206	#
142	951.976	62	#
143	952.667	67	#
144	1811.94	99	205	#
145	876.722	164	#
146	994.929	92	#
147	1311.39	210	222	#
148	2579.78	83	140	150	#
149	1400.25	5	55	#
150	809.885	137	#
151	2265.92	87	95	130	174	#
152	315.996	61	#
153	986.244	90	#
154	3560.44	12	88	151	153	189	#
155	973.988	85	201	#
156	1939.2	13	124	246	#
157	2993.3	146	221	237	#
158	590.053	52	#
159	1818.35	22	27	75	153	170	172	190	192	216	#
160	1592.96	10	150	250	#
161	814.062	88	166	#
162	1411.81	49	228	#
163	3491.92	156	170	191	203	#
164	499.406	30	#
165	991.494	225	#
166	1918.29	58	224	#
167	1455.94	46	226	#
168	2003.24	22	75	111	239	#
169	963.015	99	#
170	1541.45	53	112	175	194	230	#
171	1528.75	44	131	#
172	947.802	44	#
173	670.678	60	#
174	722.822	222	#
175	602.678	247	#
176	2322.04	16	186	191	217	#
177	1535.75	99	129	135	214	#
178	809.907	82	#
179	872.988	207	#
180	415	140	#
181	952.693	132	#
182	1812.79	128	227	#
183	951.078	244	#
184	780.832	224	#
185	948.626	217	#
186	714.839	80	#
187	1831.21	47	59	86	#
188	690.337	160	#
189	1878.94	111	161	#
190	1085.68	21	212	#
191	695.958	134	#
192	939.789	11	76	215	#
193	783.115	110	#
194	1578.54	39	255	#
195	501.021	48	69	#
196	4304.48	133	176	199	213	218	#
197	1944.61	18	100	179	#
198	3378.94	55	133	134	171	#
199	2151.65	66	152	255	#
200	1367.14	52	90	179	#
201	1727.76	70	170	#
202	153.456	69	#
203	2801.19	62	99	121	#
204	1320.23	85	121	#
205	2111.92	75	209	239	#
206	1172.84	53	119	140	203	#
207	1563.88	12	249	#
208	5041.14	20	25	55	59	117	230	233	#
209	1174.82	44	129	#
210	1253.53	72	220	#
211	934.329	60	124	129	165	252	#
212	942.055	156	#
213	900.447	234	#
214	971.583	103	#
215	1822.92	50	152	#
216	871.423	25	#
217	359.001	193	#
218	2011.75	41	56	186	#
219	848.673	236	#
220	2928.37	17	34	161	166	#
221	3188.29	63	113	146	240	#
222	1927.6	62	126	177	#
223	1312.66	12	179	#
224	3746.06	13	37	43	59	#
225	988.944	18	27	36	94	167	169	176	254	#
226	1496.51	49	136	250	#
227	911.537	53	#
228	943.658	174	#
229	973.912	235	#
230	928.897	10	#
231	2067.95	56	173	179	255	#
232	1485.77	38	77	189	#
233	2800.77	64	177	210	215	#
234	906.674	115	#
235	2421.03	60	103	230	#
236	2872.96	3	153	247	#
237	3268.02	57	64	115	213	#
238	957.695	199	#
239	890.622	213	#
240	955.675	70	#
241	1473.43	62	142	#
242	997.154	63	#
243	1209.77	123	235	#
244	824.973	249	#
245	585.547	227	#
246	1799.04	85	249	#
247	1582.38	150	249	#
248	1671.8	155	156	251	#
249	1884.08	18	27	165	#
250	2811.09	22	99	231	#
251	1602.21	130	192	#
252	1431.92	30	169	232	#
253	929.431	76	#
254	1171.08	2	244	#
255	283.173	186	#
256	4652.11	55	166	175	198	222	#
257	582.189	122	#
258	2485.38	5	25	177	#
259	2695.76	68	138	157	162	#
260	2345.95	8	174	244	#
261	852.418	228	#
262	787.758	19	#
263	420.465	142	#
264	773.249	206	#
265	1581.56	37	81	#
266	3675.22	15	18	35	60	126	#
267	819.886	35	#
268	1520.94	37	214	#
269	681.45	150	#
270	1093.74	55	91	#
271	1669.3	75	169	#
272	1563.76	57	90	127	222	#
273	1389.62	151	224	#
274	3573.72	234	247	250	253	#
275	1808.76	9	125	159	207	#
276	898.262	117	#
277	1819.09	24	229	#
278	968.361	49	#
279	2039.21	107	154	210	#
280	743.824	77	#
281	696.137	175	#
282	915.95	84	#
283	860.184	3	#
284	3358.52	5	99	119	147	159	225	255	#
285	3112.65	33	49	57	131	174	#
286	1170.94	128	158	#
287	796.695	181	#
288	838.064	6	123	#
289	1859.86	72	115	#
290	1123.82	74	234	#
291	1743.19	120	126	#
292	1957.52	14	224	#
293	2039.7	42	106	121	188	#
294	3141.91	42	79	120	141	149	#
295	1872.16	55	201	#
296	1209.83	50	133	#
297	910.862	192	#
298	5505.26	19	55	117	131	201	219	#
299	1648.97	150	182	#
300	4013.38	60	126	140	177	187	#
301	3710.16	21	53	54	143	152	157	176	213	#
302	577.382	41	#
303	862.132	170	#
304	785.292	176	#
305	1289.5	198	217	#
306	969.818	3	4	#
307	821.179	203	#
308	2503.46	87	120	247	#
309	932.601	125	#
310	4452.68	74	115	160	186	208	#
311	5342.09	6	57	79	113	124	128	156	#
312	945.085	35	40	140	176	#
313	4567.88	33	114	153	193	212	#
314	954.48	119	#
315	1061.81	8	161	212	#
316	911.418	108	#
317	825.438	126	#
318	953.491	209	#
319	996.204	51	#
320	406.088	24	#
321	1286.13	11	248	#
322	2563.79	45	68	113	235	#
323	1685.39	101	139	#
324	1457.69	27	137	#
325	3258.41	31	55	114	129	#
326	6369	14	31	79	100	144	150	195	249	#
327	1506.37	102	223	#
328	2388.88	50	74	97	121	122	127	191	214	#
329	1281.36	57	60	97	#
330	707.889	85	#
331	1013.73	13	138	#
332	3879.22	23	49	105	190	#
333	2557.22	66	187	241	#
334	32.0259	27	#
335	1108	34	41	183	249	#
336	954.719	67	169	198	216	#
337	1678.8	168	226	#
338	590.934	95	#
339	837.978	180	#
340	1608.12	117	219	#
341	859.86	46	#
342	2749.39	120	208	218	#
343	2733.67	13	69	112	200	#
344	1508.04	37	163	220	226	241	#
345	526.713	27	97	#
346	1329.53	112	174	#
347	1021.52	66	147	186	#
348	3878.88	61	128	165	239	#
349	1390.69	93	203	#
350	1057.61	71	172	#
351	1503.38	33	58	#
352	2918.86	93	185	255	#
353	1100.81	120	132	#
354	521.208	178	#
355	4368.85	3	87	104	114	124	127	141	243	#
356	781.531	133	#
357	817.464	245	#
358	912.361	42	#
359	1454.04	29	50	79	191	#
360	568.349	215	#
361	737.937	238	#
362	2397.36	89	164	210	#
363	669.541	50	#
364	2503.25	14	33	89	135	192	#
365	1242.01	8	147	248	#
366	1383.9	115	193	234	#
367	2140.36	109	185	191	195	237	#
368	1215.26	14	62	215	#
369	1066.27	18	180	211	#
370	1437.92	90	193	#
371	2453.98	91	102	179	#
372	694.546	83	#
373	2256.69	31	53	126	#
374	1345.11	56	169	#
375	2017.77	81	96	107	117	191	196	#
376	2452.01	176	218	251	#
377	653.682	219	#
378	927.3	1	#
379	1159.41	5	218	#
380	881.481	74	#
381	1381.25	82	214	#
382	1700.24	4	49	108	205	#
383	983.647	145	#
384	1706.42	94	101	142	227	#
385	1905.66	44	159	#
386	3801.36	26	38	113	117	135	145	204	#
387	855.216	14	206	#
388	1802.75	86	176	#
389	2897.84	70	75	98	117	218	#
390	3075.06	18	39	52	124	140	221	241	#
391	902.712	157	#
392	1339.48	115	140	#
393	3515.33	47	48	160	175	#
394	1335.71	38	98	#
395	2924.49	13	18	158	250	255	#
396	875.279	194	#
397	2442.62	35	82	157	#
398	594.648	153	#
399	4607.75	59	70	82	92	227	244	#
400	4040.61	52	71	115	172	208	#
401	831.604	34	#
402	1879.95	186	239	#
403	1132.57	34	99	111	157	180	209	#
404	331.302	14	#
405	1130.82	28	110	152	#
406	1849.84	92	171	#
407	944.795	4	#
408	4289.57	99	212	240	249	253	#
409	3919.89	60	187	194	253	#
410	1733.02	42	96	142	187	215	#
411	1635.82	25	146	#
412	2710.78	13	53	254	#
413	826.971	22	54	#
414	1912.67	25	27	#
415	1605.94	65	72	158	#
416	1671.09	13	244	#
417	745.824	220	#
418	1430.59	174	186	216	#
419	2307.16	46	75	221	226	#
420	640.353	172	#
421	780.9	205	#
422	1876.62	43	193	198	#
423	3672.33	116	138	184	215	#
424	5735.3	2	21	117	119	129	150	249	#
425	2017.92	42	66	129	135	#
426	2377.77	37	48	135	#
427	4640.45	19	120	148	231	245	#
428	961.407	221	#
429	2015.11	58	141	159	#
430	1021.74	100	137	#
431	957.502	251	#
432	1529.37	36	255	#
433	2920.02	113	187	207	210	#
434	916.393	130	150	208	#
435	1286.96	0	55	#
436	2865.73	97	123	150	192	#
437	1998.31	179	213	#
438	1122.64	24	189	#
439	2439.21	81	131	151	178	211	#
440	814.378	23	#
441	920.458	216	#
442	2637.96	3	52	173	#
443	752.417	155	#
444	1154.22	210	225	#
445	889.14	240	#
446	2469.34	193	197	221	#
447	1639.51	197	233	235	#
448	931.196	60	252	#
449	956.319	171	#
450	1075.59	233	254	#
451	1291.12	29	162	#
452	2532.49	40	99	169	205	#
453	1409.62	112	215	235	#
454	4089.41	29	58	92	101	156	#
455	1138.92	144	173	#
456	1056.49	3	29	245	#
457	613.423	149	#
458	1750.22	52	244	#
459	1676.95	43	44	85	#
460	1035.19	5	185	#
461	4243.91	107	143	149	241	247	#
462	2.30727	148	#
463	1259	102	210	#
464	3878.48	8	16	116	163	#
465	1759.63	28	113	181	#
466	3751.2	71	91	143	173	185	#
467	1402.99	122	170	#
468	358.757	98	#
469	980.921	38	#
470	923.659	11	#
471	2904.78	26	59	92	150	#
472	3039.16	174	243	248	251	#
473	1578.73	1	136	147	#
474	1421.3	182	239	#
475	1161.69	214	217	#
476	1454.44	38	147	#
477	1188.19	149	226	#
478	2848.44	6	37	235	#
479	708.732	254	#
480	1101.78	88	108	180	#
481	1626.13	94	238	#
482	1588.89	27	170	#
483	890.958	68	#
484	851.324	9	#
485	1715.34	27	44	83	146	229	#
486	2795.99	46	69	227	#
487	836.54	127	#
488	1242.92	0	44	157	234	#
489	999.734	113	217	243	#
490	2583.06	35	85	139	201	#
491	2298.86	139	205	246	#
492	3509.25	15	87	110	134	229	#
493	1073.54	120	190	#
494	411.347	226	#
495	626.495	89	#
496	1556.1	84	228	#
497	516.402	241	#
498	884.96	253	#
499	631.292	204	#
500	1672.66	17	139	#
501	2986.92	24	89	169	#
502	5323.9	14	21	22	50	53	194	199	233	235	#
503	845.392	32	#
504	637.361	129	#
505	2028.09	24	61	142	#
506	1782.28	47	163	#
507	1688.92	63	93	109	#
508	1207.14	104	133	174	253	#
509	1896.76	29	111	112	177	#
510	2087.5	130	189	219	234	#
511	772.595	12	193	#
512	4187.37	12	37	96	222	253	#
513	990.228	138	#
514	2288.89	116	135	172	#
515	7773.74	64	94	114	148	194	196	201	231	#
516	3609.48	31	67	134	192	246	#
517	1571.76	36	51	#
518	645.769	102	#
519	1335.18	204	239	#
520	1010.86	15	120	149	202	#
521	574.924	104	#
522	832.06	33	154	#
523	911.765	136	#
524	661.189	61	215	#
525	300.212	123	#
526	790.521	182	#
527	4456.17	8	72	80	94	124	140	166	177	210	212	#
528	2521.83	16	88	136	193	#
529	1442.29	59	80	200	#
530	1214.5	65	238	#
531	2731	13	80	88	#
532	1149.45	118	167	213	#
533	1096.01	14	37	166	#
534	924.248	162	181	#
535	1477.07	27	47	#
536	1724.09	90	155	173	211	250	#
537	1300.89	78	200	#
538	596.471	109	#
539	2924.95	31	36	64	146	192	248	#
540	1966.29	55	152	242	#
541	3293.8	15	52	78	240	#
542	1689.56	52	152	196	#
543	847.514	177	#
544	1091.39	57	99	#
545	1503.11	141	226	#
546	1381.02	65	229	#
547	1965.8	51	214	#
548	4572.06	0	3	81	173	186	207	#
549	599.824	131	#
550	1520.47	219	242	#
551	1635.13	93	240	#
552	1486.93	2	229	#
553	2104.13	87	161	224	#
554	996.322	31	#
555	978.311	182	196	240	#
556	872.964	112	#
557	1086.62	32	132	#
558	1031.52	65	81	120	#
559	1114.63	74	237	#
560	1727.46	123	153	#
561	1180.5	52	66	#
562	5698.85	61	62	108	127	185	220	#
563	1929.79	30	190	#
564	1618.88	39	175	#
565	1831.05	0	97	144	#
566	2853.59	73	138	153	174	177	#
567	2668.08	95	107	201	#
568	1965.57	2	3	15	53	90	148	172	#
569	1898.15	35	114	240	#
570	1298.93	0	184	#
571	1774.06	59	134	#
572	960.638	22	35	41	124	180	226	236	251	#
573	966.578	199	255	#
574	3482.12	10	70	95	131	#
575	3448.31	7	36	132	171	187	204	235	#
576	832.427	6	#
577	2548.15	2	6	71	111	225	247	248	#
578	967.359	58	#
579	1436.88	172	227	229	#
580	861.457	134	223	#
581	1434.32	112	188	199	#
582	2111.93	42	97	242	#
583	435.914	210	#
584	814.096	37	#
585	2367.47	37	188	228	#
586	795.485	162	#
587	1386.45	170	235	#
588	2897.49	88	99	125	222	250	#
589	971.827	116	#
590	3636.53	105	169	178	194	#
591	1976.14	125	243	#
592	2047.31	11	209	212	#
593	1122.16	224	253	#
594	1750.19	46	47	50	195	#
595	862.175	26	#
596	1181	163	165	#
597	1621.21	99	128	#
598	1133.29	45	177	#
599	1078.43	215	232	244	#
600	1594.22	42	119	177	#
601	1472.14	64	166	#
602	395.448	48	#
603	1692.94	34	95	#
604	1075.83	96	142	#
605	1357.49	55	196	#
606	4565.22	6	11	44	178	179	201	#
607	2650.32	7	48	184	#
608	10656.3	23	31	46	81	116	160	176	191	208	216	254	#
609	1479.52	30	50	118	144	217	#
610	485.619	97	#
611	2227.21	39	129	180	#
612	1192.36	62	111	159	#
613	940.247	151	#
614	1331.99	186	230	#
615	1508.05	85	119	#
616	2098.38	11	26	94	#
617	1904.8	104	128	#
618	544.462	146	#
619	1482.04	165	179	#
620	2782.47	72	78	92	#
621	1130.95	43	120	207	223	231	#
622	1193.88	13	37	223	#
623	7836.26	28	42	65	78	144	161	208	211	#
624	2149.35	28	204	207	#
625	3090.28	51	68	128	161	#
626	1062.73	66	93	118	169	#
627	1348.19	51	52	96	100	126	#
628	1354.76	176	194	#
629	631.967	5	#
630	1384.27	141	174	190	#
631	1855.55	56	225	234	#
632	1028.06	17	221	#
633	1850.17	192	246	#
634	948.162	52	181	195	#
635	1369.92	49	175	#
636	846.37	218	#
637	1792.54	170	175	231	#
638	2316.9	7	34	49	117	#
639	1077.44	15	19	69	185	#
640	2426.71	9	48	201	#
641	2159.46	116	121	134	#
642	1310.99	63	222	#
643	8080.12	7	28	76	121	148	154	161	185	197	213	232	241	#
644	2040.93	39	127	185	207	#
645	551.501	147	#
646	3831.88	22	50	176	204	#
647	1082.55	61	184	#
648	1073.94	15	74	154	#
649	1179.79	63	85	102	#
650	2579.28	8	33	249	#
651	2962.2	83	130	248	#
652	1626.4	4	233	#
653	1112.25	33	42	56	126	#
654	1741.81	174	205	237	#
655	1448.19	32	164	225	#
656	1449.51	59	95	131	#
657	501.869	87	#
658	740.844	106	#
659	1827.16	32	40	173	#
660	1266.08	56	141	#
661	937.441	210	250	#
662	1288.46	83	162	185	198	#
663	3110.49	36	74	89	153	#
664	1868.18	10	225	#
665	889.171	202	#
666	1827.8	193	223	#
667	1206.41	87	250	#
668	3368.54	44	101	156	192	#
669	1331.21	166	218	#
670	1717.4	134	186	201	#
671	699.99	17	227	#
672	500.72	144	#
673	1225.1	115	145	231	#
674	2468.6	5	112	135	#
675	1091.17	146	193	#
676	2233	58	212	226	#
677	1395.58	1	94	#
678	1780.98	156	169	#
679	2806.04	28	39	80	171	232	#
680	1838.22	32	102	116	117	129	159	254	#
681	922.109	66	180	#
682	2123.34	72	76	120	131	#
683	2794.08	101	209	220	#
684	2568.86	38	136	141	196	#
685	1639.19	128	224	#
686	1448.49	4	32	217	#
687	392.675	214	#
688	1476.8	75	81	247	#
689	3795.3	57	67	69	85	90	111	126	130	143	239	241	#
690	1742.74	124	162	#
691	654.181	105	#
692	1792.64	61	134	190	#
693	2438.06	181	203	220	#
694	1983.74	137	204	#
695	930.362	1	85	87	134	#
696	1384.7	24	112	#
697	3254.31	174	230	244	255	#
698	1924.54	98	238	#
699	1214.28	37	78	99	209	#
700	2910.45	7	89	215	#
701	1624.36	128	198	#
702	328.44	29	#
703	6708.42	62	75	93	129	184	214	217	#
704	3098.83	61	65	79	155	#
705	2598.08	102	128	221	223	#
706	751.942	89	114	#
707	1804.22	134	222	225	#
708	1273.16	20	117	#
709	1901.06	17	96	114	130	137	144	#
710	2307.76	69	72	77	#
711	1255.97	49	209	#
712	1562.41	160	218	#
713	1416.02	151	225	#
714	989.362	111	#
715	1980.38	48	50	#
716	1494.36	136	160	#
717	670.815	252	#
718	2087.86	121	166	173	196	202	#
719	1811.51	31	57	#
720	1571.27	19	48	78	91	159	173	#
721	1383.22	106	126	#
722	925.865	21	#
723	1263.52	30	153	245	#
724	887.982	8	24	#
725	1404.53	1	146	184	#
726	1206.08	19	110	255	#
727	2436.87	4	18	45	144	152	190	207	#
728	1284.68	13	135	#
729	1560.02	114	124	#
730	1559.53	8	65	#
731	1246.42	1	83	#
732	3588.48	97	125	176	206	242	#
733	738.694	91	129	226	#
734	2125.99	95	114	221	#
735	161.64	154	#
736	2793.47	62	94	137	174	#
737	1172.29	174	218	#
738	1148.5	100	103	131	#
739	6049.41	20	48	75	80	100	124	237	#
740	3763.43	57	67	215	235	#
741	1082.98	63	170	252	#
742	1635.8	117	213	#
743	1454.61	42	207	225	#
744	804.056	65	#
745	2434.09	63	169	174	176	#
746	4308.5	121	125	189	221	227	#
747	1513.8	100	107	#
748	1804.99	74	222	#
749	1552.45	2	11	150	219	#
750	990.493	17	163	217	220	#
751	3412.45	11	83	91	175	207	211	235	#
752	2120.03	30	123	133	#
753	1333.73	113	187	#
754	2919.46	18	56	197	215	#
755	1748.17	134	158	#
756	1756.47	147	201	#
757	1352	12	123	#
758	1263.22	49	128	157	230	238	251	#
759	2673.73	51	68	88	118	165	208	250	#
760	1658.92	95	111	#
761	3390.82	135	147	148	212	#
762	627.519	0	#
763	4253.87	15	31	89	101	147	158	#
764	3196.51	22	36	41	80	#
765	3365.01	30	124	144	146	#
766	1927.21	130	145	#
767	1106.83	42	212	#
768	551.077	230	#
769	2622.66	174	206	234	243	#
770	1581.16	50	196	#
771	1501.34	38	197	#
772	5438.65	63	71	77	132	148	241	#
773	13039.1	24	209	246	202	129	191	121	175	43	103	106	203	44	146	32	31	#
774	1154.84	67	195	#
775	1598.62	6	89	168	#
776	6565.69	61	74	156	166	169	210	226	#
777	1334.89	15	168	#
778	1517.19	51	117	178	#
779	517.301	15	#
780	3141.12	29	134	157	210	#
781	1316.29	129	138	#
782	1143.78	11	168	#
783	6120.8	125	127	140	198	201	226	227	#
784	859.182	66	#
785	1750.94	100	251	#
786	2535.9	51	175	211	249	#
787	1930.31	83	208	#
788	1862.83	61	121	#
789	1922.33	8	62	246	#
790	937.206	9	153	#
791	5833.27	25	29	78	163	219	223	#
792	1130.68	58	121	151	232	#
793	1320.22	50	244	#
794	1641.75	85	143	200	#
795	1663.56	117	127	184	#
796	1195.46	26	111	135	147	159	225	#
797	1511.93	119	153	#
798	1629.82	26	103	#
799	1947.23	170	223	#
800	3834.53	25	42	61	216	219	#
801	1028.9	83	190	#
802	4729.06	9	44	55	94	164	172	252	#
803	1409.56	130	179	246	#
804	2668.61	66	75	97	146	153	#
805	1660.97	211	230	#
806	1019.94	143	167	251	#
807	2691.44	61	125	239	#
808	1665.91	148	172	#
809	6147.74	18	84	100	108	181	190	202	#
810	4575.18	41	63	154	216	241	251	#
811	2276.97	9	55	205	#
812	716	61	210	#
813	1097.81	52	87	230	#
814	737.761	0	144	#
815	4239.47	9	25	68	89	236	248	#
816	1225.76	55	181	#
817	2773.33	58	136	177	209	#
818	1233.44	72	163	#
819	1834.51	159	202	223	#
820	715.659	166	#
821	3872.94	88	112	177	213	223	#
822	3483.89	70	71	95	222	#
823	1072.44	15	113	#
824	3801.75	28	159	176	200	220	#
825	1481.99	36	191	#
826	1061.92	152	169	#
827	977.36	34	129	#
828	3731.7	8	88	127	151	#
829	1440.4	36	139	237	#
830	2524.74	41	87	137	#
831	2337.44	39	50	156	#
832	1830.77	70	131	#
833	1217.04	50	113	178	#
834	1237.72	59	188	#
835	2906.83	15	39	63	115	204	#
836	2716.15	113	160	164	187	205	#
837	963.697	196	240	#
838	1010.59	210	241	#
839	1862.65	132	178	#
840	1350.43	78	218	#
841	3546.49	4	63	71	111	171	187	#
842	1867.32	38	194	246	#
843	902.201	128	167	#
844	977.883	117	141	#
845	1864.06	17	234	#
846	2493.25	74	213	230	#
847	1230.53	65	69	#
848	1047.89	58	64	173	#
849	2953.51	7	73	142	251	#
850	2652.71	16	122	134	141	#
851	1418.07	151	200	232	#
852	2408.02	64	77	242	#
853	4951.15	6	7	37	39	76	114	133	251	#
854	1822.33	74	144	255	#
855	1684.65	50	63	223	#
856	1846.98	118	218	#
857	2319.12	6	51	79	109	245	#
858	8142.33	54	107	118	143	164	211	235	239	250	#
859	4937.15	48	52	93	100	167	168	#
860	3053.02	38	47	107	198	#
861	1976.96	24	48	188	247	#
862	43.4453	114	#
863	3482.23	60	77	152	194	#
864	3326.1	41	66	115	155	254	#
865	2511.58	8	33	226	#
866	1323.92	53	182	#
867	1445.78	39	119	145	250	#
868	1122	126	166	#
869	3745.69	22	46	138	157	#
870	2055.82	49	89	135	154	161	#
871	1814.28	108	174	205	#
872	876.208	65	204	#
873	961.167	195	214	236	#
874	1809.83	62	164	#
875	1380.01	54	64	110	#
876	1068.06	49	246	#
877	1853.55	44	78	#
878	1095.46	101	120	145	#
879	873.361	144	226	#
880	3450.06	60	64	73	120	183	#
881	2154.61	150	183	205	210	211	#
882	1241.57	111	142	#
883	2936.31	8	122	184	#
884	1923.77	26	91	96	208	232	#
885	2580.88	14	32	192	240	#
886	2608.32	26	41	115	#
887	3893.73	86	203	228	239	#
888	5484.97	5	58	71	76	83	139	187	#
889	1022.66	60	87	113	123	142	197	201	#
890	836.623	195	#
891	1046.76	56	113	#
892	654.571	152	#
893	998.842	50	197	#
894	1758.39	61	84	116	#
895	3473.01	34	157	205	212	#
896	2600.55	71	119	169	214	#
897	1533.07	0	108	#
898	2233.55	69	151	177	#
899	286.99	12	#
900	4001.94	17	105	143	215	216	231	#
901	1915.55	2	183	#
902	974.847	177	242	#
903	963.503	177	241	#
904	3715.92	3	15	27	225	#
905	1561.7	113	172	203	225	243	#
906	1162.36	29	115	#
907	1632.18	11	50	144	#
908	3691.22	29	59	84	223	#
909	1205.26	9	60	#
910	3350.15	93	211	238	251	#
911	2167.58	36	67	188	#
912	1480.97	27	35	39	62	67	146	169	193	211	#
913	1413.94	20	127	192	#
914	1421.99	0	39	127	146	#
915	1881.42	101	159	255	#
916	1937.49	15	116	213	237	#
917	2859.69	90	171	234	#
918	1757.43	74	186	#
919	1813.43	28	200	#
920	2811.79	63	70	151	176	#
921	1556.19	99	146	244	#
922	3331.54	15	45	102	133	139	140	#
923	2695.97	36	100	144	#
924	1704.95	67	145	#
925	6568.77	17	52	86	131	140	201	246	#
926	1249.26	56	79	123	#
927	1100.13	127	250	#
928	2066.46	197	238	244	250	#
929	1431.5	39	89	170	176	191	231	#
930	973.622	16	45	#
931	2368.42	155	167	168	#
932	1900.55	28	68	#
933	1518.63	19	60	125	196	230	248	#
934	1184.93	64	142	222	246	#
935	1739.98	124	196	206	#
936	3374.57	121	137	149	178	#
937	2828.49	66	71	137	167	238	#
938	3549.03	88	152	159	162	196	211	228	#
939	1803.62	55	111	#
940	1851.96	42	121	163	186	200	226	227	#
941	3575.02	51	85	125	143	149	153	195	210	249	#
942	3448.02	38	92	141	215	#
943	5801.11	1	3	57	62	85	108	111	121	219	#
944	3165.55	17	169	178	249	#
945	1771.73	45	207	#
946	2587.68	6	37	46	203	#
947	1528.1	52	76	139	234	#
948	1909.5	36	113	#
949	1357.32	81	135	172	#
950	2421.79	114	119	168	211	#
951	1609.54	159	241	#
952	2447.8	68	136	188	#
953	2486	35	110	170	#
954	1900.05	133	183	239	#
955	26.5656	143	#
956	1601.87	74	96	#
957	3702.87	37	78	132	180	205	207	#
958	7163.6	1	23	27	61	122	216	240	245	249	#
959	1134.27	59	96	222	254	#
960	1300.14	88	214	#
961	628.633	55	#
962	1219.25	184	204	#
963	2269.17	97	201	207	#
964	1250.54	21	24	146	#
965	2176.16	51	100	249	#
966	1816.7	121	135	245	#
967	1443.1	94	166	173	#
968	506.421	124	#
969	1632.98	135	228	242	#
970	1310.75	135	216	#
971	6.9494	190	#
972	2265.51	45	72	238	#
973	2820.37	57	100	108	128	#
974	1125.06	2	165	245	#
975	2149.17	12	26	93	#
976	1131.93	117	167	184	215	232	245	#
977	1719.24	132	231	#
978	1681.93	40	243	#
979	5340.02	71	98	125	173	181	192	205	208	#
980	1132.62	58	86	221	#
981	1581.13	15	169	#
982	3995.89	98	133	235	254	#
983	1688.9	149	243	#
984	4369.86	8	27	135	155	175	#
985	1381.06	161	188	#
986	2336.96	85	150	161	#
987	3473.66	4	19	137	160	#
988	2754.69	129	165	227	246	#
989	1202.26	17	151	#
990	952.225	69	137	191	208	#
991	1966.64	1	48	#
992	3796.99	56	94	229	239	#
993	3514.8	27	62	104	240	#
994	1120.15	2	119	#
995	2216.27	59	143	179	#
996	3851.91	14	92	99	136	225	#
997	1313.53	56	219	#
998	1433.6	33	107	#
999	1148.9	183	202	#
