%% File generated by CATS v.2.1Mon Jul  4 11:09:38 2011

%% The CATS webpage is http://robotics.stanford.edu/CATS

%% PARAMETER SETTINGS:
% Goods: 256; Bids: 1000; Distribution: L4; Runs: 1; Seed: 1309806924
% Legacy distribution parameters:
% Number of goods chosen according to Decay distribution (alpha = 0.55).
% Price chosen according to Linear Random distribution (low_linearly = 1, high_linearly = 1000).


goods 256
bids 1000
dummy 0

0	450.213	104	#
1	495.047	102	#
2	990.411	166	#
3	337.97	231	#
4	864.831	248	#
5	964.919	9	#
6	3214.22	131	202	234	249	#
7	970.688	96	#
8	2763.65	50	72	242	251	#
9	870.832	120	#
10	299.882	111	#
11	949.602	17	#
12	1613.88	28	187	#
13	634.474	171	#
14	2054.6	13	126	237	#
15	1380.69	47	140	147	#
16	871.677	109	#
17	873.342	90	#
18	3460.98	1	19	118	192	#
19	958.26	250	#
20	950.722	29	#
21	588.058	38	#
22	671.083	67	#
23	830.994	2	#
24	2129.02	40	50	186	235	#
25	1645.69	82	178	#
26	769.861	47	#
27	828.417	169	#
28	875.526	4	#
29	951.56	25	#
30	743.944	16	#
31	970.435	37	#
32	758.72	187	#
33	564.027	54	#
34	1537.64	11	54	#
35	850.515	73	#
36	742.788	113	#
37	924.304	215	#
38	3328.51	104	117	173	176	#
39	946.078	175	#
40	1869.77	99	219	#
41	2195.48	0	117	237	#
42	946.74	101	#
43	1443.48	17	77	79	130	151	#
44	1491.86	224	230	#
45	5654.61	15	25	45	60	185	190	245	#
46	902.064	122	#
47	637.714	28	#
48	358.411	11	58	#
49	961.03	162	#
50	894.165	71	#
51	3644.05	19	152	169	226	#
52	545.187	77	#
53	2819.92	29	96	132	255	#
54	923.367	20	#
55	880.15	168	#
56	975.886	123	#
57	3780.58	64	118	235	243	#
58	790.841	84	#
59	1498.89	80	185	203	#
60	810.162	82	#
61	1325.78	45	112	229	#
62	737.665	66	#
63	1204.39	96	215	#
64	1377	145	193	207	#
65	663.628	178	#
66	1813.7	97	127	177	#
67	949.879	111	204	#
68	534.558	44	#
69	830.74	23	#
70	718.031	125	#
71	1169.54	37	205	#
72	1761.42	27	68	#
73	992.138	226	#
74	663.986	131	#
75	1891.52	122	218	#
76	1639.43	15	43	247	251	#
77	1695.91	63	212	#
78	2927.49	22	107	174	#
79	896.354	182	#
80	949.826	88	#
81	3671.88	51	85	206	232	#
82	971.783	30	#
83	423.937	149	#
84	1401.24	133	164	#
85	736.868	161	#
86	946.135	232	#
87	1138.29	15	178	#
88	536.678	151	#
89	996.066	216	#
90	853.763	103	#
91	1124.26	119	255	#
92	1738.71	178	219	#
93	1826.7	91	219	226	#
94	2431.31	52	71	126	160	174	#
95	985.375	91	#
96	1216.8	114	187	#
97	2238.67	86	88	222	#
98	925.096	240	#
99	817.129	255	#
100	906.03	52	#
101	1039.29	20	52	154	#
102	1886.15	71	73	#
103	997.525	142	#
104	733.06	207	#
105	642.364	208	#
106	10466.3	6	26	30	67	70	102	103	135	169	178	216	#
107	2084	69	71	186	239	#
108	1845.49	157	202	#
109	2018.27	1	55	85	173	205	225	248	#
110	916.912	93	#
111	1557.82	91	222	#
112	211.36	42	#
113	630.741	198	#
114	521.544	189	#
115	135.613	146	#
116	1948.3	93	124	#
117	2000.66	116	127	145	191	249	#
118	1965.11	76	107	147	#
119	982.689	237	#
120	1982.3	40	133	#
121	392.955	127	#
122	1607.24	95	118	170	#
123	1584.32	84	222	#
124	3212.25	17	85	115	147	#
125	913.856	251	#
126	2595.73	10	137	160	#
127	565.915	46	#
128	993.863	133	#
129	2351.7	164	168	220	243	#
130	930.617	107	#
131	865.441	136	#
132	1258.6	26	70	121	181	#
133	220.673	58	#
134	3975.94	5	18	54	203	#
135	917.362	224	#
136	1166.8	56	144	#
137	580.878	228	#
138	791.47	183	#
139	1559.2	100	116	#
140	1062.21	164	183	#
141	473.136	72	#
142	2063.95	165	193	203	#
143	779.535	167	#
144	2661.76	59	125	137	162	248	#
145	1209.82	81	95	153	177	178	#
146	1316.48	21	47	124	#
147	898.193	98	#
148	893.494	254	#
149	686.799	243	#
150	1701.69	30	80	122	#
151	776.681	143	#
152	881.178	62	#
153	341.965	241	#
154	1836.5	65	190	202	#
155	1121.91	12	98	106	242	#
156	1701.86	63	74	#
157	794.918	180	#
158	264.88	86	#
159	677.39	188	#
160	1780.77	83	200	#
161	983.695	152	#
162	2913.46	0	163	170	185	194	#
163	890.902	246	#
164	3711.41	31	85	115	141	142	149	#
165	450.192	106	127	#
166	5949.67	97	114	145	167	203	218	#
167	959.612	95	99	173	#
168	1540.93	149	162	249	#
169	1428.5	199	248	#
170	4018.52	8	92	93	169	229	#
171	976.153	234	#
172	1952.17	108	243	#
173	1202.59	57	136	184	#
174	1511.75	5	119	248	#
175	1000.18	27	70	#
176	2644.36	0	4	44	#
177	2694.11	64	142	151	#
178	1205.95	102	223	#
179	1909.52	49	170	#
180	972.349	97	#
181	823.363	158	#
182	584.663	83	#
183	454.589	112	#
184	1335.15	11	209	#
185	2657.84	53	77	159	210	#
186	1186.4	47	248	#
187	739.467	204	#
188	938.91	244	#
189	801.653	89	#
190	1402.98	29	65	210	254	#
191	1360.7	59	113	153	#
192	491.433	12	#
193	1179.83	87	142	216	#
194	1801.94	57	157	#
195	1368.38	10	234	#
196	852.316	160	#
197	970.042	145	#
198	908.218	184	#
199	997.246	5	#
200	967.829	150	#
201	854.571	155	#
202	921.532	156	#
203	1407.53	33	39	168	#
204	1737.87	18	52	#
205	941.661	95	#
206	969.142	147	#
207	878.369	213	#
208	3199.96	33	61	140	230	237	#
209	669.334	210	#
210	986.431	127	208	#
211	2876.43	9	39	241	#
212	4906.67	63	126	139	191	206	243	251	#
213	1831.48	120	211	#
214	828.864	10	#
215	1315.22	199	224	#
216	1090.32	11	134	#
217	2759.18	4	24	65	90	92	94	154	#
218	893.706	35	#
219	1907.49	86	228	231	233	250	#
220	1065.9	149	174	#
221	1582.75	111	210	#
222	704.454	50	#
223	837.46	68	#
224	860.319	132	#
225	4836.98	1	55	159	175	229	#
226	2678.19	43	58	159	198	201	#
227	812.638	56	#
228	1846.2	116	230	#
229	2742.18	48	136	243	#
230	1942.7	103	114	117	136	#
231	2405.63	19	111	164	208	#
232	806.056	199	#
233	1712.43	132	144	#
234	564.376	227	#
235	950.17	221	#
236	978.131	48	#
237	1116.88	232	243	#
238	935.4	18	#
239	212.846	225	#
240	765.431	139	#
241	919.596	39	#
242	835.121	3	#
243	1114.06	4	57	116	#
244	693.163	135	#
245	981.898	36	#
246	1630.87	93	121	158	#
247	3888.38	1	41	42	73	99	196	215	#
248	2784.73	60	113	175	219	#
249	928.896	26	#
250	721.102	21	#
251	1656.89	6	160	#
252	970.089	63	#
253	1575.33	49	75	129	#
254	969.309	42	114	#
255	2581.1	42	65	101	134	198	#
256	870.612	78	#
257	850.911	70	#
258	990.307	153	#
259	1368.63	1	149	#
260	717.922	53	#
261	871.262	193	#
262	3134.89	45	89	172	251	#
263	485.162	191	#
264	1568.21	65	249	#
265	668.379	115	#
266	706.549	61	#
267	680	24	#
268	2278.36	107	135	184	229	#
269	2295.22	81	86	200	#
270	4601.14	2	107	108	131	175	#
271	1254.82	58	83	#
272	988.577	65	#
273	1237.52	55	113	#
274	1374.3	156	249	#
275	997.083	108	#
276	1581.13	75	83	#
277	3610.78	192	204	210	228	#
278	72.6973	33	#
279	1074.12	88	214	#
280	2158.76	84	133	181	210	#
281	1647.18	146	183	#
282	886.423	202	#
283	1342.17	35	65	84	204	#
284	788.455	214	#
285	640.056	218	#
286	811.215	55	#
287	822.036	7	#
288	1987.34	67	235	#
289	2144.18	59	105	118	#
290	1879.91	27	128	#
291	3536.6	32	72	74	89	211	#
292	2628.03	51	168	221	226	#
293	997.775	144	#
294	3422.26	104	109	120	163	246	#
295	1781.47	161	216	241	#
296	826.234	252	#
297	3755.64	2	46	65	77	83	96	183	204	247	#
298	1249.64	119	130	#
299	2511.74	59	85	124	222	#
300	2776.44	31	121	163	#
301	889.825	22	#
302	822.249	34	#
303	984.419	33	130	#
304	1924.13	80	209	#
305	951.865	177	#
306	1585.06	16	186	#
307	2254.54	18	120	171	#
308	831.934	163	#
309	2454.95	151	187	190	#
310	1932.26	51	123	#
311	822.47	6	#
312	924.944	233	#
313	2198.38	65	66	88	110	115	127	129	191	250	251	#
314	698.721	205	#
315	1193.44	54	83	99	119	152	#
316	1276.22	60	110	224	#
317	971.013	64	#
318	621.048	99	#
319	1556.94	7	37	84	142	#
320	801.97	110	#
321	1478.16	212	250	#
322	1828	56	174	#
323	924.447	245	#
324	1134.8	5	228	#
325	1297.03	53	55	#
326	1964.04	137	179	#
327	1963.16	40	192	#
328	776.107	19	#
329	1099.89	51	179	#
330	3488.9	12	54	74	171	#
331	1524	42	65	#
332	1919.32	179	222	#
333	1611.59	83	192	#
334	4775.5	105	177	180	181	187	201	202	#
335	990.964	27	174	210	#
336	730.823	134	#
337	1906.02	108	153	159	197	236	#
338	641.274	154	#
339	1835.56	127	225	#
340	1852.59	123	170	#
341	1340.4	190	243	#
342	1922.19	45	85	#
343	507.851	59	#
344	480.815	236	#
345	1427.36	152	189	#
346	1413.02	11	144	#
347	1770.75	18	54	168	222	#
348	580.423	121	#
349	727.822	192	#
350	860.488	45	#
351	5399.69	16	26	63	78	199	222	#
352	759.642	105	#
353	576.342	186	#
354	920.246	82	140	227	#
355	1866.61	45	101	109	141	228	#
356	2988.46	36	45	111	254	#
357	4063.19	102	110	120	149	168	211	#
358	1110.08	118	203	#
359	2127.13	38	101	198	214	238	#
360	913.128	165	#
361	330.612	60	#
362	952.634	104	115	146	251	#
363	1900.49	30	84	134	#
364	972.359	181	#
365	899.176	116	#
366	915.155	195	#
367	1540.75	23	114	#
368	2424.48	49	87	94	156	#
369	2543.23	0	40	55	77	140	154	215	#
370	5862.21	34	72	156	212	216	227	#
371	1350.96	12	102	#
372	879.573	206	#
373	1555.99	73	199	#
374	958.228	249	#
375	915.273	90	183	#
376	954.285	174	#
377	3182.25	5	33	74	134	254	#
378	2703.01	15	62	147	#
379	1545.04	9	181	#
380	228.169	79	#
381	147.524	15	#
382	1202.34	24	35	#
383	246.93	41	#
384	1704.57	9	163	#
385	1710.96	11	90	214	#
386	5392.7	22	41	149	170	196	199	226	#
387	2056.19	36	101	116	216	#
388	3650.21	2	20	56	161	163	193	245	247	#
389	2695.84	26	95	252	#
390	1731.89	189	213	#
391	2755.55	56	61	219	#
392	1360.92	11	82	#
393	1135.87	70	129	219	#
394	1558.48	178	241	#
395	494.673	173	#
396	854.474	68	105	#
397	3233.64	18	20	29	42	52	#
398	1918.47	146	199	#
399	562.749	57	#
400	1803.36	4	46	198	#
401	463.449	141	#
402	2378	21	127	136	200	210	#
403	4214.81	63	89	170	227	253	#
404	2438.99	55	202	207	255	#
405	1935.25	92	171	#
406	1345.49	50	193	#
407	532.869	138	#
408	1864.69	73	94	255	#
409	1303.23	8	37	250	#
410	3201.74	34	51	173	187	#
411	1926.13	9	51	#
412	642.288	229	#
413	1696.03	76	116	202	251	#
414	3766.05	94	130	150	191	#
415	977.874	217	#
416	858.206	110	247	#
417	627.506	80	#
418	1557.98	57	61	118	154	#
419	2813.24	163	172	211	218	222	223	240	#
420	948.613	211	#
421	2565.12	100	125	248	#
422	1267.28	84	226	#
423	5018.92	7	22	50	89	117	150	174	249	#
424	1948.4	7	119	213	#
425	937.592	124	#
426	408.519	140	#
427	1847.02	25	60	206	214	#
428	1451.38	66	68	217	232	235	#
429	1988.88	63	160	180	#
430	1544.94	39	215	227	#
431	1609.37	112	150	196	#
432	1995.95	122	228	#
433	1267.85	64	65	90	126	153	181	#
434	4977.45	4	16	119	139	167	214	#
435	3041.36	12	87	144	196	#
436	2385.84	8	38	133	139	#
437	2465.65	49	168	179	#
438	1197.53	30	88	#
439	1781.25	8	117	#
440	1403.22	24	58	#
441	544.516	176	#
442	1723.48	147	208	#
443	2854.43	163	178	227	#
444	1986.46	13	255	#
445	1240.52	25	49	55	#
446	963.833	196	#
447	1299.83	93	182	#
448	1255.05	0	4	14	39	68	86	108	145	#
449	1719.93	91	106	156	#
450	1854.94	13	101	#
451	959.368	27	#
452	1986.2	11	176	255	#
453	873.884	235	#
454	630.63	219	#
455	1780.96	107	109	237	#
456	2773.14	58	88	124	#
457	1946.54	134	196	#
458	1023.87	38	130	135	137	182	194	#
459	1243.45	40	226	#
460	3152.63	34	44	77	87	244	#
461	963.094	11	139	#
462	2247.13	83	85	157	170	180	231	#
463	1060.48	40	57	#
464	2830.78	69	166	228	#
465	2353.4	67	97	205	#
466	1972.34	28	149	221	#
467	1288.67	156	254	#
468	1292.53	59	131	220	#
469	750.66	113	179	#
470	1540.74	53	91	#
471	1895.52	16	45	#
472	2313.98	59	218	229	#
473	1462	18	24	62	81	206	#
474	2680.44	35	43	131	#
475	687.024	228	230	#
476	2842.58	64	147	201	#
477	1643.42	23	186	#
478	2452.89	19	28	165	207	#
479	1236.5	11	204	#
480	2331.33	24	71	134	211	224	#
481	3154.59	11	52	141	148	200	#
482	955.699	197	#
483	1480.8	57	82	137	180	#
484	1634.17	209	221	#
485	1738.07	55	166	#
486	1972.17	62	207	216	#
487	2580.97	51	92	127	216	244	#
488	1908.57	33	81	#
489	3947.51	56	81	196	255	#
490	2164.58	53	67	245	#
491	6006.97	105	116	138	139	190	229	236	#
492	2415.19	8	72	190	#
493	239.359	32	#
494	990.542	170	#
495	548.293	1	#
496	1708.66	105	125	247	#
497	1547.17	84	187	#
498	3129.11	86	92	100	237	#
499	730.974	117	#
500	4804.87	33	49	125	127	247	#
501	3396.6	6	27	40	113	136	#
502	894.689	185	#
503	1630.66	38	94	206	241	254	#
504	712.405	58	198	#
505	871.262	76	#
506	1528.2	114	139	220	#
507	2534.45	48	169	190	#
508	5648.29	7	29	70	87	223	235	#
509	1379.66	221	246	251	#
510	1820.63	96	136	#
511	2404.03	126	157	165	#
512	965.167	223	#
513	868.364	118	#
514	2492.74	73	91	107	114	145	193	214	251	#
515	2594.75	180	206	236	#
516	1796.54	14	223	#
517	1968.09	113	209	#
518	3200.85	92	106	154	245	#
519	949.396	92	#
520	1303.25	115	184	#
521	1305.17	32	231	#
522	1548.63	0	40	46	115	172	#
523	1423.59	8	52	70	79	178	185	#
524	1007.65	118	207	208	#
525	1216.88	3	61	88	117	125	129	143	250	#
526	2211.3	24	84	177	#
527	2307.24	13	133	163	#
528	683.277	85	#
529	2817.68	37	133	212	214	233	239	255	#
530	1639.29	49	212	#
531	2970.95	16	96	118	#
532	1489.28	102	245	#
533	1007.08	46	111	207	225	#
534	2293.82	31	33	96	187	214	#
535	4499.63	43	81	197	228	235	#
536	1676.06	37	103	137	166	191	#
537	744.733	137	#
538	5648.54	39	69	150	175	190	193	#
539	2326.56	15	18	38	173	222	#
540	2984.81	6	44	121	#
541	3607.67	41	142	159	248	#
542	2045.2	53	59	77	86	100	223	#
543	1893.58	78	155	#
544	21.5809	43	#
545	1559.76	73	130	211	#
546	2193.65	19	86	110	172	173	191	253	#
547	434.922	128	#
548	880.299	136	167	#
549	1557.75	67	250	#
550	1367.35	66	238	#
551	735.889	14	#
552	142.43	106	#
553	2740.98	80	85	248	#
554	675.114	157	#
555	831.517	172	#
556	1326.97	111	173	#
557	1392.05	90	158	#
558	1601.55	50	83	#
559	2465.07	16	21	92	253	255	#
560	2588.16	53	180	245	#
561	1757.14	234	241	#
562	1110.14	186	193	#
563	3605.05	12	65	129	222	#
564	874.73	203	#
565	3970.85	39	89	115	224	#
566	1969.74	48	104	186	207	#
567	1395.02	144	155	#
568	1954	23	124	#
569	777.495	31	#
570	1785.1	31	87	140	#
571	5036.41	110	114	133	145	152	244	#
572	2346.58	49	58	74	80	100	129	#
573	1454.86	176	222	#
574	2218.96	107	129	177	207	#
575	2817.09	31	88	148	#
576	1877.48	54	158	#
577	3818.62	14	87	98	117	122	126	145	150	217	#
578	3804.08	94	157	170	201	216	#
579	1898.83	105	121	#
580	1149.71	192	222	#
581	2290.36	25	50	177	#
582	892.574	148	#
583	1280.44	205	210	#
584	1515.42	159	226	#
585	1989.06	12	15	96	185	#
586	1323.78	139	243	#
587	1244.49	162	198	#
588	804.756	100	#
589	1410.82	9	45	#
590	3301.16	76	92	187	223	#
591	630.99	74	#
592	1546.14	1	18	191	#
593	276.425	201	#
594	2667.33	104	133	156	#
595	1426.05	55	67	109	#
596	3989.17	13	32	43	121	249	#
597	1410.15	99	175	#
598	1231.94	10	226	#
599	1709.15	122	140	162	173	#
600	6723.96	10	35	109	119	137	149	194	212	#
601	1378.76	31	203	#
602	1376.88	112	236	#
603	3746.82	21	36	65	125	240	#
604	2340.33	140	163	242	#
605	5334.81	15	45	77	119	134	144	245	#
606	1871.7	57	80	#
607	1395.89	1	31	151	#
608	4261.29	83	92	94	134	188	190	231	246	#
609	5235.51	37	90	108	168	180	230	#
610	2754.25	72	93	139	#
611	2495.64	116	183	245	#
612	1747.51	4	45	#
613	1600.93	51	89	183	248	#
614	722.763	24	44	#
615	2261.87	30	81	137	#
616	2059.65	53	60	122	230	#
617	4430.74	1	17	81	120	139	192	249	#
618	1283.69	87	125	#
619	1947.06	0	42	65	#
620	2630.34	103	153	178	#
621	5715.48	108	117	138	188	219	221	228	#
622	804.305	220	#
623	856.039	99	105	187	204	#
624	1609.3	120	251	#
625	3776.68	7	45	51	118	206	#
626	397.408	75	#
627	277.72	230	#
628	1643.02	206	250	#
629	1379.36	35	83	#
630	1420.87	69	202	#
631	1037.6	134	160	#
632	1619.79	130	237	#
633	1538.66	86	92	#
634	761.835	146	229	#
635	1191.18	91	163	#
636	1092.39	175	224	#
637	979.36	230	245	#
638	3137.91	137	150	164	228	#
639	1615.15	75	195	235	#
640	970.626	127	150	#
641	879.073	68	205	#
642	1995.73	101	170	#
643	1705.37	57	66	#
644	1934.37	109	171	#
645	1243.13	5	72	#
646	2083.61	71	161	242	#
647	1486.39	23	24	146	#
648	1601.19	99	108	#
649	2080.77	7	16	41	163	182	#
650	2663.68	33	46	153	#
651	1942.46	17	206	#
652	5446.27	32	47	77	83	87	104	188	#
653	1489.8	44	124	#
654	958.648	194	#
655	917.437	159	#
656	4916.85	68	78	133	186	203	#
657	2825.98	92	152	170	#
658	1204.62	50	103	168	#
659	1670.63	42	79	#
660	452.036	94	#
661	1654.55	117	191	#
662	1590.44	43	184	#
663	2125.22	77	80	166	196	#
664	1893.7	45	150	#
665	1428.27	71	189	#
666	1631.78	95	149	169	200	#
667	5606.57	42	79	86	101	119	164	193	199	235	#
668	982.637	4	177	#
669	836.995	13	#
670	992.563	81	#
671	6518.25	73	74	106	154	159	166	192	234	239	255	#
672	3493.31	2	43	93	172	223	#
673	2795.66	111	112	143	203	#
674	2132.23	62	64	162	#
675	1094.86	8	76	174	226	#
676	1880.2	13	221	#
677	824.806	55	253	#
678	3824.48	17	44	97	161	211	221	#
679	1783.74	0	2	160	#
680	2250.65	84	146	224	#
681	3018.47	4	45	139	192	#
682	1817.51	38	144	208	245	#
683	1699.36	237	255	#
684	1007.67	4	31	33	66	97	115	176	#
685	1002.17	140	188	#
686	1022.78	15	51	55	203	#
687	4126.68	13	30	86	173	177	#
688	3224.18	9	44	66	203	221	#
689	1044.56	54	57	#
690	2752.77	59	81	219	226	#
691	1102.45	9	43	86	94	232	#
692	998.483	100	221	#
693	1504.86	65	213	#
694	819.873	86	104	#
695	444.217	119	#
696	2001.09	55	71	218	#
697	2052.67	122	135	210	#
698	2871.98	120	201	247	#
699	1370.04	130	174	#
700	1418.88	9	26	34	#
701	1275.37	15	217	#
702	1975.3	0	42	129	175	222	229	#
703	821.528	100	114	129	218	#
704	1392.24	120	169	#
705	2908.53	78	108	204	#
706	1855.87	202	206	207	237	#
707	2104.87	56	68	85	92	119	#
708	2690.68	12	36	244	#
709	2342.56	19	121	188	198	#
710	1700.16	99	153	#
711	1724.49	169	237	#
712	3324.64	56	67	83	127	183	#
713	2546.91	14	78	206	243	#
714	431.305	239	#
715	1207.78	124	226	#
716	2904.95	23	44	64	252	#
717	937.25	238	#
718	882.484	23	161	198	#
719	5028.07	11	16	34	35	45	91	127	194	228	253	#
720	1793.69	161	164	#
721	3145.91	4	35	118	173	223	224	#
722	1963.12	28	31	33	77	135	182	249	#
723	7631.49	8	31	43	77	89	92	145	152	#
724	4548.58	43	52	123	194	229	#
725	937.582	51	#
726	1128.08	16	139	140	#
727	803.637	49	#
728	943.562	26	31	130	#
729	4421.17	10	120	124	142	236	#
730	1751.65	210	213	#
731	3670.3	38	45	99	156	163	181	212	213	214	218	#
732	4569.35	24	135	151	189	192	#
733	1003.55	37	59	80	#
734	4927.97	1	7	38	42	95	149	182	#
735	2735.69	35	82	163	180	189	215	244	#
736	467.04	94	164	#
737	1584.92	95	128	133	#
738	5043.8	37	73	91	130	191	243	#
739	2353.97	32	117	151	#
740	7533.64	8	10	14	58	84	146	154	190	#
741	1409.38	104	121	#
742	623.286	212	#
743	1958.69	114	239	#
744	888.312	200	#
745	4139.43	169	192	201	228	236	238	#
746	4350.84	53	72	84	145	217	230	#
747	1473.94	37	76	#
748	5772.62	22	75	78	88	106	135	177	#
749	1625.29	14	129	191	#
750	1051.15	20	208	#
751	1939.11	51	232	#
752	1874.99	74	213	#
753	3951.45	118	129	168	243	244	#
754	3001.34	11	13	84	242	#
755	2457.93	86	155	157	#
756	1175.43	1	170	229	#
757	6119.84	63	99	131	166	174	210	217	226	#
758	1484.97	19	231	#
759	1351.98	21	27	184	225	#
760	922.012	104	208	#
761	962.148	207	212	#
762	1818.55	19	88	#
763	1726.47	8	40	#
764	1983.95	101	112	212	#
765	5989.3	33	70	89	180	200	236	#
766	1321.05	42	150	#
767	1078.37	35	142	187	229	#
768	1976.51	120	209	#
769	1865.65	198	243	#
770	1387.86	13	80	229	247	#
771	1115.27	18	22	72	241	244	#
772	1225.93	110	221	#
773	2816.57	14	75	98	102	#
774	1051.27	39	42	133	136	143	#
775	1735.27	29	63	140	163	#
776	1625.18	5	131	#
777	3737.46	14	146	153	229	#
778	1746.73	88	104	143	#
779	846.701	19	94	105	#
780	525.284	114	#
781	1513.53	12	232	#
782	6281.75	33	66	70	94	163	183	202	#
783	658.887	0	#
784	1000.28	22	212	#
785	2763.7	31	90	94	102	#
786	1818.66	28	36	#
787	1118.13	147	179	240	#
788	1204.44	106	154	#
789	1714.03	179	217	#
790	1735.13	73	171	204	#
791	6507.94	0	3	16	25	102	166	219	#
792	3481.43	59	77	116	143	#
793	1383.04	12	108	#
794	1175.15	150	178	187	#
795	1445.08	153	234	#
796	1742.1	138	177	#
797	1159.01	31	189	#
798	1658.9	62	191	#
799	4375.65	24	38	66	71	86	93	96	102	103	125	136	161	176	189	226	235	#
800	1273.08	59	231	#
801	1774.22	34	127	216	#
802	1639.72	4	123	#
803	2766.94	28	83	164	#
804	1758.03	9	253	#
805	1761.19	111	144	184	#
806	1914.94	35	44	83	98	#
807	1832.88	67	120	#
808	2965.39	27	159	168	239	#
809	1682.54	54	178	238	#
810	887.622	225	241	#
811	977.249	8	#
812	4179.02	27	46	96	113	155	#
813	9754.96	9	118	144	161	168	174	188	209	224	251	#
814	1528.64	223	234	#
815	1227.5	0	16	64	154	161	205	215	241	#
816	1643	49	86	122	171	206	#
817	2555.61	44	81	165	#
818	2189.44	54	96	176	#
819	2818.82	25	134	211	#
820	1212.29	8	44	46	150	236	#
821	1517.21	14	84	#
822	1387.67	160	172	175	#
823	4337.21	6	79	179	207	250	#
824	1611.05	103	117	#
825	1403.87	206	239	#
826	1558.35	49	72	73	100	#
827	742.395	111	205	#
828	1859.04	1	6	99	174	#
829	1533.19	55	72	#
830	2215.55	43	126	156	#
831	1319.69	124	151	#
832	2583.17	7	82	121	157	#
833	3152.7	56	74	187	237	238	#
834	1648.76	179	249	#
835	2446.56	55	100	198	#
836	2039.61	63	89	96	164	#
837	1290.89	40	102	234	#
838	679.455	0	79	#
839	3813.11	28	51	244	249	#
840	61.3598	247	#
841	3654.11	11	14	26	40	50	55	59	80	107	133	187	221	226	#
842	1137.54	171	242	#
843	1337.3	13	66	118	223	#
844	1293.47	25	46	#
845	945.829	190	#
846	1044.45	164	250	#
847	1741.59	41	195	#
848	2073.87	88	120	146	#
849	838.231	61	84	163	#
850	1174.54	99	222	#
851	2550.57	85	136	156	254	#
852	4685	57	129	204	224	254	#
853	1598.97	10	110	#
854	2289.69	41	91	94	99	118	191	224	#
855	4818.87	22	46	116	117	143	#
856	1986.89	51	182	#
857	2840.77	50	107	249	#
858	959.386	178	202	254	#
859	1000.35	166	202	#
860	1548.28	4	109	#
861	1206.32	12	64	#
862	3534.94	79	117	185	236	#
863	1751.1	26	237	#
864	4579.55	38	101	116	236	247	#
865	1070.5	68	88	210	#
866	1047.49	54	113	183	#
867	1706.92	96	240	#
868	1679.44	207	244	#
869	1580.95	33	82	114	179	#
870	3075.52	19	91	193	214	#
871	1339.59	140	141	192	#
872	3065.81	16	98	125	146	#
873	1319.5	77	222	#
874	1594.06	8	151	176	#
875	2532.55	14	144	207	#
876	1133.46	56	90	#
877	857.995	46	105	#
878	1831.76	164	233	#
879	617.087	189	201	#
880	3735.8	0	19	61	81	222	#
881	1851.02	135	204	#
882	10930.4	0	7	23	41	56	84	125	134	135	188	189	198	205	226	254	#
883	2765.2	26	142	149	177	#
884	831.476	44	53	219	243	#
885	2620.82	84	109	142	#
886	1457.4	25	255	#
887	747.643	192	247	#
888	2032.29	89	108	158	#
889	665.055	129	#
890	604.571	69	#
891	896.544	2	45	72	#
892	1754.8	119	160	#
893	1631.3	27	48	#
894	3313.55	58	102	131	187	239	253	#
895	3314.26	0	118	196	209	#
896	3914.89	42	61	98	162	#
897	2483.41	56	89	133	176	185	249	#
898	4391.94	38	65	147	220	227	243	245	#
899	58.6105	253	#
900	342.641	164	#
901	1130.52	177	210	#
902	1389.33	67	232	#
903	1725.5	161	191	193	#
904	2243.97	17	73	158	207	#
905	4533.6	28	66	78	97	139	204	#
906	4825.94	13	123	129	145	201	225	230	#
907	1054.33	62	98	198	220	245	#
908	1835.02	222	244	#
909	1736.51	14	75	250	#
910	1967.21	4	22	54	#
911	1369.9	105	255	#
912	2105.79	75	132	191	#
913	3940.88	6	35	38	213	254	#
914	1034.18	16	29	60	93	145	155	185	#
915	951.276	109	136	#
916	1833.34	40	100	#
917	1964.9	70	73	225	#
918	1150.78	217	222	#
919	1976.79	44	164	#
920	2995.21	21	110	184	238	#
921	5816.35	6	48	85	191	203	228	252	#
922	1524.61	50	208	#
923	1054.19	77	180	185	#
924	1462.47	39	211	#
925	3525.67	22	44	112	124	#
926	1832.76	46	70	180	231	#
927	1062.18	24	109	164	#
928	1145.16	131	152	#
929	1025.09	7	221	253	#
930	4436.73	15	101	124	192	193	213	220	255	#
931	1741.98	96	108	#
932	2205.79	46	187	255	#
933	1868.3	34	78	116	#
934	909.209	89	102	#
935	1080	31	197	#
936	1567.56	187	230	#
937	1192.14	33	50	254	#
938	1771.96	118	170	249	#
939	2369.63	35	55	209	#
940	1683.31	61	70	#
941	3822.16	13	82	116	187	198	#
942	1588.02	31	120	228	#
943	1541.47	91	180	243	#
944	2880.75	142	168	214	#
945	1618.73	11	24	61	95	162	205	217	#
946	1345.15	8	201	#
947	1785.1	100	222	#
948	1805.69	111	224	254	#
949	1223.73	31	158	#
950	414.876	42	58	#
951	3374.82	11	54	134	160	#
952	2855.36	21	43	60	249	#
953	3931.56	18	42	53	179	#
954	3204.02	43	118	130	216	253	#
955	1958.44	74	131	183	190	196	#
956	3894.78	144	152	181	199	#
957	1561.9	224	231	#
958	2266.52	7	51	223	#
959	1788.14	199	242	#
960	947.423	75	219	#
961	2334.56	124	161	255	#
962	1340.52	92	153	237	#
963	922.893	189	254	#
964	1821.02	35	150	#
965	2911.64	74	110	134	155	208	224	232	242	#
966	3686.93	50	62	91	170	211	248	#
967	2587.27	69	80	135	174	181	#
968	692.665	1	42	#
969	1381.95	57	105	255	#
970	1039.78	28	51	112	117	141	240	246	#
971	2372.74	43	136	244	#
972	1992.01	144	163	179	198	202	#
973	1604.37	104	149	249	#
974	2074.96	0	17	141	#
975	2653.46	4	86	163	#
976	1575.5	112	159	#
977	1374.44	122	193	#
978	1262.35	85	157	#
979	12018.6	7	16	34	61	86	94	100	106	126	128	143	149	152	205	210	#
980	1115.78	21	87	#
981	1759.38	6	217	#
982	3430.76	33	162	204	242	#
983	2368.24	54	117	190	211	#
984	7363.86	0	5	49	90	149	172	194	225	#
985	2391.87	26	63	122	150	255	#
986	1936.03	58	176	#
987	714.372	43	94	#
988	1743.37	61	98	153	177	223	238	248	#
989	1426.73	31	131	151	199	255	#
990	1937.46	51	110	245	#
991	1511.92	34	78	141	252	#
992	1299.18	55	154	160	216	#
993	2193	147	178	182	202	#
994	2942.22	147	164	192	#
995	1053.61	103	116	#
996	4356.39	72	79	86	120	140	230	#
997	2326.58	123	184	217	#
998	1169.77	21	117	160	#
999	3942.25	53	95	117	240	#
