%% File generated by CATS v.2.1Mon Jul  4 11:09:38 2011

%% The CATS webpage is http://robotics.stanford.edu/CATS

%% PARAMETER SETTINGS:
% Goods: 500; Bids: 1000; Distribution: L4; Runs: 1; Seed: 1309806933
% Legacy distribution parameters:
% Number of goods chosen according to Decay distribution (alpha = 0.55).
% Price chosen according to Linear Random distribution (low_linearly = 1, high_linearly = 1000).


goods 500
bids 1000
dummy 0

0	961.612	255	#
1	435.236	13	#
2	648.304	310	#
3	939.318	92	199	#
4	288.229	228	#
5	4683.7	13	119	304	387	416	#
6	704.865	81	318	#
7	557.931	291	#
8	766.176	283	#
9	1935.28	187	332	#
10	1454.6	69	368	#
11	1044.9	115	378	400	427	#
12	2342.56	110	213	306	#
13	960.456	299	#
14	1740.69	277	349	438	#
15	963.552	59	#
16	2649.52	187	223	436	442	#
17	6609.47	118	226	227	281	347	350	390	451	470	#
18	572.863	84	#
19	724.482	70	#
20	446.061	179	#
21	1610.22	27	85	#
22	867.851	136	#
23	578.863	333	#
24	1368.24	39	190	290	#
25	578.204	400	#
26	1428.13	3	341	#
27	1205.61	86	199	332	#
28	602.506	336	#
29	884.975	22	#
30	687.605	156	#
31	961.054	253	#
32	1941.8	282	440	#
33	1438.75	50	433	465	#
34	496.45	325	#
35	3480.02	305	376	379	445	#
36	1174.37	176	324	#
37	594.401	275	#
38	5441.75	9	86	138	160	271	453	#
39	854.901	147	#
40	926.928	232	#
41	909.021	153	#
42	931.586	252	#
43	840.197	488	#
44	783.868	117	#
45	790.998	72	#
46	460.205	57	#
47	1702.64	237	266	#
48	2490.48	137	180	297	373	#
49	1708.95	270	367	437	#
50	1930.47	123	134	#
51	785.859	242	#
52	405.542	392	#
53	683.239	417	#
54	391.809	222	#
55	1865.42	60	159	#
56	25.9634	319	#
57	905.339	387	#
58	702.441	480	#
59	836.493	89	#
60	1772.71	194	360	#
61	956.772	241	316	#
62	1300.78	188	404	#
63	980.762	6	#
64	572.579	158	#
65	3111.82	97	100	139	309	335	355	415	434	496	#
66	2054.46	162	341	465	#
67	2856.16	176	406	431	#
68	877.031	122	#
69	1966.46	75	273	350	360	#
70	1854.71	93	176	314	422	#
71	943.331	214	#
72	4913.57	5	38	148	185	197	289	317	440	#
73	968.973	243	#
74	2787.21	201	250	440	#
75	688.187	215	#
76	893.427	35	#
77	986.711	460	#
78	446.739	178	#
79	787.533	143	#
80	601.245	399	#
81	770.526	348	385	#
82	884.326	414	#
83	1646.77	203	362	#
84	1213.58	124	236	#
85	897.297	454	#
86	166.475	154	#
87	1837.74	79	374	#
88	1311.12	185	222	364	427	#
89	642.552	146	157	#
90	239.046	103	#
91	713.043	369	#
92	972.121	86	197	#
93	595.488	129	204	#
94	1643.81	411	498	#
95	913.388	403	415	#
96	832.603	9	54	#
97	2493.01	1	12	131	162	232	#
98	516.9	163	#
99	4751.02	95	236	329	402	494	#
100	3317.39	55	121	159	227	482	#
101	3963.55	62	74	155	170	#
102	1631.73	49	196	#
103	883.664	213	#
104	1719.39	85	315	398	#
105	264.858	11	34	#
106	361.512	88	157	#
107	2548.93	85	152	204	298	421	#
108	1964.32	266	336	#
109	1064.72	66	258	#
110	1442.41	139	385	#
111	894.298	120	#
112	848.264	453	#
113	784.789	180	#
114	631.698	277	#
115	351.357	436	#
116	1668.82	83	337	385	#
117	733.021	191	#
118	829.707	259	#
119	813.871	229	#
120	752.233	155	#
121	708.422	237	#
122	612.238	265	#
123	551.137	323	#
124	782.015	434	#
125	775.457	114	#
126	898.309	172	262	#
127	1944.36	50	91	#
128	1937.61	130	235	#
129	1410.03	153	190	#
130	2010.39	88	157	225	#
131	3717.43	21	27	138	188	470	#
132	599.081	305	#
133	968.831	258	#
134	984.539	498	#
135	974.734	491	#
136	3437.03	21	41	124	221	233	#
137	1165.82	10	288	460	#
138	758.959	400	448	#
139	909.368	21	211	#
140	1218.05	237	343	#
141	2743.59	18	21	308	#
142	1887.53	109	361	#
143	289.205	219	#
144	1004.99	269	339	#
145	972.538	104	#
146	421.59	386	#
147	770.959	217	#
148	583.724	128	#
149	750.623	496	#
150	930.426	3	#
151	458.978	204	#
152	1236.1	82	277	#
153	692.103	132	#
154	916.182	116	#
155	283.082	485	#
156	629.242	192	#
157	611.093	67	#
158	296.55	71	#
159	675.874	271	#
160	644.859	33	#
161	840.451	118	#
162	323.762	249	#
163	671.852	193	#
164	1268.73	306	391	#
165	964.525	294	#
166	1681.08	55	403	#
167	2930.61	50	284	370	#
168	384.185	62	#
169	322.902	289	#
170	985.488	376	#
171	4641.7	5	146	172	214	439	480	#
172	933.506	499	#
173	987.214	338	#
174	1443.08	113	367	409	#
175	1276.52	162	183	#
176	423.605	418	#
177	780.86	416	#
178	77.6784	457	#
179	1812.22	139	255	314	#
180	493.292	444	#
181	87.6268	370	#
182	272.884	144	#
183	883.33	141	#
184	4406.87	29	46	68	183	215	347	360	497	#
185	1306.1	49	269	#
186	781.741	80	#
187	761.135	218	#
188	752.253	119	354	#
189	31.082	270	#
190	97.6776	14	#
191	721.53	9	#
192	510.751	93	#
193	888.475	42	#
194	1063.52	332	481	#
195	542.489	130	#
196	1876.17	106	124	126	454	#
197	137.861	288	#
198	717.396	171	#
199	560.94	195	#
200	357.525	31	#
201	967.556	7	#
202	302.885	25	#
203	4650.17	5	44	93	111	116	122	273	334	395	418	444	475	#
204	1649.93	236	381	#
205	1524.23	188	304	357	458	#
206	1540.73	31	141	#
207	813.418	383	415	#
208	2375.37	70	238	253	456	#
209	744.134	384	#
210	962.904	332	#
211	1357.75	177	349	402	#
212	280.46	474	#
213	1489.74	194	498	#
214	3004.29	12	74	178	255	286	407	473	481	482	#
215	162.757	127	#
216	472.822	199	#
217	890.599	433	#
218	3670.47	37	74	81	101	391	#
219	918.361	227	#
220	1195.25	194	207	357	#
221	727.415	225	#
222	665.429	404	#
223	1199.9	7	327	#
224	1357.07	128	165	424	#
225	1281.17	117	487	#
226	904.564	297	#
227	791.465	490	#
228	198.922	16	#
229	2934.5	16	52	71	74	104	130	274	289	301	366	377	431	498	#
230	2282.43	133	151	257	329	445	#
231	1490.46	262	395	420	#
232	5004.34	0	87	186	283	417	431	#
233	983.159	420	#
234	2717.55	306	380	476	#
235	774.24	431	#
236	975.964	19	#
237	1597.55	289	383	#
238	609.855	269	#
239	104.323	51	#
240	624.673	461	#
241	472.678	96	#
242	4176.11	40	113	207	283	373	461	#
243	1469.34	21	30	#
244	1400.45	77	312	#
245	2450.18	97	278	400	#
246	848.994	20	#
247	1316.84	26	101	372	#
248	1758.75	69	88	159	326	#
249	860.934	223	#
250	1086.64	58	89	#
251	1699.85	233	487	#
252	914.315	60	#
253	2366.91	110	136	406	#
254	830.05	379	#
255	1917.73	88	122	#
256	954.002	18	#
257	1360.07	161	233	#
258	2488.34	56	117	173	#
259	1229.86	164	205	235	#
260	1791.34	71	152	217	#
261	1030.82	44	179	324	#
262	748.438	426	#
263	822.845	112	#
264	1136.11	25	91	#
265	2320.94	15	211	225	408	412	#
266	1713.24	202	325	#
267	785.141	456	#
268	829.801	302	312	#
269	458.581	221	#
270	1577.43	20	473	#
271	381.986	470	#
272	776.603	390	#
273	2256.45	163	239	277	351	#
274	490.071	29	397	#
275	974.372	396	#
276	440.062	194	#
277	461.908	87	#
278	902.372	175	#
279	642.239	206	#
280	948.332	131	134	482	#
281	841.239	260	#
282	350.828	224	430	#
283	1671.43	345	432	#
284	740.605	377	#
285	3312.05	234	455	489	499	#
286	381.852	472	#
287	486.263	73	#
288	1046.78	33	57	#
289	878.918	121	#
290	943.352	124	#
291	925.975	23	#
292	534.218	437	#
293	543.522	327	#
294	667.327	393	#
295	438.968	365	375	477	#
296	1751.91	316	369	#
297	3014.81	58	97	162	168	236	345	378	457	468	#
298	582.458	240	#
299	540.2	391	#
300	1140.59	101	184	238	#
301	1812.02	289	467	#
302	935.867	189	#
303	197.643	463	#
304	1932.63	224	356	416	#
305	560.742	290	#
306	1261.55	250	257	460	#
307	1502.65	345	363	#
308	2757.25	132	354	361	460	#
309	2978	17	67	83	289	336	338	#
310	77.8227	471	#
311	2454.97	73	183	298	#
312	711.186	254	#
313	791.352	378	#
314	801.934	264	#
315	1353.85	13	89	254	426	476	#
316	751.443	462	#
317	1471.8	196	466	#
318	597.54	235	#
319	3435.58	100	186	266	466	#
320	2131.35	159	179	303	#
321	681.007	108	461	#
322	189.24	273	#
323	379.125	482	#
324	578.801	320	#
325	1700.87	96	284	#
326	1749.07	268	378	#
327	1721.77	303	435	#
328	815.926	2	76	#
329	897.867	5	208	#
330	947.99	346	#
331	2851.41	45	209	216	#
332	1258.26	2	203	#
333	946.557	24	456	#
334	3710.5	40	150	168	460	#
335	1393.01	341	430	484	#
336	820.609	201	#
337	4640.09	24	76	272	348	446	#
338	190.112	90	#
339	796.599	440	476	#
340	533.633	131	#
341	4852.13	40	79	87	134	242	387	#
342	1431.56	188	196	299	326	393	421	460	467	472	#
343	1600.24	324	357	#
344	847.182	69	#
345	3609.44	84	199	439	494	#
346	825.413	324	#
347	545.854	106	#
348	1020.03	301	460	#
349	1077.64	218	262	456	#
350	574.058	197	#
351	1009.7	85	412	457	#
352	3288.5	13	124	188	476	#
353	3187.3	17	51	231	287	#
354	933.08	441	#
355	685.994	139	#
356	3917.86	2	50	59	234	388	#
357	2164.81	212	239	251	#
358	1489.64	421	492	#
359	540.576	44	#
360	733.6	468	#
361	865.699	28	#
362	845.474	404	480	#
363	1522.56	114	200	214	#
364	587.942	495	#
365	2892.38	110	167	330	333	482	#
366	1800.08	94	315	#
367	874.055	85	#
368	1657.67	66	366	#
369	1148.03	75	314	#
370	1986.78	135	373	#
371	592.904	493	#
372	1224.08	319	451	#
373	880.887	381	#
374	794.897	15	#
375	299.315	186	#
376	893.42	24	#
377	6465.77	34	59	131	232	299	319	453	472	#
378	3298.39	108	135	142	233	358	#
379	1461.24	120	176	213	266	428	#
380	831.229	187	413	#
381	264.338	445	#
382	2288.28	47	81	158	459	#
383	1777.05	382	457	#
384	917.998	140	#
385	1481.6	7	495	#
386	602.234	401	411	418	#
387	764.98	182	#
388	2266.8	16	36	379	#
389	1590.75	397	403	#
390	3813.42	31	74	168	245	264	278	304	326	426	482	485	#
391	1754.85	418	461	#
392	982.911	253	358	#
393	753.848	173	325	#
394	1493.27	173	249	407	#
395	1136.87	220	276	#
396	1111.85	119	127	#
397	2848.1	38	193	210	#
398	1696.51	129	195	329	#
399	547.156	298	#
400	870.444	131	184	244	354	#
401	875.422	198	#
402	1201.88	131	462	#
403	1151.3	118	490	#
404	867.143	345	#
405	585.657	230	#
406	801.716	261	349	#
407	10.1223	169	#
408	2316.77	81	349	384	386	#
409	621.39	366	#
410	2215.9	100	248	493	#
411	315.094	475	#
412	574.368	125	#
413	387.826	397	#
414	1119.25	3	355	#
415	4369.99	14	113	140	213	384	466	#
416	916.099	203	#
417	629.389	344	#
418	3213.38	69	169	253	387	#
419	1536.52	236	457	#
420	966.689	412	#
421	858.284	152	492	#
422	656.314	492	#
423	932.014	68	459	#
424	2416.8	12	119	168	211	435	495	#
425	3304.28	57	58	63	206	290	#
426	457.647	202	#
427	960.729	287	#
428	2208.2	72	327	413	442	#
429	958.151	53	#
430	994.662	196	#
431	1941.31	426	441	485	#
432	1307.46	121	283	379	#
433	2768.25	180	431	444	#
434	965.456	216	#
435	4714.2	2	284	290	312	490	#
436	2094.06	11	272	472	#
437	820.78	126	#
438	874.013	450	#
439	1707.84	260	408	434	#
440	136.011	494	#
441	2721.05	8	66	119	281	374	429	430	#
442	10515.1	0	4	119	342	367	389	430	436	480	492	499	#
443	852.925	38	#
444	1714.83	236	306	353	390	#
445	999.99	23	179	361	373	498	#
446	910.038	364	#
447	484.09	234	425	#
448	2260.5	41	42	280	#
449	1602.15	30	131	#
450	977.007	330	#
451	515.956	368	#
452	985.32	303	#
453	510.751	233	#
454	1487.86	194	228	#
455	962.308	281	#
456	2269.11	138	323	491	#
457	838.947	21	#
458	954.983	40	#
459	1269.32	89	135	238	360	422	425	435	#
460	1619.49	351	421	#
461	2644.01	80	418	445	#
462	1535.02	178	249	#
463	1959.98	107	150	363	#
464	1546.56	75	244	#
465	425.121	190	#
466	66.1589	340	#
467	1214.71	3	473	#
468	1026.43	264	430	#
469	724.119	66	#
470	238.348	355	#
471	811.505	315	#
472	2546.23	51	286	342	463	#
473	1196.07	400	450	#
474	850.783	268	277	492	#
475	1892.8	371	373	#
476	292.849	318	#
477	1953.69	47	71	141	157	244	247	#
478	707.263	61	#
479	610.052	432	#
480	494.465	108	#
481	609.58	236	#
482	640.204	449	#
483	461.868	29	#
484	1414.77	211	387	489	#
485	1798.65	306	479	#
486	472.829	202	451	#
487	2558.9	48	115	163	364	#
488	453.044	146	#
489	2825.43	153	207	318	#
490	1381.26	132	189	#
491	1480.24	161	320	#
492	1920	40	122	#
493	5873.47	27	130	272	311	350	389	459	#
494	1772.67	7	142	#
495	2383.84	91	278	301	#
496	1830.49	274	341	#
497	1166.35	104	312	447	#
498	1870.88	144	346	389	459	#
499	950.412	265	497	#
500	667.339	339	#
501	2030.47	304	333	344	#
502	1042.66	227	447	#
503	1030.77	87	152	341	394	#
504	1519.54	138	495	#
505	902.658	222	251	#
506	822.581	134	#
507	3414.27	38	44	173	183	299	376	#
508	486.538	138	#
509	1248.8	97	239	#
510	2188.21	15	269	281	297	#
511	894.507	394	#
512	1668.09	60	371	#
513	974.261	29	464	#
514	1776.8	87	424	#
515	745.575	77	#
516	1676.05	28	447	#
517	280.556	440	#
518	1424.13	287	460	#
519	1107.03	106	184	#
520	750.039	362	#
521	1720.68	371	408	#
522	1769.43	199	339	453	#
523	37.9382	342	#
524	2013.58	47	196	380	#
525	923.125	410	#
526	1715.01	64	471	#
527	1573.27	144	178	321	328	331	407	#
528	1750.76	150	497	#
529	362.429	469	#
530	599.319	464	#
531	2273.69	248	426	434	477	#
532	1753.57	39	244	289	#
533	633.186	351	#
534	244.98	262	#
535	2926.14	143	248	303	444	#
536	1958.88	133	140	146	312	350	#
537	1708.89	218	342	#
538	832.331	63	219	254	#
539	716.941	280	#
540	784.816	389	#
541	2175.57	8	108	314	394	434	#
542	1076.29	290	295	313	#
543	2402.75	20	54	303	#
544	1391.2	251	350	#
545	692.184	348	#
546	2420.53	127	211	244	#
547	4065.31	82	90	187	294	329	444	488	#
548	401.269	312	#
549	3088.28	11	119	321	454	#
550	757.287	385	#
551	790.534	374	#
552	3429.28	55	328	341	409	#
553	1666.6	52	147	212	382	453	#
554	685.199	476	#
555	923.652	334	#
556	930.859	43	407	#
557	487.902	274	279	361	#
558	2629.35	263	465	480	486	#
559	291.241	63	365	#
560	1025.66	48	238	#
561	599.48	98	#
562	9.85948	363	#
563	848.976	447	#
564	665.57	435	#
565	1746.37	312	411	#
566	1448.46	47	53	105	156	296	452	#
567	591.617	244	#
568	23.6124	422	#
569	2111.81	275	280	292	#
570	40.3726	188	#
571	1825.54	182	371	382	#
572	1461.94	171	176	268	404	#
573	2589.88	103	111	249	#
574	1621.15	5	98	421	#
575	1174.34	18	134	230	#
576	929.22	64	421	439	479	#
577	701.753	177	#
578	2552.19	21	124	197	418	#
579	843.746	17	306	343	#
580	640.435	238	#
581	672.968	403	#
582	962.193	132	405	#
583	849.105	45	182	313	#
584	658.92	152	#
585	1460.52	88	128	#
586	98.3364	92	#
587	254.49	367	#
588	1901.49	29	162	#
589	969.825	350	454	#
590	2505.88	146	186	254	476	#
591	406.685	357	440	#
592	1049.16	216	226	#
593	2411.07	191	278	343	372	#
594	4176.17	190	279	355	415	419	#
595	901.335	151	#
596	1425.03	26	101	107	215	438	494	#
597	1368.93	171	439	#
598	2256.39	39	181	267	#
599	1348.14	367	396	430	#
600	2926.33	39	85	86	166	218	361	#
601	1462.96	201	424	#
602	1083.29	15	231	#
603	761.486	293	435	#
604	693.946	119	#
605	858.805	267	#
606	1924.04	262	445	#
607	1116.28	309	460	#
608	1109.29	384	423	#
609	591.474	45	#
610	3079.44	4	31	53	186	#
611	513.629	316	#
612	1900.39	59	100	265	#
613	2331.82	25	126	176	#
614	2566.17	18	62	167	#
615	1627.77	101	112	147	#
616	336.432	166	#
617	797.209	78	222	#
618	981.315	15	244	#
619	194.028	322	#
620	921.863	26	#
621	1180.73	89	318	#
622	1764.78	214	319	#
623	688.364	308	#
624	1597.41	256	257	#
625	1104.81	8	196	278	299	353	#
626	1206.91	260	294	#
627	238.839	150	#
628	2037.72	54	305	442	#
629	1772.72	50	253	#
630	1971.79	202	483	#
631	3935.47	139	145	396	409	415	#
632	2284.84	17	70	451	486	#
633	1634.57	101	326	343	355	395	422	#
634	825.325	54	#
635	941.42	402	#
636	1069.62	175	205	#
637	1766.06	62	109	356	469	#
638	3140.38	173	241	366	414	#
639	2882.36	70	194	312	452	#
640	62.7193	48	#
641	1934.49	194	261	459	#
642	724.383	78	#
643	2570.64	41	65	301	#
644	1716.92	444	472	#
645	2003.86	4	168	214	311	#
646	337.209	173	#
647	5139.16	8	43	185	198	261	281	418	433	458	#
648	2521.03	58	175	309	438	#
649	2579.42	68	225	288	#
650	1086.28	140	189	#
651	367.52	419	#
652	566.201	0	#
653	1741.7	35	267	#
654	2548.4	27	256	419	#
655	1149.98	133	260	487	#
656	208.864	47	#
657	901.358	278	289	408	#
658	1715.95	221	274	#
659	1385.38	293	473	#
660	959.742	352	#
661	1187.36	196	283	458	#
662	3740.63	82	229	289	394	#
663	1456.61	269	331	#
664	159.857	282	#
665	933.757	74	#
666	671.053	113	#
667	1274.47	155	194	339	#
668	1426.57	58	210	282	295	319	350	453	#
669	3887.64	47	160	181	242	253	266	328	382	452	#
670	250.596	164	#
671	1203.19	121	362	406	448	#
672	986.238	38	139	197	#
673	1160.95	58	290	336	498	#
674	1299.83	71	428	469	#
675	34.609	94	359	#
676	847.432	388	#
677	797.3	313	435	#
678	844.164	465	#
679	1423.26	119	408	#
680	1605.17	54	208	#
681	1897.66	34	71	#
682	489.754	358	#
683	2718.06	39	227	381	#
684	1266.43	49	212	215	378	#
685	1343.64	66	209	376	#
686	63.2784	79	#
687	1500.37	140	167	258	315	342	442	#
688	950.574	489	#
689	483.101	276	#
690	4384.75	58	177	228	285	352	408	443	466	#
691	537.05	372	#
692	1785.27	32	489	#
693	1948.33	2	74	#
694	2308.27	32	188	225	#
695	1489.09	81	213	#
696	1546.65	73	144	#
697	1470.67	317	415	#
698	1295.42	93	175	326	#
699	2915.07	64	113	305	#
700	950.711	67	194	#
701	908.159	398	#
702	264.637	349	#
703	1880.33	44	227	465	#
704	2866.86	60	244	331	#
705	2552.51	34	92	270	#
706	885.334	247	#
707	1986.8	140	285	#
708	2479.67	119	124	287	491	#
709	1826.22	180	181	194	#
710	1065.9	252	476	489	#
711	1078.07	117	218	#
712	926.946	30	#
713	2883.72	246	344	402	#
714	1298.32	76	166	176	#
715	1908.51	486	499	#
716	1923.91	208	209	373	418	#
717	164.635	88	#
718	2861.67	86	290	344	#
719	747.204	1	#
720	1511.24	287	339	#
721	1697.92	203	321	#
722	1606.73	36	44	#
723	1809.77	233	429	#
724	2944.03	154	162	202	219	#
725	1304.57	274	378	#
726	848.917	331	#
727	2573.23	60	113	179	294	470	476	495	#
728	1836.1	13	439	#
729	3448.82	17	43	170	487	488	#
730	1415.2	54	170	330	366	491	#
731	837.205	296	482	#
732	376.656	75	#
733	2749.13	54	184	465	#
734	4941.4	123	233	262	373	385	388	#
735	752.283	423	#
736	479.882	148	#
737	1933.01	146	282	#
738	5823.94	238	252	360	387	391	457	#
739	276.319	210	#
740	1965.63	132	302	#
741	1461.94	303	495	#
742	1780.47	8	81	86	311	397	#
743	1753.43	31	190	278	300	#
744	1459.93	288	323	#
745	394.617	248	#
746	1595.34	5	161	490	#
747	744.848	263	#
748	492.859	32	172	#
749	970.85	226	423	#
750	1495.86	188	234	312	467	#
751	1634.59	331	380	#
752	1911.04	264	310	#
753	70.4351	274	#
754	1201.66	154	326	#
755	72.2682	34	#
756	992.973	446	#
757	964.722	354	380	#
758	866.303	272	#
759	982.715	97	320	#
760	645.581	304	#
761	3474.25	112	231	303	441	#
762	1587.53	54	356	401	#
763	1924.37	4	38	67	226	388	#
764	477.704	194	472	#
765	1635.88	387	483	#
766	3021.29	175	191	216	417	449	#
767	5501.15	46	133	175	217	308	466	484	#
768	1072.07	16	464	#
769	2538.73	295	333	460	#
770	2439.6	150	195	208	261	#
771	1665.63	11	79	133	145	309	354	409	#
772	830.178	452	#
773	4122.66	71	323	356	358	410	#
774	679.869	63	200	#
775	4278.6	5	85	337	429	494	#
776	686.003	429	#
777	2786.38	10	69	458	472	479	#
778	127.308	427	#
779	2587.85	115	142	303	#
780	5191.98	52	89	127	222	261	360	#
781	5374.33	7	33	105	225	240	415	420	#
782	641.578	311	#
783	2812.81	182	403	425	#
784	921.048	63	84	482	#
785	4563.72	27	136	341	381	468	#
786	1983.06	5	38	135	207	395	#
787	102.584	209	295	#
788	365.257	466	#
789	1588.56	8	379	#
790	2395.29	122	143	428	#
791	2529.84	24	28	127	239	317	356	404	#
792	1416.94	113	170	#
793	2735.35	121	261	430	#
794	1851.2	136	280	#
795	2058.19	43	95	354	#
796	803.775	55	209	423	495	#
797	1852.23	188	213	291	#
798	4242.31	63	89	113	249	271	376	#
799	1249.32	292	369	#
800	1446.87	196	234	254	#
801	1693.44	146	164	#
802	2295.07	9	29	191	#
803	2600.24	61	84	245	#
804	214.996	41	#
805	1598.74	327	463	#
806	2239.18	61	99	137	413	#
807	2697.49	17	94	280	442	#
808	409.025	51	75	#
809	2210.42	10	251	393	#
810	2001.49	94	298	467	#
811	142.508	448	#
812	1402.9	24	423	#
813	1920.42	132	346	#
814	4943.11	30	257	296	342	391	423	495	#
815	1877.73	366	367	431	#
816	804.447	174	#
817	1897.04	17	165	321	361	407	497	#
818	376.826	170	#
819	271.547	415	#
820	344.439	361	#
821	155.243	286	#
822	1886.19	21	376	409	#
823	1581.76	134	401	#
824	1026.59	26	79	#
825	2373.71	44	470	476	#
826	1286.43	184	204	#
827	1390.66	249	472	#
828	1159.51	86	427	#
829	5393.44	27	160	232	242	296	390	#
830	1038.47	14	97	147	333	481	#
831	1966.31	382	409	472	#
832	1666.86	60	424	472	483	#
833	400.715	497	#
834	1813.47	18	106	160	211	#
835	4963.98	120	159	169	258	403	467	#
836	1531.92	20	84	285	#
837	106.023	317	#
838	735.046	183	#
839	2208.72	293	358	415	#
840	2368.61	23	27	291	#
841	1426.56	89	122	#
842	1506.21	84	132	314	379	498	#
843	664.533	380	#
844	2348.76	15	22	140	165	227	257	339	#
845	6105.63	58	105	269	283	350	452	487	#
846	1262.62	212	271	#
847	1579.65	24	261	298	#
848	704.279	46	#
849	746.882	86	#
850	760.438	97	328	#
851	29.5667	365	#
852	3892.5	122	283	389	406	#
853	74.5839	292	#
854	2245.31	222	305	313	#
855	3245.02	41	93	154	162	#
856	1986.45	317	425	#
857	868.738	184	#
858	3611.25	90	213	329	351	#
859	334.436	160	#
860	568.345	111	#
861	1427.24	54	461	#
862	1599.21	36	37	61	309	431	453	#
863	530.462	408	#
864	1047.04	247	271	#
865	965.925	206	444	#
866	2812.15	119	321	384	#
867	1636.58	128	181	378	#
868	59.6808	424	#
869	193.821	157	477	#
870	1247.27	90	456	#
871	2693.8	253	275	386	#
872	1341.14	476	497	#
873	347.191	413	#
874	3899.09	50	262	412	477	#
875	290.698	357	383	#
876	4955.25	46	212	314	413	485	#
877	3845.03	128	290	361	485	#
878	58.0933	181	#
879	4343.93	149	163	284	386	395	453	#
880	178.43	211	#
881	4041.22	114	198	230	304	458	#
882	1154.04	48	76	120	183	208	295	333	383	#
883	1087.03	51	323	#
884	1311.46	43	388	423	427	#
885	1746.48	112	140	164	315	#
886	2613.68	2	219	239	#
887	985.422	198	408	#
888	5549.43	99	135	362	371	396	427	#
889	2220.27	30	32	110	202	207	#
890	146.168	296	#
891	232.116	246	#
892	3690.37	121	243	299	464	#
893	3638.41	102	108	443	459	#
894	1213.33	26	87	183	406	#
895	269.321	207	#
896	1601.77	72	76	#
897	1719.84	123	479	#
898	971.784	192	404	#
899	360.642	56	#
900	2280.66	13	68	119	424	#
901	1164.08	4	151	#
902	1858.61	245	434	483	#
903	2341.12	44	259	316	479	#
904	2143.35	9	51	69	205	217	363	#
905	4044.06	138	153	407	415	436	494	499	#
906	809.474	478	#
907	2951.46	15	189	353	#
908	2701.2	30	78	171	226	342	347	460	471	#
909	990.004	32	107	144	#
910	1347.58	164	188	#
911	1192.88	151	364	#
912	585.506	165	#
913	1588.69	102	111	284	344	393	428	#
914	1554.92	216	381	#
915	1832.78	325	416	#
916	1774.7	109	330	#
917	3138.83	63	222	279	310	#
918	2265.8	111	120	133	182	443	#
919	285.298	17	#
920	1153.23	66	324	#
921	685.068	25	107	#
922	957.635	252	456	#
923	3686.79	8	166	315	373	#
924	224.665	467	#
925	1657.98	1	206	325	#
926	1937.73	91	141	280	367	437	488	#
927	1300.09	19	176	#
928	1890.68	2	26	265	266	396	#
929	335.324	382	#
930	3519.1	37	41	292	333	391	#
931	1157.63	18	201	#
932	3975.4	6	185	204	331	446	#
933	1897.83	244	289	312	#
934	2319.96	114	135	196	263	#
935	1860.35	357	469	#
936	2225.92	72	112	156	253	268	#
937	311.133	212	#
938	1408.78	59	294	#
939	132.391	356	#
940	513.075	4	245	#
941	1717.82	59	81	123	174	268	441	#
942	29.4804	11	#
943	2277.87	116	215	249	438	#
944	1397.41	3	174	349	#
945	2236.59	54	118	167	314	#
946	526.633	458	#
947	1104.74	220	350	451	463	#
948	1862.46	43	71	180	#
949	4624.33	39	88	92	205	261	323	#
950	1175.78	14	311	#
951	704.464	361	418	#
952	2373.22	25	269	277	323	366	#
953	2498.44	117	269	283	394	#
954	278.86	109	279	#
955	2033.55	114	123	201	#
956	1247.58	100	242	248	#
957	3429.35	93	151	223	355	437	#
958	1581.21	137	415	#
959	2744.35	2	38	164	305	#
960	5063.7	84	105	147	323	450	475	498	#
961	2419.89	49	75	181	#
962	1346.8	12	165	186	196	249	296	305	476	489	#
963	8728.66	95	99	204	208	230	301	321	343	496	#
964	1489.07	50	196	346	#
965	1877.04	104	129	#
966	1381.01	127	153	236	309	322	339	494	#
967	1399.28	120	323	#
968	38.8648	100	#
969	1775.28	77	276	#
970	83.2478	110	#
971	3749.09	92	110	130	270	#
972	8.82126	295	#
973	1394.84	212	233	#
974	3040.66	207	225	274	305	397	459	#
975	1913.35	115	144	211	296	406	426	456	493	#
976	621.172	459	#
977	1208.17	259	290	#
978	1609.26	18	130	182	#
979	1106.03	166	312	#
980	1886.79	111	246	421	#
981	1748.26	73	231	264	#
982	724.952	161	#
983	1288.02	19	193	209	#
984	277.882	307	#
985	3993.89	84	178	319	328	443	#
986	943.542	66	68	321	#
987	2169.07	163	199	337	391	495	#
988	1453.71	64	190	445	#
989	1711.19	127	267	409	#
990	3295.57	111	180	291	356	411	#
991	465.24	442	#
992	897.108	162	#
993	598.712	241	#
994	780.643	406	#
995	755.59	314	463	#
996	655.419	110	326	#
997	2510.7	7	49	119	#
998	1456.45	338	447	#
999	3895.18	6	93	98	267	484	#
