%% File generated by CATS v.2.1Mon Jul  4 11:09:38 2011

%% The CATS webpage is http://robotics.stanford.edu/CATS

%% PARAMETER SETTINGS:
% Goods: 256; Bids: 1000; Distribution: L4; Runs: 1; Seed: 1309806930
% Legacy distribution parameters:
% Number of goods chosen according to Decay distribution (alpha = 0.55).
% Price chosen according to Linear Random distribution (low_linearly = 1, high_linearly = 1000).


goods 256
bids 1000
dummy 0

0	796.436	83	#
1	908.968	101	#
2	876.619	182	#
3	1754.79	71	184	234	#
4	441.134	221	#
5	979.645	205	#
6	2695.97	82	107	115	116	155	229	#
7	2883.82	144	167	189	#
8	784.662	72	#
9	1793.69	0	114	119	130	154	#
10	901.728	197	#
11	903.159	113	#
12	1070.48	154	178	#
13	996.375	164	#
14	973.906	158	#
15	708.126	171	#
16	841.713	241	#
17	678.643	239	#
18	2401	37	96	169	215	#
19	997.863	9	172	#
20	909.979	132	#
21	734.888	155	#
22	1966.44	193	230	#
23	815.942	19	#
24	869.695	189	#
25	991.841	16	147	159	#
26	841.804	243	#
27	989.481	115	#
28	28.8688	75	#
29	848.919	22	#
30	925.467	172	#
31	783.304	229	#
32	996.435	44	#
33	1780.43	2	241	#
34	1269.72	162	188	#
35	1631.34	44	134	197	#
36	1737.44	18	26	37	92	184	#
37	757.982	124	#
38	934.963	202	#
39	1907.09	91	103	#
40	1524.07	0	210	#
41	777.325	28	#
42	1397.78	73	225	#
43	1612.5	11	137	247	#
44	3210.79	14	36	42	85	174	185	229	#
45	586.326	34	#
46	853.97	57	#
47	508.912	153	#
48	677.714	245	#
49	933.228	216	#
50	1140.34	59	235	#
51	2282.11	23	97	127	#
52	2858.43	2	24	35	37	64	71	73	106	153	186	235	#
53	1543.44	194	215	#
54	995.293	71	#
55	702.14	148	#
56	1180.06	214	254	#
57	801.051	116	#
58	1017.62	141	176	199	#
59	638.549	40	#
60	1871.36	32	224	242	249	#
61	2459.44	87	175	245	254	#
62	893.407	35	#
63	1125.23	84	103	131	172	#
64	774.444	52	#
65	1779.64	73	170	#
66	997.069	173	#
67	650.798	20	#
68	359.988	160	#
69	989.628	149	#
70	2875.71	61	86	94	110	174	238	#
71	1145.99	106	157	181	227	#
72	3517.6	26	93	109	120	#
73	735.601	190	#
74	1890.26	122	183	#
75	3938.88	178	229	235	251	#
76	794.523	237	#
77	1943.61	28	120	198	212	#
78	2845.49	91	140	184	#
79	981.732	157	#
80	464.286	251	#
81	968.554	255	#
82	679.03	73	#
83	3022.59	30	146	147	225	#
84	896.363	6	#
85	1862.55	122	147	184	#
86	651.523	37	#
87	1871.74	13	151	#
88	712.183	163	#
89	1099.47	18	38	100	#
90	943.115	161	#
91	2819.13	134	160	177	#
92	2540.08	92	118	190	#
93	1780.6	121	187	#
94	736.9	95	#
95	907.689	154	#
96	1615.71	101	106	#
97	2585.31	95	115	167	#
98	724.579	81	#
99	877.058	235	#
100	979.173	191	#
101	664.585	104	#
102	943.874	87	#
103	3820.04	10	65	103	184	251	#
104	963.109	59	#
105	1224.69	46	155	201	#
106	1181.33	93	125	#
107	816.622	226	#
108	2696.31	5	37	68	229	#
109	1107.95	60	69	147	215	#
110	780.056	24	#
111	906.891	208	#
112	599.41	64	#
113	947.214	88	#
114	732.002	60	#
115	984.186	136	#
116	961.505	23	#
117	709.124	48	#
118	996.315	53	#
119	654.99	209	#
120	1016.67	112	147	#
121	804.404	14	#
122	562.292	252	#
123	3240.86	66	97	162	218	#
124	848.164	54	#
125	832.289	100	#
126	1903.51	38	89	#
127	3103.09	8	46	62	86	94	131	132	153	#
128	2169.18	123	222	235	#
129	2305.87	61	191	196	203	#
130	1437.16	76	85	#
131	393.182	201	#
132	2371.4	4	31	125	206	229	#
133	1097.53	243	252	#
134	996.957	253	#
135	2980.86	54	77	172	199	207	210	#
136	895.257	119	#
137	1473.7	181	241	#
138	585.07	186	#
139	1914.32	8	100	#
140	2395.1	22	58	172	218	234	#
141	363.017	5	#
142	865.49	150	#
143	1500.14	62	68	76	#
144	776.607	254	#
145	469.914	248	#
146	1132.29	104	150	#
147	906.192	111	#
148	1895.16	148	168	#
149	863.738	50	#
150	2891.12	12	38	93	232	253	#
151	887.837	51	#
152	1899.32	64	183	254	#
153	1029.18	177	231	#
154	789.005	170	#
155	4518.32	80	96	173	210	228	#
156	1480.99	28	222	#
157	749.71	46	#
158	658.139	77	#
159	966.967	103	#
160	909.894	120	#
161	940.655	140	#
162	876.445	39	#
163	3562.92	34	75	161	189	193	215	#
164	1434.58	106	127	#
165	558.646	117	#
166	703.576	135	#
167	895.192	141	#
168	3012.14	14	17	22	54	255	#
169	945.087	227	#
170	2989.92	9	108	168	224	#
171	859.616	85	#
172	1524.07	78	80	250	#
173	1066.1	13	31	100	200	210	#
174	2460.9	52	109	206	#
175	1733.81	75	158	#
176	3872.2	51	58	71	198	#
177	693.763	42	#
178	944.893	2	#
179	3477.59	111	126	148	180	186	233	243	#
180	997.923	168	#
181	532.325	29	#
182	837.424	79	#
183	939.258	236	#
184	1064.73	2	55	#
185	952.756	250	#
186	938.469	212	246	252	#
187	2371.97	59	98	166	199	201	#
188	502.194	86	#
189	972.125	96	#
190	3020.75	47	73	181	217	#
191	924.544	118	#
192	3511.42	4	5	187	192	#
193	2777.06	62	120	177	186	226	237	#
194	1862.79	135	154	#
195	2098.3	59	174	231	#
196	901.58	174	#
197	2212.04	16	126	247	#
198	1566.57	221	252	#
199	747.707	122	223	#
200	3600.95	19	110	136	149	232	#
201	2079.14	101	171	222	#
202	4561.69	32	69	174	211	237	#
203	866.417	146	#
204	5280.12	23	131	159	237	245	253	#
205	1582.51	133	188	#
206	1789.38	11	57	#
207	2285.63	28	120	126	#
208	1376.61	32	200	241	#
209	953.016	162	#
210	872.799	25	#
211	772.251	70	#
212	975.414	36	#
213	1895.1	22	87	100	117	190	#
214	1249.27	54	195	214	#
215	2145.52	52	120	148	175	180	181	#
216	10342.4	2	3	7	23	40	52	105	119	172	207	212	#
217	1824.7	70	159	#
218	772.843	94	#
219	952.948	99	#
220	1626.64	126	191	242	#
221	1352.03	2	187	#
222	628.491	31	#
223	979.21	110	#
224	2626.24	114	150	226	#
225	954.573	126	#
226	2523.14	95	117	174	#
227	2067.87	117	143	231	251	#
228	2128.02	69	80	122	#
229	1462.57	74	84	#
230	1413.53	152	209	#
231	1595.34	41	227	#
232	773.613	67	#
233	572.328	217	#
234	1387.42	180	186	#
235	570.021	107	#
236	1913.34	5	23	#
237	350.245	61	#
238	932.697	183	#
239	725.027	10	#
240	280.595	122	#
241	2170.99	102	229	255	#
242	1588.66	10	236	#
243	973.142	143	#
244	1603	26	153	#
245	1544.95	15	157	209	#
246	306.42	129	#
247	5800.77	53	80	84	118	156	171	215	#
248	888.814	20	57	#
249	747.864	137	#
250	3758.47	51	54	140	172	226	#
251	1103.95	65	86	231	#
252	2787.62	16	120	230	249	#
253	969.755	159	#
254	757.614	76	#
255	814.983	246	#
256	1869.18	25	184	190	#
257	866.112	74	#
258	999.739	56	#
259	770.224	211	#
260	877.217	33	#
261	1654.82	67	218	#
262	805.828	106	#
263	3303.75	29	79	95	107	167	175	247	#
264	744.208	40	148	#
265	1392.45	101	154	209	#
266	430.982	41	#
267	1954.57	56	159	#
268	922.079	45	#
269	972.33	198	#
270	2028.21	131	244	252	#
271	900.66	30	#
272	859.964	89	#
273	1962.16	153	162	#
274	2294.08	176	189	201	#
275	4417.39	50	164	208	224	239	243	#
276	794.27	104	169	230	#
277	1132.39	62	163	#
278	1004.87	2	86	#
279	774.32	138	#
280	1508.48	31	119	228	#
281	2761.81	18	67	109	#
282	1576.68	195	251	#
283	784.756	98	#
284	1962.51	70	218	230	233	#
285	999.914	40	102	125	159	247	#
286	742.763	230	#
287	897.145	176	#
288	2683.98	41	64	187	#
289	1187.08	67	97	176	#
290	1881.99	17	31	#
291	613.951	180	#
292	3233.98	15	47	61	196	200	#
293	1211.55	51	109	157	172	#
294	3128.98	66	95	98	132	146	180	218	#
295	808.152	210	#
296	889.444	92	#
297	1858.52	202	253	#
298	933.325	84	#
299	1213.38	130	189	#
300	5837.19	37	44	54	76	139	230	#
301	1168.27	38	95	161	254	#
302	5876.7	5	35	72	156	178	213	#
303	743.55	121	#
304	1216.86	201	240	#
305	4234.02	9	105	149	151	178	#
306	4444.32	10	28	174	218	235	#
307	4808.35	42	139	164	216	220	235	#
308	1533.52	96	249	#
309	1021.63	82	126	#
310	1896.46	107	184	#
311	1614.28	78	135	#
312	1859.04	15	29	168	#
313	789.541	204	#
314	2623.72	19	22	107	249	252	#
315	1695	96	102	#
316	854.855	177	#
317	1677.2	44	78	90	230	#
318	1897	70	230	#
319	869.406	203	#
320	833.861	112	#
321	786.729	134	180	#
322	1200.48	81	217	#
323	900.239	133	#
324	927.154	234	#
325	1119.43	83	147	#
326	926.709	65	#
327	1005.68	11	161	200	241	#
328	2758.42	60	83	178	223	#
329	661.329	4	#
330	956.8	206	#
331	720.083	247	#
332	1318.28	36	247	#
333	871.414	194	#
334	1866.93	10	207	#
335	1915.38	35	105	189	208	232	#
336	4040.71	8	71	100	180	192	#
337	2285.27	80	229	252	#
338	906.899	58	#
339	904.452	21	#
340	4412.31	26	103	125	154	239	#
341	996.597	141	224	#
342	411.045	125	#
343	2626.24	70	131	196	222	#
344	2909.04	12	32	251	#
345	1089.78	248	252	#
346	943.086	50	186	#
347	2433.1	33	97	206	245	#
348	1005	154	248	#
349	991.133	80	#
350	2346.69	36	71	192	#
351	2072.44	34	40	167	#
352	2981.79	88	166	255	#
353	3841.8	72	76	166	189	#
354	13790.3	9	24	180	91	172	200	196	2	80	213	236	183	36	5	#
355	644.542	200	#
356	289.413	156	#
357	1816.21	85	196	#
358	1651.86	67	126	210	#
359	1930.2	15	61	183	231	#
360	1211.71	21	153	218	#
361	5847.51	47	77	86	89	109	193	#
362	782.545	9	#
363	1641.78	39	116	#
364	2780.24	138	201	236	243	#
365	2974.41	74	182	248	#
366	1115.26	33	82	#
367	479.235	249	#
368	1287.1	29	64	#
369	986.309	188	#
370	921.566	130	#
371	850.971	167	#
372	2256.14	68	78	80	184	#
373	975.807	184	#
374	1753.48	88	214	#
375	865.62	145	#
376	1607.41	69	135	#
377	967.102	82	#
378	873.118	178	#
379	2124.58	72	212	255	#
380	6363.94	15	25	49	96	140	158	176	195	200	205	#
381	2432.11	66	191	229	#
382	876.009	94	220	#
383	7444.9	47	96	127	134	139	142	159	177	#
384	1564	23	253	#
385	1098.9	44	231	#
386	2201.05	153	233	238	#
387	977.397	18	#
388	959.47	219	#
389	3120.38	22	132	141	175	#
390	720.456	232	#
391	727.399	131	#
392	1096.98	123	135	#
393	2447.03	162	211	241	#
394	3199.47	9	70	111	119	138	#
395	2103.24	33	45	126	191	#
396	2372.54	35	128	234	#
397	2153.77	33	92	96	#
398	1199.34	11	28	92	#
399	1051.16	134	171	#
400	2531.14	107	220	230	#
401	859.088	195	#
402	818.928	90	#
403	1380.95	87	89	114	194	202	#
404	1296.33	12	113	215	254	#
405	1698.96	91	205	246	252	#
406	738.327	224	#
407	3074.44	27	59	143	156	207	#
408	3363.27	78	90	102	114	#
409	2670.49	128	157	207	#
410	2485.48	16	119	170	#
411	1183.17	29	133	#
412	4698.19	27	35	59	153	161	#
413	1914.85	49	227	#
414	5714.39	17	25	107	148	178	208	#
415	1261.22	31	103	#
416	797.73	228	#
417	1156.29	52	80	#
418	1723.43	100	160	181	#
419	1815.91	57	111	149	#
420	829.409	78	90	#
421	1596.17	80	110	157	#
422	876.524	8	#
423	2224.47	153	206	251	#
424	1526.51	31	32	89	93	166	247	#
425	1300.04	74	76	#
426	1979.99	86	144	#
427	1317.08	98	191	#
428	1960.52	138	229	242	#
429	2965.13	37	95	150	167	#
430	2216.67	10	68	102	109	169	191	223	#
431	1281.43	105	130	209	#
432	995.699	26	#
433	1873.52	75	246	252	#
434	1685.03	70	205	#
435	657.363	214	#
436	1656.48	108	220	254	#
437	1789.34	40	45	83	168	#
438	1856.26	80	206	#
439	1819.9	143	166	#
440	1202.6	130	211	#
441	2039.86	16	57	134	234	#
442	2497.66	100	139	157	#
443	617.234	244	#
444	1627.54	79	202	241	#
445	712.104	233	#
446	1368.24	93	140	#
447	3163.09	2	120	131	162	#
448	1635.84	120	248	#
449	924.006	196	#
450	8612.63	7	9	48	119	185	190	196	236	249	#
451	1367.26	134	174	#
452	2143.57	42	186	253	#
453	2039.68	38	52	157	170	181	221	246	#
454	1442.96	236	249	#
455	585.872	151	#
456	2328.59	70	132	162	#
457	1228.07	159	225	#
458	3790.87	106	201	207	252	#
459	981.367	123	#
460	1569.06	4	223	#
461	682.889	55	#
462	1382.15	35	230	#
463	2390.95	217	221	237	#
464	574.738	185	#
465	4461.27	76	109	167	168	231	#
466	1409.37	111	167	#
467	1689.13	64	77	#
468	1567.75	180	215	#
469	2451.5	4	92	166	#
470	1490.54	112	114	#
471	2119.18	1	31	187	#
472	2788.01	15	65	183	200	#
473	998.66	11	#
474	998.116	32	#
475	8771.91	9	12	30	76	88	115	192	198	226	#
476	587.166	193	#
477	984.438	49	84	#
478	986.898	242	#
479	952.199	38	#
480	1379.33	51	144	211	#
481	950.987	215	#
482	726.742	43	#
483	906.564	102	#
484	965.185	13	#
485	1594.17	76	232	#
486	2132.6	26	37	55	148	#
487	3192.62	13	96	107	114	#
488	1984.64	113	204	249	#
489	2416.85	32	35	39	129	#
490	537.38	68	134	#
491	872.317	187	#
492	2791.04	108	109	114	200	#
493	1839.4	36	66	#
494	715.382	49	#
495	1090.75	94	106	#
496	1612.53	182	226	#
497	2350.09	24	44	156	#
498	1607.85	34	149	191	#
499	1491.83	187	220	#
500	2647.9	48	137	205	#
501	1995.97	131	188	#
502	1066.64	18	19	#
503	1427.91	9	24	94	196	#
504	2490.13	59	126	138	179	180	219	224	#
505	1901.55	38	72	216	232	#
506	1639.05	61	82	191	#
507	801.5	62	#
508	1369.93	157	239	#
509	783.402	147	#
510	847.823	218	#
511	1133.53	115	168	241	#
512	1783.68	211	243	#
513	2858.31	33	180	241	#
514	658.978	222	#
515	2537.86	6	65	71	99	232	#
516	2424.32	20	21	60	67	187	196	220	245	#
517	322.968	47	#
518	5364.58	17	86	94	136	174	209	#
519	1401.07	142	245	249	#
520	2860.98	42	108	113	168	#
521	1315.95	50	224	#
522	1754.33	107	167	186	#
523	2377.02	5	62	225	#
524	2840.25	55	192	231	#
525	1331.38	63	86	#
526	1739.73	11	30	52	149	203	#
527	1885.68	70	150	#
528	1908.8	24	152	#
529	4358.53	78	162	191	230	236	#
530	429.917	238	#
531	1124.93	34	116	121	#
532	1416.04	72	237	#
533	2174.04	71	159	235	#
534	1582.83	73	232	238	#
535	562.151	27	#
536	4366.54	42	73	110	160	165	#
537	732.601	105	#
538	1992.71	116	137	168	206	#
539	1598.53	34	218	#
540	3698.33	94	121	180	187	#
541	2696.78	84	170	199	#
542	1982.09	205	206	#
543	1991.11	38	108	171	#
544	1377.56	36	226	#
545	2979.65	2	163	181	#
546	1039.15	104	110	#
547	1482.89	40	78	#
548	923.966	114	#
549	239.49	165	#
550	182.377	231	#
551	1386.92	30	40	#
552	1570.25	240	241	#
553	1687.67	73	182	#
554	2489.62	37	117	133	181	#
555	2358.78	118	180	197	#
556	1025.8	199	204	#
557	1841.58	155	234	#
558	1266.7	4	118	#
559	1527.72	59	189	#
560	2884.84	30	193	201	#
561	409.862	213	#
562	4144.87	13	60	88	144	183	222	223	#
563	1266.03	101	184	238	#
564	1611.29	21	38	75	#
565	2907.86	115	134	153	#
566	1439.82	10	50	159	231	234	239	#
567	1402.04	217	231	#
568	431.348	17	#
569	1584.97	1	97	#
570	2911.38	34	62	65	#
571	1658.45	90	201	#
572	3975.52	26	52	175	184	193	223	#
573	644.086	240	#
574	3374.05	43	110	166	183	246	#
575	819.931	116	169	#
576	1076.22	123	170	255	#
577	1801.96	42	43	#
578	1471.93	165	174	201	221	223	#
579	2848.56	43	51	87	117	#
580	2044.16	55	221	250	#
581	1612.39	63	185	#
582	1663.42	123	153	217	#
583	2351.86	26	44	199	#
584	713.233	169	#
585	4821.37	12	60	109	111	205	206	#
586	1320.23	29	34	#
587	1861.46	38	188	#
588	1939.88	249	251	#
589	1985.93	152	207	#
590	1355.81	80	108	#
591	600.818	66	#
592	848.884	166	#
593	2581.36	189	217	249	#
594	878.935	166	192	#
595	1527.83	38	50	53	182	#
596	1978.13	9	20	50	136	#
597	1708.49	181	207	#
598	1300.89	23	95	#
599	1420.13	7	198	#
600	1792.8	59	81	#
601	1256.66	38	246	#
602	59.8327	109	#
603	906.846	128	#
604	2322.95	0	137	143	#
605	954.393	141	170	#
606	949.116	62	161	#
607	950.799	68	146	#
608	3166.38	11	40	112	124	#
609	1133.1	26	46	#
610	720.692	63	#
611	1544.74	117	176	#
612	849.143	9	70	#
613	2556.52	2	11	48	102	111	220	249	#
614	3515.21	82	83	204	216	#
615	2883.81	29	137	225	#
616	1378.31	177	242	#
617	3720.72	87	126	137	139	#
618	495.442	192	#
619	794.146	201	229	#
620	2316.43	99	170	214	#
621	1361.14	16	39	221	#
622	1793.56	69	119	132	#
623	4319.07	178	191	203	232	246	#
624	515.254	7	109	#
625	1093.84	98	209	#
626	184.488	144	#
627	1902.91	105	147	181	#
628	2953.65	21	87	129	196	#
629	1254.24	134	231	#
630	1908.44	31	111	187	#
631	1340.88	31	82	206	#
632	3777.59	36	159	203	222	#
633	1816.45	42	202	#
634	1832.85	10	213	#
635	1813.57	207	233	#
636	1515.04	122	252	#
637	1190.87	19	66	199	237	#
638	1811.77	10	52	#
639	1446.62	22	52	65	#
640	1085.32	80	121	#
641	562.661	78	#
642	1747.24	85	253	#
643	1845.13	171	230	#
644	1467.82	20	42	198	239	#
645	1153.57	45	147	226	228	#
646	1536.7	11	123	178	214	#
647	911.664	117	152	#
648	2337.06	114	170	218	#
649	1143.26	8	32	136	#
650	847.5	108	#
651	3077.62	45	106	140	182	183	187	197	222	228	#
652	1286.6	39	243	251	#
653	2613.66	96	97	221	#
654	1143.23	60	183	190	#
655	676.812	199	#
656	2337.87	20	37	87	107	150	207	218	242	#
657	886.095	37	50	241	#
658	2319.59	93	120	169	#
659	1134.39	9	105	#
660	1130.11	17	159	#
661	699.195	4	186	#
662	800.716	225	#
663	440.454	139	#
664	1504.7	9	192	#
665	1239.63	143	217	#
666	1232.28	29	76	84	219	#
667	1416.43	108	115	145	#
668	2476.73	15	135	244	#
669	724.085	86	104	#
670	1874.23	33	79	167	195	#
671	1148.53	35	255	#
672	1235.05	74	80	#
673	1659.2	105	111	142	200	#
674	2698.41	129	169	184	#
675	1559.37	16	33	#
676	1178.46	67	111	#
677	3155.23	2	38	40	106	123	237	#
678	1079.79	86	171	217	#
679	996.325	67	136	176	224	#
680	1625.92	112	222	#
681	1889.69	117	174	#
682	7914.21	23	38	53	62	63	127	139	146	149	160	199	#
683	1319.09	70	151	#
684	4909.17	20	52	93	110	143	157	#
685	1190.13	90	244	#
686	2077.47	49	153	159	#
687	982.935	185	217	#
688	2650.9	79	124	138	197	216	#
689	1825.94	142	255	#
690	1504.79	52	121	#
691	2783.74	6	58	80	236	#
692	1368.72	186	189	#
693	2301.36	76	110	230	236	#
694	3977.34	4	147	178	249	#
695	2752.19	19	158	247	#
696	2939.99	105	221	249	#
697	2878.68	70	125	132	#
698	907.66	20	90	#
699	780.824	144	212	#
700	781.038	12	47	#
701	2746.98	187	240	254	#
702	1330.21	35	79	152	#
703	1951.71	105	187	#
704	2135.45	28	133	190	#
705	851.532	179	#
706	2858.57	120	158	164	#
707	942.021	181	#
708	2787.05	146	184	242	#
709	1843.82	92	212	237	240	#
710	411.73	16	#
711	5562.74	20	26	31	58	60	64	100	105	136	151	163	167	#
712	1911.26	116	123	136	203	238	246	#
713	1115.5	30	154	#
714	2782.03	23	85	153	202	241	#
715	999.449	137	173	#
716	1281.84	60	82	110	113	129	#
717	1261.96	165	191	#
718	1531.66	37	104	115	#
719	1551.15	96	130	181	196	255	#
720	2223.81	137	214	237	#
721	1078.71	157	162	#
722	6298.57	28	35	68	82	133	154	198	217	#
723	2248.17	160	202	226	#
724	1022.28	1	8	78	#
725	5253.71	64	134	156	159	165	195	#
726	1419.05	159	221	#
727	1816.85	23	30	176	236	#
728	1813.89	174	210	#
729	2074	1	133	178	#
730	1412.84	143	167	#
731	2459.7	176	220	247	#
732	1409.7	85	116	#
733	2549.05	54	76	184	#
734	1286.23	79	207	#
735	2181.68	153	155	170	#
736	1683.94	22	58	#
737	2553.43	84	197	204	#
738	3212.45	144	200	206	252	#
739	1619.61	146	222	#
740	9701.27	29	57	101	115	151	159	163	179	216	219	237	#
741	3118.26	178	194	196	199	202	205	#
742	4635.41	14	15	21	71	77	120	159	#
743	1454.74	225	249	#
744	1482.94	81	104	209	#
745	1542.99	34	51	#
746	1336.02	3	37	72	#
747	2160.46	31	187	250	#
748	1363.72	7	121	251	#
749	2119.68	41	97	134	#
750	5300.84	102	120	164	231	234	246	#
751	577.603	175	#
752	2912.71	70	102	112	203	#
753	1761.07	36	87	#
754	2816.92	133	143	184	#
755	1162.03	185	237	#
756	2066.73	53	142	170	254	#
757	1481.89	200	210	229	#
758	993.909	186	255	#
759	2514.73	41	51	208	212	#
760	1961.67	26	100	109	125	214	#
761	655.323	97	#
762	1515.56	71	214	#
763	1163.33	94	152	#
764	1441.75	33	85	#
765	1699.63	14	28	166	238	#
766	2928.69	14	121	218	#
767	2506.9	119	138	242	#
768	1502.43	38	97	103	111	139	#
769	2526.85	66	76	243	#
770	570.704	223	#
771	1485.88	22	173	#
772	1386.67	128	170	#
773	2767.87	104	146	229	#
774	2613.97	130	190	202	226	#
775	793.016	0	#
776	3370.05	110	123	145	150	189	#
777	2460.41	26	64	131	165	204	247	252	#
778	1005.29	44	108	122	#
779	1896.88	36	228	#
780	1673.87	116	129	#
781	1333.09	32	134	#
782	1829.82	15	27	210	#
783	3358.51	77	85	91	119	#
784	4650.96	34	81	164	203	225	#
785	1267.01	102	161	#
786	3547.32	141	198	211	243	#
787	1569.64	44	157	#
788	1615.45	158	217	#
789	2974.82	56	64	187	#
790	1942.56	28	29	172	210	#
791	5589.92	15	24	40	113	206	213	229	237	#
792	1585.04	71	146	199	#
793	737.743	209	251	#
794	2449.38	66	116	177	#
795	2855.06	82	116	126	#
796	2273.49	16	64	78	100	120	191	217	255	#
797	2696.44	26	48	231	#
798	1623.53	44	54	#
799	1518.49	7	27	#
800	1894.57	66	92	133	#
801	1317.23	61	87	#
802	1580.71	119	120	129	#
803	1406.89	17	233	#
804	1412.9	110	135	#
805	1722.17	21	125	#
806	3922.13	15	106	167	240	#
807	959.88	142	#
808	2253.96	7	68	148	#
809	1016.93	88	179	#
810	1278.17	16	254	#
811	1422.32	18	221	#
812	1725.78	25	49	235	#
813	1911.51	55	135	#
814	1043.65	117	221	#
815	1128.99	157	186	#
816	2015.6	17	79	117	154	230	#
817	1857.2	5	24	25	63	151	217	#
818	1245.69	50	183	213	#
819	827.803	19	213	230	#
820	2413.87	38	144	250	#
821	5957.75	5	16	37	156	216	247	254	#
822	1570.51	124	221	#
823	1825.7	4	196	#
824	1547.08	39	212	#
825	1413.16	181	206	#
826	2459.27	33	58	235	#
827	1912.94	47	158	#
828	2267.33	16	48	66	189	204	#
829	338.803	12	#
830	1479.29	154	194	#
831	2764.81	32	182	230	#
832	1325.3	37	220	#
833	4911.36	19	117	174	176	248	#
834	1561.71	31	149	#
835	2478.48	31	78	134	220	223	#
836	3419.72	2	48	246	255	#
837	1458.33	79	183	#
838	1791.46	15	67	#
839	1498.08	45	77	168	#
840	1802.18	32	73	#
841	1545.45	109	145	#
842	2765.26	22	54	59	233	#
843	1031.64	0	76	150	#
844	477.222	69	#
845	2460.95	45	169	240	#
846	2555.57	19	107	112	158	228	244	246	#
847	1430.31	1	118	#
848	1588.62	8	22	225	#
849	2100.99	43	56	141	212	#
850	2884.92	97	139	232	#
851	3355.92	100	161	218	251	254	#
852	8275.34	37	62	91	100	123	163	164	207	223	#
853	6253.73	24	93	112	122	177	214	230	#
854	4515.43	8	12	38	106	169	#
855	2315.97	49	173	204	#
856	1791.16	85	136	139	#
857	2903.27	7	49	78	#
858	1420.32	74	161	200	#
859	1249.44	65	90	122	166	255	#
860	1627.7	9	101	#
861	1830.23	49	211	#
862	1935.89	87	200	#
863	1367.27	97	115	#
864	831.685	9	76	107	152	#
865	1742.44	141	189	#
866	1886.19	141	195	#
867	1072.32	27	73	92	118	233	245	#
868	1809.47	110	206	#
869	4879.64	5	108	119	140	144	152	174	203	205	240	243	#
870	1534.14	110	180	#
871	1481.64	21	60	88	221	#
872	2613	40	91	146	#
873	2716.13	121	230	235	#
874	4953.56	1	113	133	165	247	#
875	2434.03	51	117	178	#
876	1243.48	35	137	161	#
877	1882.38	19	74	#
878	984.702	68	104	122	#
879	1253.31	58	156	#
880	1891.08	122	164	#
881	1862.96	72	92	230	#
882	2971.22	16	18	23	42	133	143	228	#
883	300.74	212	#
884	1465	189	232	#
885	1530.63	0	209	#
886	1357.96	136	247	#
887	2864.46	25	59	117	121	#
888	3627.41	5	83	142	252	#
889	821.018	224	245	#
890	2329.34	118	135	155	#
891	1110.06	49	186	254	#
892	2922.19	22	50	81	130	195	255	#
893	1790.97	7	101	#
894	1155.86	14	47	76	#
895	1778.66	104	189	#
896	1789.86	173	224	#
897	1547.49	13	81	#
898	1523.29	72	236	#
899	3017.72	84	168	203	211	#
900	1675.3	41	45	68	80	122	168	209	#
901	813.169	48	55	#
902	5361.94	8	11	26	44	47	144	165	239	#
903	2817.96	7	15	16	84	87	97	134	153	254	#
904	1870.69	71	160	231	#
905	6556.2	36	88	92	116	206	207	215	226	#
906	1180.77	72	143	#
907	1475.3	124	241	#
908	2519.42	139	214	250	#
909	1837.64	86	100	218	#
910	1491.44	187	249	#
911	2086.57	197	201	233	#
912	1037.3	2	28	#
913	1649.61	34	136	140	175	209	250	#
914	2905.99	75	107	148	#
915	1211.02	66	108	170	200	#
916	1977.95	139	250	#
917	1579.26	54	151	#
918	1796.43	77	114	117	143	173	195	#
919	1719.73	112	236	#
920	957.904	42	172	#
921	1542.76	53	116	#
922	1887.64	94	114	253	#
923	1810.94	23	68	188	206	212	224	237	242	#
924	1120.92	215	240	252	#
925	1877.84	211	215	253	#
926	2448.63	13	49	193	#
927	2674.39	29	100	186	203	#
928	184.797	127	#
929	1769.99	29	69	166	245	#
930	1606.5	115	205	#
931	1205.46	11	23	38	48	201	#
932	1472.84	10	103	218	#
933	2256.86	50	168	222	#
934	9860.88	7	33	88	132	135	185	205	207	223	245	253	#
935	1202.71	3	109	#
936	2050.41	135	170	217	#
937	2338.42	49	74	175	#
938	700.869	220	#
939	1611.97	10	227	236	#
940	3495.08	39	98	127	194	#
941	1026.13	159	197	#
942	1083.94	252	253	#
943	1741.85	183	236	#
944	809.013	17	210	#
945	2806.35	78	80	89	99	224	#
946	3965.91	58	109	167	193	254	#
947	2027.07	7	89	255	#
948	3218.1	31	85	162	251	#
949	1660.35	10	205	230	#
950	1895.76	96	154	#
951	2683.17	39	145	214	227	#
952	1127.12	191	216	#
953	1036.38	128	149	#
954	1008.73	11	120	#
955	977.175	187	215	225	#
956	1427.12	16	166	#
957	1896.09	54	148	229	#
958	2818.69	102	200	222	229	#
959	2258.05	6	46	60	#
960	1013.11	160	189	#
961	2368.03	51	67	216	#
962	5979.42	4	26	49	86	131	148	#
963	1762.19	105	175	#
964	4115.31	7	160	182	189	194	204	#
965	1374.94	25	244	#
966	1720.7	69	206	243	#
967	1982.73	14	90	227	#
968	1696.72	32	96	#
969	1023.69	123	154	#
970	1975.76	75	121	#
971	758.734	37	192	#
972	4905.06	25	37	134	156	213	239	247	#
973	969.709	208	224	#
974	3313.06	66	74	109	215	#
975	1891.95	110	175	#
976	2798.59	112	123	127	171	#
977	1676.03	111	120	#
978	1789.79	83	221	#
979	3225.65	102	113	116	175	195	229	#
980	975.562	34	55	108	#
981	1339.35	12	78	176	#
982	3305.36	6	45	146	237	#
983	1950.38	12	30	66	#
984	1659.36	59	246	#
985	3312.9	113	200	210	215	248	#
986	1233.65	55	107	236	#
987	3964.66	71	83	142	248	#
988	1549.54	78	83	92	137	#
989	1469.16	80	196	237	#
990	5777.77	44	55	75	78	92	110	209	#
991	1537.92	123	164	#
992	1419.93	67	142	#
993	755.862	43	248	#
994	1929.7	221	229	#
995	2332.92	45	111	121	#
996	2335.33	0	115	155	#
997	1539.98	23	79	#
998	3520.64	7	16	251	254	#
999	1679.15	152	192	#
