%% File generated by CATS v.2.1Mon Jul  4 11:09:38 2011

%% The CATS webpage is http://robotics.stanford.edu/CATS

%% PARAMETER SETTINGS:
% Goods: 500; Bids: 1000; Distribution: L4; Runs: 1; Seed: 1309806939
% Legacy distribution parameters:
% Number of goods chosen according to Decay distribution (alpha = 0.55).
% Price chosen according to Linear Random distribution (low_linearly = 1, high_linearly = 1000).


goods 500
bids 1000
dummy 0

0	3135.06	17	159	389	399	#
1	270.177	198	#
2	934.863	439	#
3	845.383	38	#
4	752.29	278	#
5	1004.58	37	343	#
6	770.677	236	#
7	1427.55	386	398	#
8	687.22	226	#
9	459.43	3	#
10	2388.17	162	194	356	383	#
11	326.368	273	#
12	545.661	142	#
13	1856.78	313	432	#
14	1006.95	158	446	#
15	199.043	221	#
16	2641.64	55	62	392	#
17	746.062	225	#
18	1144.79	42	230	#
19	407.072	36	#
20	2686.11	121	225	233	#
21	1436.1	24	75	131	386	416	#
22	963.508	101	#
23	917.668	444	#
24	562.793	256	#
25	2415.39	141	186	385	428	#
26	2770.9	220	278	438	#
27	3287.45	49	178	291	483	#
28	3583.17	236	284	367	414	#
29	963.739	41	#
30	610.402	91	#
31	188.589	5	#
32	894.173	363	#
33	713.243	243	#
34	771.017	150	#
35	500.712	35	#
36	491.056	66	#
37	779.629	119	#
38	726.808	312	#
39	1469.87	82	152	187	#
40	173.277	190	#
41	1070.76	116	256	#
42	636.135	347	#
43	2555.63	328	412	449	#
44	2298.25	197	220	348	#
45	864.417	140	#
46	1468.79	135	250	#
47	1881.75	54	100	248	282	497	#
48	1133.86	254	309	#
49	1478.4	4	14	169	175	192	224	275	359	#
50	1445.92	65	428	#
51	2729.88	34	51	80	134	227	333	351	374	422	426	476	#
52	618.407	469	#
53	23.4382	159	307	#
54	1873.23	395	485	#
55	583.14	282	#
56	2121.83	132	133	231	#
57	657.342	393	#
58	923.369	96	#
59	808.85	297	#
60	5870.51	49	73	142	303	447	489	#
61	2607.42	147	192	475	#
62	369.21	188	#
63	489.409	15	88	#
64	755.654	201	202	#
65	2897.7	167	308	409	497	#
66	2135.81	60	193	307	#
67	3421.22	21	116	268	332	336	411	#
68	987.297	126	#
69	1070.46	298	494	#
70	374.81	311	#
71	991.538	104	385	#
72	1037.63	99	168	361	493	#
73	488.019	204	#
74	2173.89	295	347	420	#
75	984.923	149	#
76	2647.94	5	465	496	#
77	967.105	152	#
78	752.004	177	#
79	1980.07	128	175	280	#
80	793.083	373	#
81	753.033	391	#
82	1481.09	27	342	#
83	1823.84	99	110	154	#
84	2315.42	10	310	444	#
85	3793.56	15	187	283	286	482	#
86	1290.77	18	26	88	373	385	#
87	751.267	129	410	#
88	671.74	328	#
89	693.789	33	#
90	690.439	290	#
91	1516.14	103	148	#
92	846.641	47	#
93	2454.41	29	51	444	#
94	766.326	0	#
95	796.257	227	#
96	541.697	231	#
97	185.032	46	#
98	1050.76	134	454	#
99	766.414	78	#
100	878.643	146	#
101	723.29	435	#
102	360.055	461	#
103	1840.75	67	379	#
104	2539.24	84	262	372	425	#
105	276.528	153	#
106	1999.45	19	148	#
107	966.467	446	#
108	4248.83	169	233	390	431	434	461	#
109	2711.9	43	153	186	#
110	716.589	289	#
111	883.609	324	#
112	1421.48	142	273	#
113	2937.22	21	39	420	#
114	311.9	103	#
115	967.638	97	#
116	464.457	438	#
117	1463.96	224	304	494	#
118	772.533	178	#
119	418.929	390	#
120	992.531	403	#
121	2023.16	246	347	436	#
122	1617.09	30	455	483	#
123	872.425	248	#
124	2741.03	106	267	356	429	#
125	632.907	288	#
126	928.792	133	#
127	2609.93	20	47	312	426	433	#
128	782.072	86	#
129	1582.75	388	471	#
130	2765.34	228	399	428	#
131	926.379	2	#
132	2313.48	136	261	358	#
133	586.627	108	#
134	1145.35	439	481	#
135	986.169	98	#
136	710.907	114	#
137	3255.36	20	88	283	470	#
138	932.211	360	#
139	482.5	5	350	#
140	1930.64	11	25	486	#
141	345.674	67	#
142	2231.64	94	166	176	338	344	442	#
143	816.658	113	#
144	1308.59	27	75	102	159	164	328	371	#
145	5896.46	0	315	321	342	368	414	449	#
146	1493.89	297	464	#
147	1506.37	25	387	#
148	643.513	344	#
149	4090.23	41	63	95	386	435	#
150	1371.6	192	203	387	#
151	3747.52	47	158	175	415	#
152	1523.81	13	104	208	256	258	276	293	318	436	461	#
153	1163.73	23	164	#
154	929.179	165	#
155	957.338	62	#
156	710.7	343	#
157	1365.41	5	450	#
158	804.952	137	#
159	1808.28	328	405	#
160	669.767	202	#
161	1386.5	18	43	#
162	2267.11	100	287	352	#
163	2410.43	55	161	164	485	#
164	1776.43	105	190	#
165	1602.72	26	261	481	#
166	798.005	483	#
167	484.55	144	#
168	1322.82	92	150	441	#
169	1530.21	223	226	#
170	3520.27	257	286	342	372	#
171	793.681	61	#
172	3394.52	121	270	272	384	#
173	413.658	398	#
174	300.213	433	#
175	630.697	375	#
176	664.758	1	293	#
177	2588.86	72	119	178	#
178	778.42	116	430	#
179	967.307	259	#
180	1370.51	482	488	#
181	881.571	229	#
182	470.492	369	#
183	704.794	25	#
184	595.911	164	#
185	944.433	172	#
186	3196.95	49	111	260	303	#
187	1109.88	298	389	#
188	833.303	275	#
189	908.095	124	#
190	1196.77	112	113	114	282	386	458	#
191	678.015	54	116	#
192	778	230	#
193	910.97	10	#
194	831.57	44	#
195	322.732	346	#
196	3673.97	7	79	136	150	233	275	368	375	#
197	775.78	318	#
198	673.564	122	#
199	964.309	365	#
200	624.055	432	#
201	3594.38	114	123	175	420	#
202	2834.62	89	335	408	#
203	560.315	452	#
204	972.869	245	#
205	323.149	161	#
206	759.424	332	#
207	3453.13	85	278	445	461	#
208	2817.8	89	322	488	#
209	447.076	362	#
210	1589.07	77	145	#
211	929.391	176	#
212	3912.82	113	323	415	455	#
213	953.379	218	#
214	278.68	411	#
215	1557.75	244	305	#
216	1637.53	13	269	429	472	#
217	764.813	31	57	#
218	758.426	449	#
219	327.987	92	#
220	896.655	191	#
221	849.081	158	#
222	735.184	491	#
223	927.833	396	456	#
224	1771.78	31	70	238	#
225	978.056	102	#
226	971.818	143	#
227	941.42	235	#
228	969.785	306	#
229	962.854	130	#
230	967.965	92	352	#
231	369.273	374	#
232	1678.63	16	392	462	#
233	634.385	426	#
234	2724.87	128	133	332	429	452	494	#
235	808.846	19	#
236	1174.36	7	384	#
237	738.924	193	#
238	1591.84	43	88	#
239	1727.5	28	103	116	223	279	337	344	#
240	372.469	209	#
241	1687.8	372	430	#
242	727.95	251	#
243	1813.49	70	236	#
244	264.571	337	#
245	948.197	263	#
246	180.874	240	#
247	1449.79	289	444	#
248	2263.74	89	98	310	492	#
249	3095.24	111	130	199	303	487	#
250	4843.58	205	321	359	411	414	418	444	#
251	1119.82	67	78	#
252	1261.61	178	271	#
253	977.862	75	#
254	999.342	241	#
255	1449.96	73	113	119	341	367	391	#
256	849.021	329	#
257	368.546	156	#
258	889.621	14	47	79	216	451	#
259	1791.36	403	421	#
260	997.253	73	#
261	930.44	313	#
262	1265.58	154	472	#
263	93.5334	105	#
264	2037.96	98	436	477	#
265	1727.72	14	482	#
266	677.607	300	#
267	1519.88	195	357	#
268	2350.27	27	57	153	#
269	987.119	221	262	495	#
270	1383.46	102	406	#
271	2415.95	2	200	335	344	#
272	817.777	109	166	#
273	1520.64	66	150	293	#
274	787.864	423	#
275	654.879	282	310	#
276	926.717	148	#
277	1894.64	53	381	#
278	824.403	416	#
279	131.499	302	#
280	272.372	199	#
281	2472.81	100	257	285	#
282	991.05	175	#
283	436.407	189	#
284	3201.73	1	16	163	292	397	439	#
285	4198.74	51	248	263	295	475	#
286	587.979	454	#
287	4537.01	49	118	147	307	313	#
288	915.822	72	#
289	2211.64	445	447	498	#
290	924.266	168	449	#
291	3534.55	14	157	235	283	335	354	464	#
292	771.838	465	#
293	2284.49	111	178	195	283	390	#
294	1711.34	85	343	#
295	119.377	325	#
296	1371.49	169	463	#
297	992.66	119	489	#
298	993.967	20	178	#
299	8844	9	144	334	338	339	342	393	443	493	#
300	1371.03	33	256	#
301	1366.4	177	489	#
302	1153.76	393	434	#
303	14.2848	378	#
304	4273.55	9	64	149	287	332	#
305	803.073	336	#
306	950.909	115	#
307	1145.06	9	233	#
308	963.011	173	333	#
309	69.2057	478	#
310	1755.39	160	450	#
311	752.055	303	#
312	2206.38	238	271	439	#
313	971.733	23	#
314	95.677	261	#
315	645.725	125	#
316	1240.48	76	340	353	#
317	2851.44	68	144	401	#
318	2386.08	67	84	412	#
319	1368.83	23	423	#
320	1589.63	116	289	310	#
321	1448.24	74	146	185	#
322	1767.79	129	472	#
323	1324.57	144	212	458	473	#
324	1394.14	54	191	331	360	487	#
325	986.416	185	#
326	1302.27	247	352	#
327	2161.9	5	114	189	325	333	395	#
328	926.68	27	#
329	1246.41	373	377	#
330	408.131	489	#
331	1881.02	117	278	413	#
332	2813.12	65	150	380	462	#
333	2765.54	126	463	468	#
334	663.126	8	#
335	835.34	155	#
336	1528.25	64	458	#
337	934.843	299	#
338	934.871	6	#
339	559.075	154	#
340	1137.79	22	112	#
341	802.168	388	#
342	2165.52	76	225	401	#
343	1588.79	11	69	#
344	2925.21	155	170	433	#
345	1911.5	111	176	447	#
346	1251.64	46	342	388	#
347	980.733	395	#
348	1941.01	24	44	46	313	#
349	476.915	131	#
350	2349.09	62	66	67	352	449	#
351	2340.57	95	231	465	#
352	1694.01	2	178	344	#
353	3236.32	87	124	334	451	#
354	432.982	138	#
355	785.618	496	#
356	816.393	451	#
357	725.638	39	#
358	459.1	210	279	#
359	555.994	410	#
360	1796.31	191	329	#
361	598.945	481	#
362	884.655	377	#
363	1738.05	79	227	432	#
364	1396.78	17	347	491	#
365	942.435	128	#
366	134.877	486	#
367	1034.01	309	349	394	421	453	#
368	1512.09	367	369	#
369	1739.15	184	190	#
370	716.686	414	#
371	1467.95	23	263	#
372	434.983	107	#
373	596.795	174	#
374	2185.27	106	139	433	#
375	645.602	187	#
376	855.422	206	#
377	1359.48	3	403	#
378	745.187	95	#
379	309.081	50	#
380	1584.09	269	335	#
381	864.807	70	#
382	1230.07	258	464	#
383	890.293	200	#
384	2624.93	17	358	372	401	#
385	586.95	281	#
386	1665.55	62	71	76	195	276	277	337	442	#
387	3388.96	199	257	358	384	415	#
388	771.813	123	#
389	2942.57	25	338	458	#
390	2586.36	104	172	249	#
391	628.859	12	36	222	392	437	#
392	876.92	371	#
393	8158.95	70	115	157	203	345	368	449	474	486	489	#
394	988.594	296	#
395	349.641	354	#
396	658.611	401	#
397	333.597	358	#
398	1191.41	340	353	363	445	#
399	2202.14	34	139	265	#
400	901.006	268	#
401	197.231	184	#
402	1861.7	322	497	#
403	1522.57	6	33	137	#
404	1325.46	7	28	#
405	228	237	392	#
406	2130.3	18	155	282	452	#
407	739.945	271	#
408	990.631	459	#
409	1082.43	45	158	#
410	4746.66	12	28	351	379	442	#
411	77.1	464	498	#
412	2612.76	30	104	495	#
413	596.647	404	#
414	432.685	63	#
415	12.2882	87	#
416	2290.42	80	221	227	276	328	420	446	#
417	746.605	39	232	#
418	1243.83	72	111	135	#
419	834.479	492	#
420	700.591	393	456	#
421	315.614	16	#
422	789.917	77	#
423	434.128	43	#
424	927.224	260	#
425	1937.92	150	499	#
426	3454.31	26	76	144	431	#
427	561.011	437	#
428	1255.07	43	161	#
429	162.879	319	#
430	1638.95	19	43	211	#
431	790.31	216	#
432	348.002	467	#
433	627.947	4	#
434	1011.96	94	95	#
435	870.671	211	#
436	2548.84	278	361	423	489	#
437	1019.24	53	303	475	#
438	1100.24	131	156	#
439	709.412	419	#
440	667.847	266	#
441	997.58	17	#
442	637.023	264	#
443	3188.29	21	45	74	197	225	228	409	#
444	901.607	33	177	212	#
445	3265.01	34	287	378	487	#
446	2832.77	69	215	257	351	360	378	457	460	#
447	555.96	399	#
448	1855.55	229	374	#
449	1774.8	54	82	145	#
450	1204.91	225	287	294	368	378	433	443	495	#
451	771.367	45	#
452	1440.96	285	330	#
453	1068.48	88	448	499	#
454	1397.27	11	318	#
455	371.001	40	304	429	433	#
456	1803.17	31	346	#
457	1010.81	161	343	#
458	790.947	445	#
459	522.58	322	#
460	276.595	279	#
461	5186.9	22	52	162	225	234	364	379	388	393	400	499	#
462	801.145	361	#
463	1392.66	204	304	405	#
464	528.066	269	429	#
465	509.37	93	#
466	4954.11	35	340	352	387	425	#
467	304.237	198	293	#
468	855.041	153	408	#
469	2664.77	86	314	357	#
470	770.501	118	#
471	2664.91	147	152	192	224	#
472	949.235	458	#
473	377.664	173	#
474	6608.31	98	138	160	166	174	263	349	#
475	314.751	167	#
476	54.4564	99	#
477	5.88884	197	#
478	993.165	24	#
479	2734.89	312	439	468	493	#
480	2151.92	79	293	454	#
481	940.052	18	236	#
482	898.298	112	#
483	22.4972	392	#
484	450.887	341	#
485	1040.27	230	489	#
486	1405.1	20	78	#
487	94.4642	238	#
488	967.641	71	#
489	804.245	166	#
490	392.12	11	#
491	2307.65	6	111	236	354	#
492	1629.24	254	388	439	#
493	750.545	55	295	#
494	478.777	196	#
495	645.18	36	432	#
496	386.746	89	#
497	1795.26	13	437	#
498	981.492	182	#
499	1633.45	110	292	#
500	34.8307	421	#
501	1686.47	131	374	#
502	2599.78	175	193	424	#
503	1904.48	102	385	#
504	1722.66	332	381	#
505	189.729	157	#
506	4888.45	50	126	130	298	309	375	406	429	#
507	1227.31	113	398	#
508	699.263	1	362	#
509	1154.4	250	345	474	#
510	1186.98	197	387	407	#
511	771.036	382	#
512	2894.98	80	197	243	418	450	452	#
513	646.143	380	#
514	788.58	462	#
515	3198.03	7	50	95	386	#
516	437.152	285	#
517	1253.53	195	349	#
518	2615.64	354	434	498	#
519	6063.04	41	55	66	103	346	383	404	448	#
520	2333.85	57	114	156	187	243	#
521	3682.4	60	105	169	303	328	370	#
522	1299.35	99	224	#
523	703.336	327	#
524	191.633	246	#
525	3193.34	27	132	188	246	#
526	807.596	111	#
527	1688.72	16	414	#
528	2966.23	121	168	255	391	#
529	2044.22	110	114	305	475	#
530	1468.07	64	140	173	#
531	2967.44	249	417	452	#
532	2419.32	55	138	175	#
533	203.682	181	#
534	896.671	326	#
535	682.02	34	#
536	786.259	463	#
537	2767.78	11	196	413	452	#
538	1463.22	38	160	269	271	386	410	#
539	1872.66	351	486	#
540	6615.76	21	77	81	103	149	193	219	264	404	425	#
541	426.612	141	#
542	5037.93	16	263	340	376	448	461	#
543	475.333	372	#
544	1904.33	46	291	431	#
545	1593	390	421	#
546	295.244	295	#
547	2632.59	87	175	477	#
548	2059.95	6	346	390	#
549	944.407	394	#
550	696.052	55	#
551	67.759	352	#
552	2817.9	109	150	257	483	#
553	1953.03	88	247	259	390	#
554	973.618	379	#
555	1988.91	3	27	365	#
556	494.929	455	#
557	328.04	353	#
558	3729.86	30	68	197	246	306	337	#
559	2703.74	74	171	278	431	#
560	823.424	487	#
561	1094.73	45	83	#
562	761.934	247	447	#
563	478.059	497	#
564	3453.72	38	204	227	288	453	#
565	1862.32	272	426	#
566	806.336	104	#
567	1321.83	85	268	347	482	#
568	1048.55	133	336	468	#
569	1284.23	131	280	363	#
570	535.299	30	#
571	747.254	94	#
572	5020.31	24	48	91	113	402	479	#
573	96.5575	80	#
574	339.501	475	#
575	5040.5	1	2	12	207	213	273	379	390	407	#
576	802.457	284	#
577	955.053	53	#
578	971.941	81	#
579	3843.4	8	36	377	385	449	#
580	568.015	160	#
581	2363.65	143	326	386	#
582	2233.45	82	337	426	#
583	838.699	63	107	284	298	402	#
584	466.156	389	#
585	956.611	223	#
586	1679.93	161	204	#
587	964.562	136	#
588	1161.9	168	171	388	#
589	954.69	276	407	#
590	215.783	170	494	#
591	4481.33	89	119	158	204	318	427	495	#
592	693.226	228	#
593	2019.28	151	183	303	#
594	3845.51	27	69	348	367	451	#
595	1213.53	54	185	#
596	76.2195	85	#
597	1960.89	94	470	#
598	3699.57	196	235	260	380	414	#
599	1220.34	375	393	#
600	1415.08	246	311	#
601	870.812	14	106	142	266	485	#
602	4176.78	46	88	221	320	435	476	#
603	401.335	54	#
604	171.879	386	#
605	1583.16	24	88	227	#
606	584.143	237	421	#
607	18.1675	470	#
608	477.544	15	#
609	1634.67	327	362	#
610	3033.98	77	137	316	456	#
611	1866.36	135	469	#
612	3267.7	117	146	218	370	478	#
613	667.43	90	#
614	2079.22	92	107	170	212	494	#
615	1142.74	186	273	#
616	1076.25	45	123	156	267	364	#
617	58.3234	493	#
618	1772.42	151	272	277	#
619	1217.05	234	239	#
620	1264.34	154	391	#
621	4645.98	71	368	417	470	485	#
622	5662.11	4	93	156	235	246	295	411	#
623	1240.34	62	93	#
624	2201.91	35	273	277	#
625	1355.45	172	242	439	#
626	402.11	254	#
627	1140.21	33	100	406	#
628	1703.63	141	172	200	334	402	#
629	1785.19	35	227	#
630	754.017	340	479	#
631	837.562	220	#
632	965.574	232	252	#
633	2380.2	106	107	158	349	#
634	1414.23	76	199	449	#
635	5279.46	21	173	263	324	400	446	#
636	610.498	280	#
637	983.796	450	#
638	3848.95	107	209	234	414	438	#
639	642.431	428	#
640	726.706	54	392	#
641	2086.76	105	200	240	288	321	339	363	377	#
642	215.177	56	#
643	1868.48	11	178	#
644	686.32	131	424	#
645	2788.72	378	427	498	#
646	1040.53	127	368	416	#
647	3551.12	227	335	411	428	#
648	1337.41	134	279	#
649	3060.15	102	169	307	353	472	497	#
650	1678.57	60	495	#
651	666.634	192	#
652	2826.65	101	337	497	499	#
653	2179.3	99	254	497	#
654	1472.67	178	413	470	#
655	1573.2	50	167	#
656	969.391	127	#
657	1463.21	298	308	480	#
658	789.769	272	#
659	4766.11	19	165	200	369	468	#
660	3953.02	50	89	404	409	#
661	1460.29	27	113	220	438	474	#
662	897.955	69	#
663	809.927	118	495	#
664	1780.66	377	470	493	#
665	589.509	283	#
666	631.827	400	#
667	5948.83	205	262	288	302	304	342	381	#
668	832.583	193	291	#
669	1659.41	101	200	#
670	2616.71	310	387	463	#
671	1619.33	32	331	#
672	653.913	1	#
673	1337.83	10	113	#
674	74.694	293	493	#
675	3664.59	138	242	289	325	342	360	#
676	692.248	443	#
677	609.96	88	267	#
678	792.912	471	#
679	1382.85	131	353	#
680	2094.54	200	261	282	339	366	383	393	490	#
681	2047.14	144	226	231	#
682	1877.79	41	57	315	335	499	#
683	200.95	169	#
684	1502.81	179	217	#
685	1012.36	86	280	396	#
686	4575.56	17	51	170	194	230	477	#
687	4465.6	48	214	319	341	360	490	#
688	1751.12	5	12	204	220	#
689	2861.92	163	170	210	492	#
690	817.88	14	#
691	2698.62	227	261	497	#
692	597.605	383	#
693	1307.32	53	320	#
694	2693.87	75	122	173	377	439	#
695	500.389	151	339	461	#
696	409.754	427	#
697	1803.65	155	323	#
698	1378.08	35	48	140	141	267	412	#
699	1584.88	90	93	465	#
700	5073.6	110	136	313	349	429	459	#
701	2824.3	166	178	239	293	387	#
702	1799.9	199	399	412	464	#
703	808.074	257	#
704	5226.46	115	141	168	172	341	440	496	#
705	6476.02	34	99	264	280	340	360	372	#
706	2532.73	166	435	463	#
707	1495.99	87	238	424	480	#
708	4337.41	146	282	315	393	438	#
709	930.111	292	#
710	86.7109	447	#
711	1163.73	14	379	#
712	3606.67	39	305	392	481	#
713	696.256	242	#
714	2187.26	204	386	398	#
715	921.64	7	315	#
716	1318.4	428	449	#
717	3187.5	136	268	440	470	#
718	1103.11	25	59	171	191	245	446	456	#
719	1016.32	3	59	405	485	#
720	119.914	356	#
721	2692.51	181	235	397	453	#
722	705.447	476	#
723	997.506	187	312	375	439	#
724	2018.54	215	222	297	425	449	#
725	1899.14	174	313	#
726	418.678	120	#
727	583.759	85	196	#
728	984.948	134	#
729	372.242	22	#
730	2096.76	8	113	138	147	188	302	316	#
731	1148.05	88	90	#
732	312.161	407	#
733	3928.27	163	172	198	200	#
734	1935.91	157	167	382	449	#
735	738.436	417	#
736	992.563	120	187	283	364	405	#
737	1533.02	123	174	437	464	#
738	668.048	239	#
739	2012.36	128	152	244	252	337	#
740	360.815	13	#
741	935.829	309	#
742	1329.14	6	235	#
743	1979.28	101	481	#
744	2418.07	127	137	428	#
745	535.335	156	337	#
746	877.992	110	#
747	1863.75	256	409	#
748	4223.75	104	126	256	385	458	#
749	50.6911	250	#
750	1196.81	275	357	#
751	1113.77	99	244	#
752	303.68	215	#
753	127.86	304	#
754	2349.99	154	254	338	381	#
755	5002.63	66	83	93	206	228	325	392	435	449	#
756	802.278	37	236	#
757	1486.14	161	346	484	#
758	1351.35	175	277	401	#
759	5550.09	19	120	196	288	421	469	#
760	857.507	145	#
761	1627.43	107	326	334	402	#
762	1361.22	373	467	#
763	598.326	56	240	#
764	797.207	171	#
765	2253.86	264	368	430	#
766	796.689	22	66	168	210	#
767	1336.16	0	219	316	#
768	4811.56	18	47	105	264	266	463	#
769	848.336	270	#
770	724.595	179	#
771	2775.94	128	317	376	419	#
772	3190.12	18	127	213	303	331	484	#
773	3575.74	33	61	151	229	232	344	453	470	#
774	278.842	474	#
775	1066.7	158	251	283	#
776	938.559	29	#
777	4272.3	103	133	237	351	420	#
778	2069.52	37	118	327	#
779	2938.24	132	169	371	#
780	1287.44	47	334	381	#
781	357.766	456	#
782	1272.42	118	265	#
783	1124.41	64	257	#
784	751.322	92	356	#
785	693.468	186	#
786	2158.46	217	230	275	430	#
787	1403.36	52	104	#
788	701.187	345	#
789	3900	215	251	258	263	#
790	672.881	168	#
791	606.54	310	#
792	979.131	223	259	#
793	998.579	151	275	354	#
794	3730.65	6	207	317	427	#
795	1669.53	82	254	292	#
796	753.006	202	456	#
797	1850.37	30	386	460	#
798	4666.85	54	113	162	302	376	385	#
799	1142.74	64	93	166	227	260	291	#
800	3859.9	104	234	327	382	#
801	1607.72	14	34	371	402	408	420	#
802	1327.13	171	282	325	#
803	2985.43	250	277	498	#
804	1457.69	5	423	#
805	2360.97	221	447	499	#
806	2478.76	9	309	446	451	#
807	1594.41	149	158	#
808	977.852	2	22	330	#
809	824.783	320	#
810	1057.64	327	375	#
811	5166.71	132	134	178	212	214	348	#
812	1424.31	41	60	#
813	490.914	209	440	#
814	2641.67	251	252	304	309	333	407	438	445	#
815	174.276	381	#
816	489.8	240	273	#
817	1788.44	62	282	446	495	#
818	2220.03	42	279	400	#
819	2063.56	44	267	477	#
820	455.935	129	406	#
821	658.182	20	412	#
822	1931.05	153	495	#
823	1556.76	211	423	#
824	1904.96	108	112	#
825	182.65	277	#
826	3440.19	127	130	223	318	#
827	617.985	213	#
828	785.06	316	#
829	1748.8	252	376	426	#
830	1435.42	291	448	#
831	1560.79	208	293	342	#
832	375.027	349	#
833	2013.81	183	287	326	#
834	1361.27	10	235	#
835	1571.46	123	478	#
836	6.41285	342	370	#
837	966.002	123	254	257	#
838	1971.56	37	97	456	#
839	1814.77	87	418	437	#
840	1446.7	150	494	#
841	2609.65	11	375	433	#
842	1434.6	174	440	#
843	2229	46	138	256	302	311	404	#
844	813.304	315	#
845	259.789	339	442	#
846	1124.43	176	189	211	349	#
847	1995.33	11	55	101	102	157	233	346	383	386	387	455	#
848	297.644	210	253	334	#
849	2806.87	160	161	466	#
850	4505.71	13	100	224	243	422	#
851	1969.83	5	154	361	450	#
852	138.456	224	#
853	1328.55	17	18	#
854	1507.55	121	241	299	#
855	1336.05	149	431	#
856	665.647	207	#
857	979.046	271	277	#
858	2000.93	156	377	398	479	#
859	2623.78	178	219	295	337	#
860	1360.15	8	167	#
861	315.746	65	#
862	670.301	262	494	#
863	312.398	42	#
864	1842.39	50	473	#
865	3789.08	9	134	196	368	#
866	2981.31	56	314	366	384	#
867	508.341	308	#
868	2158.89	133	194	274	333	#
869	1397.62	1	404	#
870	888.599	377	451	#
871	482.264	269	#
872	3987.59	296	309	319	348	#
873	1030.82	91	472	#
874	2725.69	34	256	264	484	#
875	1583.03	231	306	441	#
876	2355.68	27	132	472	#
877	7990.11	65	98	160	234	239	349	374	486	#
878	1308.94	185	497	#
879	2038.7	34	97	394	#
880	1544.83	54	203	225	398	#
881	1082.4	180	329	375	#
882	365.934	466	#
883	742.533	419	438	#
884	1086.33	38	471	#
885	1000.65	320	460	#
886	1194.71	279	305	469	#
887	2682.41	25	186	322	474	#
888	1790.89	324	461	#
889	996.085	61	148	297	#
890	1371.84	174	437	#
891	478.139	201	#
892	89.9441	495	#
893	2612.68	5	74	91	243	300	#
894	670.884	52	#
895	2917.31	237	397	485	#
896	1094.65	380	391	432	436	#
897	836.48	346	387	#
898	1224.68	31	138	#
899	782.752	117	169	#
900	1590.2	42	130	233	269	#
901	434.558	190	249	#
902	4746.45	127	233	363	462	465	#
903	1860.86	18	105	114	119	133	228	#
904	1130.45	127	181	465	#
905	1426.95	231	332	#
906	1478.95	7	316	#
907	4220.55	50	163	301	414	466	#
908	3622.57	336	357	391	450	#
909	2887.14	0	152	343	#
910	3772.76	71	161	332	349	459	#
911	1799.59	34	84	#
912	1823.61	299	383	#
913	397.869	408	#
914	1467.64	22	433	#
915	2894.83	4	95	121	421	#
916	301.401	479	#
917	2819.45	199	312	440	#
918	2442.49	76	189	361	#
919	1231.43	298	375	381	#
920	415.764	397	#
921	3242.33	160	161	320	322	354	356	391	#
922	3498.44	181	330	372	470	#
923	978.01	5	278	407	#
924	300.322	68	#
925	1686.55	34	262	#
926	1173.31	180	302	411	#
927	768.405	397	420	467	#
928	3637.44	260	273	283	496	#
929	1219.94	155	402	492	#
930	1153.96	200	206	231	288	318	#
931	678.308	83	#
932	1433.05	265	424	472	#
933	1369.35	47	199	#
934	1946.88	129	400	#
935	1938.48	166	268	#
936	1007.19	451	461	#
937	1766.29	56	144	295	#
938	796.724	453	#
939	1071.78	372	474	#
940	900.161	338	#
941	1736.34	200	297	#
942	1463.68	249	261	442	#
943	3240.76	124	155	176	183	280	403	464	#
944	3349.76	32	135	387	437	#
945	1438.1	223	235	256	#
946	3499.91	69	309	439	452	470	#
947	861.507	187	208	275	#
948	3827.97	181	249	316	317	404	454	#
949	313.376	402	#
950	1530.75	18	291	354	#
951	1572.97	139	142	#
952	801.471	74	100	#
953	3927.67	131	206	245	367	417	#
954	610.472	472	#
955	614.556	429	461	#
956	695.712	195	#
957	1100.11	122	378	#
958	1315.11	126	159	380	#
959	1809.58	51	131	220	375	#
960	1988.19	120	220	#
961	1590.53	20	409	#
962	1121.52	324	429	#
963	1315.88	361	377	488	#
964	1783.92	61	165	194	#
965	1604.39	270	395	#
966	1454.23	213	390	#
967	1184.6	16	50	95	403	#
968	1378.29	127	282	#
969	2731.72	19	45	300	495	#
970	3531.83	36	86	120	485	#
971	1726.74	66	141	190	355	#
972	1113.7	146	322	#
973	882.398	122	445	447	499	#
974	1189.87	268	367	#
975	821.646	332	401	#
976	200.14	212	233	#
977	3340.28	284	311	403	493	#
978	1735.47	15	18	31	253	293	348	#
979	1825.89	174	315	#
980	1573.33	45	288	290	#
981	1361.41	4	69	#
982	1284.38	391	394	#
983	1607.39	88	196	#
984	2356.73	76	416	427	451	#
985	2212.04	101	144	253	#
986	715.714	488	#
987	2296.84	137	281	298	#
988	3127.24	31	153	217	253	495	#
989	1022.3	225	287	#
990	1290.43	106	422	#
991	978.012	21	#
992	895.656	186	357	#
993	779.375	355	#
994	3592.26	55	87	221	271	461	#
995	717.13	219	341	#
996	728.449	205	250	#
997	1464.55	4	84	261	319	351	460	#
998	3969.22	119	143	273	321	#
999	1262.94	59	164	#
