%% File generated by CATS v.2.1Mon Jul  4 11:09:38 2011

%% The CATS webpage is http://robotics.stanford.edu/CATS

%% PARAMETER SETTINGS:
% Goods: 512; Bids: 2000; Distribution: L4; Runs: 1; Seed: 1309806948
% Legacy distribution parameters:
% Number of goods chosen according to Decay distribution (alpha = 0.55).
% Price chosen according to Linear Random distribution (low_linearly = 1, high_linearly = 1000).


goods 512
bids 2000
dummy 0

0	927.726	276	#
1	996.148	354	#
2	1013.03	91	103	290	316	#
3	998.222	141	#
4	876.226	133	#
5	919.265	149	#
6	983.296	364	#
7	896.965	171	#
8	572.832	247	#
9	866.365	52	#
10	954.18	212	#
11	665.505	164	#
12	966.403	264	#
13	735.279	478	#
14	912.703	371	#
15	1200.79	25	151	#
16	3392.68	15	102	304	336	473	489	#
17	980.532	157	159	#
18	790.666	376	#
19	980.975	237	#
20	645.906	332	#
21	968.188	174	286	403	#
22	788.522	424	#
23	1788.79	291	393	481	#
24	2163.03	54	395	474	#
25	1685.82	233	344	410	#
26	378.983	235	#
27	2108.21	169	256	446	#
28	914.846	475	#
29	396.361	396	#
30	889.358	337	#
31	981.269	18	#
32	761.876	495	#
33	1626.78	278	397	403	#
34	765.625	393	#
35	1410.63	175	213	#
36	394.514	366	#
37	954.565	69	#
38	1269.39	225	249	#
39	1387.13	19	342	#
40	2260.56	100	108	297	#
41	983.836	395	#
42	1090.38	259	317	#
43	805.105	154	#
44	816.258	360	#
45	1590.15	110	306	#
46	863.504	10	#
47	792.655	158	#
48	2448.61	46	321	414	478	#
49	811.105	251	#
50	740.933	489	#
51	5172.29	68	118	193	201	245	288	458	460	#
52	1513.41	116	193	240	#
53	682.417	57	#
54	901.689	47	#
55	912.457	477	#
56	434.278	221	#
57	337.705	96	#
58	1354.6	33	492	#
59	943.85	49	#
60	887.993	415	#
61	949.994	370	#
62	1016.57	44	273	396	436	#
63	895.645	182	#
64	992.778	392	#
65	811.729	302	#
66	2333.38	77	349	491	#
67	3947.52	10	157	171	234	265	344	#
68	716.716	274	#
69	518.311	166	#
70	877.315	82	#
71	1551.92	5	120	139	227	265	433	435	#
72	596.879	35	#
73	3047.52	144	215	365	431	#
74	881.696	307	#
75	906.427	421	#
76	911.655	180	#
77	798.262	215	#
78	886.955	127	#
79	990.129	113	#
80	910.546	378	#
81	1811.72	6	19	33	387	#
82	1275.32	136	377	#
83	1383.49	32	142	#
84	1197.99	212	297	#
85	949.243	42	#
86	787.4	94	#
87	1621.45	401	429	#
88	1302.11	295	302	#
89	935.8	128	#
90	1423.92	98	103	362	417	#
91	794.05	213	#
92	2911.12	66	84	160	#
93	907.158	190	#
94	975.209	34	#
95	2291.94	17	151	296	297	436	504	#
96	908.601	369	#
97	918.971	29	44	#
98	810.328	410	#
99	974.15	231	#
100	1295.54	30	135	#
101	818.45	229	#
102	480.195	329	#
103	1920.11	174	202	270	#
104	1608.78	124	480	#
105	930.992	387	#
106	998.493	199	#
107	1232.2	44	407	420	#
108	768.363	103	#
109	931.228	336	#
110	781.493	304	#
111	1769.01	288	336	#
112	972.391	448	#
113	1733.92	237	484	#
114	966.03	352	#
115	1950.17	426	445	#
116	1652.01	20	94	243	482	#
117	515.327	450	#
118	965.428	196	#
119	968.785	413	#
120	931.281	357	#
121	495.249	324	#
122	1932.82	237	339	#
123	915.447	233	#
124	1228.84	278	391	#
125	1513.1	6	21	164	442	#
126	107.969	126	#
127	968.019	454	#
128	682.491	169	472	#
129	765.116	446	#
130	3604.36	144	157	283	316	340	#
131	904.489	175	#
132	1675.63	182	238	#
133	2810.61	161	308	368	#
134	2593.62	25	59	359	#
135	1962.39	102	123	386	#
136	957.108	282	#
137	974.338	256	#
138	912.096	139	#
139	859.744	367	#
140	658.499	275	#
141	2134.91	315	356	399	#
142	977.717	214	#
143	1961.72	84	138	170	239	481	#
144	925.691	384	#
145	707.066	317	#
146	2107.94	161	211	325	339	343	#
147	870.481	288	#
148	950.866	509	#
149	566.012	343	406	#
150	958.49	206	#
151	1415.84	49	286	391	#
152	975.901	281	#
153	2276.08	185	432	451	#
154	1826.05	178	243	314	#
155	1530.48	55	76	224	228	304	491	#
156	1396.85	158	193	461	#
157	2232.31	134	264	435	445	#
158	694.549	379	#
159	652.844	15	#
160	745.292	293	#
161	5470.7	18	47	95	172	267	384	445	510	#
162	827.645	502	#
163	860.409	414	#
164	958.921	427	#
165	1580.31	42	385	#
166	806.476	471	#
167	1892.2	85	140	#
168	759.744	22	#
169	3699.41	14	29	176	259	#
170	846.969	359	#
171	541.44	404	#
172	633.113	325	#
173	989.017	154	228	#
174	894.385	204	#
175	770.044	112	#
176	1511.09	36	246	290	415	486	#
177	831.214	507	#
178	1289.56	161	242	285	#
179	388.732	492	#
180	530.045	65	#
181	979.538	144	#
182	2966.46	383	397	409	#
183	575.294	263	#
184	965.355	78	#
185	1004.03	65	222	#
186	2139.69	139	221	323	484	492	#
187	1988.52	94	103	133	197	363	377	#
188	1476.12	280	390	492	#
189	940.631	66	#
190	679.78	31	#
191	1040.31	289	290	#
192	1870.31	145	314	#
193	734.753	412	#
194	981.512	30	#
195	836.487	419	#
196	1284.27	62	259	#
197	991.341	417	#
198	1548.35	126	312	415	#
199	1350.18	7	48	#
200	798.359	322	#
201	890.703	104	#
202	385.199	309	#
203	1218.12	300	498	#
204	332.319	484	#
205	830.721	423	#
206	634.237	295	#
207	2037.02	180	259	493	#
208	957.717	505	#
209	931.237	422	#
210	873.998	310	#
211	1776.33	295	464	#
212	764.996	56	#
213	1820.81	115	129	#
214	963.535	449	#
215	827.664	239	#
216	765.624	162	#
217	340.521	347	#
218	822.844	29	#
219	3035.84	118	252	448	456	#
220	1724.67	22	421	#
221	986.626	479	#
222	883.357	183	#
223	889.699	60	#
224	975.45	148	#
225	938.108	26	#
226	1532.26	174	487	#
227	929.145	346	#
228	3191.75	73	153	206	283	#
229	699.916	339	#
230	2098.99	132	143	327	490	#
231	593.786	291	#
232	969.955	238	#
233	1356.78	345	486	#
234	636.666	375	#
235	470.783	429	#
236	949.378	349	#
237	908.488	21	#
238	964.229	296	#
239	2153.58	21	185	320	355	376	#
240	1681.43	177	343	#
241	684.937	273	#
242	1958.15	22	232	#
243	1551.05	132	165	290	476	#
244	1366.72	172	236	436	#
245	844.26	390	#
246	982.17	13	25	58	316	#
247	2496.26	24	80	126	264	369	#
248	4701.91	7	25	77	167	361	496	#
249	779.904	198	#
250	3024.82	22	102	228	272	#
251	749.504	287	#
252	977.951	341	#
253	1697.52	139	232	357	#
254	913.009	350	#
255	2674.45	255	296	335	#
256	949.964	314	#
257	1168.48	101	369	#
258	973.394	203	#
259	1213.84	225	291	317	351	454	486	#
260	1368.51	73	169	#
261	986.546	112	403	#
262	623.611	16	#
263	1810.18	101	213	#
264	954.613	405	#
265	2279.59	161	172	234	#
266	2745.54	157	259	361	465	#
267	935.451	79	#
268	773.742	146	#
269	1808.86	152	157	#
270	837.318	187	#
271	1478.79	100	112	161	#
272	767.427	243	#
273	3697.23	103	243	285	487	#
274	1755.1	239	308	#
275	1570.26	404	458	#
276	704.447	365	#
277	757.547	168	#
278	2571.27	4	30	154	163	325	391	437	507	#
279	2461.68	44	238	299	#
280	937.875	461	#
281	790.475	482	#
282	1983.57	52	279	#
283	682.471	152	#
284	4816.75	224	294	380	481	501	#
285	2907.45	69	76	127	187	317	321	492	#
286	2315.72	198	359	417	#
287	3797.03	30	231	308	346	355	433	#
288	1503.13	93	484	#
289	5469.77	78	131	175	200	240	355	384	488	#
290	979.329	143	#
291	1229.67	332	347	#
292	1949.76	239	278	#
293	502.612	130	#
294	1405.68	185	304	#
295	1432.51	376	425	#
296	3093.94	73	92	383	407	#
297	940.652	312	#
298	641.59	93	#
299	1361.39	247	279	#
300	1103.98	152	336	#
301	861.643	452	#
302	1957.62	32	49	174	179	305	#
303	1746.71	258	470	#
304	843.022	83	#
305	1953.36	128	192	325	402	454	#
306	782.147	510	#
307	1247.38	1	393	#
308	905.084	201	#
309	457.216	483	#
310	824.745	258	#
311	733.958	428	#
312	908.771	176	#
313	757.281	111	#
314	924.097	137	#
315	7948.33	44	76	212	273	378	464	471	501	#
316	4748.83	61	130	212	268	272	332	396	#
317	823.651	91	#
318	3759.32	296	345	396	509	#
319	1555.85	285	298	328	439	#
320	544.632	430	#
321	754.517	61	#
322	906.643	81	#
323	886.903	116	#
324	1668.49	184	201	259	385	405	483	510	#
325	973.469	444	#
326	943.033	63	#
327	740.595	434	#
328	1161.45	333	491	#
329	1455.63	246	251	353	380	497	#
330	1122.48	316	349	510	#
331	2072.08	91	191	267	#
332	694.432	473	#
333	538.544	32	46	#
334	663.211	245	#
335	1630.33	198	266	358	#
336	1297.95	183	479	486	#
337	758.834	186	#
338	944.119	221	234	304	323	#
339	181.029	406	#
340	960.339	255	#
341	1877.13	151	340	457	499	#
342	1909.98	74	297	366	405	#
343	662.721	328	#
344	1570.85	35	63	#
345	1498.03	106	174	272	#
346	758.593	351	#
347	2687.38	82	248	436	#
348	302.029	250	#
349	1934.23	54	426	#
350	675.64	151	#
351	1469.75	181	463	#
352	1702.44	141	260	356	#
353	959.08	289	#
354	1248.5	126	362	#
355	2302.17	98	439	486	#
356	899.573	345	#
357	604.391	172	#
358	1267.96	220	296	309	432	#
359	996.866	218	#
360	898.206	48	#
361	1534.29	341	424	#
362	1498.05	273	278	#
363	1274.11	67	252	350	#
364	5096.75	146	205	226	368	371	449	#
365	2359.61	167	199	346	#
366	4877.23	78	240	260	371	379	#
367	954.962	494	#
368	962.218	227	#
369	967.658	209	#
370	1211.75	316	338	#
371	2899.35	232	438	460	#
372	805.137	267	#
373	3582.24	63	339	470	478	481	#
374	530.741	51	#
375	2118.35	12	236	240	304	316	#
376	917.673	308	409	#
377	1435.99	167	346	#
378	2387.87	43	224	277	#
379	1016.46	19	318	#
380	2077.44	208	324	432	511	#
381	2217.87	20	344	393	#
382	909.76	122	403	#
383	2277.08	24	41	143	#
384	708.957	219	#
385	1537.26	129	164	387	#
386	951.177	262	#
387	1703.56	41	220	#
388	2070.95	97	217	377	#
389	821.072	441	#
390	970.37	185	#
391	3396.92	3	127	164	173	205	341	411	#
392	946.735	210	#
393	1308.16	232	270	411	#
394	590.938	335	#
395	1762.73	485	507	#
396	806.017	100	#
397	1218.07	220	356	#
398	962.549	194	#
399	714.568	226	#
400	2691.98	79	259	466	#
401	806.526	338	#
402	437.152	407	#
403	2171.81	11	40	135	496	#
404	685.015	71	#
405	505.887	406	429	#
406	918.769	353	#
407	862.581	28	#
408	751.088	234	#
409	2996.47	173	175	326	354	418	499	#
410	3501.7	42	77	323	424	429	#
411	880.298	40	#
412	717.042	68	#
413	2015.91	51	67	156	#
414	926.766	265	#
415	1743.51	139	344	#
416	859.783	440	#
417	764.008	436	#
418	3904.6	56	76	450	507	#
419	1010.35	193	489	#
420	950.692	134	#
421	1174.95	127	386	#
422	966.765	377	#
423	854.179	12	#
424	7623.15	49	166	196	292	425	480	503	510	#
425	615.329	465	#
426	2720.59	42	123	312	#
427	801.197	202	#
428	1441.88	326	416	#
429	699.109	381	#
430	2520.59	193	367	475	#
431	1910.11	11	116	133	138	192	246	385	414	448	469	#
432	857.785	435	#
433	1115.49	91	378	#
434	1029.67	175	339	340	#
435	1490.4	168	206	#
436	1201.31	245	483	#
437	809.887	432	#
438	888.365	391	#
439	1819.21	349	464	466	#
440	1291.32	330	424	#
441	702.916	2	#
442	1707.99	144	369	#
443	3220.05	101	160	191	505	#
444	4912.72	32	87	123	177	188	208	260	#
445	807.756	499	#
446	660.323	253	#
447	472.296	67	#
448	723.705	232	#
449	900.887	195	#
450	881.986	386	#
451	1727.41	62	103	465	#
452	1818.53	129	343	497	#
453	972.203	248	#
454	536.457	315	#
455	2606.83	83	134	149	160	495	#
456	722.989	249	#
457	1979.81	55	331	#
458	555.592	173	#
459	1293.14	29	37	162	285	#
460	513.419	23	#
461	1808.69	20	256	#
462	878.835	401	#
463	2799.8	50	103	186	#
464	3127.46	104	140	359	487	#
465	808.554	270	#
466	892.175	306	#
467	896.507	71	450	#
468	1592.43	102	377	#
469	2753.35	209	316	365	486	#
470	1501.35	183	495	#
471	2568.83	0	263	339	412	#
472	1705.56	15	93	135	462	#
473	2344.2	56	139	223	230	384	#
474	1860.88	25	208	#
475	548.792	394	#
476	1270.17	75	399	456	499	#
477	1603.14	234	236	261	296	351	#
478	3492.37	10	78	160	447	#
479	916.891	362	#
480	953.441	207	#
481	985.983	132	#
482	2214.93	198	390	459	#
483	1781.9	9	306	#
484	1496.04	39	138	#
485	983.694	426	#
486	923.962	13	#
487	1193.65	120	275	#
488	567.486	169	#
489	964.383	136	#
490	777.401	331	#
491	2237.95	89	108	355	499	#
492	1224.18	282	455	#
493	780.584	120	#
494	663.664	490	#
495	921.489	37	#
496	1728.14	124	178	#
497	334.366	228	#
498	1845.09	26	217	#
499	534.281	230	#
500	1670.24	30	47	151	168	327	358	427	#
501	390.853	283	#
502	600.917	257	#
503	3447.36	32	246	357	492	#
504	970.027	178	#
505	2620.02	54	465	496	#
506	1843.78	144	416	#
507	54.8111	123	#
508	964.732	348	#
509	886.279	98	#
510	934.626	50	#
511	1076.68	64	66	388	481	#
512	2065.23	152	287	456	#
513	579.256	193	#
514	640.963	340	#
515	1210.01	113	287	#
516	982.508	39	#
517	1479.41	351	368	#
518	956.818	358	#
519	1520.54	79	265	#
520	594.119	259	#
521	999.406	8	#
522	685.378	425	#
523	1143.47	186	203	462	#
524	685.977	301	#
525	1330.74	132	368	#
526	689.166	105	#
527	1099.77	117	125	437	#
528	1342.94	46	449	#
529	2344.95	169	295	490	496	#
530	1909.87	4	198	443	#
531	1742.17	47	175	185	#
532	1533.35	87	207	447	#
533	768.786	303	#
534	995.939	72	#
535	3624.05	57	73	128	407	#
536	936.362	290	303	#
537	425.267	32	#
538	744.082	491	#
539	2482.93	14	183	236	#
540	2847.59	106	272	467	476	#
541	1017.73	113	256	#
542	1647.76	216	316	#
543	561.77	86	347	#
544	878.959	485	#
545	1319.6	32	42	72	492	498	#
546	351.419	290	#
547	1251.75	136	245	251	468	#
548	475.008	17	#
549	889.205	226	480	#
550	1445.84	180	217	#
551	854.832	320	#
552	956.929	53	#
553	1693.33	5	335	393	#
554	695.167	62	#
555	2485.31	87	89	93	255	435	#
556	1168.7	14	26	110	326	#
557	846.235	223	#
558	1550.35	241	280	297	#
559	2908.76	181	210	410	#
560	737.075	455	#
561	742.84	200	#
562	2565.47	35	83	111	127	471	#
563	956.229	77	#
564	826.347	319	#
565	944.467	260	#
566	770.776	156	#
567	1903.1	171	220	503	#
568	1891.9	295	342	#
569	938.179	33	#
570	289.081	343	#
571	3779.67	70	98	131	413	#
572	2492.45	15	22	93	142	338	485	#
573	986.875	220	#
574	1284.07	7	107	#
575	2145.05	3	81	171	368	#
576	1057.25	73	304	#
577	941.264	40	171	#
578	2104.11	105	224	404	#
579	1959.35	17	90	#
580	2941.74	21	154	286	352	#
581	811.536	14	#
582	728.401	11	15	511	#
583	1496.93	14	209	352	#
584	761.361	379	458	#
585	3670.97	38	183	221	356	444	#
586	2905.69	79	222	244	#
587	1373.21	51	436	#
588	844.776	228	234	#
589	1335.6	299	382	#
590	907.285	9	#
591	2879.73	72	81	113	295	#
592	4260.74	0	32	400	432	475	#
593	835.386	35	108	#
594	714.155	418	#
595	1405.38	20	122	349	419	449	#
596	874.564	15	301	397	#
597	2756.76	118	199	326	#
598	1817.16	182	217	229	#
599	1717.31	407	484	#
600	491.56	108	#
601	1525.88	8	199	362	#
602	770.458	469	#
603	6153.01	17	103	178	186	340	433	479	#
604	557.583	300	#
605	828.404	221	445	#
606	482.811	222	#
607	1792.43	214	501	#
608	889.883	389	#
609	114.96	313	#
610	1946.31	19	486	#
611	933.647	290	313	#
612	4267.73	83	150	259	333	397	470	#
613	730.133	76	#
614	940.399	88	#
615	2291.87	332	445	487	504	#
616	1376.45	77	242	415	#
617	1405.86	48	379	498	#
618	835.913	242	#
619	1025.36	96	509	#
620	2989.8	28	68	307	339	348	#
621	985.637	167	#
622	1204.14	25	308	#
623	960.11	246	#
624	1049.33	121	297	411	#
625	517.875	43	192	#
626	1495.57	117	188	271	304	440	#
627	1562.42	75	372	#
628	1416.13	365	378	432	#
629	444.708	208	#
630	901.588	73	#
631	924.204	399	#
632	1009.42	59	320	352	#
633	654.949	64	#
634	952.373	107	#
635	952.639	59	#
636	2539.95	75	93	281	#
637	831.479	89	#
638	1935.53	147	361	438	#
639	1787.77	277	311	#
640	1666.39	156	450	#
641	980.046	277	#
642	1308.54	256	471	#
643	2649.32	336	357	361	#
644	1645.78	32	357	#
645	2949.47	65	163	192	344	#
646	1513.23	110	286	328	336	#
647	985.741	189	#
648	769.132	71	283	#
649	2406.39	19	271	407	492	#
650	1402.21	190	301	#
651	957.871	164	372	#
652	810.686	488	#
653	1321.67	170	486	#
654	3244.39	80	93	167	443	#
655	5581	53	90	175	356	388	491	#
656	989.228	486	#
657	777.107	297	#
658	885.444	84	268	#
659	1908.95	42	193	387	#
660	3165.14	166	262	281	311	#
661	1281.29	74	434	#
662	858.319	145	#
663	2212.11	308	312	314	#
664	6041.68	15	66	326	356	414	463	470	#
665	1569.58	207	311	350	#
666	1410.06	164	438	#
667	829.681	368	#
668	617.703	459	#
669	9211.64	189	193	255	264	271	318	346	358	360	371	430	504	#
670	720.987	179	#
671	575.374	84	#
672	1584.59	59	169	#
673	1852.84	147	412	#
674	474.531	45	#
675	3616.15	139	310	406	493	#
676	3285.15	9	102	254	261	413	#
677	4672.85	3	92	169	333	450	#
678	2225.06	314	329	344	#
679	1572.33	123	249	#
680	3292.2	34	95	283	348	373	#
681	1685.28	11	53	125	204	301	#
682	937.471	142	458	#
683	923.615	92	#
684	867.192	271	#
685	636.066	140	#
686	1569.64	330	449	#
687	1281.61	6	23	30	70	152	160	203	234	239	336	364	429	#
688	2816.37	76	144	157	296	492	#
689	1347.25	232	401	#
690	1847.14	77	491	#
691	2348.55	118	311	367	417	436	#
692	1492.61	54	178	282	#
693	3369.74	50	140	161	174	308	333	388	398	399	427	432	#
694	579.621	130	268	#
695	2686.4	174	285	339	#
696	2269.78	14	51	246	#
697	1712	103	250	#
698	969.833	427	467	#
699	763.674	298	#
700	749.78	217	#
701	691.926	225	#
702	3671.88	37	265	457	507	#
703	995.656	388	#
704	908.148	159	#
705	481.672	445	#
706	1826.39	231	384	#
707	2147.57	297	393	495	#
708	1635.19	74	91	#
709	860.439	508	#
710	1953.64	23	267	#
711	1906.03	259	261	354	#
712	1416.27	139	230	#
713	5176.09	18	39	142	281	297	363	#
714	2709.19	188	226	274	380	#
715	2155.88	140	280	306	353	398	446	#
716	1057.77	388	395	#
717	4477.38	93	124	243	298	395	#
718	560.669	355	#
719	5506.81	43	218	302	334	433	497	#
720	2987.76	77	143	226	#
721	1279.61	201	288	#
722	5371.8	26	32	142	159	166	248	335	405	#
723	4248.75	24	111	124	162	305	332	362	#
724	4913.43	128	341	379	399	481	499	#
725	2145.69	139	220	409	#
726	822.657	259	385	#
727	1063.85	63	259	#
728	1639.63	227	274	467	#
729	779.751	402	#
730	1702.6	44	458	#
731	896.858	323	#
732	544.752	38	#
733	951.959	0	#
734	495.473	216	#
735	2104.78	62	170	304	309	367	397	#
736	2540.85	69	286	304	453	#
737	3681.24	180	216	309	383	#
738	1338.25	78	399	#
739	442.908	318	#
740	2878.16	34	51	129	#
741	1905.11	19	153	#
742	1677.6	66	133	262	#
743	1025.64	146	333	#
744	3902.79	74	216	233	405	#
745	2779.93	71	96	258	368	405	#
746	933.707	174	#
747	1341.41	191	322	#
748	1177.81	51	394	#
749	1876.81	386	412	#
750	4090.17	181	187	205	260	301	#
751	660.67	252	#
752	2342.46	170	173	261	#
753	805.83	5	#
754	709.892	467	#
755	874.776	327	#
756	872.437	356	#
757	1530.11	44	119	#
758	216.991	90	305	#
759	1434.37	50	111	#
760	912.878	164	380	#
761	3943.06	81	177	188	267	#
762	2407.64	50	193	382	#
763	1469.78	23	127	#
764	2133.19	245	247	331	385	468	#
765	3995.6	64	105	228	230	251	317	417	#
766	1242.6	139	316	#
767	2831.99	53	65	125	412	433	485	#
768	3206.31	157	201	245	366	#
769	916.85	457	#
770	3311.46	248	414	503	504	#
771	750.73	361	#
772	1593.5	259	392	#
773	1544.88	134	484	#
774	3488.75	80	216	312	337	#
775	1003.33	369	385	451	#
776	5276.02	20	52	79	169	339	488	#
777	1817.35	253	427	#
778	678.191	383	#
779	2364.05	52	103	181	241	266	#
780	1555.22	47	78	430	#
781	1889.32	292	334	413	#
782	1660.07	178	412	#
783	1074.86	46	82	#
784	991.974	147	#
785	1256.04	58	108	#
786	1986.2	22	333	422	#
787	1223.43	249	373	#
788	2734.75	254	403	427	459	494	#
789	2687.6	92	167	381	#
790	1238.25	175	344	#
791	1567.58	396	465	#
792	962.468	453	#
793	1357.03	111	216	#
794	1962.11	138	370	#
795	1745.2	12	298	#
796	2559.98	3	22	84	#
797	951.328	3	#
798	1023.95	1	3	138	#
799	916.932	24	#
800	1728.28	154	232	#
801	1580.53	101	351	#
802	5307.14	41	136	291	313	380	422	#
803	449.537	272	#
804	4326.31	46	47	79	183	203	294	#
805	1837.33	130	246	508	#
806	1934.78	6	57	201	214	490	507	#
807	1540.69	16	230	#
808	4148.98	39	75	155	197	271	#
809	2639.73	184	368	507	#
810	2190.09	55	127	141	#
811	961.512	476	#
812	2712.18	33	226	255	264	322	430	#
813	2207.82	9	105	329	#
814	698.009	106	#
815	670.24	205	#
816	3362.34	10	89	114	249	393	423	#
817	971.952	408	#
818	823.944	330	#
819	2109.6	147	198	293	396	425	#
820	946.99	88	103	#
821	4785.46	57	75	113	267	433	449	#
822	1144.27	308	366	#
823	2141.17	13	35	47	105	386	#
824	418.797	373	#
825	2507.4	219	312	507	#
826	2265.91	174	260	272	#
827	996.044	163	#
828	838.488	160	#
829	800.143	236	#
830	1382.05	48	273	#
831	745.595	280	#
832	1778.18	302	395	#
833	54.9895	85	#
834	1407.21	129	483	#
835	1744.88	196	255	#
836	3372.92	178	294	340	403	468	#
837	2065.94	307	342	402	#
838	4767.43	44	163	199	229	356	363	432	#
839	1349.81	294	453	#
840	1168.87	361	477	#
841	2155.35	66	175	225	#
842	896.245	411	#
843	917.111	344	#
844	1667.33	245	333	#
845	1102.72	205	218	315	358	364	385	#
846	2569.5	6	8	468	#
847	1988.86	134	218	297	492	#
848	1875.94	42	287	507	#
849	893.113	463	#
850	2863.42	333	422	497	#
851	2634.18	52	173	393	#
852	799.109	397	#
853	1933.62	37	408	#
854	370.858	292	#
855	1334.94	58	81	377	#
856	1620.49	94	238	312	318	#
857	1272.18	189	299	#
858	992.987	102	#
859	1721.76	66	252	#
860	3169.07	79	112	138	187	#
861	892.798	80	#
862	941.866	162	195	#
863	1124.13	229	354	#
864	2628.2	202	212	480	#
865	922.01	115	120	#
866	1269.4	22	389	#
867	2855.39	288	371	448	451	#
868	1973.25	303	372	#
869	2048.1	247	288	304	#
870	999.301	224	#
871	777.449	75	#
872	847.238	124	#
873	1398.06	137	304	#
874	1294.07	369	470	#
875	197.776	416	#
876	746.499	498	#
877	1383.65	237	275	309	402	456	#
878	905.056	447	#
879	1085.08	360	373	#
880	1394.8	190	424	#
881	1667.78	135	242	#
882	2116.22	39	119	255	366	#
883	828.544	487	#
884	1249.4	109	246	#
885	1714.17	127	387	#
886	1679.56	285	353	394	#
887	654.307	269	#
888	906.772	380	#
889	2139.49	28	150	223	#
890	1356.89	137	206	379	430	#
891	2433.08	67	342	360	#
892	1991.59	204	406	#
893	836.366	95	#
894	1231.59	101	174	471	#
895	1422.59	41	198	#
896	1473.01	326	416	443	448	507	#
897	1739.56	244	274	#
898	1836.64	456	461	#
899	1987.3	427	433	#
900	1660.86	226	509	#
901	1231.55	68	463	#
902	1738.46	200	389	#
903	1052.8	39	77	187	264	#
904	1294.89	254	373	#
905	1868.65	312	358	#
906	2724.88	78	335	348	#
907	1996.99	336	418	#
908	2002.63	297	387	436	#
909	3025.37	221	242	299	435	438	#
910	650.482	311	#
911	815.271	474	#
912	1268.25	31	318	#
913	4077.73	29	32	88	135	161	227	474	476	#
914	2517.74	55	172	321	#
915	737.438	44	#
916	3269.24	167	177	184	283	#
917	1611.15	219	240	#
918	2292.45	76	292	299	#
919	947.904	117	151	280	#
920	1294.48	13	79	314	#
921	163.385	500	#
922	1229.9	45	303	#
923	2952.93	0	291	308	#
924	1780.09	113	327	488	#
925	1213.99	179	440	#
926	2578.72	55	253	335	#
927	1916.83	220	221	324	338	#
928	1807.72	49	249	472	#
929	979.929	36	#
930	2287.09	17	61	437	#
931	1206.28	61	227	304	#
932	985.23	41	#
933	1549.35	293	295	494	#
934	1452.63	119	136	228	435	#
935	1567.57	188	487	#
936	1963.71	193	320	#
937	1007.62	0	193	238	256	#
938	793.024	451	#
939	1678.84	50	386	441	#
940	4364.42	49	62	156	270	320	#
941	1559.65	104	272	491	#
942	3106.92	202	404	450	452	#
943	706.566	150	#
944	1004.85	157	309	457	#
945	2709.78	172	305	311	492	#
946	1730.51	76	323	489	491	#
947	3623.27	35	46	72	95	365	#
948	803.021	506	#
949	999.422	119	#
950	3016.12	152	237	397	438	#
951	1202.98	87	404	446	#
952	373.737	496	#
953	6066.5	44	79	103	258	391	427	468	#
954	1598.26	14	186	#
955	1485.58	432	479	#
956	958.292	266	#
957	3673.3	2	302	325	411	445	#
958	4555	37	225	232	349	365	#
959	959.156	325	481	#
960	3274.32	0	32	96	173	288	320	#
961	73.6138	153	#
962	1113.88	389	496	#
963	1442.88	30	85	#
964	1080.84	336	458	#
965	4477.96	11	13	185	260	264	279	372	389	435	487	#
966	2967.38	6	10	147	392	458	#
967	884.651	431	#
968	1877.53	308	418	#
969	2494.57	6	24	279	368	378	487	#
970	1572.37	127	460	#
971	2897.02	111	198	412	#
972	1375.59	126	309	#
973	2580.94	105	119	172	#
974	2731.04	16	97	425	#
975	2066.41	256	434	439	#
976	4037.15	99	228	229	279	284	384	#
977	882.362	398	#
978	1874.62	86	405	#
979	1921.99	31	106	162	#
980	829.698	20	#
981	461.802	443	#
982	1922.29	9	10	231	236	#
983	885.764	433	#
984	779.408	385	#
985	1770.74	98	131	#
986	727.953	4	#
987	697.501	458	#
988	2630.85	188	259	324	#
989	1430.7	101	115	#
990	1193.54	50	416	494	#
991	1634.95	224	230	#
992	1954.96	255	327	#
993	2478.96	56	174	187	420	492	#
994	1351.73	5	74	#
995	933.57	70	#
996	1967.93	96	363	494	#
997	2720.78	44	100	309	345	#
998	2857.17	272	273	342	#
999	3333.25	205	223	233	363	#
1000	2895.38	26	206	425	#
1001	2275.17	58	269	326	#
1002	1559.45	11	201	286	#
1003	1977.15	25	89	137	235	310	420	#
1004	92.9358	115	#
1005	353.928	197	#
1006	1129.84	32	47	128	148	188	196	301	320	343	383	467	#
1007	2053.71	51	214	301	378	487	#
1008	1809.97	124	160	#
1009	1234.07	53	190	346	#
1010	5861.16	37	117	135	176	194	213	437	449	465	#
1011	2598.81	221	265	286	330	#
1012	965.44	244	#
1013	1625.89	47	401	#
1014	2325.05	135	234	283	397	#
1015	1024.94	219	346	465	#
1016	1201.57	207	256	387	#
1017	900.09	466	#
1018	1653.86	130	332	#
1019	2064.99	182	268	327	#
1020	1118.17	2	81	165	#
1021	3210.07	17	309	490	495	#
1022	1451.42	315	316	#
1023	782.171	99	#
1024	2431.23	144	230	403	461	#
1025	2227.01	27	375	394	434	#
1026	1120.52	132	329	401	#
1027	6866.87	175	237	280	313	341	400	491	#
1028	1708.93	289	292	392	#
1029	1559.17	40	145	467	#
1030	7967.14	33	140	146	282	289	294	404	436	484	494	#
1031	833.211	409	#
1032	1306.73	162	235	#
1033	1844.79	250	402	497	#
1034	2045.48	166	207	222	251	256	#
1035	2860.28	86	114	174	210	366	493	#
1036	813.535	236	397	#
1037	3934.95	71	214	355	428	#
1038	4767.51	194	198	234	248	376	504	#
1039	916.338	110	#
1040	737.649	1	#
1041	2445.58	46	137	159	283	#
1042	1495.87	336	349	470	508	#
1043	6858.31	7	43	49	161	272	386	460	#
1044	1736.06	245	437	#
1045	1550.84	205	325	#
1046	1919.21	297	464	#
1047	1930.85	13	122	463	#
1048	839.345	4	120	125	202	#
1049	994.308	19	336	383	473	#
1050	1382.34	28	358	439	#
1051	2381.53	130	170	355	#
1052	3878.31	207	224	405	458	#
1053	1163.12	59	250	336	#
1054	889.523	434	443	#
1055	707.837	334	#
1056	1747.67	49	180	315	#
1057	2394.07	71	252	254	294	298	#
1058	1851.73	327	335	#
1059	964.639	342	#
1060	1734.22	156	185	502	#
1061	1812.06	83	481	#
1062	136.395	420	#
1063	3556.79	46	48	98	100	150	170	201	240	402	435	#
1064	1651.52	274	385	#
1065	8742.26	127	146	185	224	248	268	293	359	386	#
1066	2487.96	182	237	488	#
1067	3689.04	28	103	116	156	376	#
1068	1262.15	39	133	478	#
1069	580.894	131	#
1070	2649.55	11	97	416	#
1071	1851.32	209	242	281	297	334	351	389	405	#
1072	1241.07	111	325	#
1073	1476.61	262	417	501	#
1074	2502.23	188	216	371	#
1075	1230.65	220	222	366	#
1076	693.715	504	#
1077	1072.3	58	104	410	#
1078	675.044	439	#
1079	1458.43	13	411	#
1080	731.784	188	#
1081	1294.62	59	181	#
1082	2910.03	43	157	266	276	459	476	#
1083	1718.65	6	229	250	#
1084	2849.23	124	137	285	393	421	#
1085	1653.74	180	373	#
1086	2300.46	54	134	200	#
1087	4991.93	116	148	181	199	212	438	495	#
1088	514.929	278	#
1089	2390.36	249	322	432	435	#
1090	1608.11	286	308	#
1091	1440.22	86	222	#
1092	874.351	58	#
1093	822.529	284	#
1094	1910.4	12	23	278	297	#
1095	1531.23	151	493	#
1096	1658.57	247	434	445	477	#
1097	1970.92	177	461	#
1098	699.31	456	#
1099	3086.52	11	110	249	258	#
1100	3242.01	116	148	303	330	409	446	#
1101	3166.92	191	244	264	436	#
1102	1301.71	197	407	#
1103	845.491	74	#
1104	1453.81	69	280	#
1105	1413.83	177	275	312	359	487	#
1106	1208.49	67	144	#
1107	1109.04	98	375	#
1108	1831.67	182	457	#
1109	81.5588	101	#
1110	1207.25	50	292	#
1111	3376.27	60	70	361	441	#
1112	1171.57	19	376	#
1113	529.13	438	#
1114	2809.8	29	226	448	#
1115	3722.22	10	269	312	468	#
1116	1056.4	49	53	91	#
1117	1174.88	67	443	#
1118	6857.72	91	104	112	123	168	178	194	239	310	438	507	#
1119	3064.05	129	244	269	319	335	#
1120	1842.1	95	225	#
1121	981.096	442	#
1122	5965.42	5	170	181	278	388	398	#
1123	1254.78	62	64	151	284	414	451	#
1124	1293.53	7	80	81	#
1125	1269.34	268	288	509	#
1126	9378.21	19	57	100	147	192	274	299	317	414	418	510	#
1127	1721.45	75	329	#
1128	2522.46	352	411	446	#
1129	1695.05	25	292	#
1130	1872.97	14	32	#
1131	1987.16	13	196	301	#
1132	2115.14	189	245	368	436	#
1133	1987.84	22	270	440	#
1134	4255.25	11	186	228	234	250	#
1135	3909.01	129	253	259	310	#
1136	4085.59	2	20	81	89	179	188	224	#
1137	583.307	363	#
1138	981.797	279	#
1139	1402.94	203	444	#
1140	3358.59	163	191	216	277	493	#
1141	1794.86	57	182	210	244	317	#
1142	2023.47	79	181	419	#
1143	2180.99	311	361	393	409	453	#
1144	7569.75	0	98	126	337	397	437	453	506	#
1145	3966.25	126	164	224	234	418	487	#
1146	1548.83	24	97	140	436	#
1147	2202.73	91	219	467	#
1148	1375.26	171	246	#
1149	1499.53	45	344	422	#
1150	2539.57	222	447	478	#
1151	2812.2	33	99	215	297	505	#
1152	1643.88	76	113	127	#
1153	671.664	86	450	#
1154	1703.69	14	66	#
1155	1753.85	141	165	#
1156	3418.57	53	56	87	202	#
1157	1626.88	151	337	388	389	#
1158	1698.45	58	209	307	347	#
1159	5843.67	51	180	244	324	326	330	498	#
1160	970.949	87	#
1161	2201.36	310	334	352	386	#
1162	1800.99	41	56	66	#
1163	1189.01	29	235	307	411	#
1164	3140.6	217	283	339	352	#
1165	2257.1	54	351	421	498	#
1166	316.259	125	#
1167	2965.14	268	284	338	#
1168	1958.6	259	495	#
1169	1695.75	126	321	#
1170	1096.57	262	347	390	#
1171	1272.89	393	451	#
1172	1735.26	67	70	75	100	161	172	264	275	#
1173	259.884	19	#
1174	2468.23	35	377	408	#
1175	907.637	27	#
1176	1870.48	122	250	297	#
1177	2305.31	292	342	422	#
1178	2396.06	166	314	392	#
1179	1352.48	31	444	#
1180	3807.55	115	153	432	481	#
1181	871.062	253	456	#
1182	2414.33	3	53	232	345	369	#
1183	1966.78	224	277	407	#
1184	2353.39	45	311	394	#
1185	1777.7	68	366	#
1186	1857.47	4	93	#
1187	2515.33	141	456	488	#
1188	2377.48	15	21	202	#
1189	2497.54	155	425	485	#
1190	1441.72	41	386	#
1191	1065.23	32	147	192	283	#
1192	1970.52	347	492	#
1193	940.78	316	#
1194	2161.55	94	106	507	#
1195	1232.59	179	337	#
1196	805.115	481	#
1197	1604.62	181	358	#
1198	3439.86	61	131	209	293	#
1199	4705.63	107	236	333	375	486	#
1200	1490.83	62	75	#
1201	697.386	121	#
1202	2938.1	46	197	254	#
1203	1579.39	30	43	97	115	154	231	287	354	#
1204	1537.13	104	140	244	282	482	#
1205	2887.68	76	146	168	278	#
1206	140.379	462	#
1207	645.969	109	#
1208	5439	18	40	60	141	158	318	411	#
1209	1473.24	106	114	#
1210	1856.19	44	280	#
1211	726.146	321	#
1212	1696.59	173	469	#
1213	778.188	403	472	#
1214	1013.25	212	302	441	#
1215	1052.12	81	272	386	#
1216	1602.4	214	365	427	#
1217	930.674	234	346	#
1218	3561.97	35	124	164	278	296	461	#
1219	2170.38	274	461	464	#
1220	467.159	400	#
1221	1473.9	256	419	#
1222	1855.2	329	353	#
1223	3174.89	63	73	117	297	314	385	424	#
1224	1010.43	120	145	313	350	#
1225	1775.66	74	476	#
1226	759.451	468	#
1227	2288.3	25	416	505	#
1228	1818.23	142	383	#
1229	6208.92	12	83	254	308	329	336	408	#
1230	1502.37	315	350	#
1231	1879.4	339	383	#
1232	3469.11	118	128	213	427	432	#
1233	1622.69	65	151	200	#
1234	1634.49	149	156	177	338	#
1235	1049.96	101	446	#
1236	2462.7	14	345	416	#
1237	1127.04	245	249	#
1238	2880.58	126	132	381	407	511	#
1239	2146.15	72	288	467	#
1240	3679.97	58	82	111	312	346	442	495	#
1241	2601.05	45	328	423	#
1242	573.07	129	#
1243	1596.66	163	457	#
1244	1531.68	101	219	257	444	492	#
1245	4516.94	8	105	308	318	414	#
1246	2812.6	46	97	388	#
1247	2038.17	207	383	439	#
1248	1870.93	33	174	#
1249	5378.27	91	148	166	168	174	195	351	384	421	481	#
1250	1646.5	94	149	323	404	#
1251	8422.68	49	71	78	79	112	127	164	188	261	263	342	489	#
1252	1519.91	4	40	100	121	128	140	143	157	223	295	372	477	#
1253	3274.28	45	119	210	266	277	313	343	497	506	507	#
1254	1019.59	199	489	509	#
1255	3846.35	58	160	191	238	#
1256	1549.1	171	342	#
1257	2129.07	117	230	451	468	#
1258	1153.34	79	509	#
1259	1235.24	297	429	510	#
1260	1809.28	323	488	#
1261	2467.21	5	60	126	132	417	#
1262	1359.38	130	216	495	#
1263	3320.36	4	78	134	421	#
1264	574.365	157	#
1265	1891.57	29	115	457	#
1266	1253.51	35	234	293	494	#
1267	1010.52	4	46	63	200	208	290	294	305	347	378	458	493	#
1268	3805.22	23	194	250	251	354	#
1269	1095.97	103	402	493	#
1270	3901.87	58	121	304	396	415	420	#
1271	1886.11	172	174	#
1272	1121.81	177	205	284	328	#
1273	1447.11	80	198	237	264	269	328	383	454	#
1274	4680.66	63	66	97	154	225	262	309	341	457	495	#
1275	1409.77	238	327	#
1276	4792	63	329	407	409	453	#
1277	2047.73	63	332	468	#
1278	811.819	112	397	#
1279	2585.11	157	374	420	#
1280	3084.54	266	277	291	449	495	#
1281	1445.17	83	237	294	298	393	#
1282	4215.3	101	163	180	317	377	#
1283	1846.83	106	333	#
1284	174.525	25	#
1285	2328.4	296	305	318	#
1286	1447.46	47	184	#
1287	2690.69	115	194	218	#
1288	1788.66	130	489	#
1289	626.839	169	329	#
1290	1259.54	237	354	451	#
1291	1791.09	229	468	#
1292	1788.55	392	431	#
1293	4737.5	16	35	176	224	446	#
1294	1516.01	123	291	415	#
1295	1157.21	1	333	#
1296	3209.97	118	239	285	390	#
1297	376.306	114	#
1298	1197.67	34	319	#
1299	2911.35	175	481	495	#
1300	1900.64	240	335	355	#
1301	2269.45	30	116	336	#
1302	2042.62	284	382	509	#
1303	2977.81	104	135	169	305	#
1304	1528.08	384	506	#
1305	3093.19	403	409	479	504	#
1306	2050.46	152	202	230	#
1307	1612.28	393	486	#
1308	1309.28	137	372	#
1309	2437.79	179	399	466	#
1310	3375.17	20	92	126	258	504	#
1311	914.332	28	172	#
1312	4455.11	105	245	346	411	480	#
1313	961.564	6	#
1314	1689.58	76	446	#
1315	2907.72	132	160	261	#
1316	420.454	43	#
1317	2248.49	188	447	490	#
1318	2409.69	41	74	96	313	#
1319	2682.99	53	80	186	305	327	#
1320	557.325	192	343	#
1321	1912.99	111	227	414	457	487	#
1322	3404.99	49	152	266	341	477	481	504	#
1323	1596.38	91	128	#
1324	1573.42	5	108	441	446	#
1325	2282.02	6	99	277	#
1326	1453.53	129	187	247	#
1327	1417.43	192	307	#
1328	1558.3	23	490	#
1329	1432.44	283	468	#
1330	2560.63	36	121	241	428	470	474	#
1331	686.837	138	#
1332	2728.91	86	203	286	378	#
1333	291.684	464	#
1334	1191.19	149	182	416	470	#
1335	663.151	501	#
1336	1167.86	80	277	#
1337	1099.08	1	501	#
1338	1615.98	419	483	#
1339	1713.53	75	137	337	433	#
1340	1202.1	124	450	#
1341	1349.29	46	56	57	244	#
1342	586.798	299	#
1343	1139.73	31	109	#
1344	2683.34	23	255	365	#
1345	1356.54	220	497	#
1346	3394.07	117	158	358	392	#
1347	1408.46	39	83	248	#
1348	1330.65	29	342	#
1349	1541.86	1	404	494	#
1350	699.834	117	#
1351	1796.55	98	148	#
1352	949.327	181	#
1353	967.535	55	186	#
1354	4520.92	189	204	227	254	321	438	441	#
1355	992.978	166	410	431	#
1356	1970.76	142	425	#
1357	2426.49	2	149	364	#
1358	991.16	214	235	#
1359	1897.03	253	383	421	#
1360	1990	256	315	#
1361	1973.71	3	339	#
1362	606.64	472	#
1363	2861.72	36	166	211	219	316	338	#
1364	3599.23	130	276	287	304	#
1365	884.469	55	#
1366	1702.38	294	311	#
1367	2432.13	0	222	381	417	#
1368	3049.88	36	206	218	270	325	#
1369	6712.38	34	63	206	341	488	494	507	#
1370	994.84	3	208	469	#
1371	3407.82	0	127	177	334	438	#
1372	2799.96	29	70	488	#
1373	2213.08	27	420	502	#
1374	1343.24	206	459	486	#
1375	4871.47	14	48	81	180	343	#
1376	1617.24	98	174	460	502	#
1377	2590.24	6	159	290	#
1378	1263.55	171	447	#
1379	3603.6	123	226	368	470	#
1380	1290.32	281	460	#
1381	3467.77	23	25	152	267	290	294	448	#
1382	818.895	303	335	#
1383	1726.97	55	252	#
1384	2811.59	48	431	474	#
1385	1522.09	159	370	#
1386	1644.09	3	13	447	#
1387	3910.19	14	59	398	428	#
1388	2712.95	114	183	245	302	#
1389	4333.95	90	293	331	403	410	#
1390	1816.17	3	156	#
1391	2692.58	183	365	471	#
1392	581.635	54	#
1393	1900.36	70	81	#
1394	3392.33	57	108	254	312	#
1395	1935.13	167	351	#
1396	1210.57	20	388	411	#
1397	1117.82	43	51	#
1398	3228.68	69	86	276	435	#
1399	2364.93	22	59	120	496	#
1400	1815.18	350	506	#
1401	1323.98	86	334	#
1402	1564.84	405	493	#
1403	1537.2	87	360	#
1404	1603.66	87	276	421	#
1405	2322.16	84	92	167	#
1406	4003.42	65	145	212	474	489	#
1407	2351.16	103	216	268	#
1408	1923.37	206	246	329	#
1409	558.869	114	406	#
1410	1101.93	192	200	218	412	#
1411	1146.17	270	310	449	#
1412	4628.93	8	87	99	182	195	357	495	#
1413	1805.19	79	99	353	#
1414	1528.07	282	375	#
1415	125.88	241	#
1416	1834.38	9	190	410	#
1417	4317.54	32	64	182	265	276	399	#
1418	1544.03	57	103	#
1419	1487.95	277	423	#
1420	1984.4	123	477	509	#
1421	1958.35	318	479	#
1422	869.993	270	325	#
1423	1890.55	265	481	#
1424	1664.4	426	449	#
1425	1861.01	219	447	#
1426	1997.58	31	135	#
1427	2123.89	38	137	305	#
1428	3215.91	41	167	232	253	#
1429	1882.92	181	283	#
1430	1615.31	264	323	470	#
1431	1566.02	280	442	#
1432	1911.46	324	327	#
1433	3185.2	49	101	119	252	253	333	453	#
1434	1079.77	108	417	#
1435	1862.04	52	53	#
1436	9354.31	14	18	69	197	228	241	323	360	444	493	#
1437	1055.8	439	469	#
1438	1422.8	28	118	390	#
1439	1421.52	58	419	#
1440	1903.96	114	132	#
1441	984.538	137	419	#
1442	1466.97	180	185	329	510	#
1443	1967.05	130	409	505	#
1444	1271.64	198	245	#
1445	2129.92	11	47	351	#
1446	943.537	135	#
1447	1767.37	218	265	#
1448	1997.67	97	457	#
1449	2130.42	195	229	241	#
1450	2476.51	216	257	497	#
1451	1003.81	264	338	402	#
1452	2359.14	221	222	394	468	#
1453	1081.85	194	201	#
1454	1602.91	42	69	#
1455	988.068	263	430	#
1456	1815.13	66	154	#
1457	2255	176	178	499	#
1458	1624.92	164	311	#
1459	3453.22	29	217	230	318	#
1460	1992.52	184	191	#
1461	3343.2	5	99	213	326	355	#
1462	1067.87	116	266	379	#
1463	1996.92	132	293	#
1464	1108.86	28	31	142	189	219	248	321	440	#
1465	1315.14	64	363	#
1466	1159.31	289	310	#
1467	1712.02	152	242	258	366	#
1468	1573.87	195	323	#
1469	1739.81	98	336	394	#
1470	1890.03	73	94	493	#
1471	3564.14	2	363	364	430	437	#
1472	2036.96	29	58	322	375	#
1473	1412.35	372	432	#
1474	2190.97	47	237	272	420	463	467	#
1475	765.467	97	#
1476	818.016	308	#
1477	575.397	155	#
1478	1485	43	92	434	441	#
1479	1186.94	99	310	#
1480	1605.13	0	9	177	345	#
1481	1833.11	170	179	312	#
1482	1283.01	154	233	#
1483	1944.21	62	243	#
1484	1843.38	25	344	#
1485	1106.26	321	434	492	#
1486	1962.71	7	143	344	409	#
1487	1354.68	40	309	#
1488	1708.35	485	502	#
1489	3256.54	47	325	480	492	#
1490	1246.81	375	427	#
1491	955.825	65	235	#
1492	2594.18	106	235	242	#
1493	616.286	11	#
1494	5957.75	71	156	299	383	388	420	431	442	#
1495	2368.26	204	225	328	476	#
1496	2305.58	401	451	492	#
1497	2718.85	315	325	434	461	#
1498	1083.63	24	245	288	#
1499	380.811	118	#
1500	5532.46	100	202	256	302	365	507	#
1501	7802.87	60	63	230	301	406	449	482	509	#
1502	2545.66	218	357	451	#
1503	1612.33	1	41	188	264	#
1504	2159.48	35	137	225	318	#
1505	825.313	294	#
1506	999.473	109	136	472	#
1507	1249.21	499	509	#
1508	2687.98	80	377	397	#
1509	5456.96	103	220	332	366	409	436	#
1510	2900.41	5	436	480	#
1511	2050.6	66	142	477	#
1512	5033.45	48	99	210	238	374	448	502	#
1513	1072.28	79	277	441	#
1514	916.138	101	131	#
1515	2249.56	148	187	230	#
1516	2405.74	145	210	273	#
1517	1688.42	203	398	#
1518	1999.01	248	287	363	#
1519	3969.69	57	90	176	207	247	#
1520	1580.84	130	191	206	280	379	#
1521	998.873	30	227	333	#
1522	1529.5	246	344	#
1523	1873.69	27	194	256	#
1524	841.803	122	284	#
1525	5172.6	39	138	254	322	353	410	#
1526	2788.4	247	274	323	#
1527	1926.62	20	202	#
1528	2136.2	220	351	354	#
1529	1206.39	83	501	#
1530	1011.96	350	457	#
1531	4756.82	92	206	261	273	349	377	459	469	#
1532	1265.68	12	385	#
1533	2634.79	24	345	382	#
1534	1106.74	25	80	377	404	#
1535	1010.47	133	281	306	425	485	#
1536	4014.79	294	426	450	451	499	#
1537	1463.46	50	304	#
1538	2997.2	80	231	271	#
1539	1394.08	87	228	#
1540	918.836	205	372	#
1541	901.16	48	325	#
1542	2318.29	49	82	178	465	#
1543	500.86	161	#
1544	897.232	286	#
1545	1471.12	46	172	401	470	#
1546	1548.69	76	298	488	#
1547	9463.84	16	25	60	70	152	171	201	213	215	250	262	274	296	297	300	335	367	444	451	488	#
1548	1893.27	78	271	#
1549	3531.14	12	39	54	107	148	270	280	302	327	392	415	493	#
1550	1255.2	74	445	#
1551	1838.28	123	221	321	#
1552	1445.27	205	339	#
1553	1494.21	125	326	#
1554	2687.31	87	416	463	#
1555	1393.57	98	297	#
1556	2178.16	99	127	377	#
1557	2527.14	5	122	293	457	#
1558	1666.07	81	131	181	#
1559	1104.65	272	309	490	#
1560	2118.53	47	117	144	380	#
1561	2505.28	189	314	451	#
1562	1568.38	22	141	#
1563	1159.27	123	185	261	#
1564	1125.97	183	414	459	#
1565	707.468	437	#
1566	1216.02	114	304	466	#
1567	6466.47	134	250	251	321	328	384	486	#
1568	3918.13	119	145	173	206	251	393	431	485	509	#
1569	2853.73	205	254	418	#
1570	3231.15	181	263	411	423	501	#
1571	3390.37	81	279	302	382	447	#
1572	891.422	497	#
1573	1524.69	234	408	#
1574	1963.59	422	435	443	#
1575	1329.25	218	291	335	#
1576	2812	176	288	412	#
1577	3282.92	53	140	272	421	#
1578	1821.11	109	286	#
1579	1436.84	427	486	#
1580	168.181	285	#
1581	1473.59	215	483	#
1582	1551.07	68	141	#
1583	1492.68	1	150	363	381	414	#
1584	2980.99	5	86	120	151	188	458	#
1585	1051.57	264	283	375	439	#
1586	1311.29	86	275	#
1587	1868.92	348	351	#
1588	11630.5	51	64	104	217	223	263	345	395	406	426	474	507	#
1589	1033.49	451	506	#
1590	3056.03	116	132	191	331	374	#
1591	981.641	17	336	433	#
1592	2484.62	25	72	273	#
1593	1903.94	106	231	509	#
1594	987.794	196	432	#
1595	4013.08	36	112	248	306	489	#
1596	1946.52	131	350	#
1597	5077.81	17	21	57	148	149	272	#
1598	1321.3	255	351	410	#
1599	5951.07	21	45	84	178	306	495	#
1600	1645.83	387	476	#
1601	1827.61	200	385	421	#
1602	2331.27	105	135	165	267	271	#
1603	1469.35	285	345	400	423	474	#
1604	2043.31	206	405	412	#
1605	2371.86	83	160	425	460	#
1606	1101.09	350	421	#
1607	2924.19	41	91	228	240	399	435	452	#
1608	1973.49	137	146	#
1609	1674.67	152	324	#
1610	1469.77	132	180	458	483	#
1611	1604.97	236	384	#
1612	1544.7	35	285	384	417	460	#
1613	1398.8	277	408	#
1614	2435.51	207	265	395	#
1615	1234.63	49	301	461	#
1616	2037.82	86	87	423	#
1617	1338.24	184	198	407	#
1618	1432.14	107	133	208	#
1619	1068.07	74	376	381	469	#
1620	1858.9	320	366	#
1621	1281.89	14	412	428	#
1622	1912.28	243	418	#
1623	2748.53	144	202	275	#
1624	980.515	423	460	#
1625	1947.2	131	247	#
1626	1648.18	66	103	281	#
1627	2258.23	31	156	265	#
1628	71.7225	503	#
1629	868.314	374	#
1630	4095.33	77	237	243	246	276	279	312	506	#
1631	1793.15	22	142	195	#
1632	2088.41	35	104	341	#
1633	8606.6	86	109	224	268	296	354	435	450	463	#
1634	3805.51	63	211	269	453	#
1635	2453.33	200	271	496	#
1636	2608.5	166	423	483	#
1637	1955.84	79	425	#
1638	1796.83	263	509	#
1639	1943	12	285	#
1640	2681.77	44	52	193	500	#
1641	1751.17	214	358	#
1642	1403.11	82	259	325	360	384	471	488	#
1643	889.516	226	366	#
1644	1219.81	148	214	356	362	#
1645	1206.16	38	132	#
1646	2862.62	98	461	487	#
1647	1431.22	56	301	#
1648	571.892	118	318	#
1649	3246.92	77	92	344	391	417	#
1650	1040	130	154	#
1651	9933.05	7	9	33	48	75	187	207	229	388	424	#
1652	1153.53	9	176	472	#
1653	4309.29	117	163	164	393	410	#
1654	2944.18	138	163	446	#
1655	1026.28	31	205	206	404	#
1656	1840.94	90	129	203	#
1657	2779.01	174	346	348	#
1658	659.885	240	#
1659	903.27	211	329	#
1660	954.945	368	491	#
1661	1135.78	138	413	439	482	#
1662	1085.01	66	152	234	#
1663	1029.54	195	472	#
1664	2757	207	220	338	#
1665	1450.06	101	168	281	484	#
1666	1772.71	7	511	#
1667	1484.73	259	262	318	#
1668	1998.2	14	28	#
1669	1419.57	454	496	#
1670	1044.75	69	87	112	334	#
1671	1392.48	126	307	#
1672	1603.42	129	485	#
1673	1577.91	254	384	507	#
1674	2501.81	249	271	303	#
1675	1263.91	171	308	385	#
1676	2593.8	201	232	434	#
1677	1092.61	148	281	344	#
1678	5347.53	28	103	310	312	384	493	509	#
1679	416.683	7	#
1680	863.54	126	379	#
1681	1246.89	61	394	#
1682	1816.46	7	76	81	89	149	287	296	391	403	418	#
1683	2799.61	56	232	320	367	469	#
1684	1145.07	17	25	447	#
1685	1146.65	192	196	484	#
1686	3971.81	214	313	400	494	#
1687	1836.19	159	413	#
1688	1223	85	375	#
1689	2981.25	29	206	207	#
1690	1248.37	70	162	#
1691	2490.6	233	262	277	#
1692	3553.15	12	123	296	302	441	#
1693	1624.27	200	302	305	#
1694	2909.83	9	192	219	441	#
1695	1102.27	9	239	#
1696	881.461	254	#
1697	1211.91	110	186	262	286	296	345	488	#
1698	1106.31	3	403	#
1699	3416.76	18	144	153	384	419	438	483	#
1700	1226	45	378	438	#
1701	2115.37	117	287	297	#
1702	2891.22	14	190	285	#
1703	1541.9	161	255	296	510	#
1704	3926.18	86	109	333	382	#
1705	1419.81	291	420	#
1706	2277.58	218	324	473	#
1707	3178.46	297	425	471	499	#
1708	1465.86	257	492	#
1709	370.481	122	#
1710	1774.42	145	328	340	#
1711	77.5056	90	#
1712	1233.48	37	94	174	497	#
1713	2336.04	34	224	389	#
1714	752.643	165	#
1715	8012.62	17	47	103	120	142	364	396	454	463	492	#
1716	1834	114	308	392	#
1717	1717.46	214	258	#
1718	2022.19	203	359	454	480	#
1719	955.01	373	499	#
1720	4881.33	72	73	145	349	432	#
1721	5196.57	25	47	118	226	258	401	487	#
1722	1636.5	242	383	#
1723	2567.87	44	69	258	389	396	455	#
1724	2120.04	57	168	344	484	#
1725	1124.4	23	246	#
1726	2820.94	28	473	481	#
1727	1559.86	186	194	#
1728	5976.93	105	251	394	403	437	441	454	#
1729	1218.6	293	341	503	#
1730	3614.39	109	138	336	429	#
1731	3780.5	257	311	414	488	#
1732	1566.77	455	483	#
1733	1074.39	66	258	#
1734	3423.33	184	269	429	436	#
1735	3162.1	37	64	141	158	303	329	439	460	#
1736	446.761	382	#
1737	3369.75	36	40	117	183	238	249	440	#
1738	3830.64	42	47	347	506	510	#
1739	1538.94	135	208	300	#
1740	1987.78	40	43	66	182	230	#
1741	3359.76	340	405	452	472	#
1742	1398.94	219	503	#
1743	2355.34	40	115	465	475	#
1744	627.588	211	#
1745	5754.03	28	130	233	265	392	398	431	#
1746	2287.25	1	47	507	#
1747	2583.7	62	99	229	#
1748	1671.63	52	162	357	400	440	#
1749	2446.25	140	419	457	#
1750	1805.64	141	247	#
1751	1330.77	253	389	#
1752	2154.09	12	38	193	209	212	246	256	257	410	452	493	#
1753	5811.87	15	23	86	112	361	401	#
1754	2756.59	172	273	344	#
1755	3554.36	71	289	354	481	497	#
1756	1558.16	162	408	477	#
1757	2606.4	72	190	496	#
1758	1092.23	222	374	#
1759	1845.57	92	296	#
1760	1618.98	199	414	#
1761	1879.77	5	302	#
1762	1271.19	361	369	#
1763	1421.56	129	424	464	#
1764	2588.98	16	104	231	#
1765	1993.13	80	474	#
1766	1129.28	8	134	281	358	#
1767	1567.37	140	395	#
1768	5240.78	86	108	142	290	306	367	#
1769	3443.49	58	131	310	365	429	#
1770	3417.41	44	84	324	363	459	#
1771	5017.85	24	122	412	434	449	507	#
1772	2039.57	225	353	379	#
1773	1909.14	28	292	#
1774	1187.56	243	391	#
1775	3946.06	157	171	175	447	#
1776	2352.19	32	39	373	488	493	#
1777	2636.12	37	207	387	#
1778	1139.74	268	437	#
1779	795.523	61	450	493	#
1780	1105.49	51	341	501	#
1781	1065.1	60	160	193	506	#
1782	1670.83	105	225	#
1783	462.664	184	#
1784	1519.3	130	225	437	#
1785	3778.61	259	261	485	495	#
1786	1167.9	134	468	#
1787	3379.9	152	322	349	390	#
1788	1558.87	28	386	#
1789	2740.88	96	302	321	#
1790	1072.41	43	184	267	#
1791	1768.43	88	374	460	#
1792	3909.07	143	249	361	413	#
1793	1903.43	11	296	#
1794	1187.39	101	246	#
1795	1028.2	148	154	#
1796	2112.23	69	213	285	387	480	#
1797	1552.21	55	102	327	#
1798	1612.95	172	283	326	#
1799	1026.59	197	360	#
1800	1669.64	172	453	474	#
1801	2534.96	21	165	388	#
1802	1718.25	83	318	358	469	#
1803	2207.95	16	29	73	281	314	#
1804	1989.91	190	444	455	#
1805	2677.1	195	273	483	#
1806	1756.72	110	289	449	#
1807	1990.55	282	385	467	#
1808	1948.42	125	214	388	492	#
1809	1911.59	63	175	#
1810	1614.92	293	491	#
1811	1474.23	159	377	#
1812	2475.32	10	86	178	463	#
1813	1274.43	24	139	302	#
1814	1797.02	238	288	#
1815	2481.59	69	393	488	#
1816	1190.11	31	282	345	472	#
1817	1058.32	199	408	#
1818	2577.07	85	147	183	191	240	410	#
1819	1598.92	29	65	86	#
1820	2800.27	54	184	280	289	409	#
1821	2361.56	246	280	390	#
1822	1554.91	188	310	326	#
1823	1872.61	247	367	474	#
1824	1809.84	455	487	#
1825	1407.26	178	263	308	#
1826	758.472	161	355	#
1827	3811.16	31	80	391	467	473	491	#
1828	984.58	301	424	#
1829	3597.87	123	318	415	456	#
1830	1506.72	68	422	#
1831	2282.28	223	295	407	481	482	#
1832	1786.11	357	412	#
1833	1646.77	100	155	#
1834	1429	330	413	#
1835	1700.71	24	376	#
1836	781.291	241	385	#
1837	1216.35	47	244	266	#
1838	502.494	191	#
1839	1212.02	226	415	425	#
1840	734.851	38	109	428	#
1841	1771.1	129	132	321	352	#
1842	1860.27	109	469	#
1843	1812.7	20	139	337	#
1844	1745.44	0	37	276	442	#
1845	1796.35	124	155	434	511	#
1846	3593.95	25	78	130	304	#
1847	3391.25	1	2	68	72	252	468	487	489	#
1848	1635.21	66	280	357	#
1849	4471.44	133	167	348	370	429	489	#
1850	3529.83	92	123	125	331	#
1851	1325.05	186	442	#
1852	107.527	372	#
1853	1506.48	160	162	317	483	#
1854	2245.69	17	23	214	341	510	#
1855	1261.57	277	366	371	#
1856	2821.87	95	416	482	#
1857	1056.82	0	12	#
1858	321.728	192	#
1859	2740.2	161	204	277	333	452	#
1860	1547.92	238	279	#
1861	1010.99	316	389	453	473	#
1862	1946.54	61	145	430	#
1863	2744.9	217	233	421	501	#
1864	1011.11	39	308	#
1865	4047.82	17	77	115	137	277	318	429	465	481	#
1866	2396	52	252	374	#
1867	1939.49	38	108	131	146	371	#
1868	1321.74	388	413	#
1869	1459.22	5	94	#
1870	989.78	16	390	#
1871	2015.67	69	93	115	305	#
1872	4573.51	101	281	325	396	442	#
1873	1862.55	302	306	#
1874	2903.22	49	252	488	#
1875	2797.17	355	382	510	#
1876	2620.36	230	432	483	#
1877	1222.91	410	435	#
1878	1491	134	234	240	259	295	422	424	#
1879	2220.99	148	153	157	#
1880	1422.9	109	195	432	#
1881	1901.12	213	230	#
1882	2612.36	117	190	282	480	#
1883	1819.02	354	393	#
1884	1975.12	267	320	#
1885	1605.42	113	193	216	259	#
1886	2972.66	69	289	396	#
1887	1334.43	7	206	#
1888	1526.09	71	247	327	#
1889	597.741	169	492	#
1890	1239.58	289	387	#
1891	1915.67	111	350	404	#
1892	1718.41	40	157	269	278	#
1893	2235.27	105	241	307	#
1894	1329.21	35	176	200	441	449	#
1895	1798.67	342	414	#
1896	1352.42	135	250	#
1897	3273.9	215	223	356	453	#
1898	1480.48	357	440	#
1899	630.707	460	#
1900	1190.27	200	291	#
1901	3924.6	243	255	269	469	#
1902	1980.03	178	505	#
1903	3219.15	152	165	406	449	#
1904	2103.06	58	229	293	#
1905	2695.47	7	91	165	190	478	#
1906	4568.69	35	332	376	448	511	#
1907	2018.44	47	113	127	175	294	349	353	429	450	473	#
1908	1382.44	259	318	450	#
1909	2699.55	36	343	491	501	#
1910	1242.94	15	459	#
1911	1603.3	13	245	404	#
1912	2952.13	103	132	209	288	#
1913	2760.48	37	101	171	323	#
1914	1102.78	40	263	296	#
1915	2977.1	16	37	268	328	367	368	433	#
1916	2790.47	87	281	391	#
1917	966.337	326	#
1918	1880.35	179	357	#
1919	2668.48	252	342	461	#
1920	6490.33	7	101	157	171	284	344	499	#
1921	1629.9	86	378	#
1922	3383.55	167	260	396	460	#
1923	1649.63	291	492	#
1924	1036.88	153	317	#
1925	4842.5	9	17	123	198	265	365	381	#
1926	1238.89	262	286	401	#
1927	1522.98	45	289	#
1928	4215.52	14	40	70	104	234	393	#
1929	3738.11	104	244	247	371	#
1930	3203.86	23	125	137	199	204	#
1931	496.173	170	#
1932	2354.79	202	427	434	469	#
1933	1371.09	244	433	#
1934	1975.01	7	381	#
1935	3608.16	111	124	175	338	441	453	#
1936	4166.31	20	392	429	443	492	#
1937	1287.2	8	112	414	#
1938	995.979	422	464	#
1939	1702.7	56	103	223	487	#
1940	5742.85	54	74	126	134	243	480	507	#
1941	1880.75	18	227	#
1942	1489.11	66	103	342	#
1943	1146.53	14	24	#
1944	1207.78	219	473	#
1945	4542.52	123	145	156	286	334	#
1946	1377.16	137	226	#
1947	2578.49	72	167	479	#
1948	2587.92	22	28	67	301	351	#
1949	1633.93	204	383	#
1950	1867.45	345	466	#
1951	334.407	333	#
1952	2428.79	132	233	383	#
1953	4003.96	129	211	320	330	436	#
1954	1661.34	0	32	34	122	318	370	#
1955	2643.11	118	465	501	#
1956	2444.21	212	241	357	373	428	#
1957	1192.45	249	287	#
1958	1391.07	206	310	#
1959	1219.16	12	194	296	#
1960	4820.35	157	291	359	448	455	474	#
1961	1181.2	84	116	148	254	340	417	422	#
1962	1968.28	98	137	244	399	#
1963	1804.37	34	295	#
1964	1381.78	204	483	#
1965	3844.22	99	345	439	503	#
1966	1729.11	135	294	#
1967	1088.63	245	326	#
1968	1460.33	37	353	360	#
1969	1182.11	170	272	393	#
1970	2202.33	62	203	312	326	#
1971	2701.07	129	158	172	272	411	415	464	#
1972	1700.51	39	64	428	#
1973	1139.64	83	87	#
1974	1075.44	109	289	#
1975	1715.14	70	364	463	#
1976	1259.85	98	175	451	#
1977	1164.22	82	191	464	468	#
1978	937.502	162	379	460	#
1979	1011.7	176	289	356	#
1980	5773.23	9	25	78	388	389	448	#
1981	1164.58	122	317	#
1982	1714.01	18	53	#
1983	3182.69	64	317	337	444	476	504	#
1984	1211.34	75	232	#
1985	2584.13	177	225	310	#
1986	5717.13	269	286	440	480	483	501	#
1987	2655.63	51	113	215	#
1988	2223.05	243	331	439	486	492	#
1989	3925.68	45	183	436	510	#
1990	1398.12	1	167	#
1991	2082.46	40	41	316	#
1992	2118.03	14	416	435	#
1993	2237.56	204	311	389	#
1994	2204.69	202	220	373	#
1995	1726.94	1	67	#
1996	2181.73	222	413	490	#
1997	1069.09	24	147	436	#
1998	1835.79	231	283	463	#
1999	2706.55	38	336	461	#
