%% File generated by CATS v.2.1Mon Jul  4 11:09:38 2011

%% The CATS webpage is http://robotics.stanford.edu/CATS

%% PARAMETER SETTINGS:
% Goods: 512; Bids: 2000; Distribution: L4; Runs: 1; Seed: 1309806942
% Legacy distribution parameters:
% Number of goods chosen according to Decay distribution (alpha = 0.55).
% Price chosen according to Linear Random distribution (low_linearly = 1, high_linearly = 1000).


goods 512
bids 2000
dummy 0

0	4466.68	91	99	157	186	317	#
1	3944.22	221	340	460	484	#
2	993.171	0	#
3	3629.18	119	147	314	452	#
4	975.769	478	#
5	477.316	467	#
6	1286.11	184	195	#
7	991.456	205	#
8	1619.91	102	125	146	#
9	895.114	376	#
10	1931.63	71	363	#
11	999.097	139	#
12	856.354	57	#
13	722.016	166	#
14	1747.3	1	21	36	445	#
15	868.261	380	#
16	1979.95	428	438	445	#
17	906.374	407	#
18	748.252	394	#
19	860.764	162	#
20	986.016	408	#
21	956.972	100	#
22	817.468	428	#
23	910.192	151	#
24	564.042	507	#
25	948.651	214	#
26	885.443	248	#
27	1036.95	231	275	350	#
28	4262.39	10	122	238	310	317	345	365	#
29	960.708	107	#
30	818.761	488	#
31	1798.87	44	242	#
32	4290.72	130	145	151	234	347	374	#
33	981.626	122	#
34	993.382	1	#
35	914.087	327	#
36	584.093	38	#
37	998.18	363	#
38	1280.03	106	148	#
39	252.644	200	#
40	1892.91	254	474	#
41	971.168	456	#
42	5549.98	67	82	98	252	288	295	433	#
43	923.94	446	#
44	419.813	290	#
45	704.147	12	#
46	992.89	464	#
47	886.056	455	#
48	905.963	244	#
49	1360.39	218	265	#
50	1214.11	378	417	#
51	1874.11	29	298	300	#
52	975.198	261	#
53	3571.48	16	205	281	382	484	#
54	2536.76	223	312	511	#
55	834.158	355	#
56	2400.65	182	253	437	#
57	1302.46	151	465	#
58	2507.25	18	318	497	#
59	1709.37	29	110	188	#
60	854.153	149	#
61	902.524	460	#
62	1308.52	392	486	#
63	901.402	137	#
64	969.343	414	#
65	783.93	466	#
66	644.251	397	#
67	1252.42	88	163	#
68	2932.16	89	126	147	#
69	942	90	#
70	935.77	160	#
71	1784.56	103	330	#
72	909.296	502	#
73	1493.63	152	186	#
74	939.457	334	#
75	962.458	352	#
76	967.807	146	#
77	874.781	220	#
78	512.335	2	#
79	673.867	18	#
80	924.628	437	#
81	755.975	124	187	#
82	1720.92	256	331	#
83	1788.63	292	365	#
84	589.706	7	#
85	2174.87	33	67	139	166	176	275	385	#
86	809.245	11	#
87	793.469	364	#
88	955.771	292	#
89	1009.08	159	281	#
90	686.73	270	#
91	3955.87	12	246	481	489	#
92	524.297	468	#
93	755.831	25	#
94	6691.34	5	36	69	179	230	412	451	474	#
95	2424.7	7	42	72	346	372	448	#
96	5308.69	26	79	142	196	199	220	#
97	891.868	116	#
98	908.067	308	#
99	511.582	73	#
100	804.8	175	#
101	800.976	450	#
102	2407.89	181	194	389	#
103	956.68	203	#
104	978.278	131	#
105	1263.07	256	465	#
106	919.309	496	#
107	1010.01	146	233	#
108	1743.01	213	338	#
109	1544.76	286	391	#
110	2151.74	19	171	291	#
111	898.437	424	#
112	920.469	112	#
113	261.727	218	#
114	942.279	64	#
115	1731.24	70	107	499	#
116	2621.83	72	279	387	#
117	790.981	386	#
118	1853.92	115	210	213	441	#
119	894.137	9	#
120	3319.17	102	229	246	369	#
121	2327.72	76	127	170	243	264	#
122	2557.38	103	327	446	#
123	6332.85	1	18	150	153	209	311	312	341	345	428	449	#
124	2096.78	18	85	248	#
125	1814.9	115	223	354	#
126	1896.52	129	369	#
127	980.21	484	#
128	991.636	88	#
129	985.248	434	#
130	857.098	228	#
131	4185.43	58	206	209	253	345	382	419	#
132	527.602	401	#
133	1161.28	21	221	#
134	2265.13	124	309	475	#
135	919.629	422	#
136	981.148	103	#
137	1531.8	139	486	#
138	1816.71	53	271	#
139	2721	41	198	396	435	#
140	1444.18	25	43	#
141	983.081	60	347	422	499	#
142	898.161	413	#
143	1572.14	104	140	296	320	369	#
144	1301.06	5	483	508	#
145	682.558	58	#
146	887.059	289	#
147	929	348	#
148	794.12	291	#
149	2420.11	65	100	319	#
150	757.708	471	#
151	982.719	361	#
152	879.262	416	#
153	995.446	421	#
154	933.586	390	#
155	797.785	304	#
156	933.223	141	#
157	1195.75	302	350	474	#
158	687.528	277	#
159	1118.62	202	419	#
160	1885.73	6	98	#
161	796.784	391	#
162	587.539	307	#
163	951.162	295	#
164	1749.54	59	326	354	460	#
165	1674.8	261	461	#
166	931.225	297	#
167	725.803	13	#
168	1190.64	205	491	#
169	918.649	452	#
170	1273.02	181	227	343	463	465	#
171	1873.76	4	68	#
172	3727.71	12	144	316	350	421	509	#
173	975.55	438	#
174	370.884	435	#
175	949.406	458	#
176	2453.3	49	200	234	297	335	418	470	510	#
177	855.313	110	#
178	571.25	4	#
179	333.689	47	#
180	1396.09	70	418	437	#
181	1460.01	51	286	385	388	#
182	783.929	135	#
183	477.399	117	#
184	1398.2	253	263	296	399	453	#
185	957.217	23	#
186	976.595	90	215	#
187	204.944	119	#
188	657.498	461	#
189	964.447	37	#
190	1927.52	280	498	#
191	797.288	389	#
192	1910.03	89	281	#
193	1242.97	8	156	412	473	#
194	903.554	426	#
195	799.453	329	#
196	943.083	226	#
197	3879.19	45	82	100	168	319	474	#
198	897.153	155	#
199	1542.77	125	408	#
200	897.458	164	#
201	3903.52	101	237	471	486	#
202	275.409	319	#
203	701.242	115	#
204	2651.53	34	153	190	338	388	#
205	3177.21	42	50	116	252	298	#
206	405.299	388	#
207	970.722	372	#
208	3381.43	17	217	218	390	#
209	2876.45	221	237	266	311	#
210	770.548	75	#
211	757.605	8	#
212	1860.59	162	223	#
213	774.994	344	#
214	947.447	335	#
215	977.361	243	#
216	327.054	508	#
217	1664.41	17	300	#
218	624.571	69	#
219	681.481	36	#
220	689.271	404	#
221	538.494	19	#
222	736.508	442	#
223	515.847	444	#
224	868.413	480	#
225	1224.57	402	405	#
226	7179.51	23	25	84	110	240	369	406	499	#
227	480.573	209	#
228	718.663	491	#
229	1932.49	42	51	79	162	280	365	463	#
230	994.784	172	#
231	2754.25	59	232	287	#
232	956.277	67	#
233	2479.62	134	162	497	#
234	794.539	254	#
235	680.495	337	#
236	2753.92	22	176	312	#
237	1388.29	91	330	#
238	1448.66	12	285	#
239	2327.37	43	429	478	#
240	312.426	50	#
241	1463.72	61	312	460	#
242	1426.1	183	240	#
243	570.903	375	#
244	1192.01	160	258	#
245	1935.85	42	240	#
246	1480.14	261	306	#
247	779.402	213	#
248	761.09	251	#
249	560.324	89	#
250	1039.13	39	54	98	133	148	367	393	451	#
251	944.566	126	#
252	2562.71	86	299	380	#
253	5430.72	44	88	303	310	354	357	#
254	2962.84	181	186	249	332	#
255	1802.85	72	127	313	#
256	932.642	281	#
257	804.09	48	#
258	2148.93	33	125	364	#
259	2382.28	25	110	119	#
260	387.261	138	#
261	558.127	240	#
262	1313.19	284	420	#
263	1150.89	118	243	#
264	876.152	269	#
265	841.937	179	#
266	2285.46	27	148	504	#
267	1241.01	45	336	484	#
268	690.478	10	#
269	2578.45	5	429	479	#
270	845.363	81	#
271	797.708	387	#
272	1962.05	19	459	#
273	484.318	310	#
274	694.014	82	#
275	593.903	275	#
276	830.371	287	#
277	2853.55	195	200	203	350	#
278	5366.27	110	138	172	389	403	425	467	#
279	1975.45	157	191	252	393	#
280	877.306	93	#
281	1183.2	28	78	94	400	#
282	944.666	429	#
283	894.357	198	#
284	872.466	356	481	#
285	458.258	239	#
286	1697.97	105	388	506	#
287	856.205	190	#
288	983.881	318	#
289	909.615	72	#
290	811.365	128	#
291	771.043	245	#
292	929.509	338	#
293	1763.75	166	314	#
294	1189.55	74	494	#
295	2393.68	6	232	233	271	438	#
296	993.838	489	#
297	1811.43	13	106	#
298	2644.35	30	226	252	#
299	4202.92	34	65	324	339	371	425	#
300	734.703	439	#
301	872.941	312	#
302	706.339	477	#
303	3327.93	288	336	407	422	#
304	866.731	481	#
305	1757.06	62	281	#
306	1860.41	174	202	#
307	588.434	326	#
308	1781.88	52	415	#
309	2002.54	70	187	334	381	#
310	2786.2	158	351	413	#
311	578.565	419	#
312	479.635	99	#
313	1685.11	79	234	#
314	997.172	501	#
315	1068.95	465	475	#
316	947.716	294	#
317	557.075	353	#
318	683.898	32	#
319	1941.54	71	294	490	#
320	740.401	118	#
321	908.537	483	#
322	1210.18	339	406	#
323	912.551	183	#
324	1616.97	39	335	#
325	1044.58	18	221	263	476	#
326	971.983	412	#
327	509.207	15	#
328	3878.63	10	188	217	510	#
329	975.455	273	#
330	4431.39	72	128	264	394	453	480	#
331	962.978	296	#
332	993.124	445	#
333	377.115	227	#
334	548.826	253	#
335	2726.71	232	470	511	#
336	983.994	211	#
337	3444.63	67	156	191	210	363	#
338	658.95	379	#
339	954.293	186	#
340	594.725	130	#
341	623.32	495	#
342	972.835	487	#
343	936.848	262	#
344	6801.44	94	143	181	221	264	294	492	#
345	914.432	494	#
346	800.547	264	#
347	753.26	405	#
348	1192.57	283	333	354	401	423	#
349	1162.63	47	88	170	184	288	312	338	#
350	1434.43	309	332	369	385	400	405	#
351	774.885	241	#
352	2988.52	46	81	253	301	422	#
353	1009.7	27	172	387	#
354	937.821	132	#
355	1556.67	21	250	259	431	#
356	2794.49	33	261	485	#
357	2752.83	180	310	435	#
358	1342.51	209	217	#
359	909.806	105	#
360	2245.32	147	239	356	448	#
361	456.1	448	#
362	835.353	87	#
363	3277.41	114	137	233	247	307	364	#
364	788.218	499	#
365	936.319	333	#
366	1565.66	275	448	476	#
367	1467.12	168	185	209	#
368	866.672	320	#
369	3726.91	126	137	300	327	348	382	447	#
370	972.848	29	#
371	1798.29	82	254	#
372	1018.22	109	141	308	439	#
373	1375.79	25	413	484	#
374	1589.83	235	438	#
375	257.383	367	#
376	731.017	384	#
377	909.111	121	#
378	1793.74	58	489	#
379	947.728	383	#
380	2740.62	302	303	320	#
381	859.406	486	#
382	661.433	373	#
383	3852.54	219	240	392	476	#
384	3615.61	124	183	185	274	341	355	#
385	4062.6	227	421	453	480	488	#
386	1221.22	3	110	#
387	1282.89	257	411	#
388	951.112	485	#
389	911.865	84	#
390	1515.15	327	426	#
391	1967.17	164	258	#
392	960.451	147	#
393	1041.79	356	362	#
394	1260.81	3	207	215	300	314	327	380	#
395	632.84	242	#
396	1402.16	57	92	121	241	463	496	#
397	1892.42	236	486	#
398	789.689	96	#
399	2465.18	91	142	372	#
400	726.915	159	#
401	977.856	406	#
402	995.313	16	#
403	972.464	78	328	#
404	1846.57	154	258	#
405	1516.62	109	127	#
406	830.015	206	#
407	929.662	237	#
408	1099.89	358	401	#
409	977.221	313	#
410	779.146	17	#
411	4223.49	26	78	87	345	354	371	#
412	680.692	263	#
413	1142.09	80	200	264	359	390	434	#
414	1875.17	27	113	226	366	#
415	982.347	123	#
416	1570.65	404	434	#
417	1737.73	370	412	#
418	2876.74	99	255	279	418	465	#
419	565.223	54	#
420	1087.74	67	195	#
421	946.363	316	#
422	732.871	511	#
423	1873.42	57	183	333	#
424	3154.4	141	187	331	413	#
425	4571.39	6	146	244	259	456	464	#
426	667.367	99	400	#
427	995.677	204	#
428	927.463	80	#
429	1180.79	20	57	373	#
430	2933.59	111	192	281	470	#
431	4201.78	161	302	343	357	395	461	462	#
432	893.063	427	#
433	986.587	178	#
434	2705.11	171	312	446	#
435	1013.13	2	366	#
436	2780.47	38	103	170	276	441	486	#
437	4887.91	158	242	411	433	442	#
438	1281.36	72	230	393	#
439	6603.16	14	65	143	274	348	364	396	407	417	473	#
440	2840.24	67	136	202	#
441	1240.25	16	21	203	397	442	460	462	#
442	1082.78	69	381	#
443	861.33	377	#
444	3949	4	31	34	108	282	#
445	2561.48	103	239	497	#
446	307.01	418	#
447	1080.93	200	430	#
448	794.17	301	#
449	896.37	374	#
450	1526.8	56	161	178	288	#
451	2001.44	20	22	135	430	#
452	714.37	449	#
453	2653.89	129	388	477	504	#
454	926.706	201	#
455	891.256	46	#
456	1801.96	314	383	402	407	#
457	1559.99	45	100	#
458	2140.3	85	200	314	#
459	1508.65	102	276	#
460	974.065	257	#
461	1151.53	126	148	291	408	#
462	821.732	173	#
463	917.702	233	#
464	959.812	221	#
465	1879.12	123	280	508	#
466	1738.38	159	343	#
467	818.753	111	#
468	857.092	260	#
469	871.376	358	#
470	1239.95	239	255	366	#
471	909.95	417	#
472	1073.74	89	316	#
473	1029.79	100	379	457	#
474	804.652	284	#
475	101.884	492	#
476	1715.25	311	436	#
477	811.613	479	#
478	851.101	189	#
479	854.11	163	#
480	905.098	71	#
481	1335.79	79	415	#
482	2791.55	298	354	447	#
483	863.976	229	#
484	827.694	66	#
485	917.874	59	#
486	1830.15	79	80	103	207	298	328	364	#
487	3338.79	57	69	114	162	227	354	505	#
488	949.906	101	379	#
489	497.245	490	#
490	1120.46	156	259	#
491	2108.97	178	383	481	#
492	885.916	76	378	#
493	980.769	95	#
494	1110.59	134	191	#
495	1958.03	10	42	88	250	352	403	#
496	1873.51	158	165	390	412	#
497	2811.16	142	143	168	458	#
498	782.985	331	#
499	1081.72	73	244	329	476	#
500	724.139	70	#
501	1842.88	125	472	#
502	1970.89	67	165	395	#
503	1989.12	349	360	441	#
504	553.937	230	#
505	495.707	39	#
506	2789.74	226	333	430	#
507	1694.78	168	495	#
508	6847.17	19	230	398	424	426	436	472	#
509	2241.97	19	80	285	#
510	2618.54	49	200	238	245	419	423	#
511	2628.75	21	210	245	#
512	2450.87	178	407	436	#
513	888.48	503	#
514	427.395	306	#
515	1689.35	20	189	298	463	#
516	1719.27	228	315	324	#
517	4907.03	6	21	293	336	339	#
518	928.475	252	#
519	890.698	332	#
520	2398.53	172	419	429	#
521	1893.43	235	428	#
522	1487.03	8	85	222	#
523	877.731	247	#
524	2898.5	13	40	372	#
525	1380.96	179	285	412	488	#
526	827.106	246	#
527	5231.73	40	60	100	115	126	152	212	298	325	353	483	#
528	924.452	163	387	#
529	3775.87	107	164	418	431	457	#
530	2761.91	82	116	214	#
531	1828.99	59	346	#
532	909.105	207	#
533	946.308	52	#
534	1245.38	173	187	458	#
535	1730.94	146	468	#
536	1214.72	115	313	355	#
537	946.978	64	108	#
538	3527.41	140	174	328	414	431	#
539	1066.28	188	190	366	#
540	7555.24	5	165	168	221	232	367	409	464	#
541	1352.85	229	335	#
542	5862.47	119	218	238	290	291	330	#
543	1861.36	26	401	402	#
544	180.841	283	#
545	2360.44	34	160	200	#
546	831.915	354	#
547	5551.45	181	186	272	380	460	509	#
548	2747.72	13	251	275	352	431	#
549	1085.91	115	448	#
550	3067.51	123	172	231	301	330	338	387	#
551	2687.98	15	18	480	#
552	1380.66	9	38	#
553	1414.1	45	63	112	162	394	#
554	3834.83	145	219	342	433	#
555	802.685	351	#
556	446.469	259	#
557	3840.96	222	245	267	363	#
558	791.558	22	#
559	1942.13	130	219	#
560	2722.7	126	130	292	364	384	411	#
561	766.208	61	#
562	810.814	51	#
563	171.681	26	#
564	1821.02	117	304	#
565	1025.56	46	157	#
566	942.765	425	#
567	1352.26	237	294	#
568	1865.33	71	169	381	#
569	1676.99	248	334	#
570	920.693	322	#
571	1335.65	18	71	277	#
572	604.922	109	#
573	1720.47	47	487	#
574	930.785	282	#
575	793.651	302	#
576	1729.05	34	77	#
577	2195.52	79	271	388	#
578	2791.27	82	233	459	#
579	2099.53	214	341	357	384	#
580	1131.19	38	139	271	348	399	#
581	908.076	154	#
582	2174.96	8	9	62	149	308	#
583	900.174	198	339	#
584	964.817	168	269	#
585	822.332	56	#
586	983.871	174	#
587	906.794	441	#
588	2751.02	79	184	227	344	439	#
589	757.435	104	#
590	949.155	303	#
591	1613.6	144	154	200	#
592	4178.27	23	72	117	151	480	#
593	1769.62	160	394	#
594	511.99	192	#
595	466.007	371	#
596	993.098	274	#
597	920.089	167	#
598	1920.4	12	157	#
599	3070.44	8	33	248	340	389	501	#
600	2294.64	446	462	476	#
601	945.388	85	156	#
602	855.624	473	#
603	1222.77	176	181	#
604	1624.46	306	339	432	441	#
605	2175.76	46	140	178	496	#
606	924.008	191	#
607	1584.29	464	483	#
608	1308.03	87	319	#
609	1980.23	60	438	#
610	999.196	393	#
611	811.309	129	#
612	476.972	41	#
613	2963.51	206	300	508	#
614	768.544	238	#
615	633.898	140	#
616	708.685	300	#
617	1641.35	174	216	#
618	940.149	463	#
619	609.221	158	#
620	938.831	265	#
621	719.533	339	#
622	1576.38	90	459	#
623	797.763	168	#
624	655.675	21	#
625	1563.47	144	175	354	#
626	1685.56	124	215	#
627	940.077	53	#
628	1712.15	68	160	210	242	#
629	3973.01	86	87	100	272	#
630	948.061	22	91	128	271	#
631	1669.76	92	509	#
632	1480.52	159	422	#
633	1435.03	319	456	#
634	572.934	20	#
635	1775.42	150	503	#
636	1641.75	430	473	#
637	2287.31	1	58	352	#
638	788.61	24	384	#
639	1381.85	65	349	#
640	983.478	340	#
641	3118.78	44	349	360	394	410	#
642	3006.32	156	169	185	323	412	497	#
643	1773.37	358	407	451	#
644	1386.15	28	62	220	362	#
645	898.981	78	#
646	2382.39	7	48	477	#
647	1832.87	0	84	93	277	317	331	353	364	394	431	471	#
648	1714.85	292	448	#
649	3936.6	5	116	442	447	483	507	#
650	1911.84	259	460	#
651	1882.51	124	201	#
652	1838.28	112	306	316	398	#
653	1102.16	15	77	#
654	2636.61	193	197	334	#
655	377.67	176	#
656	653.353	398	#
657	1818.68	16	170	258	504	#
658	4507.72	18	106	232	258	322	#
659	1902.24	233	501	#
660	970.141	102	#
661	909.139	350	#
662	461.079	197	#
663	847.343	509	#
664	1992.27	123	463	#
665	1740.88	254	452	#
666	1414.38	110	112	#
667	781.669	79	#
668	1931.13	122	499	#
669	5852.64	2	88	168	181	209	260	370	#
670	892.61	271	#
671	1253.01	271	362	509	#
672	613.763	185	#
673	4645.06	32	45	147	179	201	271	456	#
674	947.33	184	#
675	881.885	94	#
676	719.659	236	#
677	696.119	85	#
678	1669.67	321	447	#
679	601.812	324	#
680	1214.33	409	428	#
681	772.436	222	#
682	657.533	362	#
683	2165.94	51	288	314	375	#
684	3224.2	10	222	234	448	#
685	1161.61	217	496	#
686	1448.88	120	393	#
687	2143.58	90	91	127	226	441	503	#
688	1924.81	45	67	208	#
689	6876.55	2	140	209	214	220	406	498	#
690	804.541	60	#
691	973.999	20	150	168	#
692	941.984	470	#
693	946.024	432	#
694	1062.26	36	40	#
695	193.923	133	#
696	2143.4	43	201	244	479	#
697	1679.17	9	422	#
698	967.905	224	#
699	1315.55	69	295	#
700	872.177	7	163	351	449	488	#
701	695.87	83	#
702	734.796	324	453	#
703	795.89	195	#
704	1035.37	268	332	#
705	1817.08	101	376	#
706	1305.25	438	467	#
707	1739.28	263	359	#
708	3951.98	117	140	351	358	#
709	1282.64	138	196	241	260	331	419	#
710	352.925	342	#
711	1752.92	167	344	#
712	3908.33	45	82	92	285	336	343	#
713	845.611	328	#
714	1010.64	232	353	#
715	700.341	223	#
716	2793.67	123	288	387	#
717	758.895	305	#
718	2656.93	84	90	345	407	#
719	923.111	62	#
720	814.813	357	#
721	834.812	497	#
722	1350.46	48	491	#
723	868.28	309	#
724	974.73	144	#
725	1401.42	223	238	270	298	#
726	754.425	504	#
727	3286.93	22	164	319	483	#
728	1162.95	39	137	166	#
729	721.66	392	#
730	2693.72	176	398	453	501	#
731	494.332	161	#
732	1138.32	222	290	#
733	1453.92	420	497	#
734	757.157	356	#
735	2635.43	176	250	501	#
736	873.591	215	#
737	600.103	336	#
738	573.308	219	#
739	1789.21	17	270	396	#
740	1931.68	214	296	#
741	1302.63	95	160	237	413	#
742	2054.84	22	177	251	#
743	798.251	68	#
744	1439.99	46	389	#
745	1380.6	10	200	#
746	674.318	40	#
747	946.54	369	#
748	1847.92	260	341	#
749	780.626	330	#
750	2360.59	7	447	452	#
751	776.053	43	#
752	989.373	443	#
753	1830.64	4	11	#
754	999.321	217	#
755	348.357	6	#
756	1551.59	89	293	#
757	1354.29	163	291	#
758	801.753	385	#
759	1964.76	37	246	276	#
760	999.716	127	294	422	#
761	4294.41	60	71	203	314	334	#
762	959.765	436	#
763	3014.28	118	159	342	366	468	#
764	992.925	171	#
765	2300.19	250	255	297	444	#
766	2501.36	154	166	359	#
767	1552.69	172	322	#
768	1131.29	159	353	356	#
769	1039.64	63	102	#
770	482.929	33	#
771	1158.97	193	251	384	#
772	1014.83	199	205	230	#
773	635.201	430	#
774	2615.3	144	325	423	445	#
775	4223.82	3	14	99	200	397	#
776	936.444	101	#
777	962.95	447	#
778	862.798	457	#
779	1748.48	269	366	#
780	1247.35	25	504	#
781	1935.01	86	119	183	272	320	#
782	657.786	114	#
783	1618.17	311	417	#
784	931.344	298	#
785	1970.68	156	344	#
786	1015.61	85	488	#
787	3100.34	16	161	229	237	324	380	#
788	1791.02	273	445	#
789	1835.93	136	410	#
790	1919.79	66	131	428	477	498	#
791	2812.42	111	243	310	454	#
792	1099.84	44	124	#
793	1147.98	407	495	#
794	8947.42	27	134	252	262	268	276	400	417	419	#
795	2552.79	165	223	408	#
796	2550.66	23	150	158	389	476	#
797	3655.31	32	313	395	402	#
798	529.397	35	#
799	1780	216	229	#
800	1271.15	249	372	453	#
801	747.02	382	#
802	951.501	181	#
803	2549.36	286	295	326	351	#
804	1560.94	173	215	241	270	299	392	#
805	1478.83	93	431	460	#
806	1765.72	366	451	#
807	1359.75	295	503	#
808	1746.58	161	182	#
809	1677.15	77	278	#
810	1064.53	107	151	#
811	1349.23	30	147	153	#
812	2252.99	87	505	511	#
813	253.506	402	#
814	2188.5	10	125	174	438	#
815	738.22	187	#
816	2244.92	36	263	270	439	#
817	859.876	180	#
818	835.823	420	#
819	2850.56	145	335	352	#
820	1777.3	94	225	#
821	2764.31	0	113	162	#
822	1673.79	204	452	#
823	1263.73	174	256	260	330	#
824	4163.04	5	55	75	97	165	172	352	370	464	#
825	1163.6	240	400	#
826	1641.87	110	142	203	#
827	1227.2	80	187	396	441	#
828	3037.62	15	158	239	298	409	#
829	946.811	403	#
830	1923.68	288	297	366	438	#
831	2219.14	5	40	344	360	#
832	1523.63	46	269	#
833	1641.6	92	107	120	140	193	474	#
834	789.934	136	#
835	2686.73	173	332	394	435	441	#
836	3342.56	23	223	340	427	#
837	1378.44	373	379	#
838	702.5	127	#
839	984.667	314	#
840	594.858	24	#
841	2531.28	186	319	509	#
842	1750.58	73	459	#
843	726.964	368	#
844	1936.15	188	411	#
845	2481.58	150	232	341	380	#
846	972.022	109	239	#
847	2934.18	44	47	297	303	319	405	#
848	2174.51	148	310	329	#
849	1918.65	9	163	231	413	442	#
850	821.707	76	#
851	1054.85	179	320	#
852	1289.87	194	212	242	345	#
853	1708.69	258	284	#
854	390.093	423	#
855	723.511	148	#
856	990.26	165	294	435	#
857	1792	106	261	#
858	827.799	36	161	291	306	#
859	1642.14	191	324	468	#
860	3822.98	14	89	164	182	278	#
861	2448.25	250	333	502	#
862	1951.96	27	348	#
863	805.162	91	#
864	3536.72	127	208	434	486	#
865	511.84	196	#
866	1447.78	154	349	#
867	1729.13	141	188	#
868	2166.68	265	317	479	#
869	1183.85	74	100	292	329	#
870	1317.87	30	139	173	235	409	414	425	448	#
871	1709.6	5	418	494	#
872	847.36	276	#
873	307.984	500	#
874	1461.96	194	341	#
875	1912.53	121	316	#
876	551.909	42	#
877	5267.91	34	78	220	387	388	456	#
878	1387.73	319	475	#
879	2659.56	4	101	103	116	394	#
880	2473.14	181	275	321	476	#
881	909.575	475	#
882	1024.27	130	137	#
883	1900.23	221	259	#
884	1738.7	414	496	#
885	1846.78	198	223	#
886	577.414	325	#
887	1659.97	107	323	#
888	1855.26	107	242	510	#
889	1541.97	155	186	#
890	946.453	266	#
891	1587.53	115	489	#
892	931.049	384	479	#
893	2639.68	190	288	449	#
894	2077.4	198	373	440	496	#
895	2546.68	14	47	114	134	#
896	900.705	476	#
897	976.014	39	156	199	369	431	#
898	958.448	150	#
899	1560.26	360	443	#
900	1295.1	14	269	#
901	1330.69	142	312	#
902	1092.92	75	107	#
903	948.964	349	#
904	941.027	433	#
905	1803.62	358	420	#
906	974.765	352	401	#
907	845.35	182	#
908	3928.14	94	286	339	465	#
909	1897.67	233	296	#
910	1359.09	358	424	#
911	1520.91	65	79	208	413	#
912	982.897	440	#
913	1470.11	293	408	#
914	1116.3	135	186	206	#
915	999.844	343	#
916	3087.67	5	14	190	203	#
917	1452.69	7	109	#
918	1858.06	200	511	#
919	4101.94	46	118	121	131	299	#
920	1835.49	16	83	487	#
921	284.309	170	#
922	1171.38	25	261	#
923	2873.94	14	246	301	389	#
924	2621.22	117	124	174	282	404	479	503	#
925	7261.27	19	87	207	318	379	455	471	486	#
926	2886.24	215	428	454	#
927	1830.76	97	156	202	#
928	3513.79	136	244	300	355	#
929	840.462	202	#
930	1263.44	93	269	#
931	1172.27	139	326	#
932	2038.35	83	108	197	334	402	456	502	#
933	2368.29	39	99	309	403	428	#
934	1394.28	112	430	#
935	1355.37	182	478	#
936	1213.43	141	325	#
937	953.369	135	281	348	#
938	1486.33	115	389	#
939	963.454	38	160	244	298	#
940	1745	4	268	#
941	1121.39	332	344	#
942	2795.87	104	139	381	457	508	#
943	2516.14	121	153	222	227	499	#
944	1589.99	70	329	490	#
945	1551.14	248	340	474	#
946	889.239	315	#
947	2131.82	30	235	469	#
948	2477.79	110	129	336	488	#
949	596.699	359	#
950	3364.8	102	167	250	402	#
951	996.367	370	#
952	1094.23	39	40	#
953	1319.02	170	403	#
954	1362.42	132	279	397	#
955	1457.64	17	229	231	417	435	#
956	1724.59	195	282	#
957	2898.47	6	31	103	148	158	221	385	404	420	449	#
958	2651.19	33	183	295	#
959	5935.1	73	88	111	127	175	256	335	416	444	465	#
960	1783.25	77	175	251	393	#
961	1096.79	24	422	489	#
962	1838.83	179	223	468	#
963	2022.51	92	194	340	#
964	966.18	121	140	279	#
965	889.244	232	#
966	1319.07	139	352	#
967	1609.55	73	89	#
968	1998.6	149	215	#
969	2098.82	71	192	329	386	#
970	2169.5	4	8	64	250	354	363	#
971	943.543	55	#
972	1762.2	308	363	#
973	3434.86	112	162	186	228	371	#
974	890.278	165	#
975	1074.48	371	379	#
976	3852.82	0	21	258	440	#
977	1391.29	368	434	#
978	990.958	63	245	289	297	308	#
979	2779.39	402	449	479	#
980	2053.79	1	91	240	#
981	1638.23	101	360	#
982	3825.92	122	164	209	421	#
983	772.592	409	#
984	1540.44	26	206	378	#
985	1239.6	208	477	#
986	1552.13	50	147	#
987	771.902	212	#
988	2532.96	175	189	200	#
989	996.921	321	#
990	1067.15	354	357	#
991	1493.89	94	330	#
992	1121.26	23	331	484	#
993	988.334	317	#
994	1354.28	145	170	435	#
995	1092.75	200	442	487	#
996	5456.17	66	225	271	414	442	482	#
997	450.212	227	306	#
998	1573.37	159	505	#
999	887.457	346	#
1000	2472.88	24	120	397	#
1001	2741.73	387	453	476	#
1002	635.827	113	#
1003	1297.28	111	308	382	#
1004	1131.06	119	349	411	500	#
1005	6638.28	50	72	123	126	293	337	414	#
1006	4363.54	113	153	211	369	429	498	#
1007	2567.05	66	133	320	#
1008	2371.57	35	52	180	339	#
1009	680.824	267	#
1010	1953.94	378	416	#
1011	3393.23	27	155	208	419	#
1012	1740.79	66	226	#
1013	2683.52	155	313	415	#
1014	4952.57	31	99	116	128	155	202	471	#
1015	3521.42	102	124	152	475	#
1016	1292.93	465	488	#
1017	1899.98	37	142	350	493	#
1018	4482.04	77	287	304	357	442	#
1019	1104.31	90	460	#
1020	1192.77	138	181	#
1021	2271.95	183	197	318	#
1022	3552.08	46	48	168	169	319	451	511	#
1023	2587.26	187	399	418	#
1024	1524.79	279	393	#
1025	1128.33	166	228	#
1026	1132.95	331	473	#
1027	947.663	199	#
1028	1567.3	119	155	161	231	#
1029	1963.35	195	315	383	#
1030	2273.49	92	201	289	315	317	372	#
1031	1065.74	110	254	259	403	#
1032	836.614	365	#
1033	1142.97	315	389	#
1034	1986.01	15	61	#
1035	5172.44	109	163	310	312	453	498	#
1036	1836.55	321	484	507	#
1037	3071.04	13	140	295	349	431	#
1038	1161.63	107	402	#
1039	1159.81	186	284	334	#
1040	3407.31	1	37	215	466	#
1041	1572.16	283	436	457	#
1042	960.729	60	267	#
1043	4762.08	65	127	144	226	459	502	#
1044	1635.19	107	509	#
1045	789.319	97	#
1046	2404.98	76	87	330	#
1047	1133.75	292	363	378	#
1048	3580	35	88	93	152	361	401	#
1049	1330.92	16	41	184	461	#
1050	1093.48	46	114	147	195	#
1051	2987.72	84	366	404	#
1052	4339.75	224	233	326	381	454	#
1053	744.398	378	#
1054	669.968	462	#
1055	1829.8	188	253	297	425	#
1056	1430.18	104	242	#
1057	2731.24	264	399	419	#
1058	957.331	44	#
1059	1748.07	268	318	474	#
1060	2298.14	94	189	325	#
1061	1492.37	81	496	#
1062	1634.28	70	388	#
1063	1881.67	346	356	#
1064	1506.18	36	417	#
1065	4773.94	84	137	176	188	200	203	265	366	506	#
1066	3711.38	83	225	253	275	295	315	#
1067	1056.2	9	139	#
1068	914.605	229	398	#
1069	2318.99	43	205	382	448	#
1070	3567.23	50	142	163	189	#
1071	2013.2	182	300	384	#
1072	2340.05	109	170	217	#
1073	2730.12	125	242	493	#
1074	3897.59	17	147	272	290	302	378	#
1075	3418.92	3	158	305	404	#
1076	2940.12	10	182	220	347	414	#
1077	594.407	153	#
1078	1159.77	14	245	#
1079	2045.71	167	237	288	#
1080	2671.06	91	127	278	306	#
1081	1157.76	78	208	#
1082	1834.52	68	470	#
1083	1478.54	4	107	#
1084	936.07	180	252	404	#
1085	2483.34	77	219	436	#
1086	2361.67	6	269	485	#
1087	2071.33	99	327	373	#
1088	2460.74	150	167	255	#
1089	468.31	5	#
1090	1701.02	376	384	#
1091	2017.96	154	274	423	472	#
1092	738.699	451	#
1093	1887.4	11	228	#
1094	3817.79	219	247	394	443	#
1095	1502.4	19	327	#
1096	2459.78	17	251	303	448	#
1097	869.868	268	#
1098	1564.27	250	323	#
1099	984.707	157	#
1100	1739.44	28	333	#
1101	729.06	278	#
1102	1676.23	125	504	#
1103	3528.31	42	259	293	376	454	#
1104	2653.96	124	246	361	405	#
1105	1645.82	6	370	#
1106	2658.8	161	345	475	#
1107	1226.22	25	36	37	106	159	485	#
1108	3500.54	190	213	392	432	487	#
1109	2329.64	15	17	238	#
1110	2174.35	16	45	95	185	280	292	412	#
1111	2500.33	11	137	499	#
1112	1550.58	198	207	288	379	398	469	#
1113	3769.92	21	106	178	270	417	#
1114	1894.1	72	194	#
1115	1261.11	184	318	430	#
1116	1594.74	177	266	#
1117	1032.71	105	144	161	227	359	#
1118	2727.75	175	287	325	#
1119	619.717	510	#
1120	793.539	194	#
1121	763.317	347	#
1122	2154.89	59	488	499	#
1123	3762.98	63	125	167	299	309	358	483	#
1124	1015.39	424	489	#
1125	1132.27	1	299	#
1126	1412.44	382	401	#
1127	1479.44	109	190	#
1128	5886.28	21	283	427	433	474	501	#
1129	2583.99	83	260	428	#
1130	2975.66	112	298	466	#
1131	6840.52	21	149	231	235	249	281	282	327	337	338	428	#
1132	416.89	249	#
1133	638.74	65	#
1134	1062.95	189	232	#
1135	2010.31	58	168	358	368	#
1136	4454.48	23	108	131	285	287	#
1137	2400.35	76	278	378	#
1138	2619.36	8	92	206	370	506	#
1139	1226.33	331	481	#
1140	1971.79	145	466	#
1141	1884.99	42	355	#
1142	951.665	40	439	#
1143	3042.15	25	48	144	215	299	314	319	435	502	#
1144	587.406	506	#
1145	1609.8	143	439	#
1146	921.835	152	507	#
1147	941.19	345	351	#
1148	936.616	459	#
1149	1240.96	109	423	433	#
1150	1367.72	155	168	#
1151	1852.21	161	444	#
1152	2334.51	59	343	453	#
1153	3366.1	141	199	243	467	#
1154	3799.66	40	131	314	339	#
1155	2558.32	157	420	425	#
1156	1404.88	217	307	#
1157	3315.83	174	364	440	487	#
1158	506.356	77	#
1159	1774.06	32	284	#
1160	648.353	360	#
1161	1346.22	272	391	#
1162	1683.82	164	222	#
1163	3610.1	54	100	200	390	459	#
1164	1846.34	30	284	422	#
1165	1500.2	299	348	#
1166	2736.93	69	144	261	472	#
1167	1700.01	148	399	#
1168	1649.69	341	373	#
1169	2942.29	131	220	327	341	#
1170	977.745	225	#
1171	2980.32	79	164	491	#
1172	730.495	49	#
1173	380.244	399	#
1174	2942.28	106	223	281	430	#
1175	1632.27	72	98	350	358	376	476	#
1176	1299.11	35	37	#
1177	3008.13	29	410	417	477	#
1178	1487.11	85	215	#
1179	1693.22	147	433	#
1180	1107.28	212	223	287	400	#
1181	1713.29	12	60	329	#
1182	1875.22	0	463	#
1183	1891.06	63	311	#
1184	902.007	235	#
1185	1440.98	170	290	#
1186	1508.16	90	249	#
1187	1095.85	319	330	420	481	#
1188	1027.24	135	149	#
1189	4163.67	139	143	180	198	309	465	#
1190	793.026	125	#
1191	1404.76	299	451	#
1192	1570	361	420	#
1193	2429.63	177	179	366	#
1194	1677.04	51	346	484	#
1195	1751.29	60	364	371	#
1196	1197.26	327	344	#
1197	1543.36	89	492	#
1198	1924.34	291	493	#
1199	1864.2	56	146	168	209	313	#
1200	704.478	366	373	#
1201	823.159	255	#
1202	2129	291	482	510	#
1203	2615.88	201	234	270	498	#
1204	1653.37	121	220	#
1205	468.597	106	#
1206	1384.11	214	337	478	#
1207	1846.57	29	75	#
1208	1835.79	115	415	504	#
1209	4312.44	12	40	246	286	298	#
1210	1847.06	236	245	#
1211	1624.33	168	454	#
1212	1296.7	111	317	451	#
1213	1736.29	52	122	299	336	355	405	#
1214	1793.67	257	327	#
1215	2840.72	225	247	298	454	#
1216	4711.37	129	145	177	288	346	#
1217	734.783	92	#
1218	1368.83	212	221	#
1219	2763.41	129	217	327	457	461	#
1220	999.944	51	437	460	#
1221	977.879	406	425	#
1222	2918.88	156	218	352	424	433	#
1223	1377.56	32	211	341	#
1224	861.876	341	#
1225	743.336	396	#
1226	1427.55	0	208	#
1227	1517.53	197	486	#
1228	2733.6	141	298	321	436	#
1229	2848.6	221	343	460	#
1230	1047.41	45	392	432	457	#
1231	3366.89	187	398	424	503	#
1232	1412.79	122	503	#
1233	1468.29	275	334	#
1234	2537.86	134	211	441	#
1235	1770.43	83	107	#
1236	208.779	120	#
1237	1279.12	113	465	#
1238	5606.31	4	49	57	354	364	401	#
1239	650.284	145	#
1240	6351.18	2	64	91	281	334	338	453	#
1241	856.131	111	474	#
1242	3118.25	90	155	231	233	299	325	347	#
1243	1658.2	179	372	#
1244	1800.92	193	236	277	#
1245	387.15	454	#
1246	836.52	469	#
1247	1138.72	199	403	#
1248	4602.53	28	140	315	354	361	459	460	#
1249	717.437	505	#
1250	927.492	465	#
1251	1120.16	136	140	329	411	440	#
1252	2184.93	97	244	426	473	#
1253	1388.87	84	287	#
1254	2888.28	239	247	250	293	381	418	#
1255	1962.91	113	396	#
1256	3983.47	59	120	156	442	463	#
1257	1969.45	397	474	#
1258	3487.79	86	167	207	235	249	259	267	282	325	#
1259	2423.37	243	361	480	#
1260	1265.6	262	428	#
1261	1792.03	396	403	#
1262	1695.75	247	282	393	#
1263	1233.31	21	418	#
1264	1872.22	56	271	314	#
1265	1623.33	358	442	#
1266	1465.21	43	120	#
1267	1966.66	339	345	400	463	503	504	#
1268	1363.7	83	281	295	360	361	#
1269	825.037	299	#
1270	490.036	234	#
1271	2926.49	107	305	479	#
1272	1996.65	164	264	477	506	#
1273	3286.71	201	228	237	287	511	#
1274	952.787	74	#
1275	1446.43	103	159	169	453	#
1276	4519.75	7	24	51	106	341	385	#
1277	1066.47	16	230	#
1278	2145.01	90	148	440	#
1279	2101.88	38	139	287	#
1280	1555.69	10	210	#
1281	1956.09	194	308	#
1282	2935.81	27	271	347	388	#
1283	1231.65	173	472	#
1284	1780.15	169	402	446	#
1285	3572.01	0	23	154	213	510	#
1286	733.035	345	#
1287	1168.05	252	444	460	#
1288	1574.57	154	203	#
1289	1549.52	139	164	#
1290	1113.88	111	115	435	#
1291	1546.63	49	258	#
1292	4489.91	14	31	231	334	385	#
1293	1418.47	264	290	437	#
1294	3542.99	54	104	374	433	#
1295	1124.5	41	329	#
1296	2231.23	150	185	238	278	313	419	509	#
1297	1588.87	38	136	371	#
1298	1979.87	290	297	#
1299	1015.55	29	117	206	309	#
1300	2502.71	239	293	385	#
1301	1796.39	215	509	#
1302	1096.86	47	357	#
1303	1193.76	12	304	#
1304	1195.35	125	288	#
1305	2485.15	47	53	344	#
1306	1801.31	255	384	#
1307	3160.41	27	47	207	386	#
1308	1870.55	267	353	404	463	#
1309	2258.79	43	218	322	#
1310	2172.02	0	48	93	137	178	266	281	360	363	388	434	#
1311	1483.71	93	367	#
1312	1053.49	90	133	#
1313	3772.01	55	226	382	471	#
1314	3384.07	35	74	234	284	#
1315	2498.67	73	81	397	488	#
1316	1946.07	114	491	#
1317	3942.08	98	255	284	448	493	#
1318	926.379	63	#
1319	1200.03	147	265	#
1320	6945.6	97	220	223	247	362	364	510	#
1321	1515.7	156	183	285	348	#
1322	1014.98	92	200	#
1323	969.747	129	307	432	#
1324	1814.48	89	102	467	#
1325	1647.07	61	377	#
1326	2629.76	76	161	388	#
1327	2232.21	62	174	310	383	#
1328	1284.83	42	492	#
1329	2536.07	17	155	187	352	#
1330	2541.05	112	224	290	470	#
1331	1708.78	17	121	258	#
1332	1596.47	123	505	#
1333	1631.74	239	334	420	#
1334	2737.8	350	425	474	#
1335	2154.18	13	218	372	382	#
1336	4418.12	80	126	232	272	296	306	413	466	485	#
1337	2946.79	13	31	359	377	467	#
1338	1393.13	64	97	200	#
1339	3541.03	123	151	414	420	#
1340	4521.1	41	94	132	173	400	#
1341	2642.76	94	177	378	445	#
1342	2068.64	33	128	156	347	400	#
1343	1513.86	55	127	#
1344	1759.97	261	353	#
1345	1540.41	57	309	#
1346	1254.64	157	311	391	420	448	#
1347	950.942	25	387	#
1348	1101.9	116	495	#
1349	1568.67	294	295	#
1350	1186.71	215	227	288	342	433	459	466	#
1351	3026.11	21	45	147	282	#
1352	1065.06	419	485	#
1353	4788.85	79	97	146	173	466	#
1354	2183.61	133	397	416	#
1355	1987.05	240	453	#
1356	2785.67	28	29	132	457	#
1357	852.951	197	249	347	462	467	#
1358	1530.68	116	139	326	487	#
1359	1318.34	392	454	#
1360	995.819	326	420	507	#
1361	1212.38	148	339	#
1362	2159.99	43	210	307	#
1363	1066.01	222	496	#
1364	1523.25	68	197	272	304	#
1365	754.028	124	#
1366	1205.71	254	390	#
1367	1898.15	8	28	232	430	444	#
1368	7485.54	76	110	111	189	229	386	450	452	475	#
1369	759.575	193	#
1370	1899.61	15	76	87	170	#
1371	1715.47	332	495	#
1372	649.969	288	#
1373	1287.76	207	264	340	#
1374	1083.97	207	345	#
1375	1185.95	315	367	454	#
1376	261.806	311	#
1377	1565.84	32	212	270	#
1378	1368.82	40	350	#
1379	1887.8	116	268	#
1380	1031.99	271	345	#
1381	1502.79	417	470	#
1382	1354.84	119	322	#
1383	545.702	208	#
1384	1979.47	74	240	258	#
1385	4554.12	32	51	187	317	417	#
1386	1250.38	204	323	#
1387	1489.13	199	502	#
1388	2805.81	88	166	379	404	502	#
1389	935.178	375	494	#
1390	1905.74	102	421	#
1391	965.56	11	66	#
1392	2275.43	124	291	451	#
1393	1208.79	18	131	271	#
1394	1186.68	252	491	#
1395	1737.37	28	129	#
1396	1338.74	125	299	308	426	#
1397	1799.56	32	147	338	#
1398	3798	90	160	282	311	321	333	#
1399	589.418	45	#
1400	2723.1	103	109	132	384	433	#
1401	1242.65	95	188	364	#
1402	1304.02	308	319	#
1403	1469.48	317	511	#
1404	5753.22	21	156	224	231	267	381	401	439	#
1405	745.437	27	#
1406	913.524	115	234	450	#
1407	1168.66	29	125	329	#
1408	3126.2	225	238	318	354	369	#
1409	3643.29	251	331	343	378	412	#
1410	2312.81	51	57	76	174	177	260	333	412	414	436	#
1411	783.346	26	468	#
1412	1773.44	4	184	#
1413	1723.88	148	237	#
1414	801.336	272	373	#
1415	978.102	92	494	#
1416	3053.27	102	132	184	348	402	439	#
1417	1849.38	129	504	#
1418	1583.09	196	343	#
1419	2252.37	101	309	344	#
1420	1566.39	169	458	#
1421	1901.53	43	388	#
1422	2291.13	18	123	196	246	339	#
1423	1292.12	25	225	#
1424	2361.69	114	131	254	#
1425	2131.44	74	91	92	199	346	446	#
1426	1227.83	22	51	#
1427	1859.66	19	432	#
1428	1972.67	23	478	#
1429	297.189	108	#
1430	1238.16	310	407	430	476	#
1431	1199.13	88	251	382	#
1432	2325.84	0	340	367	489	510	#
1433	1663	308	383	410	#
1434	2486.88	218	362	424	#
1435	2799.06	59	229	240	411	440	#
1436	1901.17	320	375	385	#
1437	1463.69	63	324	418	#
1438	1338.62	309	402	#
1439	1490.02	14	22	#
1440	1766.9	108	135	370	417	#
1441	1073.41	97	120	#
1442	1748.32	239	270	415	510	#
1443	1759.6	30	38	166	#
1444	1180.77	161	246	307	#
1445	1085.06	35	175	234	#
1446	1708.06	14	159	325	363	431	#
1447	1644.3	353	452	#
1448	1772.11	9	106	135	243	326	392	421	480	#
1449	3626.49	203	354	358	445	#
1450	1104.08	349	429	#
1451	928.955	98	#
1452	1745.34	8	350	#
1453	1446.61	206	251	#
1454	3184.3	56	69	419	450	#
1455	2830.51	105	291	467	476	#
1456	3373.92	197	301	415	453	#
1457	4164.15	23	186	354	357	385	#
1458	3538.82	150	162	166	373	430	#
1459	5309.11	3	15	182	309	372	457	506	#
1460	1449.29	232	387	#
1461	2791.66	177	270	276	#
1462	1472.03	107	168	#
1463	543.993	227	234	#
1464	1043.64	153	255	#
1465	285.645	493	#
1466	1385.72	58	194	#
1467	1929.23	5	327	#
1468	1378.25	232	260	#
1469	2911.05	2	14	455	#
1470	1865.34	9	307	#
1471	1373.57	161	205	389	440	#
1472	2348.9	275	325	353	#
1473	1529.38	80	162	#
1474	2665.11	16	124	131	403	421	#
1475	3856.75	82	87	331	471	#
1476	1225.45	97	161	191	#
1477	1415.4	52	355	406	#
1478	959.558	28	#
1479	1948.16	99	157	#
1480	1646.85	209	237	#
1481	1624.3	4	233	#
1482	948.315	3	#
1483	2368.54	23	344	399	421	#
1484	1315.81	93	475	#
1485	3392.27	31	39	359	421	#
1486	3220.23	5	55	200	220	336	398	#
1487	1990.11	139	218	361	#
1488	1153.96	339	409	#
1489	1168.49	41	382	#
1490	1767.83	207	245	#
1491	1290.39	21	66	443	#
1492	1543.65	416	490	#
1493	2594.7	48	161	396	507	#
1494	1570.5	122	248	#
1495	701.799	73	430	#
1496	2508.11	36	42	246	320	404	476	#
1497	4123.4	56	84	138	348	414	487	#
1498	4383.43	48	89	325	410	430	453	#
1499	1956.49	190	226	#
1500	1959.19	85	450	#
1501	8818.38	42	43	79	142	154	211	435	440	483	#
1502	3820.28	21	372	401	441	#
1503	1773.4	66	201	#
1504	1792.49	354	398	428	#
1505	2345.52	407	476	493	#
1506	2165.62	316	317	320	#
1507	5677.09	17	19	110	228	375	503	#
1508	2613.75	71	248	416	#
1509	2453.23	30	58	100	204	395	508	#
1510	1950.6	51	121	245	#
1511	1214.72	255	393	#
1512	1041.55	337	355	#
1513	4767.6	80	82	134	227	287	303	448	454	#
1514	1910.49	176	212	#
1515	1027.77	218	295	500	#
1516	2536.17	189	431	501	#
1517	5286.01	53	146	210	221	228	508	#
1518	3707.04	228	280	419	481	#
1519	1812.32	206	383	#
1520	1860.24	15	47	#
1521	2018.19	30	80	469	#
1522	1080.94	49	149	257	307	352	#
1523	1231.64	23	74	270	#
1524	1978.98	144	326	#
1525	97.4105	156	#
1526	1792.77	39	207	#
1527	1535.9	8	138	237	271	#
1528	1722.6	96	219	274	#
1529	1981.15	318	469	#
1530	1915.33	230	276	#
1531	2583.79	112	142	400	#
1532	1302.07	134	177	287	436	#
1533	2418.25	21	99	285	507	#
1534	3868.95	119	176	339	371	#
1535	1885.35	405	411	#
1536	1422.13	117	226	294	344	#
1537	1748.56	90	216	505	#
1538	4588.28	243	277	293	330	333	444	508	#
1539	5991.05	84	131	168	205	217	270	285	374	438	487	#
1540	1892.63	265	320	#
1541	1564.99	432	471	#
1542	2818.75	148	328	344	#
1543	1638.07	107	282	#
1544	1372.42	292	401	#
1545	1851.68	173	415	461	#
1546	1317.55	287	498	#
1547	3121.18	125	198	316	506	#
1548	1336.09	234	319	#
1549	1557.13	54	203	306	#
1550	1732.7	444	463	#
1551	1689.62	82	378	#
1552	2973.37	53	124	140	#
1553	2710.54	42	72	96	114	363	#
1554	1845.12	44	115	#
1555	1765.24	9	460	#
1556	1321.78	96	171	#
1557	1082.3	176	370	#
1558	873.889	35	267	#
1559	1378.49	67	242	407	#
1560	3268.02	17	257	298	334	510	#
1561	2407.47	87	270	315	395	#
1562	2607.86	68	223	453	#
1563	1085.08	387	484	#
1564	1463.13	182	187	332	#
1565	1399.25	11	161	#
1566	1203.1	99	269	#
1567	367.521	177	#
1568	1831.18	279	487	#
1569	1718.03	55	113	345	#
1570	1247.52	200	215	460	489	#
1571	4056.79	104	117	166	232	244	255	444	467	#
1572	1410.47	68	142	#
1573	1821.56	246	308	475	#
1574	1368.14	54	177	393	#
1575	1094.3	130	275	#
1576	633.437	2	208	#
1577	747.646	410	#
1578	1263.93	314	386	#
1579	987.379	46	106	113	#
1580	1780.04	127	188	#
1581	3087.6	272	293	305	425	#
1582	2588.9	24	119	141	142	147	175	250	#
1583	860.445	285	#
1584	2620.88	234	236	431	#
1585	2940.53	151	283	467	#
1586	2563.38	74	85	172	359	369	#
1587	2006.65	148	158	458	507	#
1588	1175.16	12	85	#
1589	1899.45	161	370	477	#
1590	1867.52	54	243	#
1591	1261.43	19	42	#
1592	1883.66	279	438	#
1593	2463.92	154	268	501	#
1594	2312.66	122	163	200	233	#
1595	2051.62	49	215	319	#
1596	1141.73	43	255	349	#
1597	860.54	411	#
1598	1371.08	239	259	#
1599	1122.38	6	328	#
1600	1422.26	141	477	#
1601	3400.63	144	226	310	384	#
1602	1111.8	78	120	449	#
1603	1170.55	96	146	#
1604	1607.92	7	241	#
1605	1806.41	47	150	351	481	#
1606	1535.37	334	403	#
1607	1341.2	192	499	#
1608	1623.38	75	105	225	282	#
1609	1320.96	48	256	#
1610	4246.95	138	144	256	301	441	#
1611	1611.9	31	53	423	#
1612	1889.05	234	386	#
1613	1249.4	93	153	#
1614	1414.81	290	503	#
1615	1944.26	259	348	#
1616	2282.28	39	104	171	328	#
1617	1347.74	366	495	#
1618	3029.85	71	128	179	296	375	414	453	#
1619	1113.22	64	238	276	#
1620	1533.98	405	449	#
1621	1838.72	130	234	270	#
1622	4335.9	139	155	236	395	505	#
1623	1975.47	130	371	470	#
1624	1576.2	246	471	#
1625	1905.33	98	392	#
1626	1907.95	11	70	92	252	328	363	371	468	#
1627	4835.84	8	199	274	343	400	#
1628	1430.28	80	157	#
1629	2393.14	100	316	327	#
1630	1676.79	184	480	#
1631	1666.77	137	472	#
1632	1957.55	162	357	#
1633	2838.18	37	247	263	#
1634	1854.84	237	333	495	#
1635	1488.04	107	266	#
1636	2570.78	8	219	366	#
1637	693.822	453	#
1638	959.88	30	61	#
1639	1625.1	12	266	470	#
1640	849.661	91	356	#
1641	591.657	258	#
1642	4351.27	55	86	123	327	415	425	426	427	478	#
1643	1944.61	101	367	#
1644	3547.85	65	114	231	324	347	380	482	#
1645	6570.84	220	303	307	312	482	497	503	#
1646	2910.63	298	328	412	#
1647	7378.87	103	321	337	369	461	498	507	509	#
1648	1372.7	218	476	#
1649	1721.21	64	389	#
1650	2181.48	345	415	427	#
1651	1200.69	285	432	#
1652	2943.61	96	184	235	#
1653	1938.44	31	138	423	#
1654	1994.88	206	489	#
1655	1985.07	418	429	#
1656	3002.62	74	113	405	508	#
1657	1246.15	56	290	#
1658	7402.52	24	42	49	202	249	281	296	366	435	470	#
1659	1871.38	122	471	#
1660	3875.16	74	114	176	238	#
1661	1207.07	153	242	330	394	#
1662	1621.12	193	207	#
1663	1277.83	31	111	161	430	#
1664	2426.48	224	446	456	#
1665	1041.63	73	96	430	#
1666	1938.7	3	130	261	408	#
1667	2715.07	74	420	429	#
1668	1726.96	235	451	#
1669	2899.45	0	221	390	395	401	404	#
1670	856.871	57	388	#
1671	2655.21	124	192	212	#
1672	3459.76	219	242	262	504	#
1673	3766.43	99	104	153	264	382	#
1674	2214.47	62	76	285	416	#
1675	1101.5	75	166	#
1676	931.748	63	327	416	#
1677	4300.79	25	62	167	379	407	445	488	#
1678	2150.45	209	291	336	465	#
1679	1735.44	3	353	#
1680	2925.67	2	139	375	#
1681	1525.52	223	332	510	#
1682	472.849	188	#
1683	5329.68	13	88	109	216	243	369	#
1684	2227.49	2	145	324	#
1685	6668.86	46	123	269	279	307	319	329	365	418	422	443	#
1686	1840.61	169	393	#
1687	2265.56	45	129	163	265	274	#
1688	1896.01	64	289	414	#
1689	1251.97	5	390	489	#
1690	2880.85	113	185	315	#
1691	2949.85	131	150	462	#
1692	2719.27	15	466	481	#
1693	1422.34	44	126	#
1694	2034.29	93	176	239	#
1695	1068.71	16	38	199	306	#
1696	1115.17	88	511	#
1697	4689.46	77	96	175	300	498	#
1698	205.52	210	#
1699	1648.01	0	450	#
1700	2503.2	32	141	190	461	#
1701	1117.57	32	121	244	321	#
1702	957.843	84	297	#
1703	1206.17	359	508	#
1704	1159.16	19	421	472	#
1705	2430.26	193	359	390	443	#
1706	1294.66	71	118	#
1707	1902.94	402	468	#
1708	2686.55	385	501	502	#
1709	3310.95	54	116	128	338	437	472	484	#
1710	3126.14	51	157	236	374	411	#
1711	1631	48	140	331	#
1712	1000.63	309	404	410	421	#
1713	5634.08	29	193	195	285	349	398	#
1714	536.606	286	#
1715	2501.04	41	215	236	#
1716	1270.47	20	148	#
1717	5347.35	141	248	293	333	356	477	#
1718	1453.06	5	10	#
1719	1159.78	254	375	#
1720	1502.17	416	459	478	#
1721	2501.04	10	204	365	374	#
1722	974.11	67	278	322	400	#
1723	1948.68	66	132	336	396	#
1724	1430.04	83	448	#
1725	2266.22	73	302	400	#
1726	1818.07	31	354	#
1727	2809.05	187	403	452	#
1728	986.881	116	203	#
1729	1369.15	292	324	#
1730	1154.7	4	170	350	412	420	#
1731	842.21	70	375	#
1732	7059.93	6	24	27	35	102	219	251	349	384	#
1733	3453.1	59	202	255	395	417	427	#
1734	2042.08	21	32	135	474	#
1735	4277.23	15	61	142	252	369	406	#
1736	3813.5	65	109	274	318	#
1737	2216.43	88	456	493	#
1738	2377.2	6	405	425	#
1739	1596.62	163	258	#
1740	1216.48	234	268	354	#
1741	1905.31	37	188	206	261	#
1742	1549.33	152	508	#
1743	1785.47	291	451	507	#
1744	1977.27	104	254	#
1745	3258.31	232	287	399	415	#
1746	3977.48	102	179	357	376	443	#
1747	1918.71	476	493	#
1748	1776.62	120	279	389	#
1749	1145.2	55	151	398	420	#
1750	1366.39	422	502	#
1751	1256.5	183	226	336	#
1752	1608.7	122	140	168	406	#
1753	2881.27	55	146	319	#
1754	926.364	73	482	#
1755	1846.18	31	166	406	#
1756	1646.69	33	57	64	236	#
1757	1990.75	16	489	#
1758	1893.32	5	230	269	#
1759	1384.07	295	487	#
1760	1597.31	65	367	#
1761	1827	145	282	#
1762	1149.67	224	340	#
1763	1919.51	169	328	378	#
1764	2723.29	284	291	415	#
1765	4699.29	26	106	193	284	440	#
1766	2221.4	245	324	330	378	#
1767	1764.28	24	430	#
1768	497.199	14	#
1769	1287.79	48	218	225	#
1770	2926.11	39	44	89	196	246	#
1771	1746.49	21	224	263	278	286	344	427	#
1772	3022.63	9	12	74	291	#
1773	1317.32	250	339	#
1774	1485.94	151	406	#
1775	4590.99	69	160	192	393	442	#
1776	1133.94	28	105	466	#
1777	1901.98	201	224	#
1778	104.139	366	#
1779	1291.84	172	311	#
1780	1322.13	4	430	#
1781	5306.23	54	64	164	243	263	350	#
1782	916.357	293	#
1783	1634.05	65	487	#
1784	1552.05	84	238	330	333	348	415	502	#
1785	5701.22	3	118	125	194	219	315	392	#
1786	2404.63	5	42	83	239	447	487	#
1787	2220.88	383	395	413	#
1788	409.728	169	#
1789	987.571	73	249	340	341	366	395	431	#
1790	979.404	374	409	432	#
1791	1037.18	185	236	408	428	449	#
1792	6657.88	74	214	218	303	338	397	400	407	484	505	#
1793	1959.77	23	307	382	#
1794	2698.83	65	69	139	338	#
1795	1475.23	177	450	#
1796	1239.12	10	241	#
1797	354.438	34	#
1798	3536.09	50	405	495	497	#
1799	2871.7	340	390	428	501	#
1800	1218.13	26	38	210	#
1801	3648.26	4	22	71	339	406	414	#
1802	5840.07	146	158	160	207	239	367	381	399	415	#
1803	2630.87	33	217	454	#
1804	1249.49	249	330	489	#
1805	905.748	15	435	#
1806	301.298	272	#
1807	2240.55	13	501	507	#
1808	1377.16	25	272	330	357	473	#
1809	1300.2	174	351	#
1810	1029.58	267	289	308	#
1811	2564.19	25	151	333	#
1812	1518.99	433	472	#
1813	2380.25	35	438	451	#
1814	2510.97	79	180	281	#
1815	1975.92	27	314	#
1816	1912.44	10	72	109	#
1817	1936.38	297	431	#
1818	2716.93	225	440	446	#
1819	915.242	431	#
1820	1105.85	79	174	177	244	382	#
1821	1124.58	85	314	#
1822	1353.85	238	335	362	#
1823	469.348	400	#
1824	1708.39	14	135	281	316	461	#
1825	1427.64	116	234	#
1826	2052.18	19	183	486	#
1827	6733.53	79	159	166	232	294	360	368	405	449	#
1828	2771.09	148	206	254	#
1829	2835.78	62	172	303	#
1830	1148.02	280	373	#
1831	967.691	114	175	#
1832	91.2057	498	#
1833	985.011	78	181	#
1834	1430.24	41	58	115	264	#
1835	1618.86	127	404	#
1836	1483.47	37	48	144	244	#
1837	2406.67	64	114	316	#
1838	1185.15	13	27	175	297	323	#
1839	1655.79	249	474	#
1840	5207.4	31	43	149	396	409	511	#
1841	1638.85	187	237	#
1842	1177.22	227	457	#
1843	4393.49	53	84	151	162	371	#
1844	1307.26	158	431	#
1845	3938.78	9	182	367	389	#
1846	4133.65	2	32	34	164	171	360	#
1847	1129.32	260	285	#
1848	2785.21	88	114	118	279	367	444	#
1849	5409.93	1	16	79	320	350	434	458	#
1850	1100.46	228	314	394	#
1851	991.833	426	454	#
1852	5643.48	249	263	290	301	370	436	#
1853	2371.58	153	157	235	271	#
1854	972.726	18	497	#
1855	2879.74	24	260	361	#
1856	321.488	142	#
1857	1878.37	99	178	257	#
1858	888.928	32	455	#
1859	938.713	101	299	#
1860	1212.91	337	383	#
1861	910.368	395	#
1862	1468.33	39	200	252	#
1863	1891.92	124	196	#
1864	1108.12	36	150	459	#
1865	983.966	322	341	#
1866	2343.23	12	56	392	#
1867	2057.7	6	132	392	#
1868	807.335	148	239	#
1869	1875.39	290	410	#
1870	1983.66	72	231	#
1871	1863.35	7	25	#
1872	4616.51	121	200	236	373	382	#
1873	330.499	415	#
1874	1474.43	412	440	#
1875	2759.39	57	227	333	433	497	#
1876	1108.05	85	400	#
1877	1833.23	64	146	228	#
1878	2384.5	323	348	403	#
1879	2613.21	6	38	53	153	189	266	312	333	373	399	#
1880	3758.8	179	299	323	342	482	#
1881	1259.97	108	486	#
1882	1638.33	221	355	#
1883	1013.95	274	351	#
1884	2610.45	296	371	481	#
1885	4592.38	43	47	173	229	381	#
1886	1215.94	240	497	#
1887	2714.81	117	172	310	#
1888	3732.64	76	109	303	328	#
1889	1185.83	18	39	42	#
1890	3616.03	12	201	371	396	454	#
1891	1721.5	77	223	#
1892	1994.46	403	446	#
1893	1269.85	129	344	#
1894	957.303	425	449	#
1895	3242.94	72	102	176	218	#
1896	3292.02	28	36	342	351	#
1897	2805.17	189	288	379	#
1898	4806.59	98	109	147	377	435	439	#
1899	1005.94	244	429	#
1900	429.475	86	#
1901	2266.11	113	121	229	273	311	#
1902	1694.91	44	404	437	#
1903	2192.05	236	304	410	#
1904	1789.82	304	485	#
1905	1361.4	202	469	#
1906	1703.6	259	308	500	#
1907	1571.83	103	433	#
1908	1312.79	94	497	#
1909	1103.5	117	274	498	#
1910	1074	121	365	#
1911	2686.75	44	232	332	#
1912	2222.49	24	457	496	#
1913	2857.91	157	248	365	#
1914	2489.99	74	155	163	#
1915	1769.97	171	231	337	#
1916	2395.93	152	332	382	#
1917	1371.58	222	284	#
1918	1505.38	62	75	77	277	#
1919	1324.94	279	426	#
1920	4381.96	26	330	360	386	498	#
1921	3317.22	52	153	218	229	293	367	503	#
1922	2667.89	179	425	456	#
1923	1658.34	259	469	#
1924	1036.47	155	280	477	#
1925	1655.94	173	467	#
1926	1100.62	94	277	325	393	502	#
1927	1790.97	22	94	192	265	#
1928	984.88	20	89	#
1929	2260.68	10	66	161	180	269	394	498	#
1930	1126.66	164	301	#
1931	1095.79	10	78	203	#
1932	2524.3	119	143	484	#
1933	1677.78	42	162	366	435	469	#
1934	2851.48	127	291	478	#
1935	1004.29	16	141	238	#
1936	1210.56	390	411	#
1937	1329.95	269	431	#
1938	14646.6	447	452	29	404	451	351	437	168	464	506	58	391	136	293	352	#
1939	1380.83	31	348	#
1940	2163.17	123	145	429	#
1941	1435.65	137	431	439	#
1942	1453.75	256	314	#
1943	1210.47	93	253	353	#
1944	1219.07	13	51	#
1945	1403.58	85	182	191	494	507	#
1946	1738.29	41	494	#
1947	2455.87	13	16	332	505	#
1948	3485.62	2	266	305	417	#
1949	2822.89	220	362	504	#
1950	1812.73	107	179	273	322	#
1951	1877.66	375	384	#
1952	6957.46	171	241	270	299	346	453	500	#
1953	3151.55	0	58	193	204	390	#
1954	1358.35	216	342	375	404	426	462	472	#
1955	1019.54	101	136	#
1956	1632.98	67	319	459	#
1957	1106.34	94	111	#
1958	3775.68	198	281	305	408	422	449	#
1959	4279.21	12	45	52	81	309	#
1960	2123.36	57	81	210	246	288	361	#
1961	2170.44	107	423	447	#
1962	1584.42	62	130	#
1963	1498.06	69	507	#
1964	2222.99	33	35	147	#
1965	1593.55	33	451	#
1966	4518.69	156	168	245	354	409	#
1967	3138.01	50	109	316	355	495	505	#
1968	3148.47	149	178	219	469	#
1969	1651.22	140	442	#
1970	1962.36	17	390	#
1971	1419.16	9	451	#
1972	4607.04	40	215	302	303	314	#
1973	1825.37	165	303	#
1974	1472.61	138	183	#
1975	1677.24	393	401	#
1976	936.412	13	143	#
1977	1303.58	279	292	358	411	#
1978	914.951	166	411	#
1979	1215.67	123	357	441	#
1980	876.619	269	418	#
1981	2229.45	6	178	206	331	#
1982	2129.26	29	425	480	#
1983	3237.62	0	243	298	338	411	#
1984	1291.35	251	340	#
1985	1039.87	265	495	#
1986	2556.33	179	347	490	#
1987	1873.32	148	256	375	#
1988	1587.48	105	160	#
1989	1045.19	470	477	#
1990	1336.64	31	179	435	#
1991	813.769	208	209	#
1992	2928.55	363	412	414	#
1993	2732.14	121	411	425	433	#
1994	643.477	4	234	#
1995	1346.81	79	478	#
1996	1880.02	15	108	#
1997	2732.08	104	281	436	477	#
1998	1710.45	145	205	#
1999	2943.79	75	291	322	356	#
