%% File generated by CATS v.2.1Mon Jul  4 11:09:38 2011

%% The CATS webpage is http://robotics.stanford.edu/CATS

%% PARAMETER SETTINGS:
% Goods: 512; Bids: 2000; Distribution: L4; Runs: 1; Seed: 1309806945
% Legacy distribution parameters:
% Number of goods chosen according to Decay distribution (alpha = 0.55).
% Price chosen according to Linear Random distribution (low_linearly = 1, high_linearly = 1000).


goods 512
bids 2000
dummy 0

0	624.963	287	#
1	3345.49	54	152	172	330	#
2	1482.15	18	97	149	337	445	#
3	985.76	197	#
4	784.271	66	#
5	1185.26	7	217	463	497	#
6	521.68	216	#
7	4739.59	98	113	189	212	239	253	304	462	#
8	783.858	422	#
9	851.327	94	#
10	642.3	435	#
11	1996.97	93	304	501	#
12	746.81	278	#
13	884.9	401	#
14	2092.14	12	129	283	#
15	840.036	441	#
16	592.409	306	#
17	934.97	215	#
18	2232.47	12	111	385	#
19	1301.03	76	223	#
20	1061.34	60	105	#
21	952.768	184	#
22	678.611	319	#
23	1253.82	454	488	#
24	997.426	74	#
25	987.688	145	#
26	432.735	374	#
27	709.044	387	#
28	1026.32	1	56	102	#
29	1840.67	228	476	#
30	2399.46	49	164	452	#
31	1863.23	271	344	455	#
32	796.715	190	#
33	605.101	335	#
34	922.288	53	#
35	756.159	7	#
36	2547.1	121	275	323	#
37	4657.74	14	158	211	213	278	446	469	497	#
38	1986.84	16	302	#
39	1051.84	196	430	#
40	2928.15	129	344	346	351	410	#
41	1932.35	49	446	#
42	898.284	171	#
43	1317.83	68	247	#
44	2708.96	124	248	400	421	454	#
45	866.323	499	#
46	949.714	433	#
47	483.981	282	#
48	788.503	22	#
49	3078.87	147	151	171	191	260	497	#
50	1783.89	158	314	#
51	807.424	134	#
52	530.03	19	#
53	3803.63	6	123	164	248	270	#
54	971.438	37	#
55	859.22	251	#
56	727.966	274	#
57	934.954	388	#
58	1977.6	303	362	489	#
59	848.825	317	#
60	1122.13	356	386	#
61	2892.38	382	469	499	#
62	991.051	273	#
63	975.249	377	#
64	945.966	189	#
65	1330.07	255	288	#
66	956.621	48	#
67	936.644	359	#
68	967.657	26	#
69	977.29	115	#
70	973.87	78	#
71	955.92	270	#
72	2560.22	127	187	432	473	#
73	796.371	420	#
74	910.044	458	#
75	950.189	283	#
76	1969.2	80	132	#
77	859.952	200	#
78	926.177	158	#
79	834.488	33	#
80	995.206	179	#
81	925.499	341	#
82	741.644	271	#
83	788.487	50	#
84	2253.45	86	400	478	#
85	794.727	354	#
86	1830.94	321	409	#
87	782.579	159	#
88	2009.38	35	182	458	#
89	1926.11	229	363	#
90	932.645	262	#
91	2876.31	44	85	208	509	#
92	820.741	97	#
93	774.523	55	#
94	1877.44	86	237	#
95	912.265	442	#
96	805.278	286	#
97	1364.85	0	65	75	202	#
98	1821.87	189	246	305	#
99	3704.31	230	267	307	323	355	#
100	1528.95	227	312	493	#
101	1466	42	91	94	266	295	297	422	474	493	#
102	898.134	123	#
103	899.377	0	#
104	983.054	77	#
105	948.369	389	#
106	878.41	498	#
107	919.889	39	#
108	667.21	362	#
109	919.008	225	#
110	711.635	255	#
111	714.27	144	#
112	903.153	80	#
113	936.78	311	#
114	1636.68	163	353	#
115	873.046	183	#
116	995.43	410	#
117	1463.31	83	322	390	#
118	971.053	494	#
119	916.439	4	#
120	860.092	487	#
121	504.574	214	#
122	928.585	436	#
123	171.49	98	#
124	977.787	339	#
125	525.208	404	#
126	1180.48	109	458	485	#
127	1687.68	83	149	#
128	3639.07	19	95	309	433	#
129	949.434	489	#
130	1391.97	143	147	473	#
131	2386.34	146	389	405	#
132	2630.18	306	372	381	#
133	711.994	167	#
134	962.286	249	#
135	2133.15	45	404	497	#
136	922.209	82	#
137	847.834	5	#
138	906.902	254	274	364	#
139	1858.1	199	369	#
140	954.549	207	#
141	840.735	169	#
142	1237.92	174	179	219	262	#
143	960.456	331	#
144	1507.47	235	333	#
145	892.305	120	#
146	830.459	323	#
147	1850.51	111	204	232	#
148	1178.58	96	504	#
149	3196.08	62	94	247	389	508	#
150	362.146	385	#
151	746.969	372	#
152	2627.05	56	203	491	#
153	1727.63	1	220	#
154	972.513	337	374	#
155	969.116	423	#
156	393.089	447	#
157	1405.84	47	322	#
158	974.402	255	365	440	445	#
159	987.649	328	#
160	1261.9	230	416	#
161	979.732	272	#
162	1990.1	17	240	268	#
163	565.031	245	#
164	1368.83	222	311	320	467	#
165	946.596	226	#
166	917.52	75	416	#
167	876.841	284	#
168	1305.49	317	475	#
169	1655.99	73	479	#
170	888.749	386	#
171	3921.49	189	200	282	296	#
172	2642.61	56	478	487	#
173	3304.54	178	202	378	422	440	493	#
174	1177.44	18	233	362	#
175	961.285	127	#
176	974.354	467	#
177	805.42	155	#
178	2405.13	58	277	476	#
179	2793.96	7	23	91	#
180	942.961	93	#
181	285.46	191	#
182	467.661	347	#
183	904.464	462	#
184	1330.84	320	482	#
185	1759.09	204	357	#
186	993.71	28	#
187	948.042	196	#
188	642.482	496	#
189	794.053	452	#
190	1512.31	243	280	#
191	680.125	503	#
192	1685.12	259	350	#
193	824.586	437	#
194	1676.42	121	132	#
195	748.279	327	#
196	941.54	491	#
197	2462.36	148	153	287	292	338	#
198	885.201	334	#
199	723.497	502	#
200	3461.04	95	268	311	375	484	#
201	2281.83	91	238	241	#
202	746.804	141	#
203	1641.41	252	319	493	#
204	597.127	340	#
205	1950.51	109	152	316	#
206	1485.92	281	374	#
207	2227.67	18	322	479	#
208	1707.45	376	400	471	#
209	989.351	95	#
210	756.156	296	#
211	921.219	230	#
212	669.957	483	#
213	759.256	419	#
214	840.203	376	#
215	953.201	131	#
216	799.357	21	#
217	984.477	89	#
218	955.1	405	#
219	1504.62	23	42	284	#
220	689.544	417	#
221	939.409	485	#
222	999.371	338	#
223	4928.37	52	54	187	342	432	456	#
224	892.204	361	#
225	826.045	500	#
226	668.846	480	#
227	2336.54	15	82	121	#
228	2069.39	40	47	167	#
229	851.384	168	#
230	962.625	140	#
231	624.277	156	#
232	1838.41	104	301	304	#
233	1587.74	47	183	#
234	902.238	153	#
235	801.935	290	#
236	1245.61	348	466	#
237	1691.21	31	65	#
238	1996.64	65	112	#
239	1109.88	79	87	289	#
240	217.26	101	#
241	911.933	173	#
242	899.419	36	#
243	625.661	59	#
244	894.379	147	#
245	457.545	170	#
246	925.27	342	#
247	838.811	124	#
248	529.798	382	#
249	976.442	250	#
250	850.509	439	#
251	550.727	1	#
252	728.026	460	#
253	956.568	453	#
254	1884.82	31	87	280	#
255	4094.59	59	167	185	215	309	#
256	868.307	456	#
257	8994.41	40	98	151	171	208	226	229	359	371	477	497	#
258	928.625	42	61	144	#
259	1322.15	9	145	#
260	991.109	490	#
261	979.805	146	#
262	446.53	109	#
263	1613.85	88	173	#
264	1736.92	81	111	148	167	#
265	1723.19	122	208	#
266	138.997	269	#
267	932.879	206	#
268	3943.14	82	201	246	284	295	338	372	#
269	956.164	426	#
270	1922.42	24	28	496	#
271	1464.29	111	186	#
272	1674.75	208	245	#
273	923.226	305	#
274	2677.33	318	404	495	#
275	806.271	191	278	298	#
276	601.581	25	#
277	930.552	69	#
278	1694.23	43	102	#
279	1727.64	89	102	#
280	2265.4	18	50	370	379	386	#
281	963.148	64	#
282	3690.45	26	119	232	261	#
283	998.922	68	#
284	484.247	92	#
285	806.029	449	#
286	856.165	125	393	#
287	787.904	243	#
288	1071.9	296	437	#
289	922.242	65	#
290	650.062	300	#
291	927.77	222	#
292	447.334	470	#
293	1506.11	67	503	#
294	950.789	138	#
295	2359.75	53	124	235	#
296	972.171	431	#
297	904.483	181	#
298	965.163	24	#
299	811.343	256	#
300	883.77	392	#
301	813.394	235	#
302	947.522	154	#
303	912.991	242	#
304	953.662	172	#
305	1596.75	41	53	#
306	2448.52	17	33	65	83	#
307	2514.18	3	148	242	#
308	337.864	304	#
309	5257.45	56	180	289	392	405	406	504	#
310	688.159	224	#
311	1579.57	375	379	#
312	1610.55	491	506	#
313	729.628	57	#
314	2237.5	45	127	337	426	453	#
315	1664.18	219	340	356	402	432	#
316	1986.17	52	121	356	451	#
317	910.228	280	#
318	999.195	148	401	#
319	3965.06	227	387	416	440	#
320	301.629	352	#
321	969.665	379	#
322	990.744	316	#
323	965.464	133	#
324	3053.28	2	211	286	430	#
325	952.046	195	439	#
326	942.327	285	#
327	926.809	38	#
328	1609.07	98	226	342	#
329	2892.79	133	304	357	365	#
330	980.513	229	#
331	1110.74	132	138	150	283	#
332	1625.13	245	349	#
333	931.692	30	#
334	1157.83	163	340	#
335	1987.33	68	429	#
336	683.428	20	143	#
337	1135.95	64	463	#
338	7123.2	203	233	267	272	351	380	433	448	#
339	980.291	136	#
340	414.163	454	#
341	804.279	318	#
342	869.604	186	#
343	730.098	291	#
344	1749.84	192	284	380	#
345	2771.19	46	180	350	#
346	610.289	307	#
347	1816.88	176	201	#
348	2949.38	130	249	327	377	378	#
349	1097.29	196	385	#
350	1144	81	98	#
351	983.011	113	#
352	4550.56	24	32	304	360	488	#
353	1993.41	21	120	481	#
354	1847.4	6	250	269	#
355	1480.53	123	139	416	509	#
356	1821.19	69	436	490	#
357	10249	4	53	68	72	82	239	320	413	436	458	482	#
358	778.466	459	#
359	3452.34	127	166	249	350	380	#
360	871.58	349	#
361	870.996	11	412	#
362	767.781	76	#
363	975.024	276	#
364	4312.78	233	367	396	434	451	#
365	1950.73	426	433	#
366	893.283	83	#
367	927.577	161	#
368	910.735	486	#
369	1312.1	54	56	62	110	439	#
370	935.476	264	#
371	987.096	70	#
372	4979.97	88	92	114	246	273	306	390	457	463	476	503	#
373	817.666	202	#
374	851.548	88	#
375	954.119	407	#
376	3985.84	13	103	356	368	386	#
377	805.829	298	#
378	906.759	444	#
379	6427.54	22	62	97	139	176	275	391	#
380	873.356	325	#
381	821.917	455	#
382	801.821	29	#
383	3682.39	11	160	169	335	#
384	1878.68	175	275	386	#
385	1094.42	481	489	#
386	1264.97	7	291	411	455	#
387	1499.73	268	306	488	#
388	1346.84	164	197	#
389	1679.41	80	155	#
390	884.662	302	#
391	515.709	160	#
392	4362.45	35	39	45	202	286	302	431	447	#
393	781.529	301	#
394	968.305	62	#
395	976.923	465	#
396	798.124	96	255	#
397	2643.78	76	245	375	#
398	3778.69	120	182	225	304	#
399	1631.58	261	451	#
400	1393.1	250	447	#
401	1805.9	19	93	434	#
402	538.847	217	#
403	914.17	244	#
404	919.309	117	240	#
405	1469.14	178	266	500	#
406	78.1983	61	#
407	3304.03	40	55	184	393	422	502	#
408	1360.04	41	240	418	#
409	1320.31	126	166	#
410	2983.51	90	397	493	#
411	3515.32	7	110	140	480	506	#
412	882.93	322	#
413	957.035	438	#
414	518.182	469	#
415	1613.02	3	119	365	388	453	#
416	1156.53	19	62	69	190	325	429	434	#
417	1843.83	59	144	193	399	#
418	435.192	416	#
419	2898.78	36	215	337	448	#
420	688.812	236	#
421	4939.91	162	183	251	255	422	461	472	490	#
422	2544	188	400	473	#
423	992.156	461	#
424	3205.8	0	206	270	311	378	#
425	587.176	110	#
426	981.056	139	#
427	2186.13	82	283	413	479	#
428	737.368	8	#
429	1138.87	406	484	508	#
430	882.727	128	#
431	730.451	308	#
432	886.425	19	500	#
433	719.28	102	#
434	672.892	295	#
435	1795.1	187	409	#
436	841.771	353	#
437	786.806	31	#
438	925.017	67	334	383	#
439	1984.96	326	481	#
440	889.327	260	#
441	3225.28	6	139	185	274	411	#
442	933.437	351	#
443	967.858	395	#
444	3532.36	21	198	225	460	504	#
445	815.258	246	#
446	952.112	289	305	311	#
447	1300.71	304	430	#
448	910.205	23	#
449	2492.29	117	238	384	#
450	3172.87	63	136	186	239	355	428	442	490	#
451	662.757	247	#
452	841.74	265	#
453	2098.22	5	311	486	#
454	920.552	314	#
455	2959.45	249	341	435	#
456	800.502	132	#
457	995.632	32	#
458	1473.23	74	372	#
459	1706.95	3	497	#
460	1411.37	182	278	#
461	765.548	205	#
462	1172.11	313	326	#
463	2861.01	262	320	481	#
464	1177.02	223	233	239	272	306	465	481	#
465	911.942	143	369	#
466	975.931	475	#
467	2578.1	61	67	498	#
468	759.716	398	#
469	1633.74	76	482	#
470	949.417	234	#
471	1822.29	136	411	413	433	#
472	817.241	366	#
473	1575.4	82	155	439	#
474	646.494	504	#
475	337.138	130	#
476	1711.34	62	71	170	275	324	362	376	491	#
477	550.476	448	#
478	1263.32	132	201	289	421	#
479	1761.46	223	385	#
480	3622.33	14	18	102	132	146	157	198	450	#
481	428.39	381	#
482	911.646	413	#
483	1492.75	63	439	440	#
484	2763.1	90	104	332	#
485	1030.96	114	373	#
486	946.216	100	#
487	728.498	451	#
488	1577.94	49	210	#
489	2737.41	230	427	490	#
490	928.271	317	445	#
491	936.569	321	#
492	1492.84	421	493	#
493	4346.49	184	227	433	475	491	#
494	1354.17	20	99	241	#
495	813.316	466	#
496	1702.73	213	462	#
497	3648.08	42	161	187	283	436	#
498	1727.34	227	255	439	#
499	1267.72	343	473	#
500	764.972	369	#
501	614.774	56	#
502	914.379	213	#
503	3577.97	172	196	281	471	#
504	2916.22	70	415	450	452	#
505	953.78	18	#
506	740.123	252	#
507	483.83	421	#
508	921.368	142	#
509	546.499	396	#
510	1427.68	51	194	#
511	596.125	40	#
512	3231.75	28	297	390	477	#
513	1534.24	149	350	354	#
514	922.293	326	#
515	2132.39	278	313	350	448	451	#
516	1985.91	20	263	472	#
517	679.332	151	340	#
518	985.059	237	#
519	1978.07	24	332	#
520	690.831	406	#
521	819.798	195	#
522	1482.1	26	375	487	#
523	513.068	180	#
524	2025.17	270	423	493	#
525	918.367	364	502	#
526	982.333	258	#
527	822.708	49	50	422	493	#
528	1836.35	17	43	109	351	378	#
529	1439.17	186	418	#
530	1574.51	8	77	#
531	5563.41	0	35	146	202	418	478	#
532	2208.48	30	76	89	#
533	2011.11	44	78	205	318	416	#
534	412.999	149	#
535	270.849	471	#
536	1983.33	367	507	#
537	761.397	484	#
538	812.574	199	#
539	913.561	505	#
540	1700.99	191	301	312	399	#
541	754.767	107	#
542	2764.59	195	235	269	#
543	917.313	35	#
544	1414.4	51	339	#
545	1034.27	304	316	#
546	1702.38	94	335	#
547	3082.49	6	93	208	308	#
548	1547.01	130	156	363	437	490	#
549	958.459	210	#
550	2977.76	169	170	295	#
551	764.043	211	#
552	522.877	358	#
553	1941.55	25	261	473	#
554	1883.02	148	237	#
555	1593.74	92	169	#
556	986.78	403	#
557	1122.44	44	294	502	#
558	852.116	434	#
559	1262.18	144	472	#
560	1627.73	202	327	#
561	896.558	232	#
562	1805.83	203	314	#
563	1865.14	152	185	273	342	372	#
564	2013.86	246	265	508	#
565	956.903	488	#
566	849.139	2	#
567	997.719	218	#
568	899.377	187	#
569	933.641	275	#
570	827.573	430	#
571	2662.06	86	213	286	#
572	535.03	457	#
573	1480.54	132	145	412	#
574	1244.66	62	357	466	#
575	3594.84	21	169	342	499	#
576	3661.26	144	198	378	477	#
577	1838.96	150	215	#
578	1538.21	380	421	#
579	992.841	257	#
580	779.644	408	#
581	2459.35	48	106	194	384	#
582	991.509	209	#
583	724.052	427	#
584	1040.32	184	221	#
585	3748.25	202	203	447	505	#
586	6888.45	39	255	285	292	348	372	469	#
587	2028.67	27	195	425	#
588	802.124	492	#
589	2007.71	56	88	136	#
590	839.019	3	#
591	2739.59	9	138	400	#
592	776.685	208	#
593	3681.36	35	63	153	302	452	456	#
594	1703.84	9	368	#
595	1475.31	119	127	375	#
596	138.615	446	#
597	1610.59	327	491	#
598	3672.44	16	25	146	334	394	#
599	2505.88	64	195	282	362	#
600	1765.99	390	391	#
601	1300.01	133	319	#
602	1299.37	428	434	503	#
603	2684.54	1	247	362	#
604	1744.92	18	338	#
605	961.47	263	#
606	992.911	281	#
607	1531.36	61	508	#
608	558.642	75	#
609	1452.96	221	279	#
610	1842.4	136	341	#
611	899.173	46	#
612	774.884	375	#
613	2372.79	379	386	445	#
614	1951.36	130	252	#
615	1629.67	59	120	483	#
616	898.422	292	#
617	4773.54	55	187	226	286	297	449	#
618	1232.39	58	270	348	#
619	3293.47	72	93	195	223	298	#
620	4293.27	44	96	389	393	406	511	#
621	756.218	476	#
622	1074.91	19	352	#
623	2764.4	40	326	438	#
624	1403.87	35	258	#
625	734.317	261	#
626	1804.23	491	493	#
627	957.088	137	#
628	805.948	233	#
629	809.307	493	#
630	3974.99	62	97	268	423	#
631	1354.32	180	486	#
632	1758.96	311	488	#
633	1242.19	210	293	#
634	2117.17	86	182	474	#
635	1725.86	96	160	#
636	1109.78	89	389	#
637	1103	62	95	#
638	5856.61	76	246	312	358	361	399	498	#
639	691.776	463	#
640	2526.38	243	349	420	509	#
641	972.952	34	#
642	1049.74	144	424	#
643	1732.4	40	202	340	506	#
644	1275.47	71	189	282	299	#
645	2702	41	141	152	204	464	#
646	943.804	303	#
647	949.212	472	#
648	1643.75	9	476	#
649	667.175	380	#
650	2972.61	180	480	502	506	#
651	2717.75	117	189	439	455	#
652	525.944	72	#
653	1125.26	97	456	#
654	1977.25	245	378	420	#
655	4097.24	16	39	282	335	367	#
656	852.657	203	#
657	2186.23	121	206	360	#
658	1036.69	85	292	431	#
659	1046.38	21	76	378	481	#
660	2708.92	60	437	490	#
661	1961.49	23	174	#
662	1449.92	38	87	204	#
663	1167.71	97	364	497	#
664	931.625	15	232	436	#
665	2457.4	56	179	431	#
666	1807.3	172	235	506	#
667	972.525	121	140	195	#
668	1408.07	82	405	491	#
669	1721.36	53	256	389	417	440	467	492	#
670	1043.8	324	507	#
671	1218.41	396	504	#
672	282.245	412	#
673	544.753	20	#
674	1857.35	70	453	#
675	1073.28	144	499	#
676	1458.85	238	417	#
677	2619.67	196	204	353	495	502	#
678	1837.73	100	183	236	273	279	283	387	440	471	#
679	6998.58	12	18	191	305	340	353	479	#
680	1983.81	3	323	#
681	1698.09	44	310	#
682	1728.01	380	454	#
683	921.168	79	116	#
684	1937.38	132	357	#
685	1281.5	191	393	487	#
686	2218.94	135	150	224	#
687	1421.24	66	169	217	#
688	2264.43	95	304	437	#
689	2222.89	229	358	451	#
690	909.555	332	#
691	2732.38	28	73	78	437	#
692	1117.56	154	317	#
693	1632.15	133	473	#
694	1102.69	233	378	#
695	960.896	204	#
696	3920.34	148	310	344	432	469	#
697	2394.77	0	55	112	225	414	#
698	758.079	336	#
699	4149.42	287	289	358	369	432	454	#
700	1608.22	355	410	#
701	1237.74	142	431	#
702	1639.22	132	323	415	#
703	4030.44	75	226	269	271	310	421	#
704	963.58	99	#
705	524.331	297	#
706	371.86	143	#
707	1840.28	51	441	#
708	1454.4	139	154	#
709	1730.44	15	396	474	#
710	439.652	164	#
711	777	277	#
712	1698.61	105	430	#
713	381.754	125	#
714	1856.98	205	256	#
715	1575.44	24	30	#
716	1276.59	394	449	490	#
717	989.881	228	#
718	1398.7	159	167	219	226	357	#
719	1091.93	160	234	#
720	2667.51	0	214	421	#
721	1729.9	157	176	#
722	1624.61	27	468	#
723	1596.7	81	360	#
724	1537.6	180	472	#
725	969.795	378	#
726	674.132	16	#
727	825.402	223	#
728	978.491	153	366	#
729	1453.19	232	275	277	303	309	#
730	1460.11	112	241	#
731	1126.07	235	264	#
732	794.83	79	#
733	627.926	288	#
734	1278.76	91	261	377	423	426	#
735	1705.76	220	444	#
736	2258.77	171	441	463	#
737	980.57	236	298	#
738	3198.78	243	314	388	406	#
739	926.734	268	#
740	1585.74	285	430	#
741	1783.71	12	394	405	#
742	1786.48	8	245	331	371	421	#
743	1255.01	206	250	307	#
744	701.779	464	#
745	1471.6	74	153	#
746	3638.13	26	213	400	431	476	#
747	2222.05	6	63	158	312	#
748	1679.75	98	144	#
749	1102.17	115	269	#
750	4399.94	32	261	286	396	407	#
751	2500.49	154	283	380	#
752	899.166	399	#
753	1561.21	93	96	129	289	333	#
754	1030.55	95	161	278	423	#
755	613.065	241	#
756	1905.45	409	467	#
757	4306.13	23	210	303	335	450	#
758	783.352	294	#
759	832.276	45	#
760	903.14	43	#
761	1906.97	306	472	#
762	5530.24	18	36	254	429	491	497	#
763	684.455	42	#
764	1376.36	279	408	#
765	832.215	429	#
766	1188.65	86	365	385	#
767	4934.12	91	135	173	199	205	244	#
768	2525.19	85	104	213	251	297	343	421	430	#
769	1252.73	266	336	#
770	2154.12	214	396	427	#
771	812.109	511	#
772	933.626	299	#
773	1737.37	317	482	#
774	429.703	425	#
775	711.552	51	#
776	1567.17	7	250	#
777	936.306	227	#
778	771.798	61	310	#
779	1937.56	51	110	247	450	#
780	3862.2	24	304	375	402	409	#
781	2246.09	24	84	97	374	425	427	#
782	1707.8	65	87	130	254	#
783	962.425	135	450	#
784	2422.13	21	252	490	#
785	1264.09	81	447	#
786	862.108	198	#
787	1024.16	137	381	409	#
788	3516.8	169	272	341	346	#
789	1261.9	324	464	#
790	780.624	86	160	#
791	700.638	415	#
792	1490.96	253	265	#
793	1481.59	263	297	#
794	2649.73	59	255	436	477	#
795	714.416	41	#
796	916.91	182	#
797	3306.16	153	163	218	237	#
798	973.243	64	112	#
799	328.361	352	497	#
800	2076.84	355	390	399	#
801	501.992	219	#
802	1508.31	166	244	#
803	807.216	391	#
804	1097.92	19	20	35	54	331	#
805	1148.67	63	254	327	417	#
806	3772.41	50	66	188	371	485	#
807	1921.14	70	381	#
808	1983.29	167	236	#
809	5323.88	32	117	154	289	314	366	#
810	545.041	174	#
811	984.118	192	#
812	829.571	370	#
813	1461.03	61	262	#
814	1714.93	144	245	507	#
815	1868.72	190	254	#
816	2380.47	15	340	345	359	#
817	3963.58	115	144	229	262	#
818	618.895	309	#
819	2427.12	177	201	261	376	443	469	#
820	6462.97	96	120	152	183	273	440	442	465	#
821	1255.02	144	264	307	#
822	968.139	126	#
823	4998.52	40	104	133	188	337	414	417	#
824	733.866	329	#
825	1542.37	8	282	473	#
826	783.694	368	#
827	2193.76	135	203	429	#
828	2027.66	8	130	136	164	301	454	#
829	683.707	239	#
830	1766.91	339	357	#
831	921.094	12	#
832	3944.21	64	135	254	273	#
833	3277.47	130	174	321	427	448	453	#
834	5220.3	123	136	227	304	382	433	#
835	1303.29	60	469	480	#
836	1380.98	29	109	286	#
837	247.352	108	#
838	2572.47	76	155	206	#
839	1093.4	199	234	499	#
840	780.101	166	#
841	4479.56	0	114	200	215	292	344	#
842	1750.15	205	336	#
843	945.766	27	295	#
844	928.773	363	#
845	859.014	481	#
846	1729.72	177	486	#
847	3629.7	171	388	398	404	408	#
848	2101.63	4	10	23	70	287	442	483	#
849	988.33	48	483	#
850	2869.08	256	321	416	#
851	780.356	86	#
852	797.105	96	#
853	3810.56	47	249	357	375	#
854	1633.09	3	257	394	#
855	1643.53	38	244	#
856	2757.23	359	427	488	#
857	2051.36	63	214	475	488	#
858	2454.55	188	222	225	253	#
859	3258.6	58	216	328	427	455	#
860	900.589	293	#
861	663.829	443	#
862	955.719	165	#
863	3295.54	3	15	118	141	167	435	#
864	1166.18	124	193	#
865	1170.56	183	339	#
866	2241.01	1	34	218	260	#
867	1941.08	59	330	510	#
868	754.464	508	#
869	728.613	310	#
870	3100.84	200	277	341	435	#
871	922.761	85	123	198	380	#
872	4132.14	52	86	166	267	361	370	421	487	#
873	2581.3	165	269	435	441	#
874	196.873	343	#
875	1197.58	10	12	43	119	139	194	441	#
876	1156.66	133	264	#
877	822.5	424	#
878	1602.78	143	336	#
879	3356.62	280	309	391	493	#
880	2564.64	182	192	236	327	328	376	416	#
881	1214.19	17	32	216	325	361	#
882	1037.51	213	264	477	#
883	756.764	402	418	#
884	2327.93	24	244	339	#
885	2365.32	60	255	480	#
886	408.865	428	#
887	812.357	479	#
888	1069.68	15	22	35	#
889	4315.9	24	168	196	211	256	344	#
890	2392.67	91	178	352	#
891	684.793	345	#
892	2183.28	208	314	382	462	#
893	1913.79	64	274	#
894	1599.02	41	42	196	#
895	3881.24	0	123	228	325	#
896	917.079	15	#
897	2862.01	239	327	471	#
898	1315.55	56	139	231	#
899	991.219	104	#
900	2321.48	208	443	453	#
901	3167.81	12	338	339	384	#
902	1282.77	67	453	#
903	2778.75	88	196	485	#
904	5880.44	48	185	325	340	346	387	#
905	1863.96	81	149	214	#
906	585.947	400	#
907	3076.73	197	389	412	507	#
908	2405.56	101	218	356	#
909	3196.77	39	229	296	464	#
910	1057.66	42	357	420	480	#
911	2531.26	157	387	490	#
912	3514.04	370	386	401	470	#
913	1588.25	115	161	349	366	403	#
914	2169.51	97	100	127	178	185	460	#
915	1106.18	296	494	#
916	1249.4	76	219	444	#
917	2283.17	53	118	361	#
918	1974.62	7	27	275	370	#
919	763.635	157	#
920	3793.8	40	89	383	412	#
921	1598.55	51	178	391	491	#
922	792.942	355	#
923	1992.9	131	178	208	#
924	1065.96	111	224	281	331	#
925	882.48	47	#
926	4217.82	30	170	258	401	468	#
927	2404.04	70	100	160	#
928	1059.75	156	336	#
929	2547.55	112	183	200	232	404	449	#
930	976.975	81	#
931	484.535	312	#
932	1788.5	200	303	#
933	1678.72	397	440	#
934	4888.07	6	49	267	291	508	510	#
935	3430.23	18	24	125	335	#
936	1203.29	192	235	#
937	1702.92	104	339	#
938	1743.43	270	290	#
939	328.517	333	#
940	2691.23	78	313	505	#
941	1546.6	238	454	#
942	3502.11	301	339	397	431	502	#
943	2628.7	75	99	111	313	444	#
944	5391.68	23	54	309	316	395	455	#
945	279.447	411	#
946	1562.68	76	330	#
947	4113.08	113	269	274	287	449	#
948	1878.63	134	508	#
949	734.503	365	#
950	1364.36	10	32	136	#
951	1536.57	182	221	#
952	3422.95	3	38	137	177	#
953	381.873	324	#
954	6404.28	10	59	63	286	304	347	432	510	#
955	1307.35	362	405	#
956	4576.59	35	39	60	99	348	373	431	#
957	1037.18	4	206	287	310	#
958	2368.73	45	390	460	#
959	477.987	17	#
960	2527.53	74	305	401	498	#
961	973.167	66	223	#
962	1673.96	252	415	#
963	3086.93	206	317	396	398	#
964	301.818	14	#
965	4081.42	50	134	238	304	319	380	444	487	#
966	1785.69	6	57	68	215	347	418	444	505	#
967	1474.76	265	338	474	#
968	800.286	13	#
969	6160.51	64	99	154	231	246	305	313	365	#
970	2192.82	89	214	391	#
971	914.702	238	#
972	1970.27	105	200	#
973	1865.98	37	319	#
974	1406.41	254	293	#
975	1903.98	346	492	#
976	1131.96	270	324	340	357	452	#
977	9022.85	4	39	66	85	117	137	174	258	353	369	392	394	426	493	#
978	1165.27	70	91	#
979	2371.95	132	217	472	#
980	2081.27	5	109	422	#
981	856.721	73	#
982	971.159	58	#
983	1057.05	389	502	#
984	315.15	315	#
985	6507.69	36	143	159	207	343	354	452	#
986	1777.71	168	292	377	387	484	#
987	1180.24	44	320	#
988	2372.75	41	410	449	#
989	1161.03	68	109	125	201	243	394	488	#
990	404.024	418	#
991	898.595	116	#
992	1040.48	108	276	#
993	1413.25	23	490	#
994	4318.5	114	158	171	176	348	#
995	865.989	129	#
996	1759.08	372	489	#
997	1437.03	217	492	#
998	1933.23	207	299	#
999	1075.84	15	234	391	#
1000	1376.19	373	466	#
1001	1806.14	181	412	#
1002	2344.97	275	342	358	493	500	#
1003	1179.96	144	221	#
1004	789.993	148	#
1005	1136.98	187	271	433	438	#
1006	5692.9	92	119	265	304	381	474	475	#
1007	2272.84	24	127	167	206	#
1008	1846.82	179	510	#
1009	1198.12	178	316	#
1010	1115.12	144	218	263	#
1011	1267.97	0	396	#
1012	669.733	156	381	#
1013	930.976	409	#
1014	2063.33	17	347	416	#
1015	2619.96	135	228	269	300	365	453	500	#
1016	834.618	220	#
1017	831.874	288	356	#
1018	1674.57	81	197	325	#
1019	1117.83	63	249	427	#
1020	4983.98	15	31	57	128	184	#
1021	1023.4	230	257	#
1022	3364.41	0	340	359	473	#
1023	1920.09	215	327	#
1024	2272.47	63	394	416	#
1025	4152.67	68	128	149	202	233	273	357	#
1026	1901.08	313	328	#
1027	1362.39	1	90	132	237	438	#
1028	1915.89	92	347	408	#
1029	1572.79	1	281	#
1030	56.0154	9	#
1031	1412.41	169	475	#
1032	1737.96	257	345	#
1033	437.722	60	#
1034	1867.67	354	383	#
1035	870.322	364	#
1036	568.533	91	#
1037	5574.63	41	195	209	219	297	323	328	359	368	#
1038	2106.88	202	210	467	#
1039	847.984	6	#
1040	676.188	432	#
1041	1427.55	123	459	#
1042	1780.15	40	190	212	229	#
1043	862.968	91	503	#
1044	594.386	348	#
1045	2371.39	238	438	475	#
1046	3317.78	137	254	307	366	#
1047	3865.04	63	140	316	497	#
1048	1438.5	111	127	486	#
1049	1883.56	377	445	451	#
1050	1257.92	421	428	444	#
1051	855.012	27	#
1052	1538.22	52	196	#
1053	3925.08	7	70	96	181	307	323	335	459	483	505	#
1054	1623.13	3	165	313	494	#
1055	7627.47	63	100	113	119	128	170	243	278	303	#
1056	448.176	373	#
1057	734.038	495	#
1058	1709.72	261	462	#
1059	1418.69	171	256	#
1060	2914	287	289	297	335	405	#
1061	3629.73	182	367	484	504	#
1062	940.168	231	#
1063	4279.1	5	206	228	249	318	414	#
1064	703.192	390	#
1065	1163.98	64	143	220	306	373	#
1066	1927.11	52	129	#
1067	948.155	73	419	#
1068	777.915	16	482	#
1069	484.814	85	#
1070	2228.04	188	337	497	#
1071	1543.67	173	452	#
1072	1407.25	433	444	#
1073	3795.57	121	137	260	451	#
1074	888.857	418	422	#
1075	2604.67	106	421	432	467	#
1076	5593.15	72	73	77	216	260	328	358	501	#
1077	1583.6	111	155	#
1078	407.335	289	#
1079	1974.93	5	103	175	217	489	495	506	508	#
1080	2798.91	38	185	258	#
1081	1486.78	5	295	#
1082	2909.62	18	29	136	143	228	372	399	#
1083	1833.29	277	457	#
1084	1148.97	130	150	#
1085	731.197	175	#
1086	1971.33	269	319	#
1087	3321.82	110	138	219	447	#
1088	657.82	221	#
1089	1379.99	142	374	430	#
1090	1937.62	165	455	#
1091	536.011	266	#
1092	1941.23	175	492	#
1093	3540.4	29	46	53	65	225	256	354	#
1094	1654.73	21	134	#
1095	1691.03	142	510	#
1096	2550.74	94	155	282	464	#
1097	1057.87	73	324	#
1098	836.514	194	#
1099	1645.22	32	111	353	415	#
1100	3018.9	176	268	420	475	#
1101	1864.5	141	456	#
1102	2591.33	26	90	132	#
1103	1952.98	131	222	#
1104	4281.63	62	106	250	252	290	366	465	466	#
1105	1605.17	61	314	#
1106	1759.71	80	166	#
1107	1510.85	183	258	299	493	501	#
1108	1908.94	78	469	#
1109	2816.42	173	184	382	#
1110	1487.13	158	213	505	#
1111	1398.35	59	216	303	#
1112	531.195	103	#
1113	1343.48	135	302	#
1114	4895.35	199	217	221	290	322	#
1115	1456.83	123	296	#
1116	2553.8	157	281	292	376	470	#
1117	777.012	360	#
1118	1571.86	382	478	#
1119	787.461	193	#
1120	1412.73	210	231	455	#
1121	2225.72	224	338	347	422	453	492	#
1122	903.035	199	430	#
1123	895.116	188	#
1124	2636.15	108	112	330	#
1125	2958.12	157	417	495	#
1126	1683.89	160	403	#
1127	3507.1	115	146	386	395	476	#
1128	4690.34	63	140	233	434	455	#
1129	1268.17	273	318	383	#
1130	1476.01	130	186	290	#
1131	2655.12	13	15	237	265	385	#
1132	719.143	397	#
1133	2226.81	203	216	227	#
1134	2118.38	133	277	451	#
1135	718.419	185	#
1136	977.175	414	#
1137	2988.33	153	250	407	457	500	#
1138	1539.79	124	350	#
1139	1579.22	4	176	#
1140	3709.35	151	193	271	445	#
1141	690.441	445	#
1142	966.906	501	#
1143	1426.99	130	192	306	#
1144	1146.33	55	462	#
1145	2130.5	339	452	482	#
1146	737.27	367	#
1147	1830.04	154	292	475	#
1148	2235.02	147	266	277	469	#
1149	3032.46	113	148	169	181	328	334	354	402	458	#
1150	1585.1	248	464	#
1151	1823.28	69	95	461	#
1152	2092.27	57	235	248	402	496	#
1153	1361.73	6	65	138	#
1154	3772.58	79	159	186	418	488	#
1155	3289.74	32	190	240	501	502	#
1156	2966.78	236	248	457	#
1157	1260.49	17	148	158	375	424	#
1158	1965.58	5	131	#
1159	3165.5	25	31	145	314	#
1160	1710.56	53	183	427	#
1161	6763.66	75	110	141	272	408	425	464	497	#
1162	2224.51	83	94	106	233	#
1163	2218.19	68	367	505	#
1164	4571.86	183	228	246	311	316	425	429	#
1165	1134.9	270	317	421	476	#
1166	2429.09	153	274	316	318	435	#
1167	922.194	239	439	446	#
1168	33.4139	402	#
1169	1181.95	91	399	#
1170	896.233	10	#
1171	2684.45	40	157	209	450	#
1172	1863.06	419	435	#
1173	1261.19	176	278	327	#
1174	1832.83	135	351	#
1175	2640.27	124	144	186	242	298	431	#
1176	3603.94	160	208	299	319	#
1177	348.156	474	#
1178	2892.82	207	246	316	#
1179	1019.43	238	434	#
1180	1098.8	20	21	156	168	206	307	407	451	#
1181	1556.97	105	121	288	#
1182	1037.87	175	310	#
1183	934.558	46	76	150	199	#
1184	3623.12	8	79	217	416	#
1185	1987.83	130	328	#
1186	1284.22	239	507	#
1187	2766.26	22	240	376	#
1188	1246.49	182	392	432	#
1189	2382.13	177	389	421	#
1190	5365.49	5	73	231	261	292	356	#
1191	1014.92	3	367	#
1192	1919.87	367	382	488	#
1193	1634.34	160	461	#
1194	2355.73	317	320	497	#
1195	1111.32	91	411	#
1196	385.923	356	#
1197	2033.66	107	346	418	#
1198	1545.09	171	448	#
1199	1039.9	290	319	#
1200	1578.26	327	350	#
1201	1678.75	278	391	#
1202	1506.92	202	370	#
1203	1808.16	100	107	486	487	#
1204	791.816	468	#
1205	1557.95	315	402	#
1206	562.793	482	#
1207	2965.34	0	221	272	318	331	#
1208	1674.39	51	79	253	467	#
1209	3076.12	8	284	304	449	490	#
1210	1652.69	83	94	107	246	354	479	#
1211	1738.9	208	357	#
1212	1170.51	243	479	#
1213	1185.96	50	150	485	#
1214	1254.01	33	141	#
1215	1594.83	82	110	363	#
1216	1915.21	52	257	#
1217	2138.31	133	475	494	#
1218	941.389	428	429	#
1219	1304.57	70	360	#
1220	4560.15	68	120	334	412	448	461	#
1221	1924.63	76	125	#
1222	512.044	313	#
1223	1776.8	192	210	265	278	366	#
1224	2886.83	32	96	317	350	#
1225	609.054	346	#
1226	1195.95	87	99	195	262	#
1227	1795.17	3	115	#
1228	1041.47	294	451	#
1229	8488.16	30	52	114	174	235	241	273	407	456	#
1230	1318.23	69	314	#
1231	2777.91	12	26	38	126	173	279	340	#
1232	694.083	71	101	122	#
1233	2622.84	114	417	504	#
1234	3436.26	39	136	180	193	414	456	489	#
1235	1089.97	72	461	#
1236	1616.14	66	114	143	173	186	196	281	297	327	467	489	500	#
1237	1483.14	134	352	403	#
1238	1503.67	123	358	430	#
1239	1164.84	458	480	#
1240	812.077	477	#
1241	1719.34	175	390	#
1242	993.534	57	225	#
1243	1273.32	9	472	#
1244	858.674	152	#
1245	2225.45	169	177	181	198	256	457	458	#
1246	1922.96	6	397	471	#
1247	3149.2	45	151	232	333	#
1248	3364.34	213	250	457	475	#
1249	1957.04	277	394	#
1250	934.139	85	404	#
1251	1541.95	330	362	500	#
1252	1204.05	208	325	#
1253	1506.68	399	479	#
1254	1572.03	10	485	#
1255	1987.13	176	235	322	394	#
1256	1042.13	215	223	#
1257	4012.28	100	109	210	390	506	#
1258	1510.05	264	493	#
1259	5613.59	72	133	150	219	248	321	390	#
1260	3840.42	138	227	361	439	442	461	#
1261	1360.52	200	288	294	#
1262	878.283	2	439	484	#
1263	1533.15	235	297	#
1264	1091.97	76	138	318	422	#
1265	2835.3	125	221	222	253	#
1266	3391.86	141	266	392	397	506	#
1267	3879.96	79	88	191	330	355	391	#
1268	2357	198	245	396	#
1269	830.806	19	365	477	#
1270	2873.16	387	459	473	511	#
1271	249.551	384	#
1272	1388.4	117	156	452	466	#
1273	1032.45	58	362	#
1274	1143.32	219	509	#
1275	841.345	506	#
1276	1110.86	145	277	#
1277	1379.96	33	291	#
1278	1732.37	261	386	#
1279	1389.26	11	118	#
1280	1267.77	317	460	#
1281	1381.35	39	451	#
1282	1520.9	55	120	194	308	#
1283	4023.25	178	261	303	304	402	419	506	#
1284	1250.88	39	235	#
1285	1989.21	27	177	#
1286	1865.36	292	342	#
1287	999.255	87	#
1288	1153.13	6	57	#
1289	1761.59	170	237	#
1290	1699.21	103	264	#
1291	1920.97	117	298	#
1292	2715.16	93	180	500	503	#
1293	801.33	253	#
1294	951.867	111	#
1295	1812.89	255	483	#
1296	2882.25	43	58	78	488	#
1297	2244.95	24	127	346	#
1298	5730.7	14	15	55	232	342	345	414	#
1299	1055.2	291	382	#
1300	1587.78	258	276	318	400	430	#
1301	3489.18	91	165	185	263	410	#
1302	1337.98	339	450	#
1303	309.479	450	#
1304	901.222	7	500	#
1305	1535.55	162	449	#
1306	1199.69	22	124	284	#
1307	590.589	11	#
1308	3580.15	99	136	391	395	503	#
1309	1011.45	32	291	#
1310	3168.22	78	237	466	467	#
1311	814.547	451	471	#
1312	1234.53	332	462	#
1313	2475.84	228	287	306	320	392	500	#
1314	697.708	49	#
1315	1396.21	236	270	382	481	#
1316	1398.29	343	388	#
1317	3767.93	70	115	234	401	415	428	465	#
1318	2394.61	186	452	457	#
1319	2594.84	10	90	265	#
1320	3453.35	26	180	214	270	473	#
1321	3499.86	107	136	182	187	208	401	448	460	#
1322	1710.65	34	210	#
1323	1235.66	348	450	#
1324	2382.17	96	121	153	259	314	#
1325	3419.99	94	165	419	510	#
1326	3232.26	92	102	189	376	#
1327	1395.09	278	343	#
1328	1262.48	6	359	467	#
1329	1012.26	79	261	459	#
1330	1875.54	362	392	#
1331	3343.17	38	113	196	266	322	364	#
1332	1917.13	28	296	365	#
1333	1215	384	410	432	#
1334	1509.12	46	347	#
1335	1320.95	115	354	#
1336	1320.73	265	312	#
1337	1047.43	12	58	480	#
1338	1765.93	10	304	468	#
1339	1709.43	111	155	178	#
1340	1991.23	317	353	#
1341	1716.15	271	427	#
1342	6924.64	20	38	109	193	205	343	412	#
1343	977.579	200	365	#
1344	1676.19	223	375	#
1345	2605.51	108	164	230	253	#
1346	3804.92	257	308	447	482	#
1347	1632.59	236	328	#
1348	1140.47	13	442	#
1349	5970.07	97	297	371	406	459	483	#
1350	3495.6	99	101	182	325	355	#
1351	996.065	114	#
1352	882	509	#
1353	3184.7	21	57	202	234	#
1354	1212.19	85	239	#
1355	1794.94	106	172	#
1356	1516.4	233	295	491	#
1357	4975.77	21	177	205	256	314	#
1358	1133.25	241	248	472	498	#
1359	1433.89	9	36	69	147	432	501	510	#
1360	865.209	337	#
1361	1156.54	251	321	328	374	#
1362	1181.84	386	462	#
1363	1546.07	32	174	#
1364	3396.92	27	56	203	253	#
1365	4017.23	125	157	198	314	371	496	#
1366	1988.22	43	149	409	#
1367	2390.5	30	168	229	235	393	443	475	#
1368	2389.91	119	134	206	226	236	256	#
1369	661.395	112	315	#
1370	2183.01	149	418	485	#
1371	992.719	330	443	#
1372	1389.77	151	323	#
1373	2349.96	24	48	196	202	334	#
1374	4765.02	135	362	376	410	415	#
1375	461.875	150	#
1376	1778.72	286	367	#
1377	1330.97	3	96	#
1378	1197.69	18	432	#
1379	1911.28	235	349	414	#
1380	1587.11	38	351	#
1381	2445.47	118	380	405	#
1382	2336.35	2	149	405	462	#
1383	1921.94	96	129	346	#
1384	3670.71	204	330	347	360	443	463	499	#
1385	1758.81	80	455	#
1386	2446.18	79	195	327	#
1387	957.363	141	479	#
1388	2451.23	0	38	54	246	361	#
1389	1090.57	7	73	273	336	#
1390	3800.99	10	120	154	271	#
1391	1783.58	191	236	461	502	#
1392	775.569	177	#
1393	2174.12	67	173	303	383	408	425	502	#
1394	1994.18	100	194	294	343	434	#
1395	3698.27	52	118	226	371	456	#
1396	1557.32	116	493	#
1397	1704.23	93	372	431	#
1398	3226.24	149	232	349	388	479	#
1399	3614.15	31	40	98	343	383	395	406	#
1400	1284.76	88	294	#
1401	1804.3	153	248	397	#
1402	1512.64	154	164	#
1403	1383.97	164	375	#
1404	2351.07	104	219	448	#
1405	3043	117	331	351	406	468	504	#
1406	2267.59	12	93	116	130	197	227	338	423	#
1407	2096.34	358	417	485	#
1408	2128.01	7	332	440	#
1409	2466.43	46	110	262	407	#
1410	1180	116	360	487	#
1411	2581.15	182	283	500	#
1412	1591.63	23	296	#
1413	1876.65	180	220	222	303	327	#
1414	1381.92	233	292	#
1415	1625.39	145	261	#
1416	1641.91	74	144	318	505	#
1417	1330.55	134	287	350	#
1418	2555.35	21	99	466	#
1419	1051.37	156	324	#
1420	2996.88	162	258	400	#
1421	1775.24	229	273	#
1422	760.904	279	#
1423	2352.97	266	365	400	#
1424	4125.21	24	31	273	299	328	474	#
1425	1426.51	75	84	#
1426	638.726	393	#
1427	1280.38	151	387	#
1428	1897.2	372	404	#
1429	6196.8	87	98	112	117	152	281	288	291	337	377	#
1430	3892.91	69	110	182	191	417	467	481	#
1431	823.741	254	#
1432	1462.32	82	358	456	#
1433	1014.14	362	418	#
1434	1974.65	243	262	#
1435	3488.32	97	181	316	357	359	438	454	#
1436	1413.04	95	172	#
1437	1289.58	437	461	#
1438	406.297	510	#
1439	582.074	240	#
1440	1386.77	78	262	344	434	486	#
1441	2284.21	67	125	315	#
1442	1952.36	101	429	#
1443	1072.75	119	343	#
1444	4770.47	46	169	209	261	278	285	318	429	#
1445	1367.27	90	97	173	257	#
1446	1266.66	309	467	#
1447	6795.78	62	204	259	318	342	354	429	#
1448	5545.24	17	30	178	309	344	350	363	368	372	#
1449	2048.69	73	418	430	488	#
1450	1818.97	113	264	344	376	424	498	#
1451	827.38	17	22	#
1452	4400.9	39	105	224	398	411	#
1453	1767.31	103	175	304	342	386	#
1454	1021.54	64	69	95	173	490	#
1455	3352.54	35	142	231	326	384	415	#
1456	4239.48	26	36	200	211	375	#
1457	1923.42	242	324	357	#
1458	1327.26	92	412	#
1459	1117.66	21	498	#
1460	4235.17	72	197	289	322	447	#
1461	1989.14	47	511	#
1462	1692.41	174	400	#
1463	2961.35	228	251	385	#
1464	1964.11	61	212	#
1465	1454.38	192	445	#
1466	1249.83	191	386	#
1467	3266.94	293	372	398	420	#
1468	3076.99	57	69	203	447	#
1469	1372.21	86	104	#
1470	1508.11	63	285	307	502	#
1471	1683.2	249	423	#
1472	1895.19	393	461	#
1473	1067.55	91	99	370	#
1474	616.387	121	#
1475	963.387	259	#
1476	4731.54	177	273	293	413	487	507	#
1477	877.115	13	110	455	#
1478	2890.73	101	404	458	#
1479	4610.55	38	40	197	381	394	421	#
1480	1729.05	83	188	#
1481	2565.67	246	252	441	#
1482	1418.08	182	313	370	#
1483	1963.09	150	193	504	#
1484	3105.37	50	86	135	247	370	#
1485	2328.44	11	262	288	#
1486	4098.57	274	290	359	408	451	473	#
1487	13085.6	38	43	54	66	71	78	125	235	306	332	367	387	391	450	459	496	#
1488	2411.58	292	472	490	#
1489	1101.35	143	490	#
1490	1407.75	173	180	#
1491	7431.23	12	47	62	186	357	450	477	486	#
1492	2241.86	143	232	490	#
1493	1264.59	250	428	#
1494	1338.52	222	249	#
1495	1759.75	209	419	461	#
1496	528.652	135	#
1497	1044.73	149	350	#
1498	1459.7	77	97	#
1499	2715.3	73	346	366	#
1500	6697.37	70	165	271	290	431	468	495	#
1501	1990.51	222	234	#
1502	1601.64	256	362	#
1503	1930.96	8	105	385	#
1504	45.3293	478	#
1505	2359.33	100	156	358	#
1506	1233.2	255	355	#
1507	2405.44	50	105	144	481	#
1508	1121.38	6	306	#
1509	1866.38	38	83	#
1510	966.196	196	317	#
1511	1705.45	97	272	#
1512	865.559	51	112	#
1513	1655.52	108	394	#
1514	105.037	112	#
1515	1164.93	314	427	#
1516	1004.3	295	339	#
1517	4553.25	29	36	290	387	463	#
1518	1393.5	135	326	#
1519	3549.64	12	65	108	182	#
1520	2817.78	62	290	371	390	415	#
1521	342.907	371	#
1522	366.911	122	#
1523	1814.83	160	275	#
1524	1869.07	137	493	#
1525	2271.86	100	134	285	#
1526	783.94	67	#
1527	2423.07	170	284	378	501	#
1528	4146.93	98	162	207	243	359	409	#
1529	1209.6	124	357	#
1530	914.963	248	#
1531	2249.02	96	205	271	348	#
1532	1088.98	95	499	#
1533	711.421	105	#
1534	2654.15	53	128	207	#
1535	1219.75	208	342	501	#
1536	2747.95	302	399	501	506	#
1537	3213.46	143	269	289	346	#
1538	1951.38	36	51	#
1539	5608.6	78	161	231	254	320	374	392	426	431	#
1540	2162.44	89	112	159	230	259	358	#
1541	3243.03	108	176	301	383	#
1542	2264.46	94	270	503	#
1543	9139.82	103	133	135	166	213	304	310	311	334	357	416	427	438	453	473	484	500	#
1544	5935.7	2	103	140	380	388	417	#
1545	5553.1	60	120	141	270	321	333	#
1546	1192.93	30	42	488	#
1547	680.416	440	#
1548	1686.15	199	208	337	365	#
1549	1305.86	332	355	417	#
1550	1205.05	44	225	#
1551	2379.85	160	351	472	#
1552	1274.2	76	244	#
1553	1689.15	382	508	#
1554	2251.64	95	242	440	#
1555	1179.99	89	147	480	#
1556	3586.6	66	282	328	382	418	438	467	477	#
1557	1142.51	38	119	#
1558	1475.46	270	308	#
1559	2487	27	196	298	322	330	#
1560	1977.61	386	501	#
1561	4045.65	33	84	147	198	295	478	#
1562	981.603	44	#
1563	4840.57	41	90	164	204	324	353	420	435	#
1564	2964.13	161	278	302	329	362	386	#
1565	1865.04	139	410	#
1566	2953.63	150	387	481	490	#
1567	784.842	308	362	#
1568	2706.44	141	195	330	#
1569	2719.6	107	246	497	#
1570	1996.91	35	87	119	171	302	#
1571	1529.96	109	408	#
1572	4811.73	201	225	226	319	372	#
1573	1369.79	8	130	#
1574	3491.73	93	134	180	343	475	484	#
1575	4265.24	31	102	221	257	431	#
1576	1294.74	94	341	#
1577	2473.11	328	335	336	448	478	#
1578	2332.49	45	81	96	164	240	496	#
1579	3871.64	74	85	227	358	#
1580	3998.49	67	87	142	373	410	#
1581	2270.67	139	230	447	472	#
1582	215.854	507	#
1583	1418.19	59	238	293	409	485	#
1584	1606.17	248	333	#
1585	2871.99	109	144	201	383	443	461	464	#
1586	1363.27	66	380	#
1587	1210.75	217	300	421	#
1588	917.513	107	387	#
1589	996.742	16	234	342	454	#
1590	879.58	109	176	#
1591	1956.67	146	274	418	#
1592	2843.25	183	335	458	472	#
1593	1617.44	158	447	#
1594	2079.96	15	92	108	226	#
1595	3943.59	86	122	175	198	459	#
1596	1047.8	21	125	510	#
1597	1418.01	8	215	248	#
1598	181.959	151	#
1599	1752.32	320	510	#
1600	1449.67	107	174	#
1601	1425.58	251	259	#
1602	4780.66	25	50	53	188	191	203	248	272	326	343	421	510	#
1603	1706.33	239	343	#
1604	4762.76	80	90	237	267	356	432	#
1605	2081.39	90	296	504	#
1606	4317.39	20	263	287	318	414	#
1607	743.45	52	507	#
1608	877.295	118	#
1609	1772.49	4	424	#
1610	2555.85	280	294	427	#
1611	1583.02	56	460	#
1612	1920.67	28	44	#
1613	2271.62	15	399	420	#
1614	2588.12	37	80	94	#
1615	1437.52	254	407	#
1616	4152.75	110	161	284	288	318	450	#
1617	1764.77	77	172	208	366	#
1618	1548.21	68	156	226	#
1619	1237.93	421	487	#
1620	7043.81	11	19	20	172	196	262	293	350	#
1621	3223.11	93	214	302	390	#
1622	1491.39	370	392	#
1623	1310.66	238	277	#
1624	1549.41	204	338	#
1625	637.115	119	#
1626	3784.55	93	174	325	395	399	408	463	495	#
1627	6658.55	26	154	248	257	340	453	490	#
1628	1426.56	0	187	273	405	#
1629	1913.02	244	363	#
1630	1205.11	28	483	#
1631	1568.35	200	245	308	#
1632	1404.59	40	52	#
1633	1622.96	18	313	#
1634	2896.52	26	73	83	102	127	184	372	449	#
1635	1548.18	74	221	284	366	399	#
1636	1482.59	309	379	#
1637	1251.55	239	384	#
1638	2394.43	46	115	281	364	#
1639	2931.38	23	250	282	376	#
1640	1653.57	58	207	260	356	434	451	#
1641	2580.38	10	106	292	347	425	444	#
1642	1124.23	98	162	280	#
1643	807.71	178	#
1644	1098.96	395	462	#
1645	2991.59	237	478	498	#
1646	3718.25	95	98	240	450	498	#
1647	1757.38	189	390	#
1648	1957.97	233	338	#
1649	1661.3	397	501	#
1650	1136.22	224	237	271	399	#
1651	979.283	267	#
1652	1588.16	104	114	#
1653	1945.42	414	420	#
1654	223.329	54	#
1655	1092.11	148	167	188	321	#
1656	1268.39	12	211	289	#
1657	1114.62	452	467	#
1658	1356.51	218	407	420	#
1659	993.613	187	210	#
1660	2177.53	16	100	448	466	494	#
1661	2674.09	64	158	382	#
1662	1446.83	15	227	244	266	353	#
1663	2067.28	121	245	415	507	#
1664	4017.19	217	342	441	470	476	#
1665	1382.5	204	350	355	#
1666	1881.45	398	432	#
1667	1168.36	294	365	#
1668	1332.12	127	238	#
1669	1613.84	159	399	418	#
1670	2633.03	63	338	480	#
1671	1519.49	190	484	#
1672	2789.79	110	138	168	176	250	308	357	382	#
1673	2236.38	10	367	412	#
1674	2158.5	44	88	225	443	#
1675	1375.92	100	147	213	383	#
1676	1780.76	352	381	#
1677	3282.2	113	262	286	339	343	484	491	#
1678	325.153	497	#
1679	1970.02	53	254	#
1680	2415.13	58	297	365	#
1681	2489.08	229	237	323	374	386	472	#
1682	2866.98	106	386	456	#
1683	3918.69	21	100	196	375	#
1684	3582.58	29	34	187	222	369	372	#
1685	3522.3	300	372	377	511	#
1686	1022.26	216	324	392	#
1687	1898.6	61	384	#
1688	2379.68	100	326	368	#
1689	1329.85	200	373	#
1690	1083.09	58	496	#
1691	2841.24	302	363	364	#
1692	1172.83	55	179	316	430	456	#
1693	939.792	357	#
1694	1067.68	6	213	#
1695	1744.32	88	325	#
1696	1267.42	147	203	272	#
1697	1358.76	93	294	#
1698	1630.05	295	448	478	#
1699	1481.6	375	408	#
1700	1875.38	348	453	#
1701	1042.69	198	306	373	375	#
1702	2952.82	40	98	401	#
1703	1473.83	2	386	#
1704	920.517	91	330	#
1705	2898.98	212	407	451	#
1706	2580.15	154	318	414	#
1707	878.715	109	164	446	#
1708	3658.07	66	120	237	462	#
1709	2909.2	64	289	318	363	450	#
1710	585.709	117	#
1711	981.864	72	142	341	511	#
1712	2099.9	81	306	495	#
1713	1241.14	95	295	#
1714	5685.64	51	176	190	251	365	450	#
1715	1624.64	113	485	#
1716	1358.74	0	436	#
1717	2199.15	36	69	143	184	274	#
1718	1868.82	131	219	#
1719	1180.83	83	119	311	#
1720	1711.98	163	386	#
1721	1451.6	70	184	#
1722	1520.45	214	275	#
1723	5196.05	105	163	279	292	371	509	#
1724	10862.8	36	43	59	120	124	149	223	229	253	324	432	466	#
1725	5941.19	16	117	175	181	400	438	#
1726	2912.03	30	135	170	#
1727	3396.26	167	170	206	213	361	378	#
1728	1507.39	25	47	228	245	#
1729	1031.22	250	438	#
1730	2284.78	19	34	132	440	451	#
1731	1329.02	319	343	#
1732	1485.9	215	222	#
1733	3183.61	83	216	256	372	477	#
1734	999.311	82	146	#
1735	1420.04	225	242	294	333	#
1736	1626.85	290	444	#
1737	2564.67	80	192	322	445	#
1738	1717.76	18	63	365	#
1739	1162.6	404	415	#
1740	1021.8	4	116	#
1741	1433.07	168	246	#
1742	1684.63	155	214	272	339	424	#
1743	1399.68	86	468	#
1744	3077.89	17	151	475	487	#
1745	3874.02	45	167	255	393	474	#
1746	1881.1	17	495	#
1747	1092.89	21	185	#
1748	1675.06	288	397	#
1749	1154.33	119	163	447	#
1750	1928.53	140	183	291	494	#
1751	2587.31	39	202	299	300	350	#
1752	1991.67	52	335	#
1753	1809.68	132	191	304	#
1754	1745.92	221	234	#
1755	1817.64	174	240	362	#
1756	687.471	160	352	#
1757	882.415	67	460	#
1758	3827.94	298	364	449	471	#
1759	1026.72	23	140	164	#
1760	1918.64	179	315	#
1761	3988.43	34	37	302	311	#
1762	865.615	63	#
1763	876.557	71	134	333	#
1764	2363.4	231	431	491	#
1765	1928.59	69	181	216	320	330	396	451	#
1766	1234.42	176	204	#
1767	1340.01	35	379	#
1768	1874.66	7	359	427	#
1769	1004.68	133	162	437	491	499	#
1770	2745.19	18	160	161	461	#
1771	1587.34	251	422	457	497	#
1772	1202.43	3	208	#
1773	2634.02	52	168	329	#
1774	5816.03	11	74	103	148	206	228	246	#
1775	1652.15	1	236	#
1776	927.29	72	174	437	#
1777	2081.39	291	328	440	#
1778	1631.54	10	49	113	181	401	#
1779	1298.58	132	450	#
1780	1813.45	351	486	#
1781	4011.51	58	131	144	215	227	252	#
1782	1354.43	56	284	#
1783	2656.9	123	194	251	342	394	489	#
1784	1209.41	231	447	#
1785	2569.88	70	331	350	#
1786	2302.3	154	210	225	233	485	#
1787	2430.85	226	393	464	496	#
1788	930.453	10	39	#
1789	2630.48	127	271	490	#
1790	2608.12	31	118	269	323	437	#
1791	2284.28	65	201	503	#
1792	5147.38	13	130	182	208	264	284	285	296	346	#
1793	2940.13	201	390	476	#
1794	675.727	315	478	#
1795	1157.93	394	460	#
1796	1728.07	12	163	#
1797	687.745	163	#
1798	2619.62	319	369	455	#
1799	1904.86	233	355	#
1800	1475.2	295	330	#
1801	4591.66	5	223	241	279	461	#
1802	3262.5	32	140	155	271	453	#
1803	2544.94	184	425	465	#
1804	4043.44	7	13	207	247	340	408	497	507	#
1805	1529.73	189	266	275	404	#
1806	1139.79	21	508	#
1807	1745.43	74	257	352	#
1808	8557.3	56	71	88	201	220	254	269	413	416	#
1809	1498.06	9	64	419	#
1810	1823.54	408	472	#
1811	1171.41	28	417	#
1812	2903.2	190	339	376	#
1813	4562.98	116	196	259	267	311	360	368	476	#
1814	1904.07	193	211	401	#
1815	900.685	61	135	#
1816	3901.31	34	86	104	475	#
1817	2112.02	97	103	280	373	424	#
1818	2480.48	132	415	496	#
1819	1615.65	279	423	#
1820	1067.49	141	144	361	393	#
1821	4075.44	5	151	276	445	456	457	479	#
1822	1749.37	305	453	#
1823	1206.91	198	220	330	384	#
1824	928.211	20	440	458	#
1825	1753.08	229	395	#
1826	1794.82	106	243	405	#
1827	2881.4	141	286	331	#
1828	1945.57	118	285	#
1829	2689.68	128	203	332	#
1830	810.684	394	#
1831	2016.27	43	171	386	#
1832	1732.75	185	441	#
1833	78.9906	106	#
1834	4744.47	66	88	101	323	389	#
1835	769.228	383	#
1836	2400.25	61	197	212	#
1837	3543.25	5	85	114	202	#
1838	1227.92	235	388	492	#
1839	1599.95	57	216	456	#
1840	1069.15	31	264	313	486	#
1841	2573.36	129	293	349	#
1842	876.454	199	308	#
1843	1818.64	32	496	#
1844	4273.69	86	92	201	232	387	461	#
1845	2004.5	56	267	289	430	439	#
1846	1430.01	197	259	#
1847	1914.63	140	206	#
1848	2119.99	118	271	303	324	437	#
1849	2630.89	46	132	139	190	291	419	#
1850	2599.14	124	134	271	329	397	#
1851	1254.16	344	387	#
1852	2594.61	40	106	479	#
1853	1125.84	185	222	251	431	449	491	#
1854	2096.68	171	457	491	#
1855	1265.24	88	455	#
1856	1967.59	445	485	#
1857	1242.96	137	153	386	#
1858	2092.69	182	428	443	#
1859	1646.81	360	460	#
1860	1886.05	165	309	#
1861	7709.97	2	51	142	240	278	353	455	461	465	493	500	#
1862	974.982	49	217	#
1863	2792.89	22	58	473	#
1864	835.498	13	274	#
1865	1643.56	73	178	327	#
1866	1226.58	170	179	350	#
1867	4515.86	79	374	446	498	508	#
1868	3992.81	173	332	347	371	472	#
1869	2422.09	93	118	196	270	509	#
1870	2062.42	7	42	497	#
1871	540.282	90	#
1872	2748.23	18	111	249	325	400	499	#
1873	1997.75	150	334	#
1874	2247.88	41	178	420	480	506	#
1875	1932.32	93	232	#
1876	2976.64	112	342	440	#
1877	1785.95	183	350	355	381	#
1878	966.76	263	292	505	#
1879	1206.01	29	343	#
1880	980.119	47	261	#
1881	459.118	330	#
1882	1754.13	16	79	261	#
1883	3724.31	266	331	452	470	#
1884	1977.91	119	400	#
1885	1804.64	49	170	#
1886	1554.13	163	367	427	#
1887	1402.27	105	107	#
1888	1008.99	335	476	#
1889	1319.5	0	105	174	#
1890	1424.57	58	89	#
1891	954.485	361	385	#
1892	1772.75	104	250	419	#
1893	1911.09	267	417	511	#
1894	4677.37	65	74	131	353	460	508	#
1895	1999.68	364	375	#
1896	2502.11	31	208	338	434	#
1897	2286.71	32	119	431	#
1898	1371.92	69	433	#
1899	2922.66	113	414	482	#
1900	2379.55	122	232	268	#
1901	1628.37	152	185	#
1902	902.558	168	298	#
1903	3557.54	49	182	214	223	506	#
1904	758.371	102	106	#
1905	1820.92	30	45	449	475	#
1906	1502.62	82	99	#
1907	3532.07	172	365	419	487	#
1908	2178.05	345	361	463	#
1909	1790.98	90	238	#
1910	1273.43	49	95	#
1911	2080.54	269	377	419	#
1912	1880.93	24	481	#
1913	1646.25	71	336	374	420	#
1914	3659.1	74	133	179	234	245	277	353	366	374	406	427	466	467	486	#
1915	2430	18	67	144	224	320	339	465	#
1916	3869.44	34	111	322	483	#
1917	1755.51	32	473	#
1918	1874.1	381	430	#
1919	4767.63	31	68	79	284	457	477	#
1920	4227.73	52	242	327	388	444	#
1921	1642.01	154	218	#
1922	1090.46	325	415	461	#
1923	1586.31	323	347	#
1924	908.62	25	72	216	232	298	482	#
1925	829.654	1	223	425	440	#
1926	942.528	108	120	#
1927	2982.14	235	290	421	433	#
1928	1760.3	165	349	#
1929	1861.88	94	244	#
1930	10286	26	36	80	86	161	196	281	305	345	466	480	#
1931	1093.69	57	432	#
1932	1921.82	68	293	#
1933	2762.48	131	278	288	379	#
1934	1701.88	52	356	#
1935	2704.01	4	34	260	373	483	499	#
1936	1479.68	3	15	#
1937	1474.76	118	507	#
1938	2593.73	0	210	365	#
1939	1177.91	177	295	#
1940	3299.33	137	226	299	353	473	#
1941	1343.03	117	130	132	201	330	#
1942	1929.26	333	465	#
1943	3583.75	76	148	176	364	#
1944	1376.58	293	296	#
1945	3759.92	235	332	340	490	#
1946	1433.25	102	149	180	275	#
1947	3733.94	140	225	253	442	#
1948	1505.71	326	379	#
1949	4493.16	99	144	264	323	430	436	#
1950	921.193	162	#
1951	1296.4	312	391	#
1952	1296.03	253	356	#
1953	1663.38	199	230	484	493	#
1954	1123.23	272	304	#
1955	1113.32	92	136	339	420	#
1956	3592.25	156	158	270	398	437	460	491	498	#
1957	1341.38	158	394	#
1958	3556.89	78	199	275	397	#
1959	1470.64	257	294	467	475	480	#
1960	2993.21	71	205	256	453	#
1961	1169.53	164	257	#
1962	1412.26	294	323	#
1963	2571.9	16	186	308	348	349	421	#
1964	2130.2	42	303	389	450	500	#
1965	1303.61	173	265	#
1966	3552.74	174	358	370	379	#
1967	889.861	223	347	459	482	#
1968	1752.28	230	250	481	#
1969	1676.73	81	86	162	185	343	439	#
1970	2227.21	28	54	69	#
1971	3881.13	17	180	436	509	#
1972	8564.25	3	5	47	117	130	211	283	296	348	372	376	419	452	509	#
1973	1221.41	55	63	#
1974	931.324	7	11	76	443	456	#
1975	2714.84	97	117	149	207	352	#
1976	6317.71	17	80	293	316	361	391	447	#
1977	1716.15	132	145	422	#
1978	1488.58	81	170	#
1979	1297.29	49	433	#
1980	1742.28	177	318	343	#
1981	1836.26	104	329	#
1982	1813.43	123	250	#
1983	821.655	473	#
1984	1806.03	49	501	#
1985	1370.01	37	141	144	304	#
1986	3007.39	104	264	275	365	446	508	#
1987	1376.11	162	407	#
1988	1778.93	145	394	#
1989	1755.31	33	292	#
1990	1011.19	97	370	#
1991	4387.14	77	275	305	367	373	385	415	470	509	#
1992	1408.58	66	267	418	#
1993	1223.73	72	372	#
1994	841.581	9	157	#
1995	1181.33	147	327	#
1996	2887.82	53	181	387	391	#
1997	1988.03	117	206	#
1998	1819.63	15	87	454	492	#
1999	1514.11	476	495	#
