%% File generated by CATS v.2.1Wed Jun 29 17:15:24 2011

%% The CATS webpage is http://robotics.stanford.edu/CATS

%% PARAMETER SETTINGS:
% Goods: 50; Bids: 400; Distribution: L4; Runs: 1; Seed: 1309387679
% Legacy distribution parameters:
% Number of goods chosen according to Decay distribution (alpha = 0.55).
% Price chosen according to Linear Random distribution (low_linearly = 1, high_linearly = 1000).


goods 50
bids 400
dummy 0

0	955.57	34	#
1	2670.57	14	17	28	29	45	#
2	2931.98	2	17	20	38	#
3	1575.06	0	34	#
4	916.066	15	#
5	960.318	4	#
6	928.758	46	#
7	1569.93	25	28	#
8	881.245	28	#
9	894.583	42	#
10	922.6	20	#
11	876.118	25	#
12	882.724	29	#
13	805.016	8	#
14	720.435	44	#
15	890.779	27	#
16	997.913	0	#
17	942.471	26	#
18	938.008	19	#
19	922.934	13	#
20	956.85	49	#
21	1528.71	2	24	#
22	10485.8	0	8	9	13	14	22	23	32	36	38	46	#
23	896.434	24	#
24	2544.06	0	34	36	#
25	994.394	9	#
26	1510.77	5	19	#
27	996.588	22	#
28	957.874	35	#
29	1773.35	0	11	#
30	852.089	5	#
31	930.019	30	#
32	987.042	41	#
33	1652.91	4	43	#
34	2336.28	6	9	16	17	31	46	#
35	948.645	10	#
36	3104.57	16	22	36	46	#
37	6929.21	7	13	16	22	24	25	27	31	33	39	#
38	895.297	31	#
39	969.14	16	#
40	1069.28	16	43	#
41	1936.38	11	35	#
42	954.97	37	#
43	1183.75	17	27	31	36	#
44	2852.77	20	28	32	45	#
45	776.147	7	#
46	909.985	40	#
47	5140.97	6	7	16	17	29	31	#
48	1426.12	5	39	#
49	855.91	33	#
50	1383.33	28	44	#
51	1587.71	19	42	#
52	817.417	17	#
53	1730	41	43	48	#
54	969.667	36	#
55	1890.49	7	10	43	#
56	944.975	1	#
57	850.72	6	#
58	2451.26	32	33	34	#
59	1279.47	7	28	#
60	901.959	32	#
61	2272.9	1	12	23	32	49	#
62	1778.34	30	45	#
63	4613.58	1	8	23	37	42	#
64	3804.33	7	10	11	30	33	45	#
65	1397.24	20	21	#
66	979.961	2	#
67	1191.49	3	11	43	49	#
68	884.398	45	#
69	6544.64	7	16	27	44	45	46	47	#
70	2726.83	20	21	45	#
71	1893.25	12	28	#
72	3020.98	5	14	30	40	42	47	#
73	987.813	21	#
74	1309.89	13	40	#
75	664.279	39	#
76	2497.75	24	25	43	#
77	987.457	14	#
78	2686.08	42	43	46	#
79	1680.55	22	29	38	#
80	3461.48	19	25	30	33	#
81	989.107	38	#
82	1217.85	18	22	24	44	#
83	1113.8	5	31	#
84	1147.97	6	42	#
85	915.691	18	#
86	1518.81	17	37	#
87	1544.8	26	32	#
88	1652.04	4	19	#
89	1706.53	14	26	#
90	2030.11	13	14	41	46	#
91	958.301	3	#
92	2843.5	2	22	34	#
93	1973.12	3	6	7	8	11	38	43	47	#
94	1633.47	8	19	#
95	2187.09	22	24	25	29	#
96	1927.47	11	14	#
97	870.198	11	#
98	5119.63	2	15	18	20	32	40	45	#
99	6200.25	7	9	11	12	24	31	46	#
100	2822.13	6	18	43	49	#
101	2640.21	15	17	34	48	#
102	1531.81	4	31	#
103	1327.15	17	46	#
104	1900.91	10	19	25	#
105	1391.09	2	11	23	#
106	1519.19	3	6	16	#
107	3521.35	2	17	30	34	43	45	46	#
108	1438.96	24	29	#
109	1632.72	0	6	#
110	1168.6	9	13	#
111	3045.25	23	24	30	32	42	47	#
112	1916.36	13	38	#
113	3564.54	3	19	27	34	#
114	965.222	48	#
115	2864.68	3	6	8	12	14	21	41	#
116	1705.26	17	49	#
117	987.11	47	#
118	2359.94	10	11	29	41	#
119	1729.95	9	12	44	#
120	977.133	12	#
121	1796.91	31	48	#
122	2312	0	12	16	#
123	1216.43	2	4	35	#
124	4602.5	12	14	37	38	44	#
125	3844.37	2	21	35	38	#
126	794.654	43	#
127	2056.86	21	22	47	49	#
128	1284.54	17	20	47	#
129	1566.07	4	21	33	34	#
130	1906.29	17	35	#
131	2205.53	1	19	23	40	49	#
132	942.3	33	42	#
133	1966.44	8	12	#
134	2846.04	20	33	38	44	#
135	2954.25	6	12	13	20	36	48	#
136	2246.7	5	6	22	32	34	36	39	#
137	1885.45	3	7	44	#
138	1359.84	5	36	#
139	1388.97	0	44	#
140	1441.5	2	11	15	36	44	#
141	3301.43	4	7	18	26	31	#
142	2852.11	17	20	31	33	43	#
143	4290.78	3	34	43	46	48	#
144	1862.78	6	8	#
145	1018.43	4	10	25	39	#
146	1789.62	2	22	#
147	887.699	23	#
148	3541.82	28	32	35	45	#
149	1452.38	1	12	34	#
150	1839.21	25	31	#
151	2587.79	17	27	42	#
152	3080.34	2	25	31	40	43	#
153	1499.63	14	42	#
154	4962.48	15	31	38	40	47	#
155	1775.38	0	16	#
156	1452.72	39	40	#
157	6439.18	5	23	25	27	28	33	35	#
158	1734.61	5	21	29	#
159	3967.23	6	16	29	35	#
160	1371.52	1	6	#
161	4223.48	32	38	39	40	46	#
162	1088.94	5	41	49	#
163	2017.71	31	39	46	#
164	3421.28	0	12	44	47	#
165	1850.99	13	49	#
166	2478.81	10	30	47	#
167	1551.3	24	25	47	#
168	2616.77	2	9	25	#
169	2552.54	9	13	42	#
170	1094.2	39	42	#
171	1312.37	19	46	#
172	1761.12	23	45	#
173	1080.52	21	40	41	#
174	1011.13	35	39	#
175	2622.11	35	43	48	#
176	1154.07	0	29	41	#
177	2759.99	3	11	45	#
178	3128.96	13	17	21	26	37	40	#
179	2002.34	13	19	45	#
180	1369.93	22	23	#
181	2232.79	3	19	39	41	44	45	#
182	4430.99	4	15	22	24	29	#
183	3744.74	8	21	22	40	49	#
184	1440.47	32	48	#
185	2267.01	29	40	42	#
186	1590.29	41	47	#
187	2279.1	25	26	31	37	#
188	9224.63	0	7	9	10	12	14	17	20	25	28	31	32	39	40	#
189	3242.86	12	20	21	36	#
190	3831.07	4	10	14	15	27	40	41	42	#
191	1628.68	0	23	26	#
192	2623.73	16	39	40	#
193	4682.58	3	16	18	21	31	34	43	44	#
194	1672.08	26	46	#
195	1053.91	21	36	#
196	1735.1	8	23	#
197	3659.42	6	9	34	38	43	#
198	1182.3	21	34	39	#
199	1095.09	6	31	#
200	2457.47	8	15	28	#
201	1999.8	3	15	#
202	2946.96	9	38	42	#
203	3918.11	11	12	18	37	#
204	2123.68	5	36	39	#
205	2393.91	11	14	38	#
206	2725.48	7	13	49	#
207	3974.32	14	32	36	38	#
208	2069.19	16	39	45	#
209	1438.79	18	36	43	#
210	1616.19	0	7	17	#
211	1787.63	18	48	#
212	1822.11	0	13	43	45	#
213	4396.27	3	27	28	30	33	#
214	993.04	39	45	#
215	1457.63	1	8	#
216	1914.26	45	48	#
217	1409.84	22	26	35	48	#
218	2731.13	16	42	46	48	#
219	1415.43	25	27	#
220	1228.01	16	41	#
221	7933.92	5	6	8	18	26	29	34	41	42	49	#
222	1794.79	29	30	#
223	1260.67	2	34	#
224	12423.7	6	10	14	19	20	24	25	27	33	37	38	41	46	#
225	2302.33	5	12	29	#
226	1393.78	7	15	43	#
227	1466.79	5	22	26	#
228	1632.21	29	43	#
229	2648.37	12	29	49	#
230	1624.35	3	13	45	#
231	1438.51	26	39	#
232	1131.14	0	36	#
233	2835.83	5	19	45	#
234	3695.69	1	2	21	34	38	40	#
235	1630.28	36	39	#
236	1495.63	28	31	#
237	2050.43	16	18	24	36	#
238	2350.38	16	27	46	#
239	4958.62	1	15	19	23	33	35	#
240	1145.1	16	23	38	#
241	1311.92	9	17	#
242	2253.25	3	27	31	#
243	5744.41	7	8	14	33	35	38	48	#
244	4963.83	5	36	37	43	46	#
245	2078.39	9	13	17	23	28	41	#
246	4573.6	2	14	26	28	31	46	48	#
247	2510.68	1	14	34	#
248	2856.18	12	22	25	29	42	49	#
249	3151.62	3	8	27	33	#
250	2370.99	6	9	24	29	39	#
251	1297.26	19	47	#
252	1659.42	23	41	#
253	6424.66	11	12	14	18	19	24	26	35	36	44	#
254	2304.24	1	8	17	29	30	#
255	2367.19	0	10	40	#
256	1277.51	18	28	#
257	1115.48	5	48	#
258	1959.88	40	49	#
259	1119.83	4	18	#
260	1511.66	26	36	41	#
261	1804.09	31	46	#
262	1411.32	0	33	#
263	2176.97	1	2	20	46	#
264	1996.37	3	7	26	#
265	1194.64	8	37	#
266	1671.3	6	35	#
267	2364.65	21	38	48	#
268	2439.72	13	21	38	40	#
269	2875.29	10	29	37	#
270	5827.04	3	5	6	7	10	13	17	33	36	39	#
271	2143.57	4	11	22	#
272	2098.79	14	15	43	#
273	3450.91	8	9	25	29	46	#
274	1747.99	1	19	22	36	#
275	4837.19	2	5	7	39	47	#
276	3659.47	11	20	32	40	#
277	1065.07	15	45	#
278	2862.24	0	22	39	#
279	1141.92	4	37	#
280	6526.93	9	13	20	23	24	32	46	47	49	#
281	4502.2	5	30	38	40	47	#
282	1899.5	1	44	#
283	2846.01	6	28	48	#
284	1010.15	2	33	#
285	1104.39	29	38	#
286	1494.53	7	23	33	#
287	3079.11	3	5	8	13	23	29	#
288	1398.95	38	41	#
289	2990.44	12	18	29	#
290	1337.41	1	3	5	17	18	26	45	#
291	1220.06	6	16	#
292	1870.08	2	25	29	#
293	3517.11	3	34	44	47	#
294	3195.16	18	19	22	33	#
295	2919.62	10	17	37	#
296	1604.71	29	33	48	#
297	2097.51	4	21	22	43	#
298	1557.29	31	45	#
299	2968.72	1	12	29	#
300	2616.93	11	23	43	#
301	8957.68	5	9	17	26	28	31	37	42	47	#
302	1380.12	9	37	#
303	2790.8	13	19	23	#
304	1800.6	37	39	43	#
305	5704.49	1	7	16	31	33	37	38	#
306	1333.02	29	32	36	#
307	4162.04	3	16	29	30	49	#
308	1369.97	7	17	#
309	2480.62	20	28	30	#
310	2489.7	1	5	15	31	#
311	3830.88	6	14	40	49	#
312	1650.54	14	23	#
313	1615.92	7	9	36	46	#
314	1897.92	28	43	#
315	1805.15	6	12	23	#
316	2471.83	18	29	41	#
317	4557.99	10	30	31	33	44	#
318	1423.84	2	49	#
319	4332.39	5	11	18	19	25	26	41	43	48	49	#
320	2782.51	18	23	26	31	#
321	7902.12	2	6	12	14	25	28	43	48	#
322	1674.09	9	21	#
323	983.78	28	42	#
324	1683.67	20	42	43	#
325	1391.41	2	5	25	37	#
326	1967.7	12	20	#
327	1189.39	42	43	#
328	1996.06	1	21	#
329	2307.8	14	23	46	47	#
330	1713.23	23	34	#
331	1486.58	12	14	38	#
332	5404.96	20	22	25	29	31	36	43	47	48	#
333	1192.87	0	20	22	46	#
334	3722.07	4	17	30	36	#
335	3052.39	13	14	18	31	#
336	2299.55	13	31	35	39	#
337	1826.11	25	48	#
338	1174.52	4	7	13	#
339	1800.58	5	7	46	48	#
340	2480.57	20	22	31	#
341	3762.37	5	6	28	39	49	#
342	4784.17	1	3	5	7	21	29	34	#
343	3464.41	2	17	26	44	#
344	1567.22	2	7	31	38	45	#
345	6921.78	11	13	14	18	23	28	30	31	33	34	36	#
346	1616.63	8	43	#
347	4525.12	5	9	32	33	47	#
348	2982.17	9	40	46	#
349	3460.5	13	30	43	45	#
350	2902.88	13	14	43	#
351	2258.29	17	20	41	43	#
352	6136.26	3	8	12	22	25	27	29	38	#
353	1869.99	3	28	#
354	1105.13	9	27	#
355	1695.13	5	23	#
356	1678.26	24	48	#
357	1479.91	24	35	44	#
358	1231.78	0	30	35	#
359	4620.07	8	12	20	27	39	42	#
360	1169.54	7	9	#
361	1556.75	17	29	47	#
362	1709.5	17	23	#
363	2724.9	9	15	20	#
364	4757.37	26	29	37	38	43	#
365	3776.34	5	13	15	40	48	49	#
366	2861.92	4	5	7	11	12	14	37	#
367	4928.38	0	8	16	23	27	36	42	48	#
368	1752.74	0	3	25	#
369	1151.21	45	49	#
370	1136.65	2	19	#
371	1248.73	12	15	33	#
372	1534.57	21	45	46	#
373	1329.1	23	46	#
374	3906.8	1	30	31	45	#
375	1635.3	12	13	42	#
376	1093.73	36	47	#
377	7720.78	7	12	14	15	16	19	25	41	47	#
378	1829.34	31	49	#
379	1741.14	1	4	9	10	32	40	#
380	1580.56	10	24	28	#
381	1457.37	0	1	31	#
382	1750.36	46	48	#
383	2312.96	28	29	47	#
384	1356.35	22	34	49	#
385	1174.14	4	12	#
386	3707.73	4	10	14	33	#
387	2389.71	40	45	47	48	#
388	3520.96	26	31	40	46	#
389	1052.93	30	46	#
390	2281.13	18	41	42	#
391	5192.48	1	5	14	21	25	28	35	43	48	#
392	3434.81	2	15	36	38	#
393	1668.34	16	17	19	28	44	#
394	1231.09	6	26	47	#
395	1991.99	14	41	#
396	967.272	27	32	44	#
397	1584.34	16	46	49	#
398	4592.73	9	10	28	34	44	#
399	1564.41	10	36	38	45	#
