%% File generated by CATS v.2.1Wed Jun 29 17:15:24 2011

%% The CATS webpage is http://robotics.stanford.edu/CATS

%% PARAMETER SETTINGS:
% Goods: 50; Bids: 400; Distribution: L4; Runs: 1; Seed: 1309387676
% Legacy distribution parameters:
% Number of goods chosen according to Decay distribution (alpha = 0.55).
% Price chosen according to Linear Random distribution (low_linearly = 1, high_linearly = 1000).


goods 50
bids 400
dummy 0

0	2306.39	1	16	28	34	46	#
1	860.031	22	#
2	934.233	29	#
3	929.686	6	#
4	980.387	16	#
5	1855.81	13	29	#
6	558.479	48	#
7	968.85	5	#
8	1000.41	19	47	#
9	892.238	27	#
10	813.235	20	#
11	891.187	36	#
12	1361.23	19	22	#
13	1725.96	43	46	#
14	1732.19	36	48	#
15	2905	13	27	31	33	34	44	#
16	890.72	35	#
17	1515.78	0	31	49	#
18	952.713	31	#
19	989.958	0	#
20	2024.63	12	24	39	#
21	1859.45	20	26	27	#
22	998.942	23	#
23	949.778	45	#
24	1483.6	29	37	39	#
25	1855.85	3	27	29	#
26	829.766	9	#
27	681.042	17	#
28	1360.26	11	39	43	#
29	954.351	42	#
30	898.711	39	#
31	1351.03	19	46	48	#
32	1289.52	8	30	#
33	2533.97	8	10	21	#
34	862.261	24	#
35	1607.27	4	37	46	#
36	1991.47	16	33	#
37	902.241	32	#
38	1659.79	7	38	43	#
39	996.974	44	#
40	907.51	11	#
41	804.911	8	#
42	971.01	43	#
43	875.021	19	#
44	2798.18	2	22	29	#
45	628.829	38	#
46	1506.11	10	21	22	#
47	5799.88	4	15	23	28	37	48	#
48	1645.44	15	44	#
49	996.956	1	#
50	1498.74	3	12	#
51	1036.99	9	25	38	#
52	1691.08	8	27	#
53	1631.91	7	13	24	25	47	#
54	968.942	34	#
55	976.398	18	#
56	1537.08	18	37	#
57	873.902	3	#
58	844.335	12	#
59	1635.01	27	33	#
60	1961.3	11	35	#
61	1505.9	17	39	#
62	4950.16	8	19	25	28	29	35	#
63	3117.22	6	18	19	23	33	37	41	#
64	1039.06	0	1	10	#
65	928.323	28	#
66	953.25	7	#
67	2475.83	14	40	42	45	#
68	4748.61	6	7	35	42	44	#
69	889.729	14	#
70	922.098	30	#
71	4661.32	4	10	21	22	36	#
72	892.13	15	#
73	7518.02	6	19	27	28	32	40	42	44	47	#
74	4441.08	8	10	14	21	40	#
75	951.791	25	#
76	1099.9	11	16	#
77	3450.88	0	3	6	13	18	26	36	43	49	#
78	1366.98	22	31	49	#
79	960.577	47	#
80	1872.46	12	14	#
81	1347.92	9	13	#
82	2041.02	5	34	44	45	#
83	3496.15	4	16	36	48	#
84	3481.88	2	16	20	32	41	45	#
85	2165.26	7	27	47	#
86	4518.78	1	7	8	13	20	22	39	#
87	1621.39	1	36	#
88	1017.37	4	15	#
89	1695.54	23	30	#
90	3899.99	10	11	22	24	35	42	#
91	3090.75	2	16	29	31	41	49	#
92	1673.55	24	26	#
93	1581.18	30	42	49	#
94	6810.15	0	13	19	20	21	35	36	39	#
95	1572.43	21	44	#
96	1179.54	4	32	#
97	1729	2	5	27	47	#
98	2752.8	4	14	25	#
99	1749.09	14	48	#
100	1309.51	3	23	24	37	#
101	988.031	49	#
102	1479.71	32	39	#
103	1489.55	0	11	#
104	606.907	13	#
105	1421.3	32	46	#
106	1916.01	19	27	#
107	937.658	37	#
108	2668.97	11	19	48	#
109	1833.86	24	38	#
110	2541.49	5	11	27	29	#
111	1235.63	14	27	#
112	3790.84	5	8	14	15	33	34	42	46	#
113	941.882	40	#
114	1640.44	15	37	#
115	1911.42	22	37	45	#
116	1926.56	19	28	#
117	1019.74	15	27	28	30	#
118	3638.22	20	21	27	31	46	#
119	752.44	46	#
120	4846.31	3	4	10	12	20	21	36	#
121	1918.48	0	22	#
122	1940.45	0	26	#
123	1191.68	10	29	46	#
124	979.484	26	#
125	1996.24	10	47	#
126	1330.2	1	7	39	47	#
127	2345.44	10	15	21	33	37	#
128	1397.43	6	28	41	#
129	1171.09	6	22	25	49	#
130	911.931	10	#
131	2038.51	12	15	26	#
132	1344.4	12	42	#
133	1553.82	11	19	23	25	#
134	1897.91	25	43	#
135	4844.78	2	22	24	43	45	#
136	3116.54	13	19	27	34	#
137	736.379	41	#
138	1776.86	9	48	#
139	2278.58	17	18	40	#
140	5565.24	3	25	37	40	41	42	46	#
141	2238.75	19	29	32	#
142	1774.68	19	37	#
143	2156.34	19	26	49	#
144	595.144	4	#
145	1171.21	30	49	#
146	1907.95	5	6	21	25	#
147	3897.34	0	21	30	36	#
148	2656.8	11	19	27	49	#
149	5693.59	0	1	5	12	26	27	28	33	36	42	44	45	47	#
150	1061.11	26	27	#
151	958.416	2	#
152	2964.85	1	22	39	45	#
153	1212.58	22	41	#
154	1534.59	21	32	#
155	5456.71	0	5	11	12	25	40	#
156	1220.06	1	11	#
157	1310.96	16	22	28	32	38	41	#
158	5268.83	2	7	25	27	38	45	47	#
159	1115.93	12	15	46	#
160	2247.7	7	12	13	#
161	1534.69	4	20	38	#
162	1328.72	7	36	43	#
163	1901.58	23	46	#
164	1981.83	8	43	#
165	1475.14	12	39	#
166	1409.27	5	20	#
167	1489.15	3	7	43	48	#
168	1944.25	12	17	33	#
169	4630.09	3	7	8	27	33	#
170	1677.32	12	35	#
171	1463.68	15	16	39	#
172	1565.65	30	41	42	47	#
173	4939.92	0	17	23	31	33	40	#
174	1120.47	25	34	#
175	2867.34	20	26	27	38	46	48	#
176	990.336	30	34	#
177	1669.63	2	43	#
178	1752.81	14	37	42	#
179	1685.68	6	30	#
180	2900.91	0	4	27	44	#
181	1159.78	4	8	37	40	#
182	1212.84	2	22	#
183	1589.52	0	19	#
184	1315.71	6	40	#
185	6283.35	2	6	7	13	15	17	18	44	#
186	1077.52	3	19	38	49	#
187	1191.47	29	44	#
188	1992.82	0	29	#
189	3634.47	2	17	18	38	43	#
190	3733.02	5	38	39	42	#
191	4585.01	9	15	32	33	41	#
192	3230.73	2	3	21	42	#
193	1376.31	10	31	49	#
194	1069.42	7	10	#
195	997.188	2	16	30	#
196	2646.1	10	32	43	44	#
197	10148.8	1	7	9	13	18	20	26	27	33	37	40	44	#
198	972.905	33	#
199	2000.07	0	10	14	39	#
200	1405.1	25	29	#
201	1522.35	33	36	#
202	1859.78	8	45	#
203	763.234	21	#
204	4839.93	18	22	23	27	30	44	#
205	4687.35	11	14	22	24	45	48	#
206	1205.28	5	8	#
207	4257.04	6	17	32	35	48	#
208	2430.8	3	19	34	#
209	2461.18	2	10	43	#
210	3127.88	0	11	28	39	42	#
211	1056.95	22	26	30	47	#
212	3344.13	11	25	30	49	#
213	2339.62	15	16	33	34	40	#
214	1622.12	0	16	#
215	4742.7	1	8	15	32	44	#
216	980.631	16	42	#
217	1473.14	1	15	19	45	#
218	1079.99	27	37	39	#
219	3737.69	40	41	43	49	#
220	2717.52	7	38	44	48	#
221	3315.51	16	20	25	45	#
222	2571.85	1	7	42	#
223	3583.21	25	35	37	41	43	#
224	2189.69	2	15	24	25	48	#
225	1322.85	9	42	#
226	3002.65	4	29	40	43	#
227	1525.5	41	43	48	#
228	1881.7	45	46	#
229	4631.27	10	11	18	31	32	39	#
230	1085.98	2	26	35	#
231	1265.75	7	12	41	#
232	1334.95	11	15	34	#
233	3736.42	0	2	8	16	41	#
234	3020.92	3	7	9	26	36	37	44	#
235	1508.81	7	32	#
236	4946.98	3	20	28	31	41	#
237	1806.8	21	41	#
238	1298.78	22	44	#
239	1618.18	17	18	#
240	6063.77	12	20	21	25	29	34	44	#
241	1938.39	0	41	46	#
242	3555.53	0	19	26	49	#
243	2737.13	0	23	29	35	#
244	1540.25	5	7	#
245	2791.79	2	11	35	43	44	#
246	2666.35	10	12	32	#
247	1760.18	8	49	#
248	2342.46	5	6	36	40	49	#
249	1726.41	0	10	18	36	#
250	1119.22	3	8	23	44	#
251	1745.43	3	10	22	#
252	1453.13	3	45	#
253	1960.61	20	22	#
254	3787.15	5	13	29	42	#
255	2445.49	16	44	46	#
256	1120.7	36	44	#
257	1580.08	30	34	36	#
258	8730.6	3	8	11	16	21	26	29	32	36	39	42	44	47	48	#
259	3862.72	0	16	27	33	41	#
260	2155.25	2	3	4	6	10	36	45	#
261	1562.38	14	29	38	#
262	1367.11	30	45	#
263	1735.45	18	49	#
264	2719.91	9	11	23	34	40	47	#
265	1736.43	16	43	47	49	#
266	2034.18	8	35	49	#
267	2025.35	6	39	49	#
268	1336.41	22	34	#
269	4522.77	11	29	31	42	47	49	#
270	1048.88	24	37	#
271	1271.58	1	49	#
272	4820.28	0	6	22	36	45	46	#
273	1276.86	17	20	#
274	5592.49	7	10	12	18	19	26	#
275	2401.18	0	2	5	#
276	2133.6	11	42	43	#
277	2937.33	0	9	21	41	#
278	4865.36	1	14	15	18	21	33	45	#
279	5063.1	3	13	27	42	43	47	#
280	1974.91	12	36	41	#
281	1698.27	34	48	#
282	1345.83	16	27	#
283	4360.68	6	17	29	35	37	#
284	1631.28	19	39	40	46	#
285	1660.1	26	44	#
286	1235.34	23	47	#
287	2748.29	8	10	16	24	36	#
288	1281.01	40	49	#
289	3786.13	4	7	13	20	27	31	#
290	1688.09	24	43	#
291	1174.91	35	46	48	#
292	3896.52	6	15	30	34	#
293	1064.22	47	49	#
294	1388.52	22	48	#
295	1775.37	19	35	42	#
296	1883.2	28	30	43	#
297	2326.02	3	6	44	#
298	1708.42	8	41	#
299	1893.77	1	7	25	37	#
300	1850.59	8	29	#
301	1676.3	12	13	43	#
302	2692.17	12	16	25	#
303	3217.84	1	20	23	28	34	47	#
304	1137.44	7	40	#
305	2806.61	4	14	23	33	#
306	2600.68	41	42	44	#
307	1967.82	4	5	35	#
308	1805.7	3	6	17	20	33	45	#
309	1706.14	15	28	29	44	46	#
310	2783.36	2	26	31	32	33	34	35	38	45	49	#
311	1285.41	13	46	#
312	1705.39	4	13	#
313	1410.52	1	34	#
314	3108.98	1	9	33	43	#
315	1246.19	2	27	#
316	2327.69	17	27	36	#
317	4396.64	5	7	12	32	35	#
318	2330.13	28	31	35	#
319	1109.86	8	38	#
320	1893.02	11	36	41	#
321	3129.35	13	36	41	44	47	#
322	9352.84	10	18	23	31	35	36	37	41	42	47	#
323	2050.82	7	15	29	33	#
324	1345.91	0	12	23	47	#
325	3369.21	11	15	24	27	31	45	#
326	3939.78	12	28	35	39	#
327	1021.42	8	37	44	#
328	2407.77	23	25	43	48	#
329	3847.88	8	13	28	38	45	#
330	946.904	4	21	46	#
331	2341.88	0	32	36	37	48	#
332	4240.22	9	13	24	30	31	48	#
333	1057.49	11	44	#
334	1307.51	14	33	#
335	1639.61	16	40	#
336	2251.39	2	11	34	#
337	980.167	17	26	#
338	1695.78	16	31	#
339	2272.65	25	27	40	42	#
340	1613.65	13	37	#
341	1058.08	2	5	13	#
342	1293.02	25	42	#
343	4255.57	3	7	17	19	21	34	#
344	1532.59	24	29	#
345	1793.07	20	44	#
346	3726.24	15	20	28	42	#
347	3575.14	5	18	20	35	39	41	46	#
348	1471	29	39	43	#
349	3978.69	9	35	40	45	#
350	2871.2	1	4	6	9	10	12	27	31	33	34	40	45	47	48	#
351	2188.9	2	9	32	38	#
352	4094.18	11	13	15	29	42	#
353	1729.11	10	16	38	42	#
354	1637.35	3	25	#
355	1589.68	1	25	#
356	2315.14	23	44	47	#
357	2103.93	12	13	41	#
358	2998.91	8	40	43	46	#
359	1068.72	10	37	#
360	2120.29	2	6	15	#
361	1378.53	10	42	49	#
362	1254.67	9	10	#
363	1846.85	9	29	#
364	3035.42	7	15	26	45	46	48	#
365	3380.43	6	17	22	30	32	46	47	48	#
366	5856.32	14	16	19	38	42	48	#
367	2453.1	12	16	38	#
368	1456.85	14	45	#
369	1772.7	0	28	#
370	3490.92	18	29	31	42	49	#
371	1897.04	23	35	#
372	2990.32	15	33	42	#
373	3078.74	10	35	41	46	#
374	1166.59	7	19	35	#
375	2158.61	21	37	45	#
376	1060.35	7	23	#
377	974.548	4	21	31	33	#
378	1983.93	5	11	19	#
379	1723.89	14	15	25	#
380	1460.38	2	17	33	#
381	2720.33	5	18	20	29	35	40	#
382	1148.51	16	39	44	#
383	1716.87	6	21	26	37	#
384	1868.22	31	47	#
385	2754.3	22	23	40	#
386	3464.35	1	6	15	26	#
387	3027.15	2	4	14	25	#
388	1846.73	1	6	16	28	35	37	38	41	#
389	1031.11	26	47	#
390	2866.11	9	47	48	#
391	2884.86	29	30	38	39	#
392	2761.58	21	27	47	#
393	2352.11	4	21	37	39	42	#
394	1770.37	6	9	30	46	#
395	2626.5	15	31	37	42	#
396	1629.34	23	38	#
397	1733.21	15	49	#
398	1682.65	2	6	#
399	5719.63	1	26	38	41	43	46	#
