%% File generated by CATS v.2.1Mon Jul  4 15:23:03 2011

%% The CATS webpage is http://robotics.stanford.edu/CATS

%% PARAMETER SETTINGS:
% Goods: 256; Bids: 1000; Distribution: L4; Runs: 1; Parameters generated from distribution in file "qpstuff/L4-qp.txt".; Problems generated from distribution over features in files: qpstuff/cass-qp.txt, qpstuff/cplex-qp.txt, qpstuff/lehman-qp.txt; Seed: 1309825544
% Legacy distribution parameters:
% Number of goods chosen according to Decay distribution (alpha = 0.174852).
% Price chosen according to Linear Random distribution (low_linearly = 0.88126, high_linearly = 1.11874).


goods 256
bids 1000
dummy 0

0	1.11253	125	#
1	1.06901	106	#
2	1.09824	1	#
3	1.11178	152	#
4	1.1058	160	#
5	1.11782	207	#
6	1.09063	212	#
7	1.11845	177	#
8	1.10367	146	#
9	1.1104	101	#
10	1.11582	220	#
11	2.66085	51	107	129	#
12	1.96739	107	238	#
13	1.09543	34	#
14	1.08246	168	#
15	1.11771	214	#
16	1.11787	19	#
17	1.11833	136	#
18	1.10935	221	#
19	1.09045	164	#
20	1.10441	21	#
21	1.11015	45	#
22	1.11391	57	#
23	1.10847	131	#
24	1.10082	7	#
25	1.11624	198	#
26	1.11714	32	#
27	1.09575	205	#
28	1.09639	182	#
29	1.06597	105	#
30	1.11678	100	#
31	1.07502	251	#
32	1.10018	119	#
33	1.10926	18	#
34	2.14519	72	88	#
35	1.11454	239	#
36	1.11375	62	#
37	1.11706	60	#
38	1.11799	161	#
39	1.09467	37	#
40	1.11261	95	#
41	1.07603	158	#
42	1.05642	72	#
43	1.11809	227	#
44	1.10658	138	#
45	1.09929	90	#
46	2.17886	67	221	#
47	1.09733	114	#
48	1.11633	17	#
49	2.22853	164	176	#
50	1.1097	70	#
51	1.79462	25	101	#
52	1.10789	130	#
53	1.10353	85	#
54	1.10235	162	#
55	1.09947	233	#
56	2.13097	138	185	#
57	1.11766	188	#
58	1.10008	116	#
59	1.11316	75	#
60	2.02141	44	83	#
61	2.22713	16	221	#
62	1.10136	93	#
63	1.10222	29	#
64	1.11815	3	#
65	1.08506	190	#
66	1.1029	187	#
67	1.10905	172	#
68	1.10607	244	#
69	1.10454	112	#
70	1.08327	222	#
71	1.08073	140	#
72	1.05584	8	#
73	1.11708	192	#
74	1.11859	246	#
75	1.05585	102	#
76	1.84022	5	172	#
77	2.91518	27	68	248	#
78	1.10707	195	#
79	1.10935	236	#
80	1.10617	110	#
81	1.11123	197	#
82	1.0884	170	#
83	1.11468	135	#
84	1.10743	223	#
85	1.1048	145	#
86	1.10243	12	#
87	1.11177	255	#
88	1.10912	67	#
89	1.11684	254	#
90	1.81378	189	249	#
91	2.90394	72	80	199	#
92	1.11006	92	#
93	1.11128	231	#
94	1.10059	104	#
95	1.11713	51	#
96	2.65085	51	119	167	#
97	1.05924	150	#
98	1.10864	215	#
99	1.09647	5	#
100	1.02537	115	#
101	1.08873	191	#
102	1.10371	204	#
103	1.82872	35	37	#
104	1.10947	128	#
105	2.18129	53	235	#
106	2.98033	168	193	233	#
107	1.11618	137	#
108	1.04115	13	#
109	1.10985	9	#
110	1.09994	6	#
111	1.11596	65	#
112	1.11723	99	#
113	2.06325	200	248	#
114	1.11159	154	#
115	1.07636	86	#
116	1.11408	230	#
117	1.0924	10	#
118	1.11519	16	#
119	1.87657	45	157	#
120	2.08433	48	125	#
121	1.11798	228	#
122	1.93327	18	81	#
123	1.11767	31	#
124	1.09631	44	#
125	2.18398	62	95	#
126	1.11326	234	#
127	1.05976	181	#
128	1.08212	22	#
129	1.10575	218	#
130	1.10717	48	#
131	1.10788	40	#
132	2.07393	63	108	#
133	1.10211	169	#
134	1.11046	193	#
135	1.08899	132	#
136	1.0776	175	#
137	2.02054	67	207	#
138	1.77266	49	214	#
139	1.11354	171	#
140	1.09917	121	#
141	1.10655	184	#
142	1.06659	88	#
143	4.40703	17	145	151	181	#
144	1.11693	117	#
145	2.18968	202	255	#
146	1.1172	213	#
147	1.10108	229	#
148	1.11568	83	#
149	1.99784	37	73	#
150	1.81206	94	177	#
151	2.17952	42	232	#
152	2.072	204	212	#
153	1.06236	243	#
154	2.2285	38	246	#
155	3.16723	27	93	142	#
156	1.08121	97	#
157	1.08834	167	#
158	1.11113	122	#
159	1.07236	68	#
160	3.07304	3	23	229	#
161	1.11105	103	#
162	2.0262	31	226	#
163	2.07724	88	199	#
164	1.88598	198	232	#
165	2.10195	42	93	#
166	1.09087	179	#
167	1.09741	89	#
168	2.16403	174	252	#
169	1.11872	11	#
170	2.17662	159	237	#
171	1.11242	36	#
172	1.11836	80	#
173	1.1161	30	#
174	1.05072	249	#
175	1.11255	174	#
176	2.11562	20	94	#
177	1.08213	219	#
178	1.90117	89	233	#
179	1.11286	55	#
180	3.02592	103	134	188	#
181	1.08778	157	#
182	1.11231	98	#
183	2.1569	15	152	#
184	1.81371	16	109	#
185	1.09705	216	#
186	1.09345	250	#
187	1.04263	77	#
188	1.76665	144	204	#
189	1.08236	47	#
190	1.11645	113	#
191	1.112	20	#
192	1.08643	26	#
193	1.93714	85	145	#
194	1.10807	183	#
195	1.07667	200	#
196	1.11387	15	#
197	1.10763	107	#
198	1.10137	0	#
199	1.11629	76	#
200	1.08066	108	#
201	2.10547	26	162	#
202	2.05608	252	254	#
203	1.07766	217	#
204	1.09211	25	#
205	1.09722	4	#
206	1.09478	199	#
207	3.18489	0	35	106	#
208	1.08917	143	#
209	3.27747	18	109	183	#
210	1.11173	109	#
211	1.11003	245	#
212	1.11841	210	#
213	2.77803	60	103	222	#
214	1.83693	16	253	#
215	1.11356	185	#
216	1.09275	54	#
217	1.10417	173	#
218	1.81397	212	253	#
219	1.11274	84	#
220	1.11628	159	#
221	2.05972	210	215	#
222	1.85321	122	168	#
223	1.11095	63	#
224	1.09666	39	#
225	1.10171	43	#
226	1.03809	226	#
227	1.0993	73	#
228	1.85876	197	249	#
229	1.10703	147	#
230	3.33287	20	95	215	#
231	1.10729	78	#
232	2.23595	82	110	#
233	2.86352	113	151	193	#
234	1.11159	194	#
235	1.10764	206	#
236	1.97096	37	210	#
237	1.11747	142	#
238	1.08402	58	#
239	1.10862	118	#
240	2.1702	4	111	#
241	1.10895	165	#
242	1.11856	27	#
243	1.92385	68	103	#
244	1.11857	52	#
245	2.05667	175	232	#
246	1.0329	156	#
247	1.9835	74	138	#
248	1.11095	224	#
249	1.81775	176	251	#
250	1.10244	238	#
251	1.11619	163	#
252	2.82959	12	172	206	#
253	1.08639	247	#
254	1.8149	78	198	#
255	1.04672	33	#
256	1.0914	176	#
257	1.08951	123	#
258	2.05625	33	195	#
259	1.11174	71	#
260	2.05974	12	252	#
261	2.05177	68	97	#
262	2.18893	0	78	#
263	1.1152	53	#
264	2.09563	25	36	#
265	1.10913	225	#
266	1.10151	241	#
267	2.07056	127	220	#
268	1.10509	42	#
269	1.10075	203	#
270	1.98809	99	203	#
271	2.06517	110	173	#
272	2.20368	90	254	#
273	1.84615	68	156	#
274	1.11265	127	#
275	2.19234	75	243	#
276	2.09061	142	162	#
277	1.01843	111	#
278	1.10919	50	#
279	2.1292	63	242	#
280	1.09475	151	#
281	1.84407	30	57	#
282	2.03159	166	235	#
283	1.10718	149	#
284	1.10378	38	#
285	1.92562	99	214	#
286	1.11084	189	#
287	1.11024	201	#
288	3.16188	28	102	210	#
289	2.21457	52	55	#
290	1.95674	172	178	#
291	1.11243	148	#
292	1.10705	46	#
293	1.91947	135	167	#
294	1.95201	51	97	#
295	1.10526	196	#
296	1.76978	59	160	#
297	1.10124	126	#
298	2.83989	50	143	217	#
299	1.89533	35	247	#
300	1.97713	160	215	#
301	1.11689	66	#
302	2.00424	8	65	#
303	1.85	98	229	#
304	2.07587	105	202	#
305	1.10815	166	#
306	2.01305	134	171	#
307	1.83238	170	223	#
308	2.12927	65	85	#
309	2.07873	117	200	#
310	1.91237	98	181	#
311	1.96515	32	143	#
312	2.08029	134	184	#
313	2.02259	7	214	#
314	1.10305	186	#
315	1.10894	180	#
316	1.11629	56	#
317	1.11847	134	#
318	1.06122	96	#
319	1.97879	143	174	#
320	1.92397	6	118	#
321	1.90033	180	213	#
322	1.07105	209	#
323	1.0569	139	#
324	1.82513	205	239	#
325	1.96812	4	213	#
326	1.09849	252	#
327	1.11748	235	#
328	2.64761	78	95	157	#
329	1.9353	128	169	#
330	1.08756	153	#
331	3.34415	54	97	248	#
332	1.77464	19	101	#
333	2.00266	22	170	#
334	1.81646	59	197	#
335	1.81723	80	235	#
336	1.07248	59	#
337	2.0695	106	143	#
338	2.11472	106	233	#
339	2.03157	142	218	#
340	1.87422	172	219	#
341	1.09821	28	#
342	2.22731	9	150	#
343	1.92987	139	180	#
344	1.99945	36	64	#
345	1.98065	65	150	#
346	1.93125	39	249	#
347	3.06543	38	43	178	#
348	1.79014	49	154	#
349	1.11025	94	#
350	2.11131	202	216	#
351	1.82101	86	242	#
352	2.21146	33	127	#
353	4.24921	47	90	118	245	#
354	2.17041	127	252	#
355	1.84411	90	206	#
356	1.80795	28	242	#
357	1.09096	61	#
358	1.95595	17	158	#
359	1.91406	51	78	#
360	1.10755	120	#
361	1.10227	2	#
362	1.1122	74	#
363	1.09963	208	#
364	2.11972	42	70	#
365	2.13841	44	108	#
366	1.80083	6	253	#
367	1.8214	141	199	#
368	1.95291	162	203	#
369	1.10128	64	#
370	1.11535	202	#
371	2.21061	211	215	#
372	2.14696	45	220	#
373	2.16421	71	238	#
374	1.998	181	191	#
375	1.84088	101	230	#
376	1.79021	115	132	#
377	2.04497	2	174	#
378	2.18314	70	207	#
379	1.10227	240	#
380	3.26359	28	43	86	#
381	2.8335	26	75	83	#
382	2.16881	61	75	#
383	2.03065	50	117	#
384	3.0157	146	172	251	#
385	1.98844	165	242	#
386	2.11705	127	204	#
387	1.10501	23	#
388	1.11213	35	#
389	1.10726	49	#
390	1.84948	3	102	#
391	2.11961	84	136	#
392	1.79406	19	77	#
393	0.999798	41	#
394	1.84057	157	218	#
395	2.06857	80	88	#
396	1.90145	29	246	#
397	1.90258	156	211	#
398	1.09327	237	#
399	1.81605	72	204	#
400	1.97894	155	200	#
401	2.18027	5	65	#
402	1.10364	69	#
403	1.10674	144	#
404	1.83424	48	206	#
405	1.10114	211	#
406	1.94973	66	70	#
407	1.87235	107	125	#
408	1.88484	71	129	#
409	2.06295	34	37	#
410	1.99394	31	124	#
411	1.85401	36	85	#
412	2.20766	17	152	#
413	1.8234	137	235	#
414	1.76274	143	147	#
415	1.10198	178	#
416	2.21706	62	186	#
417	2.13121	169	191	#
418	1.10987	141	#
419	1.10088	79	#
420	3.31339	32	168	212	#
421	1.94019	84	90	#
422	2.73906	71	147	192	#
423	1.10539	24	#
424	1.82399	10	159	#
425	2.12974	11	218	#
426	1.85719	48	136	#
427	3.30335	35	159	238	#
428	2.88233	89	115	137	#
429	2.87287	100	124	198	#
430	1.86512	3	170	#
431	1.09584	253	#
432	1.76627	14	43	#
433	1.98539	83	157	#
434	1.86807	47	209	#
435	2.15483	125	238	#
436	1.91261	0	23	#
437	2.13915	94	173	#
438	1.89494	169	180	#
439	1.97913	112	135	#
440	1.83661	78	214	#
441	1.78665	164	180	#
442	1.85901	5	210	#
443	2.20137	73	164	#
444	1.80537	20	51	#
445	1.92918	228	246	#
446	2.11221	150	240	#
447	2.12113	193	200	#
448	3.13889	37	198	236	#
449	1.77723	150	217	#
450	2.92028	11	30	97	#
451	1.094	91	#
452	1.10267	82	#
453	2.15516	63	229	#
454	2.00587	5	228	#
455	1.77841	26	63	#
456	1.80252	100	166	#
457	3.8694	0	18	49	136	#
458	2.00445	193	217	#
459	1.06872	248	#
460	1.091	81	#
461	1.99919	3	219	#
462	2.21615	85	252	#
463	1.99692	26	71	#
464	1.93346	0	172	#
465	2.06004	164	192	#
466	1.93249	101	176	#
467	2.03912	18	228	#
468	1.9124	104	251	#
469	2.14151	69	88	#
470	1.05426	155	#
471	1.98983	29	152	#
472	1.82417	51	79	#
473	2.06353	178	206	#
474	1.95987	50	228	#
475	2.08864	241	255	#
476	2.22589	32	55	#
477	2.12721	161	176	#
478	1.11189	124	#
479	1.06094	133	#
480	2.0613	174	201	#
481	1.81713	119	146	#
482	2.18727	106	208	#
483	1.96287	146	188	#
484	1.0813	14	#
485	2.22769	87	237	#
486	2.23427	152	228	#
487	2.17116	72	176	#
488	2.06297	219	246	#
489	2.02352	23	91	#
490	1.77483	141	252	#
491	1.87829	71	94	#
492	1.90179	179	240	#
493	1.09028	242	#
494	3.09362	190	210	226	#
495	1.85254	32	102	#
496	2.04489	132	202	#
497	1.99369	43	212	#
498	2.94579	9	21	150	#
499	2.17165	111	146	#
500	1.81142	8	55	#
501	2.01681	231	242	#
502	3.23779	47	88	246	#
503	3.79478	52	106	118	236	#
504	2.91571	16	177	204	#
505	1.9424	32	106	#
506	1.77449	45	116	#
507	1.92852	64	190	#
508	1.9909	151	221	#
509	2.17401	73	243	#
510	2.18123	241	247	#
511	1.11171	232	#
512	1.97075	175	234	#
513	4.72957	10	102	148	186	254	#
514	2.17256	135	197	#
515	1.87812	25	242	#
516	3.20501	16	239	250	#
517	1.8437	23	238	#
518	1.99107	2	126	#
519	2.09682	51	121	#
520	2.11997	18	28	#
521	1.96517	59	114	#
522	2.19578	117	172	#
523	2.83551	121	188	243	#
524	2.13387	84	255	#
525	2.23052	93	180	#
526	2.20771	64	135	#
527	1.7892	7	32	#
528	2.03188	113	179	#
529	2.93438	5	104	152	#
530	1.87022	22	195	#
531	2.00195	16	101	#
532	2.17233	146	252	#
533	2.00003	165	194	#
534	1.92699	132	206	#
535	2.88129	44	154	185	#
536	2.20583	166	243	#
537	1.97079	22	223	#
538	1.7911	38	147	#
539	2.08768	212	250	#
540	2.04949	44	242	#
541	2.1298	11	74	#
542	2.06476	172	212	#
543	2.10124	137	145	#
544	1.84116	107	219	#
545	1.97286	56	103	#
546	3.08744	81	179	189	#
547	1.8952	160	188	#
548	3.96343	18	57	245	249	#
549	2.23715	141	242	#
550	2.01164	2	83	#
551	1.10677	87	#
552	2.04825	53	110	#
553	2.02667	93	160	#
554	1.82108	0	159	#
555	3.16747	61	76	117	#
556	3.29054	32	156	234	#
557	2.82702	116	205	245	#
558	1.96416	96	191	#
559	1.87156	76	232	#
560	3.2395	8	39	231	#
561	1.89622	46	183	#
562	3.31544	106	248	255	#
563	2.15705	140	252	#
564	2.10294	197	226	#
565	1.78375	51	116	#
566	1.88061	72	211	#
567	2.09618	52	136	#
568	1.96196	98	166	#
569	3.24849	58	138	149	#
570	2.06148	84	239	#
571	1.81969	178	236	#
572	2.70745	49	102	215	#
573	2.10279	176	225	#
574	2.22173	55	96	#
575	2.13365	151	173	#
576	3.05111	6	164	196	#
577	1.77975	137	159	#
578	3.08698	15	84	171	#
579	2.09824	98	102	#
580	2.12561	24	55	#
581	2.13059	127	214	#
582	2.23669	149	203	#
583	1.784	74	190	#
584	2.1782	219	252	#
585	1.8845	80	129	#
586	1.80006	88	232	#
587	2.11579	42	110	#
588	1.96278	59	118	#
589	2.02845	1	117	#
590	1.88895	152	245	#
591	2.89051	136	215	250	#
592	1.79451	206	237	#
593	3.097	34	59	95	#
594	2.1149	189	226	#
595	1.84165	68	217	#
596	2.21275	130	231	#
597	1.98266	34	47	#
598	1.85256	206	211	#
599	2.22602	47	247	#
600	2.11261	136	216	#
601	3.11617	15	67	94	#
602	2.02707	5	64	#
603	1.78064	151	240	#
604	4.95344	6	73	92	103	188	#
605	1.83113	205	227	#
606	1.88787	72	186	#
607	2.15227	43	53	#
608	2.07786	3	23	#
609	1.77239	88	147	#
610	2.04103	128	193	#
611	2.16838	49	112	#
612	1.82203	62	99	#
613	1.9974	176	202	#
614	2.71245	64	103	163	#
615	1.80513	78	191	#
616	2.20371	3	154	#
617	1.96527	140	188	#
618	3.29796	66	119	126	#
619	1.1018	129	#
620	2.197	57	212	#
621	2.04706	112	173	#
622	2.15914	165	202	#
623	2.1485	30	115	#
624	2.95348	122	136	180	#
625	2.15286	59	203	#
626	1.76841	33	133	#
627	1.81898	43	196	#
628	2.07827	37	183	#
629	1.83279	129	146	#
630	1.82265	128	156	#
631	3.29345	127	140	212	#
632	1.76762	69	115	#
633	1.81255	88	97	#
634	2.10751	43	157	#
635	1.8812	104	143	#
636	2.06094	26	88	#
637	1.88297	121	198	#
638	1.87389	22	102	#
639	1.95647	79	214	#
640	1.90231	23	164	#
641	1.80596	103	205	#
642	1.90373	10	132	#
643	2.0133	52	81	#
644	1.97494	171	223	#
645	1.85396	40	148	#
646	2.77119	32	99	239	#
647	1.796	66	81	#
648	1.98483	117	188	#
649	2.15916	51	74	#
650	2.18744	168	196	#
651	2.22582	82	152	#
652	3.33545	3	130	179	#
653	2.00827	226	249	#
654	1.85624	92	196	#
655	2.12525	140	235	#
656	2.95495	0	1	18	#
657	2.13165	1	9	#
658	1.76267	1	119	#
659	2.16512	204	216	#
660	3.17091	51	186	201	#
661	2.13478	97	173	#
662	2.10682	65	174	#
663	2.82497	64	67	234	#
664	2.0564	45	169	#
665	2.11539	21	167	#
666	1.9992	88	92	#
667	1.89771	51	75	#
668	2.01849	41	156	#
669	1.81774	8	70	#
670	2.009	23	95	#
671	2.17601	243	249	#
672	2.07889	16	202	#
673	1.78795	38	121	#
674	2.13466	124	252	#
675	1.86991	8	226	#
676	2.23462	29	211	#
677	2.1996	20	226	#
678	2.09051	152	180	#
679	2.02494	57	142	#
680	2.05301	73	247	#
681	1.83324	118	198	#
682	3.65693	28	73	80	130	#
683	1.84739	13	49	#
684	1.92715	29	107	#
685	1.90265	34	83	#
686	1.82399	61	83	#
687	1.86861	163	174	#
688	2.19162	95	157	#
689	2.20933	84	106	#
690	2.23429	40	129	#
691	2.20577	25	65	#
692	2.11464	109	167	#
693	2.2139	86	164	#
694	2.13068	53	88	#
695	2.10117	120	231	#
696	4.34768	39	167	220	245	#
697	2.17726	87	211	#
698	2.05415	88	233	#
699	2.14254	36	229	#
700	2.20331	86	204	#
701	2.08745	154	181	#
702	2.10833	8	186	#
703	1.96925	7	116	#
704	2.05626	73	215	#
705	1.78182	107	255	#
706	2.90658	90	199	214	#
707	1.79962	191	246	#
708	1.87815	52	211	#
709	2.03313	62	177	#
710	1.95896	34	144	#
711	2.80393	5	210	224	#
712	2.17897	57	135	#
713	2.22514	152	177	#
714	2.01552	43	73	#
715	2.2021	24	147	#
716	2.0615	23	248	#
717	2.20691	111	142	#
718	2.20345	60	109	#
719	2.14719	175	250	#
720	1.84528	71	114	#
721	2.13664	82	136	#
722	1.91165	173	253	#
723	2.0532	173	246	#
724	2.81315	49	67	140	#
725	1.76892	51	180	#
726	2.74271	45	134	160	#
727	1.87272	19	206	#
728	2.01726	22	160	#
729	2.88175	5	30	201	#
730	2.81709	81	235	250	#
731	2.78292	59	105	137	#
732	1.98455	20	194	#
733	2.04026	93	94	#
734	1.98535	30	170	#
735	1.77299	87	204	#
736	3.248	100	123	238	#
737	1.84024	172	174	#
738	1.78316	142	209	#
739	2.0603	19	92	#
740	2.00745	6	208	#
741	2.21806	55	241	#
742	2.7868	207	230	254	#
743	1.94922	174	255	#
744	2.93267	64	155	213	#
745	1.77569	37	178	#
746	1.93498	143	251	#
747	2.18997	175	227	#
748	2.03682	118	230	#
749	1.90102	16	81	#
750	1.80765	17	221	#
751	1.88201	31	34	#
752	2.10371	15	54	#
753	2.20613	182	229	#
754	1.88306	12	124	#
755	4.41549	52	127	132	174	245	#
756	2.1297	41	163	#
757	1.84059	56	136	#
758	1.95516	58	79	#
759	1.83343	184	215	#
760	2.06327	20	34	#
761	1.91882	22	235	#
762	1.97529	10	116	#
763	1.78603	13	216	#
764	1.82836	4	122	#
765	2.15701	163	179	#
766	3.30888	30	39	119	#
767	1.99126	118	195	#
768	2.22623	96	178	#
769	2.08925	27	233	#
770	1.78677	117	138	#
771	2.02976	25	198	#
772	2.12914	5	63	#
773	2.64775	44	49	156	#
774	2.76066	84	110	173	#
775	4.06569	37	99	104	204	#
776	3.32315	3	96	159	#
777	1.94488	51	249	#
778	3.27378	9	11	25	#
779	2.0522	56	207	#
780	2.03419	155	207	#
781	2.11773	165	189	#
782	1.97427	110	235	#
783	1.95577	38	231	#
784	1.99137	74	167	#
785	2.03157	85	102	#
786	1.83036	153	250	#
787	2.01908	98	141	#
788	2.01694	24	225	#
789	3.35294	72	181	234	#
790	1.93741	85	248	#
791	1.98731	25	57	#
792	1.83323	97	223	#
793	1.84015	25	143	#
794	3.29455	48	119	158	#
795	3.91156	38	46	108	242	#
796	1.7668	141	172	#
797	2.06825	93	98	#
798	2.02839	150	198	#
799	1.82576	14	184	#
800	1.93542	61	181	#
801	1.93923	54	136	#
802	1.84435	15	74	#
803	3.19405	128	237	255	#
804	2.01066	59	76	#
805	2.04861	214	221	#
806	1.9872	47	48	#
807	1.82113	182	206	#
808	2.06252	4	245	#
809	1.99519	190	215	#
810	3.05772	16	228	232	#
811	2.03948	200	246	#
812	1.81171	122	218	#
813	2.13023	90	132	#
814	2.82635	189	200	255	#
815	2.82678	33	81	247	#
816	1.76283	81	138	#
817	2.18996	151	239	#
818	2.18892	37	238	#
819	2.1074	160	212	#
820	4.2789	70	99	143	242	#
821	2.14362	142	250	#
822	2.21375	49	119	#
823	3.18589	54	224	234	#
824	1.86501	51	148	#
825	1.89104	82	243	#
826	2.14704	86	144	#
827	2.12723	79	103	#
828	3.3089	41	54	169	#
829	1.98144	185	188	#
830	1.88658	8	41	#
831	2.05988	81	124	#
832	1.94871	33	90	#
833	1.99136	11	190	#
834	1.99561	31	139	#
835	1.91663	53	206	#
836	1.88214	2	196	#
837	1.92883	113	120	#
838	2.77345	201	230	240	#
839	4.38258	121	150	217	226	#
840	2.22128	180	200	#
841	1.93912	65	91	#
842	1.86956	49	147	#
843	2.79223	46	84	160	#
844	3.80563	71	106	137	176	#
845	2.13324	43	98	#
846	3.0245	57	106	183	#
847	2.08097	29	126	#
848	1.80181	104	147	#
849	2.00621	173	242	#
850	2.07775	88	102	#
851	2.12291	108	158	#
852	1.98695	27	102	#
853	1.89316	74	143	#
854	1.83277	84	254	#
855	2.04416	9	152	#
856	1.80907	95	143	#
857	1.99349	45	80	#
858	1.80599	109	249	#
859	2.93883	64	187	253	#
860	4.24877	101	200	224	244	#
861	2.16062	125	196	#
862	2.81159	16	158	206	#
863	2.15351	85	110	#
864	1.95381	32	85	#
865	1.8675	90	152	#
866	2.02831	112	230	#
867	1.80697	69	190	#
868	1.83977	61	212	#
869	2.05937	145	229	#
870	2.01734	7	62	#
871	1.89743	117	174	#
872	3.33759	111	221	230	#
873	4.0225	61	117	147	243	#
874	1.96528	147	241	#
875	2.09847	16	157	#
876	1.82865	51	125	#
877	2.11765	85	169	#
878	1.80271	24	217	#
879	2.12674	182	245	#
880	3.04033	4	55	66	#
881	2.1625	1	231	#
882	2.10181	24	131	#
883	2.22972	139	237	#
884	1.89233	156	188	#
885	2.07687	61	231	#
886	3.02106	44	178	220	#
887	2.7583	180	181	213	#
888	2.1217	118	160	#
889	2.8367	206	218	229	#
890	2.19758	80	186	#
891	2.08583	26	153	#
892	1.89587	87	178	#
893	1.7664	90	185	#
894	2.05322	141	181	#
895	1.98662	34	189	#
896	2.02428	71	115	#
897	1.83231	8	241	#
898	1.9886	15	52	#
899	2.04366	55	106	#
900	1.79813	202	231	#
901	2.04087	26	195	#
902	4.8795	105	120	125	183	193	#
903	1.85856	76	96	#
904	2.16067	7	193	#
905	2.17873	161	237	#
906	2.21083	96	109	#
907	2.11066	84	132	#
908	2.2106	16	135	#
909	1.81169	23	215	#
910	2.78572	76	129	214	#
911	2.09898	163	171	#
912	1.95403	57	182	#
913	1.83155	117	173	#
914	2.21194	172	231	#
915	2.1475	11	31	#
916	1.96219	153	231	#
917	3.09514	15	46	185	#
918	1.94435	173	182	#
919	1.95353	108	171	#
920	2.79841	239	245	249	#
921	2.12591	155	186	#
922	1.98644	1	52	#
923	1.91472	72	210	#
924	2.10282	127	170	#
925	1.97118	5	22	#
926	1.91981	102	172	#
927	2.13727	18	22	#
928	2.18365	16	239	#
929	1.9711	12	239	#
930	1.80286	66	162	#
931	2.16465	26	188	#
932	1.79655	152	183	#
933	2.11241	3	241	#
934	2.11727	7	238	#
935	2.08711	143	183	#
936	1.83808	192	225	#
937	1.80305	176	218	#
938	1.82114	32	153	#
939	2.19147	38	173	#
940	1.81536	194	220	#
941	2.06044	82	104	#
942	3.07818	12	73	251	#
943	1.83047	63	186	#
944	1.90141	126	180	#
945	3.13196	18	100	194	#
946	3.25741	115	123	184	#
947	2.15771	223	253	#
948	2.10044	107	210	#
949	1.76493	8	99	#
950	1.94657	19	54	#
951	2.13445	14	210	#
952	1.78321	44	151	#
953	1.84422	14	120	#
954	2.19138	137	206	#
955	2.00512	138	233	#
956	1.82899	166	167	#
957	1.88891	58	98	#
958	2.22742	87	110	#
959	2.1321	102	234	#
960	2.06627	39	225	#
961	2.01935	96	161	#
962	3.31725	48	60	218	#
963	1.84032	104	181	#
964	1.77002	84	226	#
965	2.05569	124	161	#
966	2.21208	47	76	#
967	1.93039	146	255	#
968	2.15966	162	197	#
969	1.85385	91	187	#
970	2.07774	5	8	#
971	1.93033	12	53	#
972	2.87393	68	186	218	#
973	2.13176	193	253	#
974	1.86357	69	244	#
975	1.76969	22	176	#
976	2.05814	25	116	#
977	1.81489	176	250	#
978	1.76821	17	18	#
979	2.21442	65	193	#
980	3.21549	4	108	195	#
981	2.81881	31	147	158	#
982	2.05039	10	58	#
983	1.96274	75	161	#
984	2.0372	111	235	#
985	1.85086	185	203	#
986	2.14933	186	202	#
987	2.10894	10	100	#
988	1.90838	130	166	#
989	3.00007	22	39	249	#
990	2.21593	20	83	#
991	2.15372	53	112	#
992	2.15042	87	240	#
993	3.3015	13	98	142	#
994	3.1325	12	106	209	#
995	2.18795	108	246	#
996	1.88149	29	243	#
997	1.98732	56	162	#
998	2.18573	165	178	#
999	2.95545	0	129	180	#
