%% File generated by CATS v.2.1Mon Jul  4 15:19:47 2011

%% The CATS webpage is http://robotics.stanford.edu/CATS

%% PARAMETER SETTINGS:
% Goods: 256; Bids: 1000; Distribution: L4; Runs: 1; Parameters generated from distribution in file "qpstuff/L4-qp.txt".; Problems generated from distribution over features in files: qpstuff/cass-qp.txt, qpstuff/cplex-qp.txt, qpstuff/lehman-qp.txt; Seed: 1309825190
% Legacy distribution parameters:
% Number of goods chosen according to Decay distribution (alpha = 0.130397).
% Price chosen according to Linear Random distribution (low_linearly = 0.465477, high_linearly = 1.53452).


goods 256
bids 1000
dummy 0

0	1.4826	119	#
1	1.53035	76	#
2	1.44287	49	#
3	1.53102	241	#
4	1.51754	171	#
5	1.44963	178	#
6	1.49304	57	#
7	2.46999	138	209	#
8	1.47326	56	#
9	1.52929	167	#
10	1.38467	157	#
11	1.52469	109	#
12	1.50301	117	#
13	1.49081	161	#
14	1.52646	74	#
15	1.50565	121	#
16	1.37999	115	#
17	1.42374	139	#
18	1.52479	175	#
19	1.5145	58	#
20	1.52433	128	#
21	1.48315	255	#
22	2.08914	11	90	#
23	1.51094	99	#
24	1.45519	52	#
25	1.51742	15	#
26	1.53329	95	#
27	1.51629	235	#
28	1.48586	254	#
29	1.52368	250	#
30	1.47443	190	#
31	3.01005	71	83	#
32	1.52107	217	#
33	1.423	174	#
34	1.53423	232	#
35	1.51696	23	#
36	1.51236	108	#
37	1.51898	32	#
38	1.48314	65	#
39	1.52172	181	#
40	1.53016	54	#
41	1.53131	35	#
42	1.50857	113	#
43	1.52624	24	#
44	1.53315	33	#
45	1.47654	114	#
46	1.52916	203	#
47	1.47551	96	#
48	2.52119	37	74	#
49	1.59568	7	175	#
50	1.52692	239	#
51	2.90396	16	242	#
52	1.51948	64	#
53	1.50971	200	#
54	1.51145	231	#
55	1.46936	63	#
56	1.53176	61	#
57	1.49914	197	#
58	1.50482	0	#
59	1.52498	242	#
60	1.47727	152	#
61	1.51415	12	#
62	1.31238	162	#
63	1.5305	158	#
64	1.53161	122	#
65	1.50625	153	#
66	1.67612	156	175	#
67	1.46245	237	#
68	1.4781	127	#
69	1.51419	41	#
70	1.43923	118	#
71	2.94083	82	253	#
72	1.45679	229	#
73	1.45804	103	#
74	1.42858	149	#
75	1.50529	182	#
76	1.44358	21	#
77	1.52331	134	#
78	1.43998	163	#
79	1.51689	224	#
80	1.50826	146	#
81	1.53316	133	#
82	1.51557	71	#
83	1.50714	80	#
84	1.51197	27	#
85	1.4441	10	#
86	1.50144	202	#
87	1.51434	85	#
88	2.25334	8	51	#
89	1.51112	244	#
90	1.49309	5	#
91	1.46576	219	#
92	1.47137	2	#
93	1.53194	205	#
94	1.45647	43	#
95	2.65638	133	163	#
96	1.51613	159	#
97	1.53337	90	#
98	1.49225	177	#
99	1.50931	210	#
100	1.5317	211	#
101	1.51977	172	#
102	1.50567	8	#
103	1.51759	148	#
104	1.53251	164	#
105	3.02876	30	175	#
106	1.99449	88	121	#
107	1.50081	206	#
108	1.51895	124	#
109	1.56884	55	212	#
110	1.47445	11	#
111	1.489	169	#
112	1.48907	92	#
113	1.50174	55	#
114	1.53032	40	#
115	1.52458	204	#
116	1.50547	22	#
117	1.47056	166	#
118	1.52724	48	#
119	1.52329	176	#
120	1.70682	33	45	#
121	1.52152	28	#
122	2.19339	26	197	#
123	1.51696	168	#
124	1.4573	82	#
125	1.46963	141	#
126	2.40776	17	194	#
127	1.52062	165	#
128	1.47525	154	#
129	1.47743	42	#
130	1.82476	50	227	#
131	1.52946	106	#
132	2.2311	81	111	#
133	3.82565	15	26	167	#
134	1.38959	251	#
135	2.9308	156	183	#
136	1.52602	45	#
137	1.50963	195	#
138	1.52604	30	#
139	1.61499	98	193	#
140	1.50931	233	#
141	2.24309	66	162	#
142	1.49067	84	#
143	3.47146	26	60	186	#
144	1.47834	62	#
145	1.47893	151	#
146	1.50321	98	#
147	4.51678	12	141	217	#
148	1.49968	221	#
149	1.5153	194	#
150	2.78793	202	214	#
151	1.48108	81	#
152	1.43937	220	#
153	1.50836	191	#
154	1.5271	46	#
155	1.46963	192	#
156	1.47603	77	#
157	1.53315	83	#
158	1.49097	140	#
159	1.52895	135	#
160	1.52774	93	#
161	1.45028	87	#
162	1.75067	196	202	#
163	1.44328	131	#
164	2.28246	50	73	#
165	2.33593	81	177	#
166	1.4841	6	#
167	1.47938	246	#
168	1.52129	230	#
169	1.52373	247	#
170	1.45497	31	#
171	1.53097	111	#
172	1.50821	25	#
173	1.52735	196	#
174	1.49283	79	#
175	1.51366	89	#
176	1.38595	44	#
177	1.39805	136	#
178	1.5106	102	#
179	1.51245	112	#
180	1.50746	94	#
181	3.02115	24	52	#
182	1.51825	188	#
183	2.86964	244	252	#
184	1.49034	132	#
185	2.14817	2	113	#
186	1.36207	126	#
187	1.53447	72	#
188	1.52321	142	#
189	1.49832	189	#
190	1.44113	17	#
191	1.53231	245	#
192	1.53035	156	#
193	1.49342	248	#
194	1.50831	198	#
195	1.51542	129	#
196	1.46607	234	#
197	1.50229	184	#
198	2.85178	39	212	#
199	1.53038	73	#
200	1.78959	7	117	#
201	1.46543	183	#
202	1.52541	51	#
203	1.52695	252	#
204	1.52214	78	#
205	3.61483	100	170	211	#
206	1.48003	213	#
207	1.49117	123	#
208	1.50967	238	#
209	1.49848	187	#
210	1.53224	110	#
211	1.52604	144	#
212	1.45303	130	#
213	1.39134	249	#
214	1.48813	1	#
215	1.42147	227	#
216	1.46033	53	#
217	3.02004	72	202	#
218	1.50583	186	#
219	2.86896	149	247	#
220	1.52692	216	#
221	1.53109	145	#
222	4.33505	8	214	229	#
223	1.50954	3	#
224	1.5264	138	#
225	1.84769	90	162	#
226	1.47559	193	#
227	1.45467	29	#
228	2.33102	24	208	#
229	1.48711	208	#
230	1.53238	155	#
231	1.52723	170	#
232	1.50962	34	#
233	1.50055	59	#
234	1.51408	185	#
235	2.42705	166	205	#
236	1.48128	236	#
237	3.40244	2	129	236	#
238	1.37179	47	#
239	1.52652	13	#
240	1.4346	147	#
241	2.15342	140	251	#
242	1.38733	18	#
243	1.50178	60	#
244	1.43048	36	#
245	1.70526	76	88	#
246	2.28382	48	74	#
247	1.68785	21	163	#
248	2.5158	61	144	244	#
249	1.51343	212	#
250	1.50823	104	#
251	1.46659	243	#
252	1.52048	38	#
253	1.48902	253	#
254	1.51626	225	#
255	1.48927	137	#
256	2.19016	22	100	#
257	1.53261	69	#
258	1.51007	86	#
259	1.51464	68	#
260	2.92595	40	79	#
261	1.50318	180	#
262	2.91886	25	46	#
263	2.84115	77	195	#
264	1.51907	160	#
265	1.5342	25	106	#
266	1.48807	100	#
267	1.52489	9	#
268	2.83122	19	158	#
269	1.91134	126	164	#
270	1.49217	209	#
271	2.4426	116	133	#
272	1.61844	85	124	#
273	1.75627	225	242	#
274	2.32214	145	233	#
275	1.4815	75	#
276	2.56424	24	147	#
277	1.44677	240	#
278	1.50802	20	#
279	2.13964	39	189	#
280	1.53269	105	#
281	2.85236	22	70	108	#
282	1.68296	39	112	#
283	2.2359	3	141	#
284	2.20094	130	201	#
285	3.01241	26	238	#
286	2.64727	146	196	#
287	1.41188	37	#
288	1.36315	125	#
289	2.82401	85	104	#
290	2.33819	14	219	#
291	1.75305	77	168	#
292	1.4621	50	#
293	1.41113	116	#
294	3.69112	38	111	120	#
295	1.48214	201	#
296	1.49172	70	#
297	2.02807	116	124	#
298	1.5645	178	192	#
299	1.84254	27	231	#
300	2.75258	118	229	#
301	1.4848	107	#
302	3.22893	22	120	242	#
303	1.86393	124	223	#
304	1.39118	120	#
305	1.50345	173	#
306	1.636	33	204	#
307	1.42894	214	#
308	2.21888	128	186	#
309	1.53155	199	#
310	1.42507	222	#
311	1.52067	223	#
312	1.51977	218	#
313	1.40592	16	#
314	1.5246	67	#
315	2.15317	78	237	#
316	3.40925	3	134	208	#
317	1.49484	26	#
318	1.52697	207	#
319	1.84495	84	164	#
320	1.51885	88	#
321	1.82956	180	233	#
322	2.86056	110	143	#
323	1.53888	71	213	#
324	1.51318	7	#
325	3.25254	3	151	225	#
326	1.70365	114	133	#
327	1.53297	97	#
328	1.63464	8	66	#
329	2.95922	115	236	#
330	1.84667	8	250	#
331	2.85091	84	219	#
332	1.40851	179	#
333	1.47331	39	#
334	1.76848	10	181	#
335	2.50335	59	117	#
336	2.91722	34	73	#
337	1.50245	150	#
338	2.50977	174	199	#
339	1.67466	25	124	#
340	1.46853	226	#
341	2.75619	237	240	#
342	2.92996	32	194	#
343	1.9781	119	219	#
344	1.4618	14	#
345	2.01432	24	135	#
346	1.76732	71	199	229	#
347	2.9218	101	201	#
348	1.69477	24	249	#
349	4.06321	81	224	242	#
350	1.52547	66	#
351	1.36518	215	#
352	1.99446	20	202	#
353	1.51044	101	#
354	2.69358	32	152	#
355	2.40179	55	103	#
356	1.52982	143	#
357	1.4541	19	#
358	2.62221	36	39	149	#
359	1.91622	122	168	#
360	1.8392	5	198	#
361	2.56458	137	141	#
362	2.15001	47	176	#
363	1.63342	244	254	#
364	2.6587	19	61	#
365	1.49286	228	#
366	1.42287	4	#
367	2.58862	29	57	#
368	2.4829	79	228	#
369	2.9293	29	227	#
370	1.79348	46	120	#
371	2.13439	114	158	#
372	2.5393	99	119	201	#
373	2.69674	152	187	#
374	2.54218	158	199	#
375	1.93612	32	224	#
376	1.56163	77	148	201	#
377	1.83925	65	96	#
378	2.74708	160	201	#
379	3.54149	70	114	153	#
380	2.3314	66	76	#
381	2.80097	176	184	#
382	2.44298	145	202	#
383	2.29436	119	123	#
384	2.82956	116	188	#
385	2.11053	36	116	#
386	2.30357	119	149	171	#
387	2.28605	241	242	#
388	1.67441	2	3	229	#
389	1.57306	150	191	#
390	1.74923	116	151	#
391	3.73485	189	191	252	#
392	1.61767	132	175	#
393	3.75773	54	210	233	#
394	4.13695	84	142	143	#
395	1.53033	91	#
396	1.83441	144	184	#
397	3.05541	46	49	#
398	3.01021	18	40	#
399	2.95379	162	165	#
400	4.34195	129	133	215	#
401	2.46003	69	79	#
402	1.69609	15	77	#
403	2.05778	183	200	236	#
404	2.74942	49	89	#
405	2.96658	88	253	#
406	2.94514	203	216	#
407	2.42472	200	246	#
408	2.12315	18	152	#
409	2.02159	118	124	#
410	2.52512	122	131	170	189	#
411	1.74673	135	191	#
412	1.78679	23	123	#
413	2.24416	116	161	#
414	1.56954	57	136	240	#
415	2.11223	53	130	#
416	1.52933	128	220	#
417	2.04728	170	176	#
418	2.08912	52	57	#
419	2.6466	73	138	#
420	1.67537	9	37	#
421	1.80373	59	144	#
422	2.59591	23	74	159	#
423	2.52323	108	228	#
424	1.85838	105	169	#
425	2.29403	62	174	237	#
426	2.26814	22	172	#
427	1.55734	10	222	#
428	2.70415	78	158	#
429	2.38723	127	249	#
430	4.05743	21	158	179	#
431	2.33975	39	48	#
432	2.80369	44	253	#
433	2.20265	203	238	#
434	2.45436	31	254	#
435	2.75404	26	70	241	#
436	2.31078	173	231	#
437	2.78317	154	170	#
438	1.69921	76	254	#
439	1.64108	84	155	#
440	1.55208	120	207	#
441	1.55235	41	98	#
442	4.34129	2	91	135	#
443	3.92776	41	125	159	#
444	1.82221	122	138	#
445	2.85887	66	218	#
446	2.40858	203	234	#
447	2.67798	65	213	220	#
448	1.51528	222	253	#
449	2.10887	117	208	#
450	2.32411	92	218	#
451	2.47299	135	187	#
452	2.27957	37	90	188	#
453	2.48497	27	233	#
454	3.53654	9	70	126	#
455	3.00878	217	219	#
456	1.54684	142	157	215	#
457	4.50877	62	138	148	#
458	2.92068	144	199	#
459	2.48048	168	236	#
460	2.80096	113	136	205	#
461	4.50507	55	77	80	#
462	2.16857	114	131	#
463	2.39078	39	122	#
464	2.1076	46	165	#
465	3.29426	67	182	254	#
466	2.71758	218	239	#
467	2.94445	17	148	#
468	5.91399	43	84	154	170	#
469	1.89793	60	210	#
470	1.88215	190	208	#
471	1.74117	20	101	#
472	1.7403	120	150	#
473	2.51015	1	68	#
474	2.75803	167	169	#
475	2.33232	120	140	#
476	3.00317	89	242	#
477	1.54715	134	187	#
478	1.52621	144	162	249	#
479	1.66813	22	239	#
480	2.76957	22	66	#
481	2.96149	141	231	#
482	2.25137	106	234	#
483	1.83069	101	125	#
484	2.89797	68	178	#
485	7.63317	76	113	176	183	185	#
486	2.40851	10	181	212	#
487	1.71763	66	120	#
488	2.6502	4	85	#
489	1.76233	165	196	#
490	2.501	91	164	#
491	4.53367	22	75	235	#
492	4.10558	37	129	150	#
493	1.8384	73	126	#
494	1.91297	146	254	#
495	2.22469	4	14	#
496	3.0675	40	238	#
497	2.38616	4	136	#
498	2.0061	9	29	#
499	2.7582	0	102	#
500	2.87868	66	75	137	#
501	1.95886	49	253	#
502	2.08223	66	84	#
503	2.76742	148	200	#
504	2.99275	86	231	#
505	2.25614	16	56	146	#
506	1.6506	6	77	#
507	2.4467	50	133	#
508	3.0543	18	157	#
509	2.72777	24	34	#
510	2.72262	32	112	#
511	2.35708	59	217	#
512	1.6601	85	177	#
513	2.02971	31	191	#
514	1.59532	9	243	#
515	2.5807	21	45	#
516	1.70322	104	120	#
517	2.55575	12	39	#
518	2.85033	109	148	253	#
519	1.52814	9	197	#
520	2.73838	1	249	#
521	1.70102	21	89	#
522	3.03191	68	244	#
523	2.25565	85	245	#
524	2.01411	2	21	93	213	#
525	2.82772	94	208	#
526	1.55912	66	232	#
527	2.89898	191	192	#
528	2.80464	81	161	#
529	1.78187	49	178	#
530	1.54803	121	181	#
531	2.01261	60	100	#
532	2.75023	111	137	#
533	2.87956	93	235	#
534	2.67203	148	150	#
535	2.76975	171	237	#
536	2.48479	47	83	188	#
537	2.71184	82	232	#
538	2.05042	40	206	#
539	1.66187	76	253	#
540	1.92509	75	168	#
541	2.63743	82	142	#
542	4.1504	88	171	213	#
543	2.49307	47	229	#
544	3.22815	28	46	134	#
545	2.01783	10	175	#
546	2.19358	7	37	#
547	2.78959	79	202	#
548	2.73261	78	87	#
549	4.23674	6	96	107	#
550	1.69633	53	111	142	#
551	2.79306	48	127	#
552	2.66176	139	206	#
553	1.52728	116	206	#
554	1.81037	160	170	#
555	2.53467	87	232	#
556	2.66964	104	194	#
557	1.64708	230	252	#
558	2.49804	21	238	#
559	3.8659	13	142	146	#
560	1.66668	120	129	#
561	2.00372	62	85	#
562	1.98147	170	187	#
563	2.22654	177	230	#
564	1.78208	24	35	#
565	2.94659	141	169	#
566	1.79297	100	158	#
567	2.32157	17	174	#
568	1.98775	31	41	#
569	1.93353	89	120	#
570	2.09156	79	207	#
571	2.45972	65	211	#
572	2.63373	133	228	#
573	3.06641	48	185	#
574	1.75136	7	124	#
575	4.13637	44	59	215	#
576	3.19561	99	188	210	237	#
577	2.39318	51	153	#
578	2.08006	153	197	#
579	1.97359	127	196	#
580	2.18402	44	150	#
581	2.42469	106	198	#
582	1.66421	163	227	#
583	1.59316	138	190	215	#
584	2.93254	95	96	194	#
585	3.55829	13	120	218	#
586	1.66101	79	126	192	#
587	2.85471	104	107	123	#
588	1.89002	2	9	42	#
589	2.9423	7	217	#
590	2.62852	2	117	#
591	2.60993	15	228	#
592	2.01326	6	46	#
593	3.05722	9	225	#
594	1.66434	84	169	#
595	2.41194	77	152	#
596	1.63795	42	209	#
597	2.80548	45	98	#
598	2.39398	147	239	#
599	2.84873	122	247	#
600	1.55917	200	232	#
601	1.93964	31	141	163	#
602	2.04228	30	93	159	#
603	2.01518	211	231	#
604	2.8796	84	206	#
605	2.67911	38	48	#
606	2.58678	50	136	152	#
607	2.89952	94	108	#
608	2.99917	163	187	#
609	3.0553	12	176	#
610	1.82859	177	231	#
611	1.8689	38	116	#
612	2.36119	42	255	#
613	2.13218	234	237	#
614	1.64892	90	218	#
615	2.45793	89	140	#
616	1.74622	116	215	216	#
617	2.35304	167	182	#
618	1.7748	24	86	#
619	1.81502	28	110	242	#
620	2.21616	32	75	#
621	1.97898	20	40	#
622	2.80532	54	187	#
623	2.36602	72	76	#
624	1.60823	34	160	#
625	3.96115	14	22	194	#
626	4.11533	20	32	189	#
627	2.69326	3	49	#
628	2.09395	206	222	#
629	2.11478	96	199	#
630	2.19742	102	222	#
631	1.94864	116	196	#
632	1.64416	24	73	97	#
633	2.52137	63	146	#
634	1.57724	19	31	#
635	2.97195	116	234	#
636	1.95823	52	119	#
637	2.58718	230	236	#
638	2.77429	49	188	#
639	1.87567	86	126	#
640	2.31521	76	231	#
641	2.73283	55	223	#
642	1.94739	43	123	#
643	2.58206	31	85	254	#
644	3.50264	65	143	244	#
645	1.81909	118	244	#
646	2.90467	147	221	#
647	2.0458	197	205	#
648	1.79673	77	235	#
649	1.56915	30	162	#
650	2.97644	9	159	#
651	3.02662	167	168	#
652	3.73665	174	230	243	#
653	1.53999	12	158	#
654	2.7773	211	222	#
655	1.84876	27	77	149	#
656	2.38166	66	250	#
657	1.807	140	210	#
658	4.49923	72	90	146	#
659	3.01171	165	226	#
660	1.93283	61	100	#
661	2.90812	225	246	#
662	1.92853	85	178	#
663	1.93339	105	212	#
664	1.72144	41	69	#
665	3.72433	125	199	243	#
666	2.13578	92	189	#
667	2.13121	105	149	#
668	2.50969	5	51	#
669	3.7544	98	236	240	#
670	3.34767	146	155	236	#
671	3.05249	75	245	#
672	1.57666	174	200	#
673	2.00177	108	149	#
674	1.49043	136	254	#
675	2.50438	5	212	#
676	1.58382	116	122	#
677	1.77979	73	142	172	#
678	2.29997	2	215	#
679	2.26373	140	239	#
680	2.04244	66	113	#
681	1.80395	11	35	#
682	1.92212	59	212	#
683	2.78062	15	46	137	#
684	3.05239	85	101	#
685	2.50126	16	168	#
686	4.10173	22	84	196	#
687	2.17881	96	104	161	#
688	1.86224	0	183	#
689	1.70775	17	30	#
690	1.57734	136	203	#
691	1.61611	120	236	#
692	2.33353	113	165	#
693	2.00498	33	143	#
694	2.99187	110	249	#
695	2.69468	116	129	#
696	1.63061	111	242	#
697	1.67631	24	27	#
698	2.64913	112	222	#
699	2.21564	120	210	#
700	2.40498	76	168	#
701	2.8743	7	121	#
702	2.90875	115	223	#
703	3.68313	70	177	188	215	#
704	2.36998	41	52	#
705	2.73176	156	234	#
706	1.91167	41	245	#
707	3.05945	108	184	#
708	2.88023	112	149	#
709	1.77486	24	220	#
710	3.01371	43	196	232	#
711	6.27675	18	51	60	101	254	#
712	2.73893	14	78	118	#
713	3.04321	94	131	135	#
714	1.64661	57	254	#
715	4.03033	123	186	230	#
716	3.03129	132	144	#
717	2.94807	6	29	#
718	1.63006	152	230	#
719	2.26077	85	203	#
720	2.92193	1	19	121	#
721	4.33925	12	70	142	#
722	4.11718	69	100	191	#
723	2.39229	60	253	#
724	2.47118	197	247	#
725	2.41803	36	225	#
726	3.03465	54	115	#
727	1.65935	5	140	#
728	2.70779	236	252	#
729	2.75189	111	177	#
730	2.4876	163	167	#
731	3.03519	12	162	#
732	2.26242	52	136	#
733	1.62475	25	113	#
734	2.14899	166	203	#
735	3.01575	81	198	#
736	2.05695	71	85	#
737	3.94093	110	137	193	#
738	2.43637	78	223	#
739	2.1788	28	232	#
740	1.52956	114	151	#
741	2.90553	31	107	#
742	2.79018	7	238	#
743	2.0014	113	185	#
744	2.24286	140	244	#
745	2.05967	99	223	#
746	1.44885	17	116	#
747	2.65453	123	185	216	#
748	2.32982	38	202	#
749	3.02921	78	243	#
750	1.63794	14	122	#
751	2.68075	21	204	#
752	2.42965	61	230	#
753	1.93532	172	207	246	#
754	2.54686	6	158	#
755	1.66492	4	176	#
756	1.86547	91	208	#
757	1.56073	140	149	#
758	2.1714	238	244	#
759	4.12995	84	232	244	#
760	2.74287	153	174	#
761	2.89069	42	251	#
762	4.32809	38	71	89	#
763	1.6161	30	253	#
764	2.05615	90	199	#
765	2.23607	97	221	#
766	2.78243	0	53	#
767	3.031	129	133	#
768	4.28691	221	241	247	#
769	2.50506	79	234	#
770	1.59762	96	123	#
771	1.59095	242	243	#
772	2.17232	23	109	#
773	2.28157	44	244	#
774	1.9218	40	217	#
775	2.87175	138	198	#
776	2.12135	31	50	#
777	2.72339	71	228	#
778	2.83531	57	161	#
779	1.84888	206	227	#
780	2.58689	43	149	#
781	1.7359	61	205	#
782	3.0411	70	195	#
783	2.70685	109	165	#
784	1.71224	194	224	#
785	1.5903	135	151	#
786	2.1192	146	152	#
787	3.6885	157	239	247	#
788	2.55719	22	108	#
789	2.81335	57	207	#
790	1.93209	13	249	#
791	2.4148	83	126	#
792	2.6297	35	246	#
793	2.63537	104	225	#
794	1.95095	3	57	#
795	2.54829	51	209	#
796	1.84422	76	129	#
797	2.87414	57	70	#
798	2.74616	110	160	#
799	2.89084	7	208	#
800	4.35235	114	198	203	#
801	1.94689	129	228	#
802	3.35775	113	132	219	#
803	1.86277	155	223	#
804	2.38562	80	145	#
805	2.73853	135	192	#
806	3.0008	0	106	#
807	2.45013	74	208	#
808	2.43383	37	190	#
809	2.21164	108	154	#
810	1.76326	91	149	#
811	2.82566	80	90	#
812	2.53268	227	255	#
813	1.54061	79	137	#
814	2.73262	1	254	#
815	2.96184	132	228	#
816	2.05769	3	17	#
817	4.3119	41	110	221	#
818	1.8446	97	226	#
819	2.14577	15	158	#
820	2.13828	114	242	#
821	1.84768	7	89	#
822	1.58195	58	120	#
823	2.15777	121	174	#
824	1.6121	17	207	218	#
825	6.54429	81	161	175	184	236	#
826	4.49126	20	32	33	#
827	2.08919	91	92	167	#
828	4.57164	65	88	221	#
829	2.23072	103	165	#
830	1.62746	20	175	#
831	2.63905	76	166	#
832	2.81326	8	50	#
833	2.70112	78	205	#
834	1.60879	182	200	202	#
835	2.26221	16	133	#
836	1.89576	137	169	#
837	3.93757	24	80	254	#
838	2.39377	17	71	#
839	4.33404	132	138	181	#
840	1.98612	125	238	#
841	2.17196	21	131	150	#
842	2.65105	162	239	250	#
843	2.37903	49	120	205	#
844	2.02037	99	118	#
845	2.99399	33	40	#
846	1.53479	67	251	#
847	2.19757	164	167	#
848	2.62953	18	174	#
849	3.34843	74	75	92	#
850	1.6339	45	116	#
851	2.56098	20	140	#
852	3.47704	89	193	242	#
853	1.63369	195	243	#
854	2.05834	27	217	#
855	4.88065	2	3	52	234	#
856	1.82438	14	102	#
857	5.65907	12	43	101	222	#
858	1.84161	107	145	#
859	4.04604	13	130	132	#
860	2.40053	20	102	211	#
861	2.9146	35	144	#
862	1.57154	33	79	#
863	2.85177	37	103	#
864	1.57508	131	146	182	#
865	1.67966	125	211	#
866	2.42893	69	183	#
867	2.50257	1	141	#
868	1.62642	114	162	#
869	2.2533	84	175	#
870	2.38391	106	183	#
871	1.5821	124	136	#
872	2.70941	53	240	#
873	2.18302	162	163	#
874	2.46042	78	195	#
875	4.30534	51	76	205	#
876	2.06572	182	255	#
877	1.94836	29	122	162	#
878	1.88964	106	135	155	#
879	2.30582	71	189	209	#
880	3.30419	12	21	238	#
881	3.18517	7	67	248	#
882	2.26124	105	112	166	#
883	2.69972	78	156	#
884	2.09991	189	194	#
885	1.54962	46	71	#
886	1.99802	88	177	#
887	2.65454	9	107	235	#
888	1.89175	12	21	#
889	1.46968	4	243	#
890	1.69397	35	157	#
891	2.10518	241	245	#
892	2.78248	107	143	#
893	4.04132	56	98	232	#
894	2.73501	149	214	#
895	2.10986	38	82	#
896	1.75852	117	207	#
897	3.02147	80	213	#
898	2.37168	80	97	#
899	1.95539	119	203	#
900	2.36429	8	199	#
901	2.86342	98	189	#
902	2.46323	50	107	#
903	2.38761	41	54	#
904	1.98832	18	84	#
905	2.15179	182	217	#
906	2.65134	88	144	#
907	2.5656	55	79	#
908	2.22598	18	43	#
909	2.34849	41	191	#
910	2.39524	7	81	110	#
911	1.63625	6	219	230	#
912	1.85782	229	246	#
913	2.35487	232	243	#
914	2.31862	159	167	#
915	1.59919	83	149	#
916	1.6272	0	111	#
917	1.88088	199	215	#
918	1.84315	100	152	#
919	2.92691	28	176	#
920	1.69212	43	95	#
921	2.96154	19	22	51	#
922	1.82765	124	254	#
923	1.573	23	247	#
924	2.27618	81	225	#
925	2.69048	206	247	#
926	2.36088	126	181	#
927	1.48224	77	243	#
928	2.2031	89	122	#
929	2.11963	26	117	#
930	2.41969	143	192	#
931	2.39382	27	96	#
932	1.86767	18	188	#
933	1.78658	122	237	#
934	3.03064	95	243	#
935	1.79235	24	221	#
936	2.43197	71	113	#
937	2.65957	91	213	#
938	2.40859	97	111	#
939	1.67421	12	26	#
940	3.05542	38	214	#
941	2.76458	18	216	#
942	1.9547	163	191	#
943	2.69908	212	239	#
944	2.98638	57	97	#
945	4.55409	26	135	147	#
946	2.65641	242	247	#
947	2.62252	193	198	#
948	2.58271	138	140	#
949	1.86745	79	154	#
950	2.67885	2	38	#
951	2.51482	45	171	#
952	2.521	92	156	#
953	2.23204	38	109	#
954	2.83842	66	248	#
955	2.70689	130	203	#
956	1.88734	62	175	#
957	2.66772	20	148	#
958	1.82496	38	227	#
959	1.66993	15	25	#
960	2.31686	10	121	201	#
961	2.85095	25	59	#
962	2.14175	60	165	#
963	3.03713	96	166	#
964	2.38423	136	243	#
965	2.61751	201	243	#
966	2.42133	98	230	#
967	1.61383	7	57	#
968	2.61825	30	140	#
969	2.79692	127	244	#
970	3.45106	10	105	140	#
971	2.41902	9	35	#
972	1.65706	104	105	193	#
973	1.85875	145	210	253	#
974	1.8522	50	103	#
975	3.56056	105	107	180	#
976	2.38676	0	117	#
977	2.88734	104	178	#
978	2.24572	17	147	#
979	2.15169	215	230	#
980	2.01346	115	124	#
981	1.58982	30	62	#
982	2.09809	131	158	#
983	2.64157	43	168	#
984	2.0079	66	70	#
985	2.77566	17	83	#
986	1.98893	25	150	#
987	3.00771	157	218	#
988	1.55506	3	23	165	#
989	2.03105	152	237	#
990	2.60312	75	248	#
991	1.54864	120	251	#
992	3.03034	28	227	#
993	2.22248	8	13	#
994	3.74798	84	144	154	189	#
995	2.52836	227	244	#
996	2.05669	51	233	#
997	2.69157	3	244	#
998	2.22522	64	239	#
999	2.95129	100	230	#
