%% File generated by CATS v.2.1Mon Jul  4 15:16:30 2011

%% The CATS webpage is http://robotics.stanford.edu/CATS

%% PARAMETER SETTINGS:
% Goods: 256; Bids: 1000; Distribution: L4; Runs: 1; Parameters generated from distribution in file "qpstuff/L4-qp.txt".; Problems generated from distribution over features in files: qpstuff/cass-qp.txt, qpstuff/cplex-qp.txt, qpstuff/lehman-qp.txt; Seed: 1309824840
% Legacy distribution parameters:
% Number of goods chosen according to Decay distribution (alpha = 0.166861).
% Price chosen according to Linear Random distribution (low_linearly = 0.850906, high_linearly = 1.14909).


goods 256
bids 1000
dummy 0

0	1.13648	14	#
1	1.11944	159	#
2	1.13239	161	#
3	1.13092	63	#
4	1.13656	27	#
5	1.08921	74	#
6	1.13915	142	#
7	1.13126	5	#
8	1.1357	202	#
9	1.14193	98	#
10	1.14772	130	#
11	1.12079	211	#
12	1.134	46	#
13	1.14159	96	#
14	1.12447	213	#
15	2.25669	205	243	#
16	1.115	199	#
17	1.10507	193	#
18	1.12253	164	#
19	1.13029	87	#
20	1.14545	201	#
21	1.10586	125	#
22	1.11651	84	#
23	1.07856	118	#
24	1.12601	173	#
25	1.14507	237	#
26	1.14692	156	#
27	1.14536	229	#
28	2.28607	39	159	#
29	1.14593	203	#
30	1.14111	4	#
31	1.12993	53	#
32	1.13258	127	#
33	1.13139	3	#
34	1.12868	18	#
35	1.14476	180	#
36	1.14858	220	#
37	1.14233	54	#
38	1.08901	62	#
39	2.12413	43	129	#
40	1.13125	160	#
41	1.85769	55	247	#
42	1.14756	131	#
43	1.11113	218	#
44	1.13616	172	#
45	1.14259	179	#
46	1.13309	253	#
47	1.14355	73	#
48	1.11946	55	#
49	1.1242	102	#
50	1.12577	197	#
51	1.12416	248	#
52	1.13227	42	#
53	1.13902	230	#
54	1.14525	107	#
55	1.13087	174	#
56	2.01147	102	138	#
57	1.14064	86	#
58	2.07219	83	217	#
59	1.14437	76	#
60	1.13858	67	#
61	2.24223	236	237	#
62	1.07098	236	#
63	1.12019	153	#
64	1.12078	104	#
65	2.05673	79	197	#
66	1.11454	75	#
67	1.14179	165	#
68	1.09693	72	#
69	1.12173	147	#
70	1.1265	238	#
71	1.14334	29	#
72	1.14386	139	#
73	1.13931	120	#
74	1.0931	16	#
75	1.13463	225	#
76	1.09039	111	#
77	1.86305	0	237	#
78	1.10005	113	#
79	1.14623	56	#
80	1.14854	135	#
81	2.11733	74	185	#
82	1.09025	24	#
83	1.13907	17	#
84	1.76895	179	225	#
85	1.14594	77	#
86	1.13496	209	#
87	1.13572	170	#
88	1.13365	223	#
89	1.13605	132	#
90	1.09662	7	#
91	1.10542	231	#
92	2.00712	208	224	#
93	1.13358	177	#
94	1.14751	26	#
95	1.79142	12	109	#
96	1.7482	208	231	#
97	1.1267	94	#
98	1.9635	2	37	#
99	1.14818	150	#
100	1.1459	168	#
101	1.11994	200	#
102	1.07216	58	#
103	2.13728	33	39	#
104	1.97315	51	87	#
105	1.14347	80	#
106	1.13458	149	#
107	1.14401	78	#
108	1.14402	137	#
109	1.13474	208	#
110	1.14497	81	#
111	1.08645	246	#
112	1.12946	49	#
113	1.11407	175	#
114	1.14795	215	#
115	1.12312	255	#
116	1.14797	232	#
117	1.13211	186	#
118	1.13158	249	#
119	1.95228	100	129	#
120	1.98965	120	134	#
121	1.14842	148	#
122	1.14311	22	#
123	1.12839	60	#
124	1.14768	239	#
125	1.14676	133	#
126	1.0595	198	#
127	1.12702	171	#
128	1.10419	227	#
129	1.13421	194	#
130	1.14385	143	#
131	1.13214	146	#
132	1.13878	95	#
133	1.14193	45	#
134	1.1263	64	#
135	1.12578	242	#
136	1.07465	36	#
137	1.13719	50	#
138	1.12469	221	#
139	1.13717	163	#
140	1.13219	79	#
141	1.9415	41	223	#
142	1.14808	115	#
143	1.13412	254	#
144	1.13968	82	#
145	2.09605	31	209	#
146	1.75484	85	177	#
147	1.14862	235	#
148	1.14332	204	#
149	1.14806	196	#
150	2.20404	39	179	#
151	2.27987	115	130	#
152	1.84432	48	206	#
153	1.13607	184	#
154	1.11682	158	#
155	1.095	19	#
156	1.11501	37	#
157	1.10563	2	#
158	2.09372	14	161	#
159	1.11539	31	#
160	2.291	5	113	#
161	1.98932	13	136	#
162	1.14425	222	#
163	1.86681	5	211	#
164	1.142	182	#
165	1.14852	6	#
166	1.14043	30	#
167	1.12994	99	#
168	1.06249	101	#
169	1.14362	240	#
170	1.14346	169	#
171	1.14767	190	#
172	3.15222	51	142	191	#
173	1.14885	210	#
174	1.14272	25	#
175	1.14728	157	#
176	2.18192	10	25	#
177	1.12523	233	#
178	3.40962	106	197	218	#
179	1.12546	116	#
180	1.12596	117	#
181	1.13098	41	#
182	1.14753	176	#
183	1.93472	98	197	#
184	1.14566	23	#
185	2.19814	17	56	#
186	1.14855	57	#
187	1.96488	4	64	#
188	1.13074	206	#
189	1.14575	187	#
190	1.1348	141	#
191	1.12431	119	#
192	1.11627	140	#
193	1.94064	155	177	#
194	2.04371	174	238	#
195	1.99477	27	239	#
196	1.74252	44	214	#
197	2.27462	27	131	#
198	1.1429	85	#
199	1.12592	110	#
200	1.13128	1	#
201	1.12675	123	#
202	1.1475	195	#
203	2.10796	65	121	#
204	2.21803	3	28	#
205	1.14257	145	#
206	1.1343	83	#
207	1.13253	188	#
208	1.12061	129	#
209	1.12636	185	#
210	1.07037	0	#
211	1.71232	93	188	#
212	1.11509	35	#
213	2.18022	134	223	#
214	1.141	191	#
215	2.15624	182	184	#
216	1.89156	22	58	#
217	1.14902	13	#
218	2.20971	17	170	#
219	2.76508	20	36	129	#
220	1.13946	91	#
221	1.14355	88	#
222	1.14177	61	#
223	1.13758	114	#
224	1.09955	106	#
225	2.19838	64	209	#
226	1.78874	120	128	#
227	2.28765	91	187	#
228	1.13339	167	#
229	1.11906	224	#
230	1.98807	100	150	#
231	2.21328	179	212	#
232	2.58175	37	40	148	#
233	2.15342	27	188	#
234	1.1352	192	#
235	2.08127	130	173	#
236	3.129	67	236	251	#
237	2.26526	30	208	#
238	1.1477	245	#
239	1.78411	77	186	#
240	1.14565	124	#
241	2.12154	117	207	#
242	1.14776	28	#
243	1.14143	11	#
244	1.14001	40	#
245	1.71472	8	112	#
246	1.09654	92	#
247	3.29031	75	145	172	#
248	1.11501	205	#
249	2.02923	48	143	#
250	2.27233	155	253	#
251	2.05153	177	236	#
252	1.14486	100	#
253	1.13559	217	#
254	1.13661	214	#
255	1.89358	187	206	#
256	1.13859	12	#
257	1.13767	121	#
258	1.14797	52	#
259	1.14086	68	#
260	1.14425	162	#
261	1.10466	234	#
262	3.41775	115	119	130	#
263	1.7859	68	125	#
264	1.74417	125	200	#
265	1.75222	65	247	#
266	1.88006	0	194	#
267	2.27403	75	142	#
268	1.13399	15	#
269	1.14102	154	#
270	2.8339	48	190	228	#
271	1.13932	33	#
272	2.16301	11	110	#
273	1.92341	34	96	#
274	1.14656	39	#
275	4.31114	15	181	196	211	#
276	1.13541	252	#
277	1.14658	226	#
278	1.81187	233	236	#
279	2.69427	39	232	237	#
280	1.13005	89	#
281	1.13712	189	#
282	1.13044	47	#
283	2.0728	160	254	#
284	1.85612	140	202	#
285	1.11942	207	#
286	3.16297	19	70	115	#
287	1.14101	241	#
288	1.13036	20	#
289	1.13108	151	#
290	1.13782	128	#
291	1.14352	108	#
292	2.22862	86	119	#
293	2.226	188	219	#
294	1.1478	109	#
295	1.14516	70	#
296	1.11785	212	#
297	2.10948	141	252	#
298	1.75303	119	178	#
299	2.24181	25	45	#
300	1.13816	43	#
301	2.27924	167	214	#
302	1.72123	39	221	#
303	1.96114	100	229	#
304	1.1411	251	#
305	2.27884	61	143	#
306	3.12074	156	186	235	#
307	1.13135	138	#
308	2.1727	80	220	#
309	2.15823	121	226	#
310	2.12754	67	130	#
311	2.58832	118	172	227	#
312	1.72528	97	195	#
313	1.13747	90	#
314	2.01558	130	157	#
315	1.12938	243	#
316	1.98216	94	218	#
317	1.79762	47	122	#
318	2.29246	31	55	#
319	2.00456	7	219	#
320	1.14397	216	#
321	1.1474	34	#
322	1.14361	134	#
323	2.27341	153	161	#
324	1.14438	97	#
325	1.8714	128	197	#
326	1.70606	152	199	#
327	2.26233	149	186	#
328	2.0394	103	156	#
329	1.14063	69	#
330	1.13393	122	#
331	1.73069	205	206	#
332	1.14554	51	#
333	2.01835	155	175	#
334	2.16615	85	184	#
335	1.13337	66	#
336	1.76897	33	170	#
337	2.05484	131	160	#
338	1.14642	59	#
339	1.86949	152	236	#
340	1.96232	13	55	#
341	1.11502	65	#
342	1.73617	26	128	#
343	2.08793	71	192	#
344	1.10454	44	#
345	2.18715	199	212	#
346	1.89182	155	172	#
347	1.8728	15	26	#
348	1.1045	166	#
349	1.12005	219	#
350	1.13175	244	#
351	1.12876	144	#
352	2.19935	104	122	#
353	1.13763	8	#
354	2.93889	63	123	175	#
355	1.14788	9	#
356	1.91049	231	242	#
357	2.81683	44	51	114	#
358	1.1438	105	#
359	1.13331	126	#
360	2.0947	46	88	#
361	1.14709	136	#
362	1.13785	32	#
363	2.1586	37	147	#
364	2.82156	123	142	191	#
365	2.0264	0	215	#
366	1.06909	71	#
367	2.19515	74	150	#
368	1.96928	40	196	#
369	1.11481	10	#
370	1.10597	93	#
371	1.06415	247	#
372	1.96672	222	237	#
373	2.06568	14	20	#
374	1.74215	57	104	#
375	2.17931	174	243	#
376	2.21802	125	197	#
377	2.23261	49	98	#
378	2.79432	27	107	183	#
379	1.13356	228	#
380	1.71236	98	217	#
381	1.87801	61	109	#
382	2.1054	97	217	#
383	1.88884	146	174	#
384	2.1983	60	243	#
385	2.2855	30	225	#
386	4.57674	28	88	139	215	#
387	1.82941	135	222	#
388	2.92118	78	159	180	#
389	2.01164	85	172	#
390	1.94204	157	210	#
391	2.21461	91	207	#
392	2.22513	197	230	#
393	1.14557	48	#
394	2.2507	207	254	#
395	1.12897	181	#
396	1.14296	21	#
397	4.41035	39	46	209	228	232	#
398	1.10733	112	#
399	2.06735	100	191	#
400	2.11594	5	234	#
401	2.19183	3	195	#
402	2.23416	85	201	#
403	1.98358	41	56	#
404	3.32159	59	78	165	#
405	1.8123	67	133	#
406	1.10789	103	#
407	2.95991	73	83	153	#
408	1.97486	51	149	#
409	1.14673	178	#
410	2.11206	32	204	#
411	1.86881	9	142	#
412	3.26427	28	66	209	#
413	2.21968	121	125	#
414	2.04493	54	157	#
415	3.25745	45	73	189	#
416	3.12023	7	23	25	#
417	2.15725	16	54	#
418	2.26437	142	150	#
419	2.14518	152	166	#
420	1.12943	250	#
421	1.96221	34	219	#
422	2.1111	99	174	#
423	2.20808	168	178	#
424	1.98234	92	172	#
425	2.15822	106	223	#
426	1.82886	84	182	#
427	2.25317	32	76	#
428	1.91738	205	249	#
429	1.9272	81	105	#
430	1.89746	114	232	#
431	1.12844	152	#
432	2.26651	15	225	#
433	1.74682	3	144	#
434	1.94443	54	92	#
435	1.79736	100	158	#
436	1.72167	29	59	#
437	2.20781	15	201	#
438	2.29189	98	110	#
439	2.26144	163	184	#
440	2.03573	13	74	#
441	2.01974	94	215	#
442	2.19186	50	220	#
443	1.82294	134	193	#
444	3.31804	4	56	127	#
445	1.85777	55	93	#
446	2.16176	55	230	#
447	2.26561	191	225	#
448	1.74808	98	159	#
449	1.13225	183	#
450	2.16844	39	188	#
451	2.59799	75	182	221	#
452	2.11262	8	200	#
453	1.96989	174	228	#
454	1.96617	120	139	#
455	1.88792	25	114	#
456	2.1987	72	107	#
457	1.9266	34	254	#
458	2.28258	189	203	#
459	2.12514	148	226	#
460	1.86064	153	235	#
461	1.719	104	213	#
462	2.06838	30	138	#
463	2.15461	70	214	#
464	3.03572	2	133	152	#
465	2.13973	154	248	#
466	1.75118	17	153	#
467	2.63655	41	78	203	#
468	2.2755	55	142	#
469	3.90559	76	92	128	202	#
470	2.14509	114	253	#
471	1.88962	32	128	#
472	1.77938	65	159	#
473	3.03786	11	174	226	#
474	1.93902	112	241	#
475	1.12334	155	#
476	2.83413	124	155	209	#
477	3.22936	25	38	93	#
478	2.17115	76	175	#
479	1.87583	1	171	#
480	2.15111	48	70	#
481	2.11518	125	233	#
482	3.34549	104	174	198	#
483	2.29545	26	218	#
484	2.19852	141	245	#
485	2.1785	135	239	#
486	2.089	92	153	#
487	1.98717	35	65	#
488	2.68345	37	105	245	#
489	2.09052	73	149	#
490	1.80132	171	228	#
491	1.98012	91	231	#
492	1.81772	116	224	#
493	2.75161	41	56	115	#
494	2.1311	78	163	#
495	1.92349	42	69	#
496	1.73862	15	248	#
497	1.93888	23	128	#
498	1.90087	88	114	#
499	3.26781	21	153	178	#
500	1.83695	93	159	#
501	2.26192	162	195	#
502	1.89857	121	225	#
503	2.12385	160	171	#
504	2.06513	24	192	#
505	1.98483	57	115	#
506	2.15721	12	149	#
507	1.14753	38	#
508	1.7624	38	231	#
509	2.12987	64	229	#
510	1.8499	87	156	#
511	2.0651	168	242	#
512	2.15518	185	237	#
513	1.90246	101	225	#
514	2.0734	20	221	#
515	2.82918	27	31	191	#
516	3.35651	62	130	221	#
517	1.77943	25	90	#
518	1.75101	209	223	#
519	1.76995	166	198	#
520	2.18428	89	244	#
521	2.01076	123	177	#
522	2.26293	87	158	#
523	2.18523	62	175	#
524	1.76135	124	250	#
525	2.06216	199	214	#
526	1.74842	58	246	#
527	2.1641	128	219	#
528	2.23611	97	108	#
529	2.14214	80	229	#
530	2.20125	35	95	#
531	1.76041	97	239	#
532	2.22744	87	211	#
533	2.2187	174	199	#
534	2.05944	178	255	#
535	1.76017	181	229	#
536	2.26146	21	56	#
537	2.20144	141	238	#
538	2.23865	159	195	#
539	1.84212	27	160	#
540	2.78598	24	26	81	#
541	2.15009	23	115	#
542	2.06051	60	114	#
543	2.2456	26	247	#
544	1.89945	43	168	#
545	2.15508	59	254	#
546	2.19415	2	5	#
547	2.6422	85	144	240	#
548	2.09879	105	218	#
549	1.74599	11	65	#
550	2.13151	30	214	#
551	1.75689	43	171	#
552	3.93104	22	87	134	220	#
553	2.21847	80	253	#
554	1.86248	3	244	#
555	1.78014	166	245	#
556	1.70388	151	233	#
557	2.23019	171	219	#
558	2.95243	160	204	208	#
559	2.21695	127	173	#
560	2.22884	245	253	#
561	3.13289	11	116	151	#
562	2.86625	96	145	210	#
563	1.73279	121	210	#
564	2.23562	67	112	#
565	2.1468	191	243	#
566	2.16336	22	164	#
567	2.10825	33	57	#
568	2.27036	102	119	#
569	1.72027	22	73	#
570	2.01891	19	96	#
571	2.27349	112	239	#
572	3.09018	22	64	127	#
573	2.15135	141	170	#
574	2.01695	153	197	#
575	1.9041	197	238	#
576	2.2147	4	103	#
577	2.06466	53	80	#
578	2.23685	97	135	#
579	1.75677	36	88	#
580	2.26709	191	203	#
581	1.98057	193	210	#
582	1.78814	87	193	#
583	1.89985	155	187	#
584	1.93636	84	198	#
585	2.03727	109	215	#
586	1.76249	139	185	#
587	2.28175	145	240	#
588	2.21999	240	253	#
589	1.79541	120	236	#
590	1.98465	34	162	#
591	2.04724	9	154	#
592	2.27846	134	252	#
593	2.17305	85	131	#
594	2.17992	128	193	#
595	2.06223	5	107	#
596	2.08191	42	45	#
597	2.78588	27	131	229	#
598	3.27693	59	66	68	#
599	2.09901	24	231	#
600	2.04281	206	211	#
601	2.14497	216	222	#
602	2.80592	192	214	252	#
603	2.28162	78	159	#
604	2.22768	68	215	#
605	1.76413	7	24	#
606	2.19267	35	143	#
607	2.17286	115	194	#
608	2.26148	2	221	#
609	2.24009	46	174	#
610	2.74886	47	227	236	#
611	2.11928	122	193	#
612	3.02576	56	128	175	#
613	1.87135	129	254	#
614	2.13421	58	109	#
615	1.80558	65	103	#
616	1.92665	97	247	#
617	2.2953	16	157	#
618	2.28367	60	254	#
619	1.78771	4	106	#
620	2.28515	56	108	#
621	1.7406	40	140	#
622	3.38574	28	141	209	#
623	2.23656	195	203	#
624	1.84954	134	238	#
625	2.04864	190	230	#
626	2.20616	179	222	#
627	2.28672	75	201	#
628	2.22072	50	183	#
629	3.06766	164	207	250	#
630	1.71338	98	168	#
631	1.83071	43	64	#
632	1.89993	35	158	#
633	1.99764	19	180	#
634	1.83701	5	18	#
635	1.88546	18	79	#
636	2.14409	46	164	#
637	2.17874	36	166	#
638	2.80169	109	117	232	#
639	1.95308	212	240	#
640	2.28314	10	79	#
641	2.20442	172	179	#
642	2.1437	97	209	#
643	1.7444	34	91	#
644	1.87823	101	254	#
645	1.94916	172	240	#
646	1.70541	122	139	#
647	2.10231	34	211	#
648	2.78564	151	212	218	#
649	1.79896	192	198	#
650	1.99839	0	9	#
651	1.98078	204	207	#
652	3.11377	38	73	172	#
653	2.12765	119	203	#
654	1.92516	165	201	#
655	1.89038	49	196	#
656	1.75981	28	89	#
657	2.16811	163	182	#
658	2.03232	58	182	#
659	2.27511	39	86	#
660	3.9517	35	36	81	238	#
661	2.26816	98	189	#
662	2.07434	132	203	#
663	1.7758	134	150	#
664	1.94899	29	123	#
665	2.16327	54	74	#
666	2.68362	84	152	244	#
667	1.83577	93	182	#
668	1.83386	103	201	#
669	1.84557	132	207	#
670	3.16447	154	181	236	#
671	4.04906	17	69	134	243	#
672	3.14411	57	166	172	#
673	2.03498	22	118	#
674	2.07804	73	144	#
675	1.89313	3	213	#
676	1.99755	82	221	#
677	2.18013	162	237	#
678	1.93161	49	93	#
679	2.13644	115	188	#
680	2.09675	18	144	#
681	2.93168	11	86	218	#
682	2.58953	137	139	175	#
683	3.9588	28	134	200	206	#
684	2.0821	178	224	#
685	4.37625	41	85	199	250	#
686	2.9584	76	215	224	#
687	2.22798	30	192	#
688	1.92454	79	220	#
689	2.15076	1	184	#
690	2.18661	77	174	#
691	2.89107	93	108	160	#
692	1.90041	5	223	#
693	3.37365	148	178	255	#
694	2.08269	30	202	#
695	2.27378	3	86	#
696	2.09624	78	155	#
697	3.13655	226	236	240	#
698	2.18228	108	178	#
699	2.98146	122	134	231	#
700	1.73058	0	148	#
701	1.89823	122	184	#
702	2.21967	236	240	#
703	2.09729	12	98	#
704	2.07961	84	107	#
705	2.27655	216	243	#
706	1.73682	142	187	#
707	1.70978	132	137	#
708	2.26324	114	185	#
709	1.79264	122	238	#
710	2.79303	43	83	203	#
711	1.74169	72	128	#
712	1.75479	162	248	#
713	2.20162	175	185	#
714	1.95186	146	245	#
715	1.81533	121	142	#
716	2.29297	148	229	#
717	1.71414	12	206	#
718	1.90928	209	243	#
719	4.03728	4	99	128	138	#
720	1.70781	26	83	#
721	2.28309	33	135	#
722	1.89181	38	41	#
723	1.94463	11	91	#
724	1.76477	61	227	#
725	1.95758	51	119	#
726	2.22359	12	120	#
727	2.19623	85	93	#
728	1.71617	12	232	#
729	1.76946	55	168	#
730	3.20254	98	217	228	#
731	1.98749	48	189	#
732	1.90724	25	83	#
733	1.9893	109	168	#
734	2.00904	28	52	#
735	1.92103	44	192	#
736	1.76567	39	65	#
737	2.00918	136	151	#
738	1.9941	54	179	#
739	1.82094	106	147	#
740	2.2113	116	238	#
741	2.1925	10	58	#
742	1.72053	192	206	#
743	1.94827	99	160	#
744	2.19478	31	66	#
745	1.96297	231	245	#
746	1.94983	175	242	#
747	2.58419	85	151	168	#
748	1.94713	163	227	#
749	2.02817	176	223	#
750	2.28762	133	244	#
751	2.1356	124	201	#
752	1.96461	42	244	#
753	2.17665	22	98	#
754	2.22487	60	233	#
755	2.14178	12	110	#
756	1.76511	157	180	#
757	1.76178	110	199	#
758	1.8856	212	214	#
759	1.70588	0	85	#
760	2.18187	82	145	#
761	1.82523	9	245	#
762	2.13977	12	250	#
763	1.93079	103	224	#
764	1.9307	92	254	#
765	1.90873	66	240	#
766	2.29631	15	166	#
767	3.03024	9	198	225	#
768	2.26712	106	187	#
769	1.83439	119	166	#
770	2.16363	96	124	#
771	3.3545	55	170	221	#
772	2.06725	85	221	#
773	1.7577	145	237	#
774	1.74289	59	184	#
775	2.28768	13	154	#
776	1.93624	80	169	#
777	2.04993	193	242	#
778	2.2146	26	54	#
779	1.81579	93	217	#
780	3.31131	3	59	229	#
781	2.08905	100	244	#
782	2.21912	32	106	#
783	1.93223	44	202	#
784	1.96148	70	149	#
785	2.08566	7	181	#
786	2.05126	41	105	#
787	1.72306	12	164	#
788	2.23028	179	217	#
789	2.16347	81	83	#
790	2.22364	99	105	#
791	1.70887	31	214	#
792	1.91126	87	207	#
793	2.25303	15	53	#
794	2.05202	108	180	#
795	1.71638	184	242	#
796	1.70487	9	139	#
797	1.89982	110	208	#
798	3.36611	61	94	104	#
799	2.86122	6	88	197	#
800	2.13449	144	211	#
801	1.95172	120	190	#
802	2.24141	102	133	#
803	1.89283	148	166	#
804	1.98091	32	105	#
805	2.17503	21	84	#
806	1.9447	117	220	#
807	2.04337	73	128	#
808	2.15941	21	200	#
809	1.72186	158	188	#
810	1.98878	113	141	#
811	2.28152	46	199	#
812	2.15594	57	58	#
813	1.9804	121	176	#
814	2.1988	5	106	#
815	1.81222	89	203	#
816	2.12878	232	240	#
817	2.25081	183	199	#
818	2.98864	43	249	250	#
819	3.85239	70	153	227	235	#
820	2.22507	186	227	#
821	1.83571	208	223	#
822	2.27604	90	168	#
823	2.07799	107	144	#
824	2.23718	10	77	#
825	2.06853	130	255	#
826	1.94118	136	205	#
827	1.96671	78	107	#
828	1.90523	181	220	#
829	2.01991	30	61	#
830	2.72552	42	68	221	#
831	1.76585	41	78	#
832	2.14331	24	186	#
833	2.11266	136	249	#
834	2.14713	126	185	#
835	1.96953	45	173	#
836	2.26109	9	134	#
837	3.39578	30	64	194	#
838	1.84592	60	106	#
839	2.03567	33	114	#
840	2.12894	35	90	#
841	2.00636	43	98	#
842	2.15802	205	240	#
843	1.79499	143	162	#
844	1.99042	2	48	#
845	1.97688	15	80	#
846	1.9054	69	119	#
847	1.89915	9	186	#
848	2.17548	89	131	#
849	3.00833	25	46	69	#
850	2.16783	108	182	#
851	2.22287	151	213	#
852	2.12593	155	215	#
853	1.9413	75	119	#
854	3.89256	30	34	117	243	#
855	2.26232	34	40	#
856	2.2546	83	108	#
857	1.85677	105	212	#
858	2.15149	12	33	#
859	1.89043	105	250	#
860	4.25844	86	188	195	247	253	#
861	4.22082	25	185	186	195	#
862	3.03711	32	147	155	#
863	1.90859	149	218	#
864	1.88832	192	236	#
865	2.09048	41	208	#
866	2.10797	39	122	#
867	2.25188	49	220	#
868	2.15196	31	185	#
869	2.17986	13	99	#
870	2.24286	131	236	#
871	2.01897	43	59	#
872	1.98658	28	164	#
873	1.86153	2	207	#
874	1.7422	186	241	#
875	1.80424	31	145	#
876	1.96083	103	251	#
877	2.18551	102	128	#
878	2.18935	138	211	#
879	1.83928	112	167	#
880	2.1003	33	60	#
881	1.77002	55	204	#
882	2.15219	28	255	#
883	1.77756	137	207	#
884	1.96607	100	162	#
885	1.70411	86	141	#
886	2.73294	36	71	218	#
887	1.97091	237	251	#
888	1.70556	35	46	#
889	1.76598	62	63	#
890	2.01273	11	15	#
891	1.89597	178	208	#
892	3.04353	189	238	245	#
893	1.79307	14	142	#
894	2.79616	39	183	205	#
895	2.09928	39	133	#
896	2.08591	144	163	#
897	1.72761	55	167	#
898	1.98194	34	234	#
899	1.73434	60	217	#
900	1.9016	16	62	#
901	1.96661	141	209	#
902	2.14272	212	250	#
903	1.77607	106	136	#
904	2.19122	47	114	#
905	2.23125	131	182	#
906	2.29249	200	234	#
907	2.74452	91	206	212	#
908	1.77942	138	205	#
909	1.8108	93	110	#
910	2.12396	64	201	#
911	3.23567	99	103	155	#
912	1.89842	82	183	#
913	1.83407	79	235	#
914	2.17928	94	190	#
915	1.73411	203	237	#
916	3.3485	42	109	165	#
917	2.0311	44	107	#
918	2.8568	48	89	182	#
919	2.13861	122	235	#
920	1.7806	50	145	#
921	1.88848	110	156	#
922	1.86116	134	210	#
923	2.00222	83	215	#
924	2.21433	88	238	#
925	2.83576	164	187	246	#
926	2.09727	128	177	#
927	1.7143	41	110	#
928	1.797	73	201	#
929	2.23184	61	65	#
930	2.26586	12	238	#
931	2.1894	145	162	#
932	1.81803	46	112	#
933	2.24079	80	238	#
934	1.81908	95	97	#
935	2.09611	84	134	#
936	1.9744	146	218	#
937	1.72314	194	197	#
938	1.81775	18	40	#
939	2.17857	95	210	#
940	1.78484	117	160	#
941	1.81055	90	251	#
942	1.81025	37	103	#
943	2.75135	122	226	235	#
944	1.78281	31	177	#
945	2.28191	33	203	#
946	2.13	3	129	#
947	2.95923	123	156	225	#
948	1.83388	162	167	#
949	1.9613	134	203	#
950	2.24098	58	140	#
951	1.8046	11	115	#
952	2.91964	172	173	205	#
953	2.15172	164	255	#
954	2.25856	68	136	#
955	2.03007	79	129	#
956	1.94201	84	97	#
957	2.24342	26	91	#
958	4.30651	77	147	219	237	#
959	3.22609	7	63	214	#
960	2.05655	144	187	#
961	2.12852	112	229	#
962	2.85764	197	205	227	#
963	1.73517	209	226	#
964	2.25184	136	148	#
965	2.05449	160	241	#
966	1.71673	56	151	#
967	2.11631	3	141	#
968	2.60596	81	182	215	#
969	1.73273	135	185	#
970	2.1485	1	181	#
971	3.24833	23	109	159	#
972	1.72729	67	253	#
973	2.2544	24	142	#
974	2.09962	39	185	#
975	3.09515	117	176	223	#
976	1.95941	4	154	#
977	2.02309	13	141	#
978	3.26909	169	178	250	#
979	2.07948	89	150	#
980	1.7286	47	172	#
981	2.00388	76	119	#
982	2.08002	67	203	#
983	1.99274	17	141	#
984	2.24198	178	185	#
985	1.82076	56	77	#
986	1.83669	38	216	#
987	2.01777	9	213	#
988	1.91014	89	158	#
989	1.72603	116	134	#
990	1.73851	25	32	#
991	2.09465	122	137	#
992	3.0913	117	170	199	#
993	1.78871	55	191	#
994	3.31934	36	69	135	#
995	1.81137	69	98	#
996	2.21724	69	173	#
997	1.9615	70	76	#
998	4.1075	90	161	245	246	#
999	3.18035	20	221	228	#
