%% File generated by CATS v.2.1Mon Jul  4 11:09:39 2011

%% The CATS webpage is http://robotics.stanford.edu/CATS

%% PARAMETER SETTINGS:
% Goods: 500; Bids: 1000; Distribution: L6; Runs: 1; Seed: 1309806983
% Legacy distribution parameters:
% Number of goods chosen according to Exponential distribution (q = 5).
% Price chosen according to Linear Random distribution (low_linearly = 1, high_linearly = 1000).


goods 500
bids 1000
dummy 0

0	10686.4	102	109	164	167	185	214	252	290	307	407	476	#
1	4767.99	69	172	241	334	388	419	#
2	87.2319	61	#
3	2445.89	96	120	305	352	#
4	5626.56	180	197	268	332	345	372	#
5	2571.72	95	158	229	278	331	400	441	#
6	949.008	94	#
7	996.779	219	#
8	2728.46	109	400	485	#
9	5138.59	56	168	180	205	251	382	401	495	#
10	989.481	159	#
11	3114.94	268	274	313	333	339	389	#
12	8805.57	0	25	42	47	65	152	169	216	232	254	323	333	356	383	486	#
13	218.929	64	397	#
14	1106.41	106	286	308	#
15	1268.35	56	162	#
16	555.739	310	#
17	5914.61	58	63	255	327	376	424	458	#
18	821.884	209	#
19	630.674	313	#
20	4835.55	22	47	280	291	312	324	364	399	403	455	#
21	977.491	394	#
22	3219.52	30	51	105	129	130	229	236	261	383	408	445	#
23	1008.21	53	78	336	#
24	4493.98	95	336	343	376	408	456	496	#
25	3513.16	12	29	46	352	#
26	2978.92	14	150	296	448	#
27	37.1817	52	53	274	#
28	13962.2	45	74	89	101	138	184	192	221	254	362	366	376	427	443	482	484	#
29	1104.53	65	292	#
30	3611.3	72	281	301	338	371	#
31	490.228	225	#
32	3707.49	19	115	184	237	304	336	383	432	#
33	845.87	433	#
34	2951.14	15	262	338	#
35	977.836	110	124	283	285	306	338	342	393	403	412	416	440	453	454	#
36	14075.4	15	22	72	118	132	138	172	197	246	283	311	357	390	395	431	433	465	472	478	483	#
37	6941.61	8	10	78	224	252	265	293	366	428	#
38	1889.73	20	25	42	104	121	183	229	253	319	346	399	486	#
39	1200.73	80	97	148	162	313	386	483	#
40	635.384	222	#
41	2311.96	0	62	65	108	120	126	140	197	213	215	222	354	393	435	468	492	#
42	1100.95	78	141	272	317	446	498	#
43	10343.4	8	31	35	56	123	252	279	289	292	350	394	407	427	453	#
44	4305.57	7	9	133	154	493	#
45	1964.61	41	130	#
46	3575.5	33	34	102	132	146	293	387	463	#
47	642.275	18	199	212	254	284	314	334	405	#
48	795.15	14	#
49	3141.4	53	60	134	217	309	328	336	#
50	987.428	249	#
51	661.588	247	#
52	4297.54	156	299	395	417	449	#
53	1860.78	101	175	#
54	688.178	101	246	#
55	1739.48	100	153	167	297	496	#
56	468.715	139	#
57	1385.38	29	43	86	289	315	338	378	437	446	450	451	482	#
58	1495.01	361	464	466	#
59	671.022	266	331	#
60	9767.93	19	81	101	133	162	191	224	264	331	372	380	443	467	#
61	6035.26	14	93	117	206	224	225	237	248	363	#
62	1948.29	22	72	98	139	218	234	261	#
63	2312.18	99	201	228	308	314	327	340	398	416	452	#
64	46.5259	67	#
65	944.766	486	#
66	3436.5	36	163	317	467	478	#
67	1458.66	21	276	291	355	359	444	#
68	790.64	207	#
69	2309.26	26	166	186	230	319	433	#
70	2827.89	38	106	109	118	134	140	260	279	285	304	313	348	352	409	449	460	#
71	3958.78	29	50	150	218	227	252	296	#
72	5788.81	28	76	135	142	206	227	279	292	315	358	377	398	442	476	477	#
73	305.761	119	#
74	742.867	10	153	364	#
75	2013.3	130	147	215	245	379	391	457	#
76	915.159	6	#
77	270.984	71	#
78	4351.26	26	117	261	422	477	499	#
79	2219.98	5	10	57	71	81	99	178	189	258	268	274	289	306	323	335	344	395	422	455	463	480	489	496	#
80	9050.05	20	52	153	173	231	351	372	373	382	415	471	498	#
81	1035.61	208	210	#
82	649.998	307	#
83	2242.34	24	73	164	357	485	#
84	2694.17	161	247	249	269	306	369	487	#
85	846.644	452	#
86	1994.58	71	136	459	#
87	2824.61	140	194	243	281	#
88	2552.12	145	288	382	#
89	9406.41	9	11	18	31	73	96	102	131	135	154	156	185	188	199	206	232	260	332	383	409	424	435	446	456	476	477	479	484	499	#
90	170.761	233	#
91	315.135	279	#
92	10328.1	55	136	167	177	266	287	295	299	300	407	430	456	462	468	488	493	#
93	4913.04	101	137	235	266	282	350	470	492	#
94	3909.32	155	273	359	396	#
95	2803.02	43	185	332	#
96	5141.52	25	37	38	53	230	289	299	304	436	457	#
97	760.131	34	436	#
98	1484.65	22	202	287	#
99	1142.48	14	270	417	495	#
100	907.236	192	#
101	229.752	167	#
102	865.777	467	#
103	400.545	334	#
104	15619.6	25	40	55	62	90	189	196	214	216	217	223	244	245	258	263	299	319	333	346	362	373	402	418	425	428	440	468	477	#
105	1215.3	39	184	235	278	338	370	400	435	499	#
106	725.428	390	#
107	5457.98	16	26	46	84	86	165	166	173	222	240	247	306	318	389	406	#
108	4327.82	57	97	161	214	221	#
109	1259.78	269	290	#
110	622.868	289	344	437	#
111	35773.2	2	6	25	78	79	82	117	124	130	137	177	182	183	193	195	210	221	224	229	269	274	275	287	304	319	358	370	377	382	383	398	415	418	454	470	488	495	#
112	457.222	105	446	#
113	3034	147	236	303	310	#
114	2955.13	91	208	319	#
115	1619.15	4	11	25	51	174	260	304	402	#
116	1429.34	320	360	#
117	6336.27	2	7	157	280	356	359	466	#
118	1294.28	90	428	#
119	42873.6	222	255	311	8	352	118	108	116	112	120	82	74	27	438	59	69	313	380	88	325	285	152	276	372	452	360	365	140	151	44	261	10	98	106	462	453	266	434	345	0	188	414	334	314	456	340	328	183	459	#
120	2432.45	1	156	205	233	248	268	272	411	#
121	3235.4	33	64	113	326	393	#
122	3618.55	60	143	155	198	216	406	454	#
123	3326.12	61	82	97	160	169	195	227	250	281	340	379	383	442	489	#
124	2834.67	65	301	397	464	466	#
125	1913.74	387	468	#
126	629.377	122	#
127	6921.01	15	17	28	121	124	218	239	270	286	375	396	455	460	471	#
128	2248.92	52	203	232	439	450	472	#
129	1309.2	2	33	69	119	130	169	357	457	492	#
130	599.238	126	#
131	190.457	118	381	445	#
132	3108.58	37	73	327	406	#
133	1396.99	37	399	439	#
134	687.737	162	#
135	882.197	25	#
136	358.937	2	55	282	382	#
137	2923.84	282	359	366	#
138	2712.7	43	80	186	271	368	435	451	465	#
139	715.391	343	#
140	3562.84	105	168	253	378	#
141	3332.52	110	270	319	371	426	#
142	2860.3	13	78	130	326	398	493	#
143	1855.61	76	122	127	144	175	324	365	409	490	#
144	5437.36	70	114	135	168	176	223	397	497	#
145	1325.68	22	472	#
146	2466.8	51	80	151	167	#
147	1071.62	44	132	176	293	299	315	407	#
148	1645.33	135	343	424	#
149	1957.23	166	204	#
150	1468.36	27	85	134	182	250	361	396	#
151	4197.87	53	111	144	246	384	389	#
152	1580.25	15	41	46	115	178	196	259	291	297	330	360	383	407	460	#
153	2872.84	86	136	142	234	282	344	451	#
154	5947.2	146	264	335	380	404	450	455	#
155	4572.62	246	285	298	429	466	#
156	353.504	191	455	#
157	1654.1	5	128	180	294	337	351	355	377	422	437	#
158	2195.17	86	193	216	458	#
159	10333.2	62	81	87	211	261	307	335	391	428	436	496	#
160	2785.33	182	189	442	#
161	1602.44	61	145	286	#
162	1435.17	188	204	222	283	298	306	322	330	369	398	423	453	468	#
163	4492.59	54	56	97	169	234	338	342	395	413	414	#
164	656.393	103	#
165	641.055	109	146	155	176	478	#
166	2410.14	32	58	397	406	#
167	2310.31	88	99	491	#
168	3405.11	79	81	127	130	160	172	175	191	200	205	218	318	387	430	476	486	#
169	114.267	123	#
170	932.026	477	#
171	549.235	62	#
172	1181.05	336	386	#
173	2305.73	33	115	266	#
174	570.966	47	331	#
175	559.36	47	#
176	143.059	439	#
177	674.372	205	#
178	183.439	82	#
179	3964	9	15	16	19	189	#
180	7957.16	36	71	106	130	134	137	143	146	195	198	246	308	316	446	#
181	1647.17	16	68	202	336	#
182	112.822	160	305	#
183	1295.46	18	125	158	212	458	#
184	183.351	11	#
185	730.538	68	130	280	#
186	3499.12	57	173	413	418	#
187	6131.9	200	258	387	392	461	467	482	#
188	812.708	168	#
189	834.434	17	#
190	1904.04	178	225	229	#
191	2970.79	48	74	369	#
192	2432.14	197	241	315	#
193	3625.97	50	143	202	273	308	408	#
194	94.4966	36	#
195	2667.69	31	117	258	#
196	1343.85	103	146	406	412	445	#
197	1633.4	53	166	245	351	437	#
198	958.497	375	#
199	2497.31	92	215	365	#
200	567.039	454	#
201	2787.91	66	296	302	310	345	409	450	#
202	8323.55	12	23	83	102	107	115	122	126	148	164	171	201	202	239	245	304	326	345	367	392	396	401	408	435	459	469	476	483	499	#
203	795.654	388	#
204	903.257	441	#
205	5277.32	74	225	300	392	419	462	474	#
206	1335.06	76	414	#
207	1185.15	224	301	#
208	404.342	488	#
209	2011.02	22	25	317	415	435	463	468	#
210	15089.7	8	14	43	138	183	215	246	261	347	362	388	401	412	434	446	448	464	#
211	1349.81	224	356	389	#
212	9138.56	8	58	69	81	145	186	201	224	323	348	366	380	455	#
213	1566.78	56	344	#
214	2700.3	105	133	166	169	250	265	270	291	363	379	432	467	#
215	2883.11	91	153	166	315	351	433	#
216	726.032	277	#
217	4965.91	1	255	311	335	475	#
218	608.77	290	#
219	6846.56	12	22	38	56	81	236	321	347	359	393	436	456	474	483	490	#
220	3626.65	8	67	101	117	306	471	487	#
221	747.407	213	#
222	3286.35	2	245	301	491	#
223	73.6577	216	#
224	1581.56	60	132	149	150	328	472	#
225	1189.82	59	70	96	132	135	155	210	233	244	290	293	313	356	365	378	381	423	470	482	488	#
226	1704.63	361	453	463	#
227	102.116	231	#
228	1882.59	129	245	#
229	6720.02	0	74	90	170	185	220	272	306	386	495	#
230	417.379	150	326	401	#
231	815.969	100	259	497	#
232	2535	99	194	252	349	#
233	8169.27	9	23	38	69	146	151	162	201	249	259	271	307	327	#
234	480.65	141	#
235	1897.09	1	52	161	204	229	237	317	#
236	5949.77	52	69	142	335	363	418	432	465	490	495	#
237	4205.48	104	120	148	186	213	216	#
238	615.794	317	#
239	2967.57	50	86	275	322	351	#
240	1043.01	34	46	97	478	#
241	4262.43	68	90	175	180	182	197	246	252	280	309	310	399	431	444	493	#
242	7862.99	101	125	199	210	219	263	307	315	485	#
243	862.105	132	294	318	326	397	403	#
244	16758.1	10	25	34	56	98	99	100	121	160	165	184	220	229	232	234	279	295	309	319	345	353	360	361	393	394	424	432	433	472	483	493	496	498	#
245	1999.51	213	249	258	349	#
246	574.273	389	#
247	509.065	169	220	246	409	#
248	611.52	406	#
249	2129.84	40	151	155	#
250	929.938	309	388	#
251	1136.9	90	183	#
252	856.427	234	#
253	1880.54	99	171	345	357	#
254	142.165	51	#
255	2905.05	116	345	353	380	384	#
256	2185.43	68	109	215	219	#
257	198.549	358	#
258	4938.11	109	204	266	309	310	354	366	393	#
259	989.187	207	379	#
260	606.244	256	298	#
261	2466.51	50	418	489	#
262	2547.65	73	94	272	499	#
263	942.065	196	385	#
264	4501.61	204	312	370	470	497	#
265	3558	36	84	249	290	359	375	#
266	5447.13	57	190	209	264	332	401	#
267	91.8393	430	437	#
268	2806.73	71	124	168	334	340	354	#
269	714.753	472	#
270	3916.98	30	98	158	325	372	#
271	799.126	69	325	409	#
272	9914.54	25	31	97	101	155	179	208	238	273	276	417	419	#
273	1216.51	154	219	#
274	5329.31	44	48	168	180	221	354	499	#
275	2596.17	11	16	31	40	51	115	170	179	182	252	298	312	332	345	379	409	445	463	#
276	2784.74	44	115	194	314	326	349	360	419	433	477	480	#
277	15746.2	8	11	50	66	108	116	146	168	169	211	215	274	311	336	387	388	405	415	439	#
278	4959.16	69	126	127	139	171	290	356	417	#
279	5581.93	1	53	86	194	302	351	371	422	470	#
280	993.305	238	#
281	1617.48	13	275	498	#
282	6401.86	47	72	86	98	240	260	322	347	397	#
283	856.789	144	240	413	#
284	1104.21	162	183	#
285	392.602	104	#
286	9542.86	25	61	109	126	129	153	188	198	201	261	336	480	#
287	2438.8	195	296	494	#
288	6379.63	16	23	94	123	237	246	285	361	390	428	478	482	#
289	1829.87	25	400	409	#
290	2833.88	86	245	310	353	#
291	9568.91	67	75	100	155	160	219	305	316	495	496	#
292	4426.03	168	234	303	379	421	435	#
293	10480.6	36	49	66	68	106	175	200	258	296	397	456	490	#
294	359.005	127	448	#
295	2078.99	41	100	197	223	248	329	375	377	451	#
296	798.989	251	#
297	2255.54	84	186	226	229	307	365	393	#
298	11982.3	11	76	115	125	126	142	224	229	254	268	271	273	290	306	310	332	369	373	378	389	391	393	394	395	403	406	436	461	499	#
299	1679.59	151	203	330	353	442	443	445	#
300	2435.67	59	79	118	299	361	493	#
301	13676.8	56	59	183	207	216	231	242	253	257	362	370	403	422	485	#
302	1338.37	71	76	#
303	564.916	404	#
304	1664.47	0	243	#
305	2298.99	7	194	197	274	275	394	452	484	491	#
306	3595.33	26	69	130	388	391	#
307	5963.32	23	62	206	309	339	416	#
308	2089.77	98	129	143	#
309	4292.26	42	103	130	212	289	376	385	432	#
310	691.467	184	#
311	697.437	68	#
312	1903.62	109	162	193	201	229	250	368	398	436	465	#
313	1635.83	33	156	211	352	#
314	1176.05	100	333	#
315	646.902	45	#
316	1915.02	15	277	#
317	293.106	187	#
318	811.79	43	#
319	5090.71	53	188	219	254	402	420	450	488	#
320	205.346	65	359	#
321	4046.82	29	107	193	238	365	374	#
322	1981.52	3	30	69	155	165	179	287	318	319	423	484	#
323	3826.13	306	341	406	424	#
324	1029.53	228	386	#
325	9024.84	44	68	130	177	246	259	306	312	335	370	480	#
326	2655.34	78	107	125	153	323	341	369	#
327	3231.35	10	76	136	285	489	#
328	738.067	369	#
329	16530.9	17	26	73	118	122	142	153	201	231	259	293	305	348	363	405	414	437	475	499	#
330	1624.46	138	228	385	#
331	2760.61	103	152	261	347	365	425	#
332	3526.74	231	249	307	489	#
333	385.98	117	175	327	#
334	1548.01	54	76	119	200	246	415	466	#
335	8526.92	36	41	55	60	68	98	164	203	240	246	248	275	305	335	362	368	372	397	448	460	493	#
336	886.246	117	467	#
337	11.4271	261	#
338	239.196	412	#
339	7104.55	6	8	36	45	108	125	144	154	155	201	258	261	294	384	496	#
340	5628.42	161	168	300	333	463	482	486	487	#
341	2425.1	10	173	180	364	#
342	3451.81	346	374	380	397	#
343	4111.02	17	34	70	78	86	101	157	159	169	171	174	243	342	347	368	376	379	381	387	414	451	474	485	#
344	291.034	155	199	#
345	1717.14	50	320	329	#
346	149.319	444	#
347	2476.39	62	101	309	341	#
348	1700.09	140	143	#
349	2890.2	54	188	264	#
350	1902.45	4	327	481	#
351	2442.69	7	31	54	230	265	273	404	417	#
352	752.346	65	132	430	#
353	614.085	194	272	#
354	7431.92	45	149	220	251	288	391	397	460	#
355	8025.92	32	98	114	125	144	215	222	228	257	320	360	#
356	215.017	228	#
357	4986.92	41	111	139	441	487	#
358	17333.5	32	33	47	87	107	116	126	140	142	148	152	160	165	245	252	294	317	369	391	406	448	458	478	487	488	489	492	497	#
359	628.046	273	#
360	3299.5	85	196	334	382	408	#
361	5367.97	19	91	194	292	294	309	322	#
362	1975.41	65	183	#
363	356.982	344	#
364	956.846	183	#
365	1217.98	202	428	#
366	6726.02	18	81	85	123	189	320	417	#
367	7507.93	3	27	46	54	170	244	259	383	471	#
368	2323.62	129	406	472	#
369	3945.75	0	8	141	144	230	265	333	348	360	455	#
370	1711.55	123	327	351	#
371	525.704	108	#
372	958.602	374	#
373	9243.45	18	69	174	193	210	270	283	344	395	437	#
374	3757.58	68	77	220	423	#
375	1350.33	60	160	235	295	#
376	932.681	132	155	450	#
377	7987.31	26	160	224	233	239	243	246	297	313	323	399	469	#
378	1337.05	197	256	284	417	#
379	9914.06	107	119	196	232	252	275	353	390	395	474	486	#
380	685.261	101	332	#
381	1798.51	141	145	#
382	1510.42	64	217	254	271	480	#
383	1326.32	17	267	337	340	#
384	2918.62	11	230	354	#
385	417.161	357	#
386	215.592	77	#
387	882.412	4	#
388	7881.4	23	81	154	261	318	385	429	434	497	#
389	2314.24	32	123	326	380	#
390	8705.56	2	31	62	63	111	132	133	198	212	240	411	429	#
391	2666.65	6	228	229	315	#
392	2709.96	18	177	316	#
393	970.398	107	372	497	#
394	934.843	470	#
395	9945.9	80	90	111	145	155	187	275	286	306	363	394	429	495	#
396	7115.61	164	230	244	347	421	433	440	461	484	#
397	1008.88	9	67	77	120	144	331	357	398	#
398	679.298	98	#
399	1881.8	1	202	217	234	270	457	#
400	5453.45	46	279	399	422	476	489	#
401	3075.51	3	23	35	65	108	122	127	156	159	195	198	263	299	#
402	2925.23	21	286	452	#
403	939.276	17	145	204	259	338	#
404	4629.35	66	136	183	261	414	#
405	4065.54	37	100	216	364	399	445	#
406	1709.57	252	292	379	405	#
407	4638.16	50	93	197	225	290	334	359	426	#
408	1648.06	49	224	318	382	#
409	2538.2	17	67	235	241	247	297	340	344	454	488	#
410	872.626	281	#
411	1328.68	21	288	291	#
412	1092.73	470	480	#
413	9432.61	84	87	93	138	142	236	255	304	324	336	343	426	467	469	#
414	3299.42	43	147	286	330	474	#
415	896.407	68	206	251	342	479	#
416	2637.35	23	75	302	358	#
417	3958.64	17	262	306	434	#
418	1782.48	103	136	291	#
419	296.207	210	226	#
420	475.875	212	#
421	1603.39	7	15	28	34	100	201	229	330	438	459	#
422	1564.82	81	394	#
423	1455.98	114	377	#
424	952.729	3	198	305	#
425	5889.91	62	181	233	253	392	397	426	#
426	2788.87	324	391	405	422	#
427	2474.11	5	6	159	391	#
428	1192.14	182	248	#
429	1264.2	15	169	397	447	#
430	778.04	239	#
431	73.9049	397	#
432	5217.54	2	28	34	65	96	142	157	227	368	387	417	418	481	#
433	3248.48	14	75	159	172	#
434	3696.9	9	190	241	249	286	295	391	465	#
435	10336	0	12	54	165	226	228	274	304	376	467	496	#
436	11982.6	35	45	62	66	85	91	95	102	105	156	168	176	271	295	321	328	354	422	423	426	491	496	#
437	4565.31	107	143	179	193	237	342	379	#
438	328.289	44	#
439	2294.23	36	74	78	234	411	490	#
440	3463.09	16	261	356	497	#
441	418.082	37	72	252	383	#
442	1635.21	143	228	406	#
443	1019.66	31	92	111	226	278	351	468	#
444	1351.86	33	441	#
445	4371.5	24	46	103	181	246	271	331	#
446	2809.69	157	180	395	#
447	4715.57	63	70	210	230	248	264	329	331	414	479	#
448	17553.3	9	14	53	60	96	112	126	169	177	193	225	249	314	321	383	414	429	456	478	#
449	1152.1	63	170	#
450	18267.7	36	53	95	110	129	175	215	229	295	321	325	336	394	397	430	434	450	469	477	483	#
451	4816.54	114	120	143	170	386	477	#
452	28.1608	155	#
453	1832.9	353	355	390	#
454	621.658	356	#
455	394.288	263	#
456	297.033	7	#
457	184.499	226	#
458	1291.32	82	246	#
459	1320.61	54	236	#
460	93.0359	191	419	#
461	413.659	106	#
462	844.094	271	#
463	834.674	167	266	#
464	11492.1	13	39	44	48	74	81	123	141	149	189	222	223	248	257	307	309	334	339	356	401	452	479	#
465	10986	90	95	129	163	165	253	372	382	398	421	437	#
466	803.418	460	#
467	747.146	26	38	426	#
468	4817.54	35	50	251	271	354	361	#
469	3943.5	107	152	252	492	#
470	5590.55	110	181	257	305	310	330	344	350	356	357	382	466	478	#
471	1534.65	34	36	174	201	394	463	478	#
472	4133.96	69	222	236	309	377	435	#
473	2253.57	57	215	462	#
474	716.911	9	88	112	242	414	#
475	2300.96	89	337	373	#
476	375.564	401	#
477	4701.13	57	97	184	325	327	379	472	#
478	1257.16	26	286	#
479	1313.05	247	254	300	491	#
480	734.309	1	108	252	#
481	925.864	163	#
482	2531.49	84	119	365	378	#
483	999.531	214	#
484	11758.2	0	44	56	118	119	158	159	261	290	350	407	440	446	485	490	#
485	3072.71	48	77	133	417	#
486	5544.87	66	74	163	227	434	474	#
487	7948.59	7	8	104	126	143	228	239	263	306	332	366	441	471	490	496	#
488	2447.81	119	322	437	#
489	2207.91	206	347	429	#
490	4574.8	30	53	146	201	284	#
491	2793.34	46	99	185	193	212	235	260	312	353	382	482	#
492	1839.18	4	56	295	#
493	6299.52	36	78	144	263	289	473	489	#
494	1860.61	54	65	333	393	402	470	#
495	2359.06	85	286	412	422	#
496	1425.16	274	319	#
497	2547.7	64	296	305	#
498	6653.83	103	127	253	269	300	390	402	448	468	#
499	27.8015	135	#
500	1681.99	92	94	179	#
501	2584.72	24	180	222	267	#
502	6426.19	7	132	138	198	274	295	369	487	#
503	783.492	63	392	#
504	2741.16	89	150	330	407	#
505	3619.88	17	33	35	49	134	198	236	242	250	277	291	340	481	485	#
506	2713.72	90	212	256	281	479	#
507	2067.97	174	338	482	#
508	277.962	448	#
509	1258.15	40	187	224	420	#
510	664.564	293	#
511	694.428	40	#
512	3489.73	29	110	125	242	281	295	408	449	#
513	5413.69	84	146	159	256	448	490	#
514	2120.41	243	252	279	#
515	1863.28	17	22	64	102	188	244	484	#
516	363.347	274	368	#
517	8350.26	27	67	147	212	234	247	287	418	459	493	#
518	357.06	35	172	#
519	112.535	179	#
520	2052.45	204	257	434	480	#
521	605.246	429	#
522	925.964	142	#
523	2257.96	169	192	379	466	#
524	2068.7	151	253	316	390	#
525	7397.81	46	64	167	180	229	278	329	343	#
526	834.785	138	#
527	3090.78	18	65	188	213	229	332	347	447	#
528	982.657	407	#
529	2425.64	23	94	188	238	332	375	#
530	2635.03	40	45	188	485	#
531	1815.91	24	141	302	468	#
532	1111.19	13	276	#
533	7164.24	14	172	191	230	277	352	375	398	443	479	#
534	10488.1	145	151	215	254	259	269	299	301	394	445	449	#
535	3730.3	34	65	226	316	353	374	454	#
536	587.936	302	330	#
537	10819.9	77	107	108	131	141	143	190	259	262	278	313	321	341	393	404	463	496	#
538	4897.7	36	68	309	363	434	#
539	2628.76	11	36	52	164	#
540	574.397	223	#
541	1135.83	181	212	227	418	#
542	409.727	18	#
543	385.24	458	#
544	874.13	479	#
545	2286.6	15	36	51	85	120	128	247	251	292	395	#
546	1729.32	14	54	#
547	2203.9	1	127	228	248	282	287	325	#
548	16558.1	19	44	67	74	159	209	244	264	265	289	353	383	401	407	408	451	485	497	#
549	749.593	137	170	215	220	262	346	355	393	#
550	3451.14	28	30	87	90	186	198	229	259	284	359	386	401	409	428	442	#
551	439.135	380	#
552	1845.66	49	184	265	273	296	404	409	479	#
553	832.194	124	365	#
554	5156.87	41	85	103	381	432	452	490	#
555	178.31	248	#
556	5947.87	100	154	262	263	317	396	495	#
557	4539.31	0	58	221	357	399	#
558	954.982	473	#
559	5843.58	56	296	297	332	333	386	#
560	3936.19	38	179	223	328	397	#
561	4479.08	47	91	115	177	422	464	#
562	6628.94	12	18	97	106	109	125	143	178	338	343	361	388	#
563	115.785	49	91	250	326	363	413	#
564	765.482	84	405	#
565	2077.26	115	276	344	#
566	82.4962	194	#
567	3737.22	38	325	385	428	#
568	1787.5	93	263	306	389	#
569	1515.5	175	181	241	448	481	#
570	967.461	301	334	#
571	1963.18	74	475	#
572	1098.91	194	494	#
573	6925.74	36	147	159	169	174	226	287	331	375	392	416	421	#
574	2812.55	37	54	66	392	498	#
575	2293.13	205	314	345	395	457	465	#
576	9184.25	73	111	113	124	171	173	176	211	220	226	304	349	357	426	470	#
577	1200.38	226	229	307	452	#
578	4719.47	113	141	157	245	267	316	432	464	#
579	16250.3	0	23	52	100	124	139	168	204	214	306	312	315	338	369	422	429	453	471	#
580	1185.3	182	251	340	381	#
581	2822.72	53	91	449	#
582	1999.85	106	107	#
583	2933.97	31	178	219	496	#
584	624.134	365	#
585	6738.52	23	28	62	93	97	102	116	162	236	420	462	#
586	792.819	482	#
587	936.631	161	228	295	362	#
588	13354.4	105	119	170	215	218	251	262	263	279	319	355	410	413	427	431	#
589	2011.1	98	293	343	#
590	6363.33	96	106	181	191	277	406	494	#
591	8147.37	102	205	238	250	274	388	398	449	481	#
592	174.396	475	#
593	3404.93	133	160	249	273	324	451	453	#
594	987.357	52	191	487	#
595	1440.16	108	150	184	324	339	409	#
596	11407.4	19	51	112	133	217	222	261	292	307	309	360	421	464	#
597	2141.57	301	306	495	#
598	2949.75	43	149	311	#
599	17767.1	3	32	65	115	121	136	149	150	182	192	231	243	267	269	312	349	355	369	378	380	383	384	387	449	479	496	#
600	718.185	189	#
601	2743.44	150	258	323	381	#
602	5311.73	33	73	77	348	350	463	#
603	3511.16	63	77	131	138	156	205	219	221	275	293	304	306	375	397	412	423	436	451	452	#
604	2563.17	100	224	245	#
605	207.853	83	#
606	4678.35	37	184	221	263	346	364	#
607	4255.71	53	110	113	160	295	307	319	489	#
608	140.444	35	101	125	174	#
609	2421	98	210	266	419	#
610	1646.92	286	471	#
611	7720.48	74	115	124	145	198	218	368	391	#
612	913.22	150	153	287	440	#
613	1091.14	38	298	349	#
614	4745.37	131	158	358	396	410	419	456	#
615	226.177	149	#
616	1300.55	430	492	#
617	1295.8	2	114	285	406	#
618	2573.46	136	180	494	#
619	2540.96	19	133	134	214	230	295	319	#
620	709.653	161	#
621	1205.56	113	120	210	257	293	393	#
622	3224.92	13	41	225	333	405	484	#
623	15932.2	2	54	63	77	83	118	163	190	195	207	238	267	281	337	400	402	416	422	439	461	#
624	1837.92	181	372	392	#
625	4773.05	72	88	185	261	266	293	368	379	415	437	438	#
626	3936.77	128	161	261	303	#
627	781.29	108	380	#
628	1363.73	93	212	#
629	1627.99	108	165	216	336	440	#
630	1974.1	168	438	#
631	4834.1	11	320	404	406	450	#
632	8499.2	9	14	80	119	137	171	265	343	423	475	#
633	2460.17	46	202	203	274	411	424	#
634	150.49	208	269	408	421	#
635	6227.64	88	104	131	193	265	323	480	489	#
636	8396.9	95	112	153	204	231	286	301	348	371	#
637	827.29	129	#
638	2510.37	9	70	107	322	#
639	1411.99	54	81	224	233	251	295	339	364	380	383	445	#
640	608.831	190	#
641	3721.82	189	225	359	391	#
642	52.3931	495	#
643	704.881	15	#
644	266.85	131	#
645	1360.49	84	108	209	470	481	#
646	3815.17	22	59	225	264	449	#
647	17670.6	1	19	31	35	39	73	103	108	124	130	135	162	182	217	219	222	233	237	241	243	250	256	262	266	334	336	374	379	381	410	436	437	441	445	448	458	483	#
648	3420.6	86	159	218	237	360	426	462	#
649	429.504	101	169	#
650	223.374	172	#
651	3125.24	125	165	225	364	430	434	#
652	682.873	53	373	498	#
653	5516.9	76	168	260	278	320	389	499	#
654	3874.84	37	44	124	313	331	377	#
655	3784.02	14	64	76	141	150	202	271	367	393	443	#
656	1539.65	13	202	323	403	491	#
657	1798.76	247	349	#
658	11677.4	8	11	36	48	83	133	189	203	244	434	455	487	499	#
659	4483.33	0	134	135	137	153	159	171	202	337	477	#
660	2197.78	37	325	447	461	#
661	1546.28	84	283	392	401	#
662	16989.7	21	38	52	63	78	93	96	106	119	122	136	142	158	161	194	233	247	282	314	315	322	336	344	365	366	369	381	384	395	419	444	445	459	480	#
663	2431.97	25	135	146	364	486	#
664	1815.07	139	468	#
665	726.078	188	#
666	671.431	265	#
667	2583.73	147	198	284	307	384	429	489	#
668	1009.77	11	203	221	450	#
669	2558.04	337	407	499	#
670	5988.46	158	194	218	241	424	441	#
671	1755.64	57	171	173	261	286	493	#
672	3529.44	116	146	427	468	472	#
673	2913.85	125	150	152	190	462	470	485	#
674	1107.99	124	172	193	194	214	461	#
675	3778.75	15	176	211	286	#
676	278.717	221	#
677	5161.51	46	60	204	220	221	239	295	394	451	478	489	#
678	866.172	17	494	#
679	8500.76	32	91	101	112	193	212	217	318	414	#
680	6960.41	1	22	229	242	397	424	450	#
681	4695.81	107	110	152	180	183	331	411	421	#
682	1596.82	0	178	199	355	373	461	483	#
683	7092.42	5	18	28	84	93	105	178	287	314	325	404	#
684	6727.27	88	92	98	103	257	378	433	#
685	5818.29	1	18	30	41	71	108	119	143	168	173	176	178	179	180	184	195	213	218	224	226	284	289	292	309	315	355	359	374	410	412	418	420	443	484	#
686	333.072	26	#
687	4753	34	71	126	147	236	251	312	414	#
688	487.264	186	#
689	2676.52	121	133	164	207	425	429	#
690	1736.3	87	94	359	402	#
691	2006.19	12	69	71	185	261	358	#
692	2094.44	5	41	57	82	86	99	123	141	156	313	421	460	#
693	2762.75	213	256	270	#
694	3788.47	46	62	93	123	131	236	238	284	304	308	399	407	420	447	456	#
695	3785.66	56	95	115	128	#
696	1931.38	97	335	498	#
697	808.318	139	329	#
698	4558.58	109	228	239	321	356	#
699	3457.71	55	130	137	443	#
700	1618.96	16	88	295	359	#
701	4052.25	51	61	107	127	130	133	141	170	265	284	419	422	450	#
702	1464.08	243	261	370	#
703	6036.85	41	50	126	198	204	206	425	#
704	1942.99	31	207	272	316	341	375	#
705	3178.06	82	172	266	494	#
706	3373.36	3	28	75	231	268	368	407	452	489	#
707	4860.54	0	43	144	177	228	290	476	#
708	518.666	63	90	#
709	1128.48	39	206	219	399	463	#
710	2249.81	220	225	277	#
711	1077.57	6	230	#
712	2693.91	59	111	167	288	352	378	#
713	1315.29	419	451	#
714	4631.51	5	50	203	324	339	#
715	3028.89	26	51	88	102	162	253	289	316	321	461	#
716	2182.82	171	303	373	#
717	5197.53	40	145	185	277	284	392	#
718	3326.49	47	64	131	379	441	451	#
719	4794.26	26	67	154	254	298	310	481	#
720	860.368	28	#
721	7107.05	10	27	33	143	232	233	292	369	377	456	#
722	3393.83	94	326	348	424	#
723	3355.7	46	268	332	342	400	464	496	#
724	708.549	109	353	#
725	7837.05	28	73	303	304	319	329	349	351	#
726	3811.53	203	294	445	487	#
727	5194.94	111	207	222	334	421	447	#
728	1588.14	10	200	#
729	3698.32	95	102	188	321	#
730	2464.02	85	94	171	490	#
731	203.389	58	#
732	2718.37	335	343	425	#
733	6954.87	2	46	99	158	215	264	330	432	#
734	560.872	177	426	#
735	1404.74	125	176	262	#
736	4427.25	93	185	283	355	385	432	#
737	5670.28	6	68	72	160	237	240	256	300	372	494	497	#
738	265.235	46	274	#
739	3835.82	8	12	68	105	115	146	151	156	168	205	209	215	269	280	299	317	320	324	329	347	377	393	418	458	462	488	#
740	4189.13	19	85	130	231	283	445	#
741	1317.36	190	341	346	357	#
742	883.911	151	428	#
743	8648.03	70	228	255	281	329	377	447	456	470	#
744	1434.39	157	344	#
745	1515.18	3	6	69	223	300	336	463	#
746	1312.69	123	190	243	268	358	417	431	#
747	4494.16	15	121	173	183	187	302	361	371	404	438	#
748	2577.91	13	207	266	#
749	5834.32	45	58	138	255	311	340	387	#
750	1995.68	204	298	311	356	#
751	7956.11	67	106	203	254	271	291	406	471	#
752	825.554	10	365	#
753	5405.89	17	99	145	240	322	349	369	428	435	459	#
754	2658.65	106	129	209	294	381	424	#
755	1236.34	253	491	#
756	593.426	114	200	320	#
757	57.5891	125	#
758	576.944	221	300	308	456	#
759	713.675	286	#
760	2628.65	123	193	282	320	493	#
761	1413.45	195	201	#
762	5083.91	14	256	279	380	396	482	#
763	2524.31	83	97	147	430	#
764	2598.4	109	221	293	#
765	28.2309	419	#
766	1277.94	13	65	84	196	204	211	282	313	338	361	373	385	396	432	448	480	#
767	1333.53	0	22	311	#
768	2596.67	155	173	328	473	#
769	691.391	143	267	#
770	4403.03	15	158	208	293	419	460	491	#
771	114.268	278	363	#
772	878.006	46	137	240	270	280	286	298	499	#
773	618.657	38	260	320	#
774	4216.58	199	372	430	493	495	#
775	2539.1	22	185	393	#
776	480.844	104	132	#
777	6997.9	55	241	281	294	307	432	438	466	#
778	295.987	66	96	#
779	5833.7	14	73	96	122	304	390	423	#
780	1499.28	98	205	296	407	453	#
781	1265.43	114	225	235	298	466	#
782	6774.49	34	52	104	133	170	174	249	324	#
783	2864.68	51	127	140	#
784	1204.94	20	378	471	#
785	2168.86	42	255	270	290	305	439	#
786	2632.36	38	97	246	#
787	1490.01	13	17	19	130	141	161	162	241	252	276	382	455	487	#
788	10291.1	40	121	145	152	189	219	240	360	422	437	440	451	478	#
789	3771.03	4	187	205	241	#
790	1141.26	44	125	#
791	541.715	485	#
792	1239.05	16	142	414	434	475	479	#
793	6299.49	12	75	90	95	117	169	182	205	208	231	247	298	343	367	429	458	486	495	#
794	11203.7	7	67	258	262	267	274	285	312	358	404	409	432	495	#
795	1692.24	34	260	369	371	#
796	14672.8	2	81	153	175	180	193	196	208	392	408	418	429	438	462	465	#
797	941.905	65	355	#
798	3349.65	106	178	321	417	#
799	652.829	107	353	#
800	11739.8	29	55	85	142	176	238	249	259	286	306	332	441	490	#
801	5296.36	4	105	155	188	221	240	242	417	425	448	#
802	3079.67	38	42	221	264	342	359	414	427	477	486	#
803	1839.98	33	246	#
804	9448.03	13	37	181	241	247	276	325	345	348	360	388	393	426	430	460	467	492	496	#
805	5351.63	130	369	384	385	428	489	#
806	1231.01	145	389	#
807	2672.2	143	256	331	355	396	410	488	#
808	8662.19	18	28	53	81	205	264	395	458	471	#
809	2912.82	17	212	279	317	319	328	348	438	#
810	412.348	50	146	#
811	523.606	104	372	#
812	4675.72	39	130	150	199	263	#
813	3961.54	57	84	132	144	150	199	300	304	327	#
814	2970.12	57	391	448	#
815	1033.15	305	418	#
816	1338.18	266	314	346	492	#
817	3162.9	58	83	135	260	399	411	428	430	448	492	#
818	5257.26	55	83	123	182	229	253	401	414	429	439	#
819	932.016	425	#
820	2572.57	53	140	407	458	#
821	2436.48	65	73	109	161	162	179	233	239	280	305	306	321	374	456	459	#
822	1149.81	27	115	133	#
823	308.404	170	#
824	2525.66	29	61	121	143	280	301	310	368	400	423	435	#
825	1779.69	81	188	275	#
826	291.741	391	#
827	467.182	151	382	#
828	666.554	463	#
829	5230.78	82	126	145	247	433	496	#
830	3079.16	34	51	422	451	474	#
831	1462.67	42	136	337	353	#
832	4641.11	28	84	147	195	200	386	#
833	8736.06	0	13	53	62	89	169	174	192	199	206	215	306	326	328	359	363	367	379	392	417	459	466	468	472	473	484	#
834	160.111	347	#
835	2007.37	26	85	143	196	210	258	266	384	392	403	#
836	870.642	79	387	#
837	898.195	250	364	#
838	613.797	27	121	#
839	3713.89	182	254	293	352	380	472	485	#
840	7975.86	48	90	116	188	201	243	276	296	359	363	390	416	467	489	#
841	4374.46	39	71	73	114	461	#
842	5447.55	11	22	46	87	118	170	194	220	239	269	296	298	376	382	430	449	496	#
843	2225.98	59	121	155	225	399	#
844	2987.74	143	422	462	#
845	4944.13	11	183	401	435	451	477	#
846	1305.01	102	369	#
847	3702.18	22	79	100	105	115	121	162	189	210	304	338	#
848	3751.57	31	55	331	407	460	#
849	2994.78	25	31	32	57	77	105	127	136	147	156	181	235	256	291	350	428	467	#
850	1499.64	34	68	160	165	285	355	443	#
851	5071.62	29	70	94	123	155	189	234	253	#
852	956.636	51	88	465	#
853	5208.69	73	98	121	137	227	320	322	388	406	#
854	1624.05	220	445	#
855	2271.82	31	167	194	195	#
856	221.947	78	#
857	1185.36	15	138	227	237	391	432	450	#
858	4272.37	32	34	145	270	297	317	339	454	457	#
859	50.3555	211	232	413	462	#
860	2020.32	76	118	314	#
861	137.222	345	#
862	1574.19	27	136	200	230	268	388	465	499	#
863	682.025	185	#
864	477.958	93	#
865	1282.16	434	444	#
866	2699.49	56	86	181	209	283	322	342	373	#
867	7762.68	6	12	67	130	155	156	257	293	386	431	472	#
868	1400.89	162	480	#
869	2245.16	61	128	150	#
870	3582.73	60	84	173	430	#
871	1613.3	302	465	#
872	1464.23	93	357	#
873	1514.36	54	74	97	125	260	431	#
874	4865.37	40	42	77	147	160	180	187	192	213	239	370	376	378	444	#
875	1824.27	16	183	398	418	424	#
876	511.284	178	#
877	575.342	72	306	#
878	11774.7	10	134	137	164	166	215	269	270	286	302	446	448	489	#
879	704.309	350	398	#
880	4108.28	33	148	179	192	198	274	324	399	435	#
881	1907.65	169	332	#
882	4478.01	49	67	186	201	226	303	349	397	424	#
883	3029.85	114	143	234	288	302	305	332	445	#
884	5011.06	58	74	126	181	195	198	233	289	368	#
885	528.376	146	298	301	#
886	1381.05	192	204	218	#
887	2994.73	85	178	360	#
888	1204.8	3	51	60	381	433	#
889	3466.43	154	159	170	322	448	#
890	2998.06	9	79	94	114	163	217	331	445	#
891	3409.55	83	117	230	258	456	461	482	#
892	2747.92	101	228	241	#
893	9246.99	58	84	130	139	183	195	266	295	311	328	393	397	410	#
894	965.444	233	376	#
895	1262.41	154	213	397	#
896	8610.66	92	97	107	108	142	179	295	334	351	#
897	11358.3	86	91	98	101	104	116	125	128	161	168	196	200	230	257	272	278	292	295	306	369	#
898	1016.16	217	430	#
899	2645.6	208	214	267	443	#
900	1682.43	224	352	453	473	#
901	6823.99	50	84	153	174	254	280	475	#
902	1996.25	40	130	160	166	194	197	321	#
903	380.828	111	#
904	4558.81	32	60	91	113	307	352	380	381	388	399	425	431	438	476	495	#
905	3418.11	63	140	157	230	270	315	444	467	#
906	7928.8	68	74	83	110	147	237	325	334	476	#
907	9462.19	44	72	84	218	225	235	257	286	294	303	320	350	360	441	454	455	465	#
908	107.391	146	#
909	810.545	5	366	#
910	7713.23	71	160	282	337	364	371	409	413	429	455	489	#
911	1095.58	86	428	#
912	1015.88	22	216	229	#
913	2469.54	215	242	265	401	499	#
914	1585.78	137	216	297	300	326	354	389	442	462	469	#
915	660.878	174	349	#
916	2706.13	33	184	221	224	#
917	928.689	60	113	124	479	#
918	2762.43	51	89	212	271	368	442	493	#
919	2009.68	155	161	437	#
920	1964.55	285	488	#
921	2543.75	94	276	449	490	#
922	4745.86	37	51	126	171	235	494	#
923	4344.12	24	156	191	227	244	304	358	481	#
924	1430.2	344	361	#
925	3133.09	5	12	203	315	406	#
926	5992.08	59	84	129	158	222	357	#
927	2584.06	70	156	434	464	#
928	846.753	9	10	103	109	124	210	412	#
929	1131.75	40	161	376	390	452	472	#
930	4041.22	162	203	317	404	487	#
931	751.687	496	#
932	10271	18	64	81	100	133	149	201	219	242	281	288	341	361	374	375	408	439	459	465	490	493	#
933	12959.4	8	42	57	77	88	102	145	150	162	211	283	293	383	450	494	#
934	1771.91	41	110	139	265	#
935	4834.19	50	245	269	305	311	#
936	971.591	210	294	#
937	2005.69	140	153	396	414	430	434	435	451	469	#
938	978.019	57	262	340	341	362	393	453	#
939	8921.37	19	35	144	157	213	296	305	367	432	460	#
940	1175.54	6	71	140	434	#
941	2979.81	138	368	488	#
942	898.896	41	45	52	98	161	200	221	251	255	272	288	290	336	342	388	406	427	442	445	469	490	#
943	5445.25	85	100	223	247	334	438	#
944	1007.63	257	381	415	#
945	2165.58	129	207	327	#
946	9810.6	12	70	111	123	181	213	271	277	296	324	361	#
947	2092.69	11	34	37	97	103	127	129	139	168	173	200	229	279	311	312	322	325	346	350	359	372	417	418	461	#
948	2506.12	159	221	302	#
949	18852.9	6	17	52	139	141	230	262	296	320	326	337	351	366	382	384	428	464	465	474	491	492	494	#
950	6177.06	48	74	95	163	235	327	348	370	405	497	#
951	1288.74	91	215	224	241	265	326	368	#
952	4729.46	70	105	148	225	344	357	440	#
953	9639.33	29	31	84	121	152	164	292	300	367	443	468	479	490	#
954	866.421	34	126	200	207	365	424	#
955	2419	54	323	438	#
956	4357.04	45	46	57	68	118	212	229	306	307	422	487	#
957	3263.45	87	152	259	301	308	404	431	#
958	5351.94	29	37	178	269	328	417	#
959	3776.04	22	62	85	153	346	380	485	495	#
960	5491.85	70	108	126	146	283	401	468	#
961	2335.77	203	377	487	#
962	821.876	72	248	#
963	9777.55	22	38	94	100	136	162	317	325	348	431	442	466	#
964	1016.22	194	207	215	391	#
965	4755.39	67	89	167	175	177	230	326	374	390	409	482	#
966	1506.2	0	230	272	353	354	455	#
967	1927.6	157	335	#
968	10.3366	272	#
969	3555.6	72	337	443	459	#
970	1464.99	35	353	398	#
971	4348.57	7	156	195	228	477	#
972	2994.77	90	116	133	223	349	443	#
973	6882.2	14	71	97	106	132	180	289	296	313	476	490	#
974	2487.76	188	225	278	#
975	8746.56	30	49	66	83	89	124	195	249	269	295	304	433	473	479	482	484	#
976	4668.2	33	156	218	233	386	461	462	466	#
977	1666.51	194	199	202	357	416	435	443	446	#
978	1892.08	251	277	#
979	6288.52	29	33	44	65	69	177	306	433	#
980	1335.31	96	158	339	344	350	#
981	3152.32	90	201	211	216	259	280	307	345	410	492	#
982	2533.03	104	129	157	158	287	296	455	#
983	968.276	71	127	140	310	458	#
984	269.357	435	#
985	1276.16	2	154	183	276	281	359	422	#
986	4448.45	158	185	273	310	342	375	379	#
987	498.155	246	#
988	1646.41	51	72	111	#
989	3855.18	94	212	286	289	300	418	443	#
990	1614.28	41	260	320	366	419	#
991	3719.64	132	421	431	480	#
992	3332.96	85	98	223	333	355	394	#
993	2208.77	94	234	399	#
994	2067.4	70	75	81	389	#
995	943.696	171	185	385	#
996	1184.05	12	141	284	#
997	283.884	86	154	284	336	#
998	8288.08	1	25	195	232	267	272	300	362	368	400	411	471	489	498	#
999	2600.16	25	191	230	263	#
