%% File generated by CATS v.2.1Mon Jul  4 11:09:39 2011

%% The CATS webpage is http://robotics.stanford.edu/CATS

%% PARAMETER SETTINGS:
% Goods: 256; Bids: 1000; Distribution: L6; Runs: 1; Seed: 1309806971
% Legacy distribution parameters:
% Number of goods chosen according to Exponential distribution (q = 5).
% Price chosen according to Linear Random distribution (low_linearly = 1, high_linearly = 1000).


goods 256
bids 1000
dummy 0

0	1550.59	6	166	248	#
1	3385.65	13	19	29	51	129	131	138	154	156	163	164	218	221	#
2	4567.8	38	58	61	71	203	#
3	796.011	11	142	#
4	1452.67	2	154	250	#
5	580.194	128	#
6	2610.14	57	109	170	231	#
7	4513.42	24	61	106	142	168	202	#
8	4066.58	102	111	195	233	240	#
9	740.409	40	#
10	6846.22	2	27	37	58	69	78	80	170	219	223	255	#
11	1661.85	27	36	37	55	92	99	100	101	119	131	147	152	189	190	#
12	1523.83	84	90	123	194	203	249	#
13	933.886	176	#
14	619.15	148	#
15	1538.16	82	116	187	#
16	2543.97	5	45	72	85	101	116	158	169	170	229	245	254	#
17	738.494	243	#
18	668.464	23	#
19	11709	10	29	36	46	53	65	79	85	106	157	170	188	192	197	210	243	255	#
20	910.077	8	49	#
21	6481.1	5	29	35	43	54	158	220	#
22	2715.32	0	37	38	39	124	133	134	142	226	241	#
23	9868.49	61	80	98	134	148	194	197	202	204	216	243	#
24	2534.35	2	7	147	205	220	251	#
25	1067.89	112	148	#
26	187.68	87	#
27	1689.87	17	149	#
28	3963.33	13	100	171	199	235	242	#
29	13907.8	6	11	13	21	23	34	49	55	58	66	72	175	185	207	214	#
30	1046.58	76	81	216	224	#
31	221.104	8	#
32	747.128	215	#
33	1506.87	90	142	196	#
34	6111.97	3	39	75	144	165	176	212	#
35	3004.71	47	69	94	109	137	196	202	207	233	#
36	118.197	214	#
37	4616.93	4	5	60	190	220	223	235	246	#
38	3277.72	7	35	56	119	179	198	#
39	1380.88	53	129	132	#
40	3478.14	39	119	177	255	#
41	1119.13	113	172	210	239	245	#
42	3557.59	0	17	22	92	99	117	168	172	193	203	227	#
43	9888.23	4	54	76	79	102	138	170	180	235	244	#
44	228.038	42	#
45	1906.05	5	13	34	36	61	73	161	182	183	231	238	241	#
46	719.963	145	#
47	944.864	19	139	213	#
48	7571.44	43	58	100	127	184	201	242	244	#
49	491.087	78	#
50	2400.04	64	124	222	236	#
51	1541.88	134	240	#
52	950.127	219	#
53	1752.16	106	227	#
54	1456.31	1	60	#
55	559.778	98	#
56	1719.48	149	231	#
57	2355.61	117	135	150	167	#
58	432.148	103	#
59	1688.35	85	239	#
60	1273.84	28	40	80	91	144	183	192	#
61	580.369	48	#
62	983.964	67	#
63	543.258	114	#
64	845.177	242	#
65	655.788	139	#
66	4709.42	7	15	33	55	64	148	165	200	210	250	#
67	4727.19	2	9	80	199	225	#
68	75.3525	109	#
69	761.083	66	#
70	3219.73	58	161	188	194	238	#
71	906.052	46	#
72	3544.83	5	61	125	136	146	168	169	178	223	#
73	3790.9	33	137	169	225	#
74	5044.65	4	93	132	156	176	179	189	206	224	255	#
75	4825.33	19	86	110	150	222	#
76	946.514	39	#
77	6243.8	50	108	169	188	190	192	250	#
78	2435.28	3	15	21	48	62	70	213	238	253	#
79	1011.75	108	238	#
80	2283.68	12	95	150	#
81	747.174	115	#
82	2914.7	13	53	173	223	#
83	1183.98	40	96	241	#
84	2516.13	72	87	164	172	177	#
85	1591.16	72	153	167	#
86	715.92	146	#
87	6566.4	14	20	51	61	64	118	149	253	#
88	1502.27	0	64	168	#
89	2394.24	43	137	208	#
90	399.301	247	#
91	8810.26	58	67	77	80	86	92	114	137	167	208	210	231	244	#
92	931.938	129	217	#
93	5848.45	32	46	95	134	163	219	244	#
94	3784.88	24	98	142	151	208	#
95	2613.13	30	42	49	58	85	90	106	213	221	222	225	#
96	315.319	17	#
97	496.589	91	#
98	791.151	36	120	#
99	6768.36	46	66	98	151	162	163	184	225	253	#
100	2926.63	49	230	241	#
101	5639.64	5	32	50	77	137	164	223	#
102	9545.43	8	11	24	44	106	127	176	187	192	217	219	222	254	#
103	5688.32	42	66	85	138	189	194	201	233	#
104	1667.82	143	224	#
105	914.725	95	#
106	1872.62	133	172	#
107	11805.3	23	69	81	82	87	97	110	132	143	144	145	153	203	224	235	246	254	#
108	5092.21	4	33	102	144	204	235	253	#
109	120.451	205	#
110	178.896	76	#
111	385.176	209	#
112	480.258	61	254	#
113	836.65	195	#
114	2049.99	5	93	158	216	238	#
115	2731.7	42	43	68	74	81	177	#
116	1682.08	9	39	128	138	#
117	1173.45	108	243	254	#
118	2371.92	78	85	122	127	129	130	200	217	#
119	375.556	44	#
120	972.933	183	#
121	7430.94	33	42	96	107	128	191	204	215	229	#
122	870.861	149	#
123	1217.22	56	109	114	165	#
124	1248.66	111	182	228	230	252	#
125	474.595	4	#
126	2235.32	40	52	121	140	159	160	172	#
127	2552.69	26	99	120	163	206	#
128	3954.97	12	36	53	115	191	247	#
129	2540.46	38	107	172	196	208	#
130	851.105	45	#
131	1991.12	33	80	#
132	3401.45	92	100	170	176	227	#
133	9134.4	90	102	103	108	113	135	159	160	176	178	248	#
134	477.824	150	#
135	738.351	30	205	#
136	1928.11	161	176	205	#
137	321.656	239	#
138	156.28	18	#
139	1140.67	52	90	#
140	2881.62	54	79	133	154	204	#
141	890.089	200	#
142	4376.89	10	26	35	45	56	62	69	70	107	133	134	202	206	208	220	224	242	#
143	7676.68	16	23	30	32	47	84	97	126	130	158	178	226	254	#
144	2639.08	20	30	39	86	120	164	206	#
145	210.428	246	#
146	5204.19	37	43	109	145	155	170	#
147	977.38	97	#
148	761.704	207	228	#
149	887.038	31	#
150	1045.44	8	22	246	#
151	967.627	14	#
152	1223.61	11	116	#
153	1477.28	231	232	#
154	1322.66	2	14	39	41	47	62	84	110	114	144	168	172	#
155	14617.9	28	42	47	65	68	86	89	106	126	141	153	154	175	231	252	#
156	6142.42	3	4	29	68	86	91	95	111	113	121	124	144	157	159	166	195	217	227	234	#
157	2416.73	67	77	191	222	228	#
158	1231.26	87	93	135	181	200	213	220	241	#
159	3285.38	36	85	88	90	103	105	123	151	160	171	194	224	236	#
160	9436.47	17	27	33	52	57	88	118	128	149	208	210	213	234	253	#
161	600.848	29	70	151	199	#
162	3777.86	73	97	112	131	150	159	164	184	196	216	220	228	#
163	825.89	240	#
164	1292.53	26	30	66	152	201	221	#
165	1259.73	118	157	#
166	6598.72	41	100	110	117	155	162	166	188	199	244	253	#
167	6580.7	31	63	68	83	101	188	244	#
168	840.95	186	#
169	1121.39	58	66	126	171	#
170	12318.6	2	27	32	36	41	56	69	78	91	95	96	111	149	163	184	#
171	718.556	179	#
172	3407.14	10	13	48	113	#
173	4574.7	2	58	77	96	124	191	208	#
174	4695.71	6	152	228	233	239	#
175	1374.91	73	202	213	#
176	8217.78	3	4	31	45	56	57	112	135	140	148	149	254	#
177	12076.1	10	32	42	49	115	118	140	152	154	177	179	215	218	225	253	255	#
178	149.238	38	121	125	#
179	787.832	16	23	135	#
180	7915.66	4	8	38	56	67	69	104	105	159	200	216	245	#
181	1624.94	70	136	#
182	1924.12	106	224	#
183	3283.42	20	25	32	36	59	73	89	100	101	116	122	135	156	173	222	236	#
184	7949.1	21	40	43	72	154	199	208	216	243	252	#
185	1665.9	3	15	33	#
186	1850.67	88	101	#
187	11.2314	2	#
188	6547.21	3	22	33	45	96	130	134	137	170	173	202	217	#
189	1313.19	81	154	#
190	6200.77	5	12	66	67	81	96	100	138	153	173	198	#
191	12894.7	0	1	17	20	40	94	124	157	204	222	223	243	251	#
192	268.193	107	109	156	#
193	5435.74	38	94	123	131	149	184	195	250	#
194	2808.33	19	30	72	90	177	212	240	#
195	3171.56	24	117	146	186	234	246	#
196	1669.96	190	235	#
197	7861.53	31	34	66	96	100	124	140	201	224	#
198	705.604	59	60	122	#
199	815.785	175	#
200	731.406	63	#
201	3788.51	50	91	114	213	241	244	253	#
202	1988.41	119	166	211	252	#
203	8778.16	18	31	43	44	78	84	100	109	147	190	193	196	219	246	253	#
204	714.31	206	#
205	713.995	152	#
206	49.6949	93	#
207	2772.62	4	45	80	94	131	137	139	149	172	228	232	#
208	902.789	16	29	118	133	165	220	235	#
209	4011.03	59	72	86	111	116	146	195	197	210	236	241	#
210	5130.05	16	20	27	119	188	200	232	250	#
211	3165.73	61	70	97	250	252	#
212	5106.73	31	42	69	74	95	177	197	213	219	229	250	#
213	1438.61	131	185	#
214	898.653	216	#
215	765.115	85	#
216	729.457	47	#
217	162.509	9	#
218	1330.34	69	248	#
219	12185.2	2	13	55	59	79	98	111	117	121	188	192	227	237	241	244	#
220	425.633	104	170	#
221	7240.95	5	24	41	43	84	110	158	237	#
222	466.827	117	#
223	1034.03	114	218	232	#
224	1720.93	8	37	230	#
225	3774.35	180	188	225	254	#
226	5263.8	52	58	62	117	138	183	187	#
227	864.244	194	#
228	5025.32	3	18	37	80	81	107	108	126	130	139	141	156	159	175	176	197	207	210	212	#
229	411.384	36	#
230	606.638	1	41	157	#
231	985.599	141	#
232	1996.09	65	168	192	217	229	#
233	9977.83	1	7	54	72	74	75	79	82	94	98	126	127	129	144	155	165	171	173	180	185	188	199	205	206	219	228	254	#
234	1036.33	6	39	71	72	121	143	178	205	216	#
235	951.708	244	#
236	282.736	118	#
237	1879.17	78	159	178	210	234	#
238	1194.43	42	177	#
239	4246.2	7	24	39	46	84	140	160	#
240	1220.52	66	84	115	126	219	230	#
241	1791.68	8	57	#
242	715.461	28	#
243	1544.14	20	43	84	149	206	218	222	252	#
244	3523.25	1	2	26	176	216	#
245	7298.02	12	70	72	88	97	116	173	179	199	226	#
246	5615.96	10	78	109	120	121	192	#
247	1051.45	4	22	159	195	243	#
248	1762.72	61	136	#
249	1665.53	28	96	209	245	#
250	2971.77	5	70	78	135	188	#
251	7209.77	35	63	67	147	166	194	210	215	239	#
252	2948.86	26	36	44	63	81	102	129	149	172	179	237	#
253	2649.26	33	63	76	#
254	3955.24	0	102	125	215	246	#
255	1064.84	13	81	156	166	220	#
256	2267.97	11	88	104	#
257	972.543	232	#
258	2181.79	52	68	80	90	99	115	129	169	182	186	194	232	245	#
259	2897.5	59	61	220	#
260	556.775	191	221	#
261	2705.04	32	84	150	151	188	#
262	1623.55	102	106	174	233	#
263	13834.3	0	22	27	28	66	121	134	140	143	154	163	173	205	214	228	#
264	195.662	1	#
265	3626.69	23	34	55	95	100	203	#
266	1467.43	34	102	211	236	238	#
267	1177.7	75	92	99	#
268	5390.8	86	107	129	135	166	176	187	226	#
269	902.356	24	#
270	1279.76	33	93	166	234	#
271	7775.4	11	24	28	76	102	122	145	170	213	245	250	#
272	956.354	89	#
273	705.391	50	#
274	772.907	33	217	230	#
275	1170.39	72	118	#
276	1255.64	35	53	#
277	6396.46	11	35	81	84	90	116	176	192	198	207	243	#
278	5335.69	93	129	149	169	176	192	246	#
279	1889.7	45	67	#
280	18073.6	2	3	6	21	36	49	53	54	65	66	106	108	117	118	121	126	151	162	176	185	206	207	212	223	231	#
281	769.854	218	#
282	10936.4	25	30	33	49	76	78	112	121	136	139	154	172	188	#
283	6925.18	27	79	85	99	109	121	145	149	202	211	219	238	#
284	2056.41	104	107	136	166	185	217	239	#
285	4807.06	37	102	140	162	241	#
286	1874.46	162	247	#
287	2243.5	89	180	225	246	#
288	1367.49	20	47	246	#
289	3055.63	10	57	65	105	249	#
290	3795.03	52	105	153	202	250	#
291	727.798	188	#
292	620.111	110	#
293	1910.5	57	130	182	206	#
294	5654.58	2	5	45	136	140	197	#
295	4203.31	90	93	106	150	161	208	223	226	233	#
296	2653.28	88	156	252	#
297	2326.57	4	38	50	163	187	204	205	231	239	247	#
298	1816.73	47	48	101	185	216	223	#
299	1507.21	40	56	114	155	176	#
300	996.933	172	#
301	2408.66	74	148	246	#
302	2598.36	79	170	196	#
303	1806.15	8	55	94	143	177	211	#
304	25.4661	125	#
305	2345.03	103	203	227	#
306	1842.79	0	4	6	11	131	138	211	242	#
307	2421.13	35	59	104	151	226	#
308	2988.07	25	108	125	139	167	171	174	179	201	223	231	251	#
309	9413.01	14	21	27	41	97	106	112	130	141	148	157	186	189	201	250	#
310	2434.39	24	36	62	83	106	108	110	130	133	150	218	244	#
311	932.147	58	#
312	3591.16	27	44	116	118	144	240	#
313	3783.04	81	82	97	114	157	201	235	#
314	10641.2	1	11	23	32	40	96	104	117	119	121	125	151	153	158	172	184	254	#
315	9022.24	0	118	130	135	140	147	181	208	210	221	#
316	493.331	102	#
317	4949.11	48	65	70	101	103	105	139	145	202	224	#
318	6186.76	79	99	104	118	158	214	227	#
319	3211.01	113	130	143	221	#
320	687.281	30	#
321	247.987	108	161	191	#
322	2485.13	37	88	107	153	198	#
323	3553.1	4	164	168	242	#
324	3490.48	24	41	85	128	#
325	13848.2	6	9	10	15	17	24	26	40	41	42	57	76	78	79	98	100	103	104	108	124	130	149	151	159	179	186	189	193	200	222	225	230	237	243	253	254	#
326	1403.69	87	100	227	#
327	1785.73	97	222	235	237	#
328	922.838	15	47	127	195	#
329	9140.64	36	49	53	75	77	109	122	126	134	181	185	#
330	3053.98	26	83	174	246	#
331	715.535	140	#
332	2456.98	42	52	158	171	188	197	#
333	367.418	105	119	156	#
334	3742.91	10	28	38	214	254	#
335	704.213	101	#
336	2534.46	24	37	93	#
337	3877.17	17	46	49	52	90	127	129	130	144	152	166	246	#
338	1238.55	136	171	#
339	2677.33	58	120	255	#
340	22.9338	253	#
341	540.344	16	#
342	567.635	59	#
343	1210.66	59	136	142	#
344	11360.5	12	29	30	35	47	58	104	133	143	151	160	178	186	191	219	223	253	#
345	787.897	3	35	136	220	#
346	4251.89	28	30	33	40	43	105	115	131	152	155	194	217	249	#
347	4587.81	83	127	145	153	205	#
348	2124	67	141	169	#
349	3933.29	140	154	172	205	#
350	606.489	13	33	177	182	#
351	4320.52	2	38	124	170	237	241	255	#
352	2320.64	22	59	169	#
353	1603.32	45	94	131	238	#
354	368.308	203	#
355	2616.47	7	70	131	204	#
356	3796.51	71	111	166	218	247	#
357	1571.09	98	102	#
358	1058.66	136	143	#
359	296.89	174	#
360	1687.12	46	52	#
361	1649.07	139	174	#
362	1272.43	53	136	#
363	2210.46	5	76	77	107	137	156	170	189	240	254	#
364	2558.35	24	127	211	#
365	1156.62	100	152	#
366	824.633	193	#
367	309.586	19	#
368	591.74	80	#
369	1476.41	4	42	#
370	1076.3	156	200	#
371	18676.2	3	11	18	24	39	58	93	95	102	103	129	130	150	162	180	182	192	230	249	#
372	18069.8	6	10	13	21	30	50	58	65	74	79	87	92	96	104	107	128	131	133	153	156	167	191	192	199	205	217	218	220	#
373	1098.71	160	247	#
374	5473.65	20	138	146	147	201	230	236	#
375	2497.24	63	112	117	130	142	203	#
376	10639.7	22	45	50	54	63	136	165	186	193	205	218	223	232	#
377	10737.9	11	20	25	29	50	67	72	84	117	140	169	202	249	#
378	975.011	162	#
379	804.188	27	177	#
380	636.41	49	#
381	878.582	22	129	199	#
382	973.657	186	243	#
383	798.904	3	160	#
384	2541.08	32	165	242	#
385	1322.31	97	237	#
386	3494.09	10	141	144	157	#
387	675.973	92	#
388	920.65	238	#
389	1039.03	104	113	124	194	#
390	759.165	159	#
391	1559.25	65	138	163	184	202	206	218	#
392	1639.3	49	253	#
393	815.582	72	114	#
394	13.9961	204	#
395	4008.47	11	100	116	189	195	223	231	#
396	699.88	33	128	#
397	2087.38	28	63	75	#
398	2006.13	6	45	49	#
399	1997.19	181	237	#
400	1024.62	9	222	244	#
401	1410.4	63	93	167	245	#
402	1556.11	163	211	#
403	48.7103	157	#
404	3679.74	22	71	187	194	#
405	550.743	56	70	#
406	2406.97	7	44	174	221	#
407	1597.82	63	87	131	242	#
408	1974.41	95	204	#
409	1700.09	30	136	#
410	9837.19	3	45	72	107	125	128	178	191	200	235	236	#
411	5211.21	2	21	42	144	148	157	#
412	6959.62	7	13	20	25	31	83	101	156	201	210	222	#
413	1715.34	25	58	75	101	114	138	151	152	162	208	216	#
414	657.487	5	158	173	#
415	2196.08	4	37	61	144	155	236	245	#
416	542.501	158	#
417	4839.41	19	25	131	172	201	250	#
418	754.696	137	#
419	708.226	129	#
420	849.783	74	#
421	1669.82	16	80	207	220	248	#
422	6954.76	14	53	66	105	109	183	191	#
423	8854.51	1	8	16	35	42	89	110	125	132	137	138	145	148	173	188	197	240	#
424	1737.05	13	14	49	60	#
425	6901.91	59	63	70	174	186	217	228	232	#
426	1092.95	90	141	171	218	#
427	591.905	64	#
428	2316.98	96	141	168	187	211	#
429	14028	21	49	53	90	91	94	96	121	122	128	136	143	179	234	240	254	#
430	1995.83	4	100	172	219	#
431	8963.25	27	47	54	77	79	88	103	104	109	125	132	136	146	148	158	193	194	207	219	245	255	#
432	618.306	4	249	#
433	1489.44	29	60	87	121	138	186	196	#
434	14360.3	6	9	28	42	45	49	50	73	76	101	113	140	152	196	217	#
435	427.224	43	#
436	2241.35	56	59	164	212	#
437	2532.69	29	108	225	#
438	905.025	191	242	#
439	8950.97	0	15	17	23	48	69	70	94	109	142	167	215	221	228	229	244	#
440	2801.06	81	85	99	102	151	162	166	167	169	223	#
441	844.611	123	#
442	2160.75	4	89	231	#
443	2125.49	5	11	46	55	125	137	149	161	185	204	215	#
444	4514.67	17	38	39	51	96	121	171	231	#
445	644.635	229	#
446	357.776	99	#
447	7706.77	5	13	15	40	54	62	123	137	168	174	175	183	207	237	#
448	3398.73	48	49	115	214	#
449	3446.11	111	112	167	194	#
450	1428.97	25	158	173	212	#
451	634.754	81	#
452	10156.3	5	27	35	36	60	67	72	79	84	93	105	134	189	245	251	#
453	6028.74	0	41	80	88	96	200	238	#
454	417.65	167	#
455	137.647	173	#
456	3151.56	13	19	118	146	166	177	205	#
457	1774.1	85	121	182	235	#
458	1981.07	188	249	#
459	7287.3	41	48	72	94	97	108	152	155	193	205	232	251	#
460	4784.2	125	140	180	189	254	#
461	4277.81	10	74	79	87	104	116	154	169	251	#
462	3300.46	31	50	59	116	132	#
463	8203.73	51	55	56	61	80	99	100	101	113	150	151	163	165	216	223	244	251	#
464	3267.04	62	68	108	160	#
465	3766.02	201	212	229	246	#
466	255.37	237	#
467	6498.71	5	26	55	63	80	127	130	132	187	200	244	#
468	2758.81	4	22	33	41	65	72	93	213	232	#
469	1730.77	39	67	78	103	130	201	213	#
470	1323.47	34	181	#
471	8368.44	35	44	85	119	148	156	174	176	182	194	213	221	#
472	1954.21	143	148	153	200	#
473	4163.87	22	98	149	186	217	#
474	39.08	130	#
475	5935.32	4	24	64	84	136	143	160	164	199	223	#
476	1183.07	2	115	#
477	705.546	255	#
478	1646.34	73	162	252	#
479	754.856	25	#
480	1833.02	95	114	118	205	#
481	4036.41	5	46	79	108	175	201	249	#
482	1372.04	96	124	181	231	#
483	4049.52	26	67	83	104	123	139	175	210	224	255	#
484	6824.18	0	7	23	27	42	48	49	57	70	75	96	132	171	183	190	205	228	229	241	249	#
485	2665.99	13	88	185	189	#
486	3894.85	28	56	73	83	120	146	190	#
487	1799.17	204	234	#
488	1125.36	0	26	67	73	107	123	151	169	201	237	#
489	5758.02	14	23	108	130	170	181	217	234	236	#
490	817.16	165	#
491	1419.84	64	124	237	#
492	1242.66	24	83	193	203	232	233	251	#
493	988.558	52	167	#
494	707.004	233	#
495	688.284	220	#
496	2620.42	147	159	179	#
497	415.572	33	#
498	1903.42	12	82	108	181	190	#
499	880.051	82	144	185	#
500	1250.08	4	45	73	253	#
501	3871.71	58	84	110	115	138	#
502	1034.85	145	147	#
503	2132.89	7	33	37	115	141	215	#
504	4251.92	5	33	40	41	62	103	109	115	122	124	143	180	183	206	220	#
505	3778.96	109	110	129	142	224	#
506	512.985	160	#
507	3490.11	48	65	67	95	127	173	218	#
508	599.664	134	#
509	2288.79	97	108	138	198	#
510	1670.79	19	26	49	58	70	86	87	96	157	160	178	199	#
511	1469.39	23	160	214	#
512	1541.82	23	124	215	#
513	9095.5	16	18	49	62	73	85	90	104	110	121	162	178	232	236	252	#
514	673.12	164	#
515	232.488	190	#
516	1415.58	67	78	152	214	228	#
517	4693.94	0	79	97	108	139	213	#
518	821.324	225	#
519	2404.54	135	155	222	#
520	4563.46	32	95	156	179	209	#
521	9598.69	6	8	21	35	36	64	73	88	91	97	116	118	145	162	183	186	188	209	#
522	4832.02	4	33	66	94	114	125	152	223	245	#
523	6234.98	150	175	180	191	229	247	255	#
524	6460.59	91	203	221	226	229	249	253	#
525	8533.78	34	36	40	62	73	74	77	118	129	149	185	249	#
526	1854.12	40	85	150	151	214	#
527	7745.51	57	75	160	162	170	205	206	215	217	230	231	235	244	#
528	531.797	3	#
529	510.341	182	253	#
530	1739.23	196	225	253	#
531	2094.55	160	208	237	#
532	2212.78	39	141	167	#
533	3474.23	1	13	127	160	196	#
534	5439.79	10	43	57	159	219	241	#
535	5060.97	38	110	118	166	185	242	#
536	2628.1	30	125	164	#
537	6374.76	24	150	197	215	223	245	251	#
538	2397.11	9	14	26	177	211	225	245	#
539	1820.11	51	77	165	#
540	875.874	79	#
541	837.256	108	190	252	#
542	2791.93	1	50	117	#
543	4783.73	97	146	189	230	255	#
544	1212.08	7	10	34	67	95	111	113	183	222	227	249	253	#
545	1299.33	41	53	68	82	87	114	146	166	224	#
546	474.925	201	#
547	2348.01	87	104	152	173	174	177	200	226	235	#
548	2360.46	11	138	156	207	224	#
549	1084.18	203	225	#
550	9866.58	11	15	19	23	37	49	65	66	86	90	109	122	175	182	187	194	196	240	242	#
551	1903.77	117	118	129	#
552	1400.4	67	137	200	#
553	6167.53	28	79	102	133	198	201	246	#
554	9987.63	21	30	31	47	57	68	106	111	152	158	175	203	#
555	437.796	178	#
556	1745.08	46	187	#
557	12813.1	15	27	28	62	72	148	165	166	196	215	224	237	239	247	#
558	1584.28	27	252	#
559	600.57	184	#
560	747.802	114	120	#
561	913.578	69	#
562	3097.73	49	153	205	208	#
563	1637.75	55	128	150	199	252	#
564	2204.47	4	174	222	#
565	2616.64	35	57	76	77	156	170	235	#
566	1898.71	10	198	225	231	#
567	575.438	12	#
568	1059.68	91	113	#
569	2114.76	12	35	41	46	63	67	98	114	137	181	216	#
570	3718	17	103	220	230	#
571	3695.09	38	75	83	135	178	186	231	249	#
572	1736.9	39	65	172	#
573	4195.05	17	146	154	168	204	#
574	1056.78	118	226	243	253	#
575	2063.93	63	107	147	#
576	6355.34	3	23	81	87	106	108	158	160	169	207	#
577	1633.05	38	159	#
578	2441.01	28	63	146	#
579	4971.26	0	8	39	136	142	237	243	#
580	9410.27	6	14	21	71	121	149	166	184	211	219	244	#
581	1112.29	9	188	199	#
582	4894.02	9	72	126	212	237	#
583	1664.22	184	220	#
584	1564.12	115	191	214	218	225	#
585	706.549	228	#
586	10151.8	26	33	43	59	66	67	82	114	119	143	161	164	170	180	186	192	201	219	#
587	6319.7	31	51	71	91	126	162	166	#
588	6571.61	1	27	83	111	118	128	129	194	#
589	4340.02	21	65	67	165	183	192	#
590	4802.35	57	121	125	127	129	154	162	203	#
591	2428.38	59	170	238	253	#
592	1945.36	6	162	#
593	1101.52	43	95	201	#
594	989.671	124	#
595	2307.25	44	95	104	107	163	215	#
596	2136.38	39	40	94	123	197	#
597	1365.36	42	46	77	82	117	120	149	#
598	1386.4	63	179	#
599	793.258	112	138	145	#
600	4887.4	75	79	93	110	112	#
601	1634.61	74	219	246	#
602	6694.26	8	10	46	93	94	103	120	161	163	185	#
603	17.1163	26	83	#
604	2840.4	31	52	183	#
605	1860.77	112	165	252	#
606	4135.64	1	34	76	86	129	153	200	#
607	3271.51	31	44	52	54	214	#
608	1541.32	5	21	33	48	124	146	153	216	#
609	7182.73	28	34	40	56	74	95	108	219	#
610	2639.61	111	188	189	204	#
611	332.716	62	130	#
612	4432.77	14	68	76	212	250	#
613	1033.66	54	84	166	#
614	3096.16	8	28	94	111	249	252	#
615	2037.83	69	156	180	#
616	1044.32	49	59	161	#
617	3468.4	27	55	98	175	178	199	251	#
618	1719.66	166	244	#
619	2608.27	7	49	75	129	#
620	435.888	55	#
621	1558.22	40	164	205	208	#
622	2078.11	19	79	147	#
623	6554.79	43	91	110	130	139	157	222	244	#
624	1366.07	38	217	#
625	607.52	226	#
626	8252.57	26	33	36	57	75	77	94	168	178	192	242	251	#
627	4235.11	6	113	127	128	191	#
628	13950.5	32	38	55	59	70	89	94	126	141	150	156	168	219	224	236	#
629	2468.97	23	29	43	59	66	70	101	103	117	186	205	209	210	255	#
630	1500.09	0	3	38	39	60	85	188	203	217	243	#
631	3459.25	3	14	22	29	43	93	138	141	157	164	205	207	240	245	#
632	1028.73	17	39	55	236	#
633	5992.87	20	25	79	99	141	204	#
634	1362.96	163	178	#
635	1724.52	107	118	#
636	3043.49	30	70	76	88	199	231	#
637	731.57	248	#
638	949.485	54	136	#
639	10539	1	34	47	58	73	81	115	118	124	125	143	160	195	216	224	244	#
640	4957.29	72	81	112	119	121	164	175	176	206	252	#
641	1670.9	99	152	167	#
642	3325.58	42	52	149	187	212	249	#
643	1502.39	155	239	#
644	4846.88	0	45	91	141	155	159	198	203	#
645	311.617	234	#
646	5856.08	3	46	66	95	98	115	215	#
647	4136.12	15	91	116	124	147	162	182	217	#
648	1429.8	33	170	230	#
649	2533.13	67	98	104	129	132	147	152	154	169	181	201	202	240	241	#
650	701.978	231	#
651	2865.92	14	52	63	71	74	94	156	175	192	246	#
652	1327.78	58	70	226	#
653	1705.65	18	100	167	206	252	#
654	2059.09	9	31	128	220	#
655	829.696	60	248	#
656	932.981	121	152	#
657	3939.96	37	59	64	158	195	#
658	1302.82	72	188	#
659	197.078	68	#
660	781.857	21	87	191	#
661	3943.86	2	87	109	119	135	152	231	234	253	#
662	1463.95	75	132	158	176	#
663	3771.08	13	16	17	77	85	183	#
664	2916.03	13	14	57	91	103	190	#
665	2473.15	12	90	173	177	191	192	206	208	#
666	4075.24	18	36	69	94	123	#
667	5384.13	8	35	41	72	111	131	142	252	254	#
668	981.063	48	151	#
669	1812.67	34	44	64	81	172	195	206	#
670	1695.14	14	19	51	64	#
671	6448.54	41	46	53	70	118	136	142	233	#
672	2023.33	62	93	252	#
673	3168.63	35	57	77	110	152	164	177	220	#
674	2142.58	2	36	37	92	175	#
675	5921.13	102	106	108	185	228	231	252	#
676	2634.66	30	43	72	77	119	151	208	#
677	6876.74	21	26	29	30	39	45	89	122	154	211	212	233	#
678	5364.05	19	140	157	193	223	227	#
679	1897.57	1	8	11	12	59	132	182	202	204	243	#
680	6875.38	9	69	77	144	145	151	223	#
681	3263.4	12	26	30	57	77	82	92	105	211	231	#
682	3184.81	101	122	144	184	#
683	6943.14	0	20	53	62	86	124	144	151	200	209	211	#
684	4089.12	1	5	100	111	242	245	#
685	6819.16	25	33	35	52	83	86	121	133	137	155	162	192	204	#
686	5560.84	12	21	47	87	203	225	240	250	#
687	4065.89	31	80	90	96	102	245	251	#
688	1350.03	69	213	#
689	639.234	18	118	#
690	8199.85	6	18	33	56	61	105	118	119	120	122	124	129	145	159	172	177	182	187	203	222	247	#
691	3618.92	6	83	107	117	119	149	154	195	#
692	1507.63	223	229	#
693	1765.83	3	97	100	238	#
694	3657.35	17	112	177	180	#
695	10770.5	5	15	33	44	165	180	190	225	239	248	255	#
696	623.269	0	#
697	570.657	27	#
698	2932.71	4	28	48	53	93	174	180	191	226	239	#
699	7339.86	46	87	95	98	124	149	152	210	228	#
700	2211.1	164	170	178	#
701	6835.83	7	25	86	192	198	212	241	246	252	#
702	1710.66	35	96	#
703	3322.36	3	13	126	160	177	245	#
704	4752.8	95	107	125	185	233	#
705	8808.88	20	30	67	94	125	138	169	190	220	241	#
706	93.1513	60	187	#
707	3691.55	13	19	35	48	69	129	145	148	150	158	171	175	198	222	231	#
708	1197.22	56	192	223	#
709	246.164	185	#
710	578.997	94	#
711	326.971	68	168	208	#
712	2949.8	42	49	104	#
713	2844.38	163	235	251	#
714	1712.93	54	59	141	183	242	#
715	2382.15	94	224	234	245	#
716	4454.31	73	182	202	208	210	#
717	1259.82	37	48	86	216	#
718	8075.7	5	41	65	78	93	138	154	179	223	#
719	10363.8	16	25	42	63	99	113	116	219	236	245	249	#
720	1035.58	9	12	43	103	181	210	240	#
721	15001.2	1	11	24	72	75	98	101	113	125	128	143	152	185	204	213	245	250	252	#
722	1866.3	3	53	56	66	219	236	#
723	1757.37	5	240	#
724	9755.09	40	54	89	93	118	121	134	141	155	157	#
725	5285.46	7	11	33	69	95	102	149	155	161	190	#
726	9762.31	10	34	59	124	128	143	158	193	201	216	#
727	5026	11	28	73	89	95	97	132	149	196	#
728	1912.59	21	43	51	56	108	112	#
729	1085.23	87	116	134	137	208	#
730	2814.54	17	98	166	217	#
731	1687.47	74	127	150	213	#
732	4123.32	0	30	97	119	186	193	196	229	233	#
733	11519	15	47	63	80	111	121	133	135	158	191	220	255	#
734	3323.51	56	59	67	68	#
735	201.498	82	#
736	10496.4	1	18	43	68	75	113	136	149	175	208	229	239	#
737	1475.19	72	146	#
738	969.951	2	225	#
739	4420.09	53	101	182	215	217	#
740	1016.94	36	118	#
741	2454.93	2	18	21	69	117	158	165	188	223	#
742	4868.31	42	49	104	153	159	203	209	#
743	7457.2	45	87	89	118	187	206	230	239	255	#
744	1693.11	3	47	75	138	144	155	213	228	#
745	9142.6	6	23	63	74	83	128	147	172	175	189	203	217	224	230	234	244	245	248	#
746	519.585	217	#
747	5766.25	24	26	47	141	196	213	249	252	#
748	9721.05	18	160	166	172	180	182	204	219	225	231	#
749	1186.05	118	120	134	#
750	1743.34	50	93	127	167	216	#
751	4579.98	15	79	99	111	119	220	#
752	5798.83	66	79	101	112	121	127	198	242	#
753	3829.2	30	36	45	49	52	56	88	90	91	102	114	119	133	136	138	168	170	221	226	245	#
754	6301.64	0	6	41	96	111	208	217	#
755	2810.13	67	192	217	#
756	1005.14	28	34	39	76	77	90	105	208	219	241	#
757	2717.64	12	55	85	#
758	2659.69	10	12	31	47	75	116	142	149	202	254	#
759	8003.43	97	124	133	139	162	184	198	210	228	#
760	837.159	7	20	100	195	#
761	1302.46	6	156	175	229	254	#
762	16304	1	10	27	42	45	58	64	70	71	79	84	86	94	98	101	111	119	122	135	138	141	143	145	147	151	166	183	190	191	193	203	211	233	237	244	#
763	988.398	7	31	44	83	#
764	2403.09	36	94	132	244	253	#
765	3142.24	91	120	168	244	#
766	2565.75	25	138	193	#
767	401.326	7	#
768	1422.67	7	17	44	245	#
769	1287.91	19	54	90	104	#
770	4917.12	31	93	96	109	132	154	173	175	181	198	237	252	#
771	3478.36	73	91	114	156	198	#
772	3714.92	17	43	126	166	223	#
773	5034.96	6	7	9	11	20	29	55	68	72	80	97	106	108	131	199	252	#
774	1933.96	86	186	194	202	237	#
775	3536.8	24	28	54	103	128	145	181	191	203	242	#
776	847.614	231	235	#
777	1771.53	23	142	#
778	299.04	76	208	#
779	517.06	177	#
780	43.4921	191	#
781	1062.64	15	39	50	170	176	252	#
782	1124.73	39	52	153	#
783	4418.43	92	102	125	145	194	219	#
784	3700	54	61	84	111	223	230	#
785	13418.5	3	41	46	60	62	77	106	121	136	144	156	166	177	184	185	199	218	229	231	250	255	#
786	3620.95	25	47	195	217	#
787	3528.08	34	65	84	96	190	236	#
788	2161.32	43	82	97	178	#
789	2810.28	12	62	73	103	143	213	#
790	5746.88	48	52	124	168	183	234	#
791	1911.26	48	93	188	245	254	#
792	6043.8	39	79	107	112	115	136	141	157	172	191	206	217	#
793	5741.55	15	57	77	101	118	197	205	238	#
794	11040.3	30	49	52	55	62	63	95	97	109	122	139	153	167	169	203	206	221	227	247	#
795	336.298	29	#
796	108.014	57	#
797	1798.42	111	176	#
798	5184.71	33	36	141	159	209	216	#
799	229.204	120	#
800	1217.07	116	146	219	#
801	689.63	134	166	#
802	3765.89	15	30	54	136	229	#
803	1692.27	33	39	167	#
804	8268.14	10	47	50	60	88	94	119	132	136	181	185	206	220	221	222	253	#
805	365.979	171	#
806	3605.59	1	6	53	60	102	103	112	124	137	#
807	3334.06	33	41	72	82	146	189	233	#
808	19596.9	3	22	26	36	38	46	55	61	68	69	71	85	90	95	132	173	202	208	232	235	236	237	254	#
809	978.977	96	98	101	205	#
810	18620.1	0	4	34	52	56	65	73	86	96	103	105	111	113	121	122	133	141	143	148	158	168	173	179	183	190	224	246	#
811	6985.03	32	43	97	100	136	147	161	222	#
812	527.831	35	#
813	3435.45	40	64	156	211	222	#
814	6014.79	36	117	129	139	149	169	192	221	237	#
815	745.376	135	#
816	1286.03	51	64	91	#
817	6822.17	31	94	109	140	173	210	214	252	#
818	9574.58	7	9	43	47	51	118	120	143	204	245	254	#
819	1600.97	0	181	#
820	16752.3	1	44	67	72	86	93	114	139	146	150	169	179	180	189	193	197	211	219	#
821	9841.5	4	24	68	103	115	119	129	157	159	179	225	248	#
822	3306.98	15	29	34	73	102	104	110	180	207	238	#
823	1109.17	88	115	147	149	#
824	11152.6	4	12	16	17	39	41	120	141	146	170	193	223	246	#
825	5889.47	12	16	58	91	112	124	131	144	145	167	195	#
826	8019.69	0	3	26	35	86	93	106	127	129	138	140	146	159	#
827	13872.7	10	14	15	19	27	40	51	54	70	112	118	161	162	197	198	208	225	246	#
828	4436.66	0	61	64	99	100	220	#
829	1203.89	18	198	#
830	5482.19	4	6	10	13	18	68	116	134	136	145	188	226	247	254	#
831	1636.75	2	64	#
832	634.874	5	35	208	#
833	1147.39	80	108	122	198	249	#
834	6879.2	33	44	45	74	76	133	160	164	174	206	224	233	#
835	1517.01	57	126	#
836	5429.14	7	99	116	134	188	205	#
837	8795.01	5	12	17	22	24	26	38	48	104	112	128	144	149	204	212	213	216	247	#
838	15462.5	7	21	33	39	59	106	117	129	130	136	140	174	179	182	191	203	#
839	9739.24	12	16	40	67	81	107	111	135	152	230	245	#
840	5976.8	46	76	151	184	193	194	#
841	4786.28	29	100	203	204	233	#
842	843.462	207	251	#
843	954.018	59	60	83	227	#
844	2992.43	107	168	212	#
845	2362.23	23	42	67	81	112	117	120	160	201	230	247	#
846	2126.87	138	163	199	210	218	#
847	959.234	93	125	#
848	4269.66	28	45	65	78	146	181	185	227	#
849	7236.96	3	8	32	44	45	52	54	103	118	119	135	190	218	241	243	#
850	2943.47	145	188	243	#
851	3652.14	14	21	60	107	117	209	235	#
852	1767.74	1	167	193	212	#
853	3572.9	57	111	113	224	#
854	3680.2	79	82	102	166	#
855	2860.02	77	134	136	201	#
856	1190.16	72	167	#
857	103.99	54	#
858	1880.31	23	109	#
859	1477.07	42	107	139	#
860	1002.93	42	183	#
861	2350.37	46	80	254	#
862	2555.67	17	29	32	76	128	163	206	#
863	3066.1	87	94	102	124	136	143	#
864	2418.94	45	136	219	231	#
865	1289.56	1	156	209	#
866	5328.11	1	29	67	98	167	197	#
867	925.522	83	196	#
868	916.584	7	53	68	86	100	109	153	160	253	#
869	3211.84	8	40	134	171	199	212	#
870	8221.42	1	38	47	67	72	86	116	123	133	167	192	198	240	242	244	#
871	13160	4	22	33	56	65	75	84	99	124	131	157	162	176	180	216	#
872	7576.41	27	51	76	84	99	179	241	249	#
873	1652.17	4	29	75	148	167	179	180	#
874	3471.78	66	110	215	255	#
875	3306.34	46	81	131	177	240	#
876	2790.17	58	131	141	223	#
877	2925.36	9	150	155	#
878	4597.75	29	91	106	167	184	236	238	#
879	1853.22	32	148	232	#
880	789.524	138	170	#
881	2060.88	4	171	244	#
882	4131.09	12	92	137	184	185	214	239	#
883	7877.49	4	11	15	18	57	62	66	105	111	115	140	154	163	167	174	182	191	206	211	250	#
884	2306.37	40	44	59	109	130	140	194	199	#
885	4675.32	31	50	190	204	210	250	#
886	4741.54	33	80	178	220	222	246	#
887	2322.16	3	12	31	92	108	127	139	176	189	225	#
888	268.824	37	#
889	5788.3	3	59	90	101	110	143	205	#
890	1292.43	8	116	216	220	#
891	2181.05	12	60	122	147	211	217	#
892	1038.85	5	39	48	77	85	89	117	148	187	195	219	227	#
893	2603.26	41	148	240	#
894	2363.13	17	29	123	140	#
895	4007.85	15	31	35	56	109	147	222	227	#
896	2496.54	75	105	180	231	#
897	1796.91	15	111	127	194	#
898	978.486	26	56	202	237	#
899	7916.75	6	22	24	51	52	139	172	223	#
900	1618.86	73	94	234	#
901	2644.18	47	49	67	130	189	222	244	#
902	3951.76	22	45	47	51	65	75	104	106	161	168	172	218	226	246	#
903	3616.5	50	89	171	181	#
904	4635.31	11	199	210	214	247	#
905	10094.3	28	55	56	83	84	142	209	211	221	229	245	248	249	#
906	11197	36	44	58	59	127	133	145	147	159	163	235	237	#
907	2900.81	14	68	75	85	#
908	1282.42	15	38	105	210	216	224	240	#
909	7813.9	0	52	68	104	178	208	224	226	250	254	#
910	9789.28	12	53	87	125	127	137	164	187	217	229	239	#
911	6955.63	34	79	98	129	144	163	252	#
912	3090.86	1	42	46	112	117	171	174	194	210	215	#
913	1934.08	22	62	109	153	234	238	#
914	2038.59	4	84	145	#
915	859.94	3	60	#
916	492.67	221	#
917	2016.43	2	25	32	40	81	131	143	183	194	204	#
918	2565.44	5	149	204	219	#
919	1762.99	162	204	#
920	1056.66	139	215	#
921	2802.55	62	112	113	143	224	255	#
922	5723.28	110	118	154	161	179	193	#
923	3282.21	37	41	50	65	92	110	139	161	192	198	214	234	#
924	1738.65	13	93	#
925	8680.83	23	68	69	94	122	174	178	206	253	#
926	3455.08	12	64	137	176	232	#
927	1717.73	7	24	25	119	156	192	204	205	252	#
928	1557.73	14	22	68	72	168	#
929	2210.61	23	131	219	#
930	3823.91	81	133	223	253	#
931	9215.18	1	10	23	49	53	80	100	117	172	253	#
932	3796.7	20	55	71	89	107	137	249	250	252	#
933	1479.9	2	128	#
934	11730.2	2	6	41	43	48	79	166	178	209	223	233	243	245	#
935	5659.35	34	52	82	90	124	129	131	171	178	233	#
936	10453.4	39	48	87	97	111	129	130	139	145	167	184	206	219	#
937	1371.05	60	120	140	157	207	#
938	5441.39	1	36	86	141	154	183	251	#
939	530.314	52	#
940	1819.92	113	127	193	#
941	1864.89	88	105	116	176	#
942	1211.08	92	190	#
943	1655.58	82	213	#
944	741.284	181	#
945	9403.89	11	34	43	81	138	183	211	218	232	246	249	#
946	1223.39	3	20	#
947	2055.89	49	133	175	240	#
948	1694.17	11	21	24	58	127	130	142	172	182	240	#
949	588.118	84	#
950	4059.23	83	101	106	109	236	249	#
951	3427.93	26	45	93	110	115	157	#
952	8345.76	38	141	159	180	213	214	220	230	252	255	#
953	1553.48	49	50	198	#
954	4082.52	0	28	77	158	171	#
955	2024.02	2	134	171	209	#
956	1946.57	25	42	68	98	162	215	236	#
957	17633.7	14	18	20	26	40	62	109	120	128	150	160	162	168	184	187	189	209	214	215	221	222	226	#
958	2055.06	38	80	198	#
959	9344.57	20	45	80	108	116	129	136	159	162	169	203	#
960	4605.61	11	61	189	240	246	249	#
961	614.771	57	196	#
962	13347.8	46	51	79	87	97	107	108	163	164	171	184	193	196	215	#
963	1555.76	77	78	206	#
964	4215.28	39	50	52	95	96	100	119	#
965	2417.11	8	39	152	206	246	#
966	2410.3	35	70	197	243	#
967	11478.7	20	30	33	35	70	103	109	114	164	173	203	211	224	235	255	#
968	8333.25	1	18	48	64	73	81	98	130	200	209	213	238	#
969	4728.25	46	48	88	91	97	98	154	156	157	164	168	180	188	193	202	229	#
970	984.864	4	99	102	#
971	3931.5	22	33	119	237	#
972	4913.59	1	60	68	80	173	192	#
973	2233.88	75	200	207	#
974	960.9	63	65	108	125	#
975	2777.67	9	57	67	76	99	102	125	137	154	191	208	211	244	#
976	2348.18	117	194	201	#
977	1572.04	51	98	185	#
978	1412.95	94	138	153	158	192	255	#
979	1364.03	21	203	230	#
980	3494.77	6	55	116	125	127	136	172	191	224	251	254	#
981	6882.5	23	67	82	106	153	195	249	#
982	1292.79	38	52	241	#
983	1135.41	28	99	168	190	196	219	230	250	#
984	999.482	138	206	234	238	#
985	2912.29	11	51	106	127	#
986	2312.96	67	138	202	220	245	#
987	1262.5	43	147	182	253	#
988	4934.62	86	93	123	125	203	228	233	248	#
989	680.919	167	177	#
990	5078.22	28	34	69	137	146	158	165	248	249	254	#
991	1011.02	66	68	#
992	3823.79	87	102	209	240	248	#
993	7771.27	41	47	78	103	111	162	206	249	#
994	6568.12	135	148	151	156	176	180	216	#
995	5491.2	3	60	73	108	199	246	#
996	1118.18	66	199	236	#
997	880.392	44	48	72	197	201	218	239	253	#
998	4074.4	1	14	31	98	107	156	179	#
999	1586.85	40	45	104	119	133	146	184	226	#
