%% File generated by CATS v.2.1Mon Jul  4 11:09:39 2011

%% The CATS webpage is http://robotics.stanford.edu/CATS

%% PARAMETER SETTINGS:
% Goods: 500; Bids: 1000; Distribution: L6; Runs: 1; Seed: 1309806986
% Legacy distribution parameters:
% Number of goods chosen according to Exponential distribution (q = 5).
% Price chosen according to Linear Random distribution (low_linearly = 1, high_linearly = 1000).


goods 500
bids 1000
dummy 0

0	344.611	9	79	179	266	#
1	5404.63	181	219	236	245	281	372	#
2	1754.03	138	141	154	332	#
3	428.235	202	#
4	4368.72	292	310	316	325	419	440	446	491	#
5	795.207	429	#
6	9416.42	31	44	52	77	83	119	130	131	135	166	202	205	211	253	331	414	416	417	497	#
7	721.914	100	#
8	1556.23	47	155	#
9	332.942	19	203	#
10	579.592	122	#
11	1313.7	241	345	366	401	469	#
12	13129.2	1	8	22	90	140	154	215	218	254	273	309	364	443	454	#
13	8129.73	12	60	74	103	200	315	331	341	486	#
14	440.957	42	#
15	9576.92	5	37	60	72	84	96	131	149	153	188	233	237	338	419	438	#
16	1545.79	56	65	205	311	494	#
17	929.303	82	288	300	#
18	1089.36	114	149	271	417	489	#
19	46.4818	61	457	#
20	4398.07	53	71	239	440	445	470	#
21	964.093	284	366	390	425	#
22	1357.2	12	393	#
23	643.975	423	#
24	16380.7	32	59	90	143	229	246	288	296	315	317	329	338	361	364	396	403	410	412	420	491	496	#
25	2619.73	125	166	218	420	#
26	10991.6	10	17	26	36	100	123	177	197	198	223	244	268	280	284	296	341	350	389	394	426	#
27	2501.14	65	102	219	#
28	2192.96	32	182	447	#
29	1080.62	41	143	464	#
30	675.494	438	#
31	2595.05	134	166	356	#
32	110.266	111	206	#
33	1434.39	245	284	327	#
34	2558.56	49	69	116	129	279	306	469	470	#
35	843.078	233	#
36	156.889	348	#
37	5912.8	2	24	244	386	430	497	#
38	1671.95	62	100	200	204	358	#
39	1970.15	2	73	97	239	255	273	279	376	393	396	499	#
40	507.141	140	#
41	1306.75	69	121	194	236	309	381	452	453	472	#
42	802.311	314	#
43	4693.29	57	114	130	177	277	337	388	496	#
44	928.631	421	#
45	3831.56	23	58	97	118	153	169	171	300	342	348	369	422	424	474	#
46	1364.04	323	368	#
47	8310.17	44	48	92	127	192	216	263	335	409	477	#
48	858.243	352	454	471	#
49	973.698	375	#
50	1997.05	311	473	#
51	765.972	426	#
52	553.112	215	#
53	2481.73	9	412	422	#
54	2466.79	34	36	405	413	#
55	3315.69	89	154	374	435	#
56	5065.03	6	80	188	315	348	363	418	#
57	40.7303	377	#
58	7047.03	16	109	132	163	202	213	215	246	307	314	369	#
59	5412.02	60	147	188	247	456	467	#
60	3198.53	119	141	338	376	#
61	175.493	114	#
62	450.646	159	#
63	23974.1	4	22	34	68	83	98	100	103	107	109	125	145	208	233	236	280	291	300	339	361	382	383	396	405	418	448	449	460	#
64	501.49	199	#
65	18079	3	4	15	28	33	44	119	132	180	194	202	237	294	306	327	329	378	382	443	483	#
66	4347.54	58	102	126	131	165	180	241	297	300	309	332	338	369	388	435	466	#
67	4496.3	9	90	140	223	284	375	#
68	2566.11	13	14	57	196	246	344	489	#
69	507.415	88	278	#
70	10039.6	58	134	240	258	287	290	301	334	351	356	395	418	#
71	11.3281	4	#
72	4619.95	69	134	217	282	390	#
73	934.976	47	#
74	808.86	6	254	392	413	#
75	2241.78	82	98	481	#
76	818.064	355	#
77	311.982	308	#
78	10494.6	1	9	21	67	117	141	197	231	239	246	263	316	332	379	384	393	405	461	480	#
79	1547.69	140	365	#
80	2074.07	126	252	337	#
81	526.335	89	127	#
82	573.248	386	#
83	694.267	145	#
84	1138.74	105	352	#
85	4820.85	124	135	207	274	303	310	343	#
86	2627.73	44	86	105	134	166	230	291	426	#
87	2930.53	183	229	253	270	297	496	#
88	854.396	311	#
89	1413.9	301	374	411	424	434	#
90	1724.97	35	74	#
91	1713.57	4	79	284	351	#
92	720.028	492	#
93	1813.83	24	58	198	240	322	#
94	871.64	445	#
95	6408.99	170	232	250	307	316	386	418	465	#
96	3912.07	120	246	287	394	#
97	281.427	313	#
98	447.921	281	#
99	9894.91	61	63	93	231	270	282	340	391	460	480	#
100	1692.42	22	126	350	411	#
101	2858.42	73	157	210	218	301	306	388	409	#
102	3704.6	39	44	70	126	187	334	375	391	465	#
103	1769.45	17	111	#
104	9735.2	8	79	87	95	104	105	123	173	189	191	260	319	369	416	440	467	475	489	490	#
105	3436.64	121	201	288	369	#
106	2023.43	42	187	282	435	#
107	1388.92	132	456	#
108	1694.25	341	389	#
109	1520.73	204	263	#
110	1896.75	75	110	202	292	300	#
111	5483.1	123	133	173	178	217	257	260	267	285	344	399	458	#
112	2516.21	10	210	225	309	380	#
113	2327.77	22	237	240	#
114	3077.79	203	331	438	473	#
115	3401.86	46	229	230	312	315	384	411	#
116	13532.1	43	46	50	52	139	200	212	248	267	281	328	334	348	468	#
117	670.913	240	#
118	2908.47	106	293	345	371	482	#
119	1358.1	204	278	343	405	417	470	#
120	1488.39	19	48	193	293	#
121	1856.76	43	397	#
122	1742.48	9	309	385	#
123	919.067	164	252	355	#
124	1005.15	35	78	118	151	309	407	410	436	475	484	#
125	2017.97	17	123	140	292	317	385	466	493	496	#
126	819.913	299	324	#
127	4502.4	6	78	388	398	438	#
128	6374.75	29	107	114	123	140	154	261	269	274	385	422	486	498	#
129	4340.5	38	52	206	261	414	427	484	#
130	1384.75	180	188	#
131	1128.89	351	456	#
132	2060.68	158	222	236	315	#
133	729.369	388	#
134	524.783	397	#
135	26489.2	38	43	60	64	85	100	106	111	118	168	192	211	230	237	244	249	254	255	266	313	330	383	395	405	440	483	485	496	#
136	1373.06	204	449	#
137	2778.49	312	469	484	#
138	926.231	91	149	171	429	450	#
139	927.775	143	357	#
140	2016.24	121	373	437	#
141	918.921	8	#
142	919.997	67	#
143	423.529	17	#
144	1360.77	28	284	#
145	669.178	168	#
146	203.733	50	#
147	580.561	26	#
148	5177.28	1	81	242	282	341	370	#
149	1661.03	76	316	463	#
150	4374.16	23	48	58	97	131	142	164	255	319	330	376	406	426	459	488	#
151	587.5	364	#
152	4826.52	29	35	47	86	103	140	248	430	437	477	#
153	2151.42	157	197	283	#
154	3757.89	27	50	58	72	187	217	226	299	320	454	#
155	1354.41	30	216	477	#
156	1138.83	113	449	#
157	3632.01	141	143	235	403	#
158	253.962	53	331	343	#
159	1252.94	142	173	199	209	243	438	#
160	4130.24	254	297	343	390	458	459	#
161	3124.95	23	64	177	204	241	267	279	358	477	#
162	6280.3	57	92	115	240	345	392	404	408	464	482	#
163	95.8582	87	#
164	950.356	221	257	380	409	#
165	6551.49	15	83	85	93	132	145	197	311	353	#
166	7074.53	8	16	40	132	152	194	307	357	420	#
167	303.051	113	258	#
168	669.704	348	367	#
169	168.819	468	#
170	1093.62	195	431	#
171	1409.4	113	274	#
172	5179.65	78	95	98	123	160	211	381	388	398	411	434	#
173	581.445	473	#
174	834.509	485	#
175	1385.25	47	61	176	238	292	331	358	369	395	399	417	426	442	486	492	#
176	811.91	291	#
177	283.22	266	#
178	5705.94	9	43	221	331	367	440	#
179	7255.42	141	184	252	274	278	286	294	390	396	421	423	449	#
180	7231.74	5	43	52	129	329	352	366	372	426	455	472	#
181	1960.1	71	300	#
182	1269.2	150	204	349	432	457	#
183	4992.11	1	2	184	317	336	462	#
184	4981.72	25	51	65	163	186	208	264	351	354	388	397	420	460	#
185	899.633	387	#
186	11593.4	52	54	82	122	233	260	273	335	343	367	382	443	#
187	3416.66	22	23	31	92	125	130	131	200	255	262	265	275	293	305	325	340	361	383	403	434	474	#
188	982.199	357	423	#
189	4646.72	0	42	98	101	111	130	152	163	186	189	249	253	310	314	332	349	405	426	460	489	#
190	2239.11	66	162	332	351	#
191	1845.93	64	264	#
192	3348.35	81	119	141	268	338	382	396	424	#
193	221.485	221	#
194	2172.36	103	115	250	327	374	481	#
195	3184.37	182	314	315	399	470	#
196	408.877	63	#
197	2346.6	116	204	264	354	#
198	1698.51	24	210	307	422	464	#
199	1481.22	13	84	93	228	#
200	1061.56	146	295	#
201	19345.3	39	48	49	88	113	142	162	167	182	209	273	323	344	347	348	360	432	434	449	496	#
202	716.331	432	#
203	10552	29	61	101	136	192	219	307	324	339	399	407	455	496	#
204	796.819	196	#
205	4406.88	42	60	132	243	282	395	428	#
206	1411.32	16	20	#
207	5407.77	79	239	312	418	420	448	484	490	498	#
208	818.718	378	#
209	20524.1	27	66	67	84	87	95	116	157	208	252	276	284	290	291	301	343	393	398	436	446	480	#
210	6765.07	103	132	257	262	263	279	287	337	#
211	1497.66	10	89	269	360	394	489	#
212	3906.19	28	127	178	216	308	444	446	461	#
213	4830.62	159	212	300	373	477	#
214	101.059	151	#
215	972.046	402	#
216	2118.14	459	491	498	#
217	986.864	42	254	411	#
218	2335.75	144	304	387	418	#
219	940.168	424	#
220	6440.31	66	112	142	222	262	350	393	418	470	485	489	#
221	813.128	135	496	#
222	3591.26	31	40	85	218	368	397	477	#
223	646.624	36	173	183	#
224	1902.75	90	290	316	322	345	491	#
225	2945.78	60	275	353	406	#
226	398.847	158	#
227	1849.47	96	360	#
228	1318.46	158	367	#
229	4731.31	123	127	129	187	188	197	210	316	365	376	#
230	3281.83	161	167	198	224	232	233	336	360	371	422	#
231	826.497	227	#
232	15421.9	36	43	65	101	132	137	150	153	221	261	280	362	366	393	414	472	480	497	#
233	381.9	307	#
234	1953.58	321	420	#
235	672.628	2	#
236	3950.14	110	166	200	261	265	353	361	376	397	440	#
237	2839.59	16	53	95	186	248	251	291	336	345	417	427	478	489	490	#
238	5042.84	18	28	196	270	275	356	450	#
239	222.296	479	#
240	1001.91	385	466	#
241	4157.46	84	140	252	342	478	#
242	912.383	30	#
243	1213.37	283	337	#
244	193.947	250	#
245	5388.18	3	34	67	182	221	243	#
246	380.947	52	#
247	5228.04	33	51	148	238	260	324	#
248	237.141	478	#
249	5402.48	128	230	261	273	350	355	467	#
250	2376.94	167	239	372	454	465	#
251	2688.22	92	419	441	487	#
252	550.782	22	#
253	1298.75	180	430	#
254	11211	44	56	163	238	253	262	278	281	289	312	334	407	#
255	2032.99	146	267	399	#
256	1681.97	9	54	71	73	98	134	185	215	304	319	343	388	441	457	476	#
257	2493.66	54	324	407	488	#
258	4141.35	23	243	247	429	471	#
259	1882.24	11	97	372	#
260	4478.85	46	47	160	234	400	421	487	#
261	735.402	6	#
262	2211.59	75	342	392	#
263	11761.6	35	98	200	277	278	282	322	329	345	361	363	381	464	#
264	2889.33	0	124	299	444	#
265	179.791	326	#
266	2942.75	45	175	198	216	236	248	258	286	291	435	449	#
267	9247.29	77	90	113	144	223	234	284	338	352	357	395	438	450	462	#
268	1847.02	82	132	360	#
269	2781.02	8	131	366	373	399	#
270	4811.69	24	41	59	106	114	116	187	198	219	229	264	284	286	323	355	356	359	396	406	#
271	237.542	319	418	#
272	844.779	406	#
273	7899.84	34	42	67	85	119	179	188	279	371	#
274	2448.83	2	4	22	43	81	159	192	222	250	300	345	386	439	#
275	767.772	53	71	#
276	1991.81	170	215	283	285	#
277	3062.15	45	336	349	472	493	#
278	911.795	80	#
279	96.7692	167	257	#
280	437.94	16	123	203	#
281	1311.49	382	492	#
282	1105.95	12	380	388	#
283	2854.45	22	220	350	487	#
284	1963.86	140	309	#
285	1515.62	56	336	350	388	#
286	426.177	171	#
287	5563.79	44	156	214	238	253	348	#
288	1194.83	191	268	445	#
289	587.39	155	#
290	777.635	6	399	438	#
291	35439.8	0	21	23	27	82	87	89	101	111	117	155	158	167	184	228	242	256	258	270	277	289	332	336	356	359	372	384	412	414	418	425	432	438	451	460	471	495	496	499	#
292	8584.3	72	105	218	233	254	300	354	358	365	400	401	403	463	487	#
293	784.269	222	308	#
294	4315.49	242	281	315	350	395	#
295	3010.24	82	91	199	202	251	265	301	370	419	479	#
296	1662.3	1	88	261	339	#
297	754.745	127	135	256	307	#
298	660.603	132	#
299	4811.11	79	98	125	227	294	324	462	490	#
300	5624.61	0	4	65	71	83	96	144	274	367	472	#
301	1250.59	30	43	72	272	327	343	368	#
302	1310.95	110	244	308	331	358	#
303	1327.16	47	187	307	379	#
304	4525.22	1	81	138	228	317	335	362	469	#
305	2986.59	32	61	84	134	396	450	#
306	1618.68	260	278	284	322	353	386	407	488	#
307	8126.51	20	98	185	205	242	276	286	325	363	473	#
308	553.575	299	#
309	1595.71	56	216	246	#
310	4896.35	175	177	287	361	488	#
311	954.902	383	430	#
312	11662.4	6	16	33	64	77	110	221	259	264	413	440	465	#
313	4062.46	35	124	218	234	269	443	#
314	3235.59	24	176	235	240	331	350	437	474	#
315	3217.11	142	184	206	311	388	#
316	821.128	255	#
317	453.903	411	#
318	4403	2	20	34	128	193	260	296	303	367	#
319	4267.28	121	171	310	322	395	#
320	5145.34	52	126	217	224	236	396	#
321	1321.41	2	217	417	488	#
322	3887.58	15	117	214	218	228	255	276	307	376	454	479	#
323	5431.43	27	141	163	207	259	261	371	404	443	479	#
324	1153.74	19	359	#
325	1222.67	198	307	386	408	#
326	705.658	271	#
327	2993.95	74	84	112	169	217	235	#
328	1275.72	79	206	242	462	#
329	5156.46	25	44	79	86	128	140	150	153	176	191	197	218	279	303	313	369	377	388	416	423	426	478	#
330	2116.39	440	442	481	#
331	7817.65	114	212	241	352	411	414	470	471	#
332	10069.1	60	90	101	151	160	248	361	383	392	426	457	468	#
333	1991.75	2	22	124	174	279	302	453	#
334	2873.42	6	91	140	229	361	362	447	470	#
335	4610.02	104	197	329	413	473	#
336	1983.97	30	38	#
337	398.071	90	#
338	5084.84	61	137	143	144	174	212	250	271	295	297	434	#
339	2155.23	144	194	355	#
340	2117.77	124	195	299	314	487	488	#
341	654.955	109	#
342	3499.9	9	45	102	108	130	131	135	154	206	267	328	363	385	423	#
343	3182.62	98	110	121	403	#
344	6748.16	5	17	57	386	392	398	433	#
345	926.236	193	#
346	1293.17	93	97	316	320	363	#
347	11373.7	18	61	72	95	109	168	170	188	193	253	364	375	423	#
348	985.137	83	#
349	9165.88	22	42	49	114	118	160	226	237	410	417	484	#
350	802.843	82	122	170	428	433	461	#
351	417.503	225	#
352	6979.38	24	55	81	169	171	253	320	377	#
353	4515.52	12	28	36	131	188	215	243	287	327	#
354	2127.09	98	234	272	373	497	#
355	957.891	389	#
356	2415.09	163	232	247	254	313	330	456	462	#
357	4721.47	15	17	173	206	460	#
358	1078.35	38	85	113	149	258	389	#
359	3154.9	119	301	314	347	359	#
360	892.356	293	#
361	4372.96	76	89	279	312	359	#
362	3699.88	16	247	313	449	#
363	4623.28	83	157	195	212	226	402	458	#
364	1826.82	194	213	466	482	#
365	2188.38	36	84	118	173	322	370	#
366	1470.68	259	459	471	#
367	988.977	216	352	#
368	155.762	368	#
369	3413.58	13	116	351	387	#
370	2576.61	112	218	490	#
371	5812.97	14	167	192	219	383	475	#
372	17562.7	38	45	57	59	63	65	85	94	108	131	142	197	211	222	228	233	256	283	304	313	316	319	422	432	487	495	#
373	1509.12	7	112	218	416	#
374	861.158	44	#
375	17656.4	44	63	74	76	110	126	172	238	248	252	283	286	297	300	305	320	388	394	437	474	495	498	#
376	2794.55	80	132	443	#
377	857.268	164	#
378	6847.44	3	59	86	113	217	317	369	370	398	484	#
379	162.493	36	#
380	522.363	86	251	479	#
381	2090.36	0	90	226	394	425	474	#
382	2665.25	82	191	214	434	#
383	9597.79	22	37	68	76	100	141	195	216	259	321	355	357	367	437	496	#
384	3084.06	1	129	134	187	348	#
385	837.046	287	483	#
386	6041.9	25	28	30	40	139	144	163	216	328	439	#
387	1880.75	57	238	314	317	353	409	#
388	281.801	262	#
389	6832.02	87	227	230	254	281	313	318	#
390	1949.74	246	249	388	#
391	608.664	11	27	31	32	49	126	136	194	260	295	323	351	467	478	#
392	7757.74	41	57	145	300	346	388	410	444	#
393	5713.75	9	110	267	276	298	319	358	447	#
394	4359.14	5	99	205	213	297	494	#
395	6622.1	19	52	62	91	134	211	241	274	279	459	#
396	27214.1	5	43	47	54	77	112	126	137	146	148	179	213	223	260	263	269	326	333	343	347	367	369	389	406	407	423	429	432	451	471	474	494	#
397	1494.57	28	38	68	160	165	190	228	244	259	301	389	399	444	#
398	998.428	13	#
399	1766	90	370	#
400	1687.44	129	326	389	#
401	225.255	133	373	#
402	1275.8	24	232	331	390	#
403	4408.2	45	48	88	209	410	469	#
404	1999.61	171	240	#
405	1717.77	136	424	#
406	391.822	121	418	#
407	233.302	252	#
408	2217.91	83	386	480	#
409	1007.49	23	53	82	136	144	340	446	498	#
410	6724.09	17	87	99	107	123	129	134	173	211	219	240	348	393	436	437	450	#
411	3624.27	54	68	94	204	269	276	354	379	454	475	#
412	13872.9	49	57	68	96	120	135	148	197	220	251	272	350	375	426	438	439	#
413	2960.25	22	227	234	360	386	#
414	5298.77	29	56	105	180	184	240	287	345	363	388	462	466	#
415	624.737	267	483	#
416	445.573	290	#
417	475.018	218	254	467	#
418	626.405	410	436	#
419	1596.87	58	73	175	207	226	282	305	429	#
420	1266.39	1	13	#
421	1389.18	54	61	109	175	268	337	#
422	2971.82	3	26	94	127	148	163	247	306	314	358	363	405	437	446	448	455	490	495	498	#
423	2457.74	8	29	55	109	149	154	422	#
424	773.007	1	#
425	1087.63	62	205	296	#
426	13465.2	13	43	93	96	113	128	230	232	248	345	351	358	418	436	465	#
427	6414.75	23	27	36	92	110	161	335	411	#
428	205.449	253	#
429	2140.3	10	202	207	257	307	391	418	455	482	#
430	545.094	234	#
431	2335.36	220	237	240	419	438	#
432	1254.49	45	63	383	#
433	457.986	246	264	476	#
434	8269.93	53	124	201	216	220	293	294	331	332	344	352	427	#
435	53.155	186	287	459	#
436	1372.12	24	70	#
437	5323.94	17	37	147	219	280	301	312	355	378	436	453	472	491	#
438	312.986	448	#
439	3214.5	27	57	80	134	221	225	304	392	400	410	421	435	456	468	#
440	6864.1	37	238	251	361	462	483	489	#
441	2236.77	48	352	390	#
442	2923.83	118	161	212	230	#
443	3905.99	87	100	191	216	224	365	383	421	444	445	454	#
444	565.933	75	149	416	422	#
445	9160.98	108	141	181	232	280	286	293	339	401	444	460	478	#
446	295.95	93	319	394	450	#
447	6785.16	29	36	57	65	122	164	209	244	316	337	369	373	381	389	396	401	405	476	#
448	14986	18	53	67	115	124	129	147	149	204	251	273	297	302	313	393	#
449	80.8226	481	#
450	2954.48	55	304	415	442	461	#
451	738.699	212	329	#
452	1175.11	376	462	#
453	2444.94	15	42	94	358	#
454	15102.8	5	55	57	79	85	98	121	150	166	242	281	343	361	390	408	409	416	446	483	485	#
455	763.539	495	#
456	1618.98	305	456	#
457	486.063	194	#
458	316.519	130	#
459	612.025	211	#
460	1265.41	26	153	341	483	#
461	2933.5	139	147	314	368	#
462	436.49	157	#
463	5523.65	89	140	145	262	363	435	441	#
464	3336.94	9	172	211	224	225	245	358	#
465	6188.77	180	218	366	411	472	485	496	#
466	2181.91	300	320	386	417	461	488	#
467	1385.07	34	177	187	#
468	988.339	154	373	375	448	484	#
469	802.759	230	478	#
470	745.17	283	#
471	1996.88	164	183	384	#
472	5711.51	61	153	179	222	411	459	#
473	4.02109	125	#
474	5077.5	121	228	326	442	443	446	#
475	685.439	241	#
476	771.193	105	370	#
477	386.173	143	430	#
478	887.874	153	186	#
479	1271.21	6	486	#
480	450.13	381	#
481	2671.54	6	296	353	#
482	7191.62	32	62	133	139	290	380	448	473	#
483	2231.86	32	432	454	#
484	3342.86	41	90	102	140	196	346	371	375	#
485	970.274	335	#
486	1313.87	317	318	#
487	1133.84	54	136	153	207	262	312	#
488	2340.73	20	33	40	81	123	233	249	252	301	392	414	425	474	#
489	7961.14	153	225	251	294	306	331	339	394	#
490	1053.52	110	169	378	#
491	790.971	116	347	#
492	867.042	340	#
493	4639.82	53	121	163	224	328	447	#
494	2003.28	88	108	264	325	365	#
495	779.731	176	474	#
496	8621.58	9	35	61	63	88	106	111	125	126	146	176	303	324	325	330	360	438	442	476	#
497	3753.17	13	18	193	232	#
498	856.54	407	#
499	1171.45	62	209	444	#
500	342.134	416	#
501	1544.16	216	382	#
502	11087.7	10	47	60	85	101	114	141	147	166	238	241	302	313	346	353	382	444	497	#
503	4392.34	31	45	100	196	268	#
504	5359.57	25	29	87	156	258	276	312	447	#
505	610.991	282	292	458	#
506	8780.67	4	10	134	211	231	269	278	286	314	333	340	#
507	1475.75	389	419	#
508	5083.23	4	32	296	315	336	405	449	457	#
509	2385.5	2	29	125	227	285	301	#
510	1782.73	366	466	472	#
511	7027.31	70	80	106	171	227	278	297	319	408	430	#
512	136.565	154	#
513	1941.2	16	46	#
514	2921.92	59	343	416	430	457	#
515	1494.91	241	299	311	#
516	816.351	143	422	440	475	#
517	4825.38	46	51	138	249	372	374	422	#
518	292.462	182	#
519	693.78	77	219	#
520	4112.53	151	160	210	219	253	315	397	407	445	#
521	7879.77	22	102	117	244	304	341	397	437	#
522	4199.44	11	29	51	127	136	147	222	238	258	283	293	299	328	384	445	462	#
523	726.959	224	#
524	1739.05	160	176	235	264	283	296	332	337	348	#
525	1593.67	21	61	178	229	279	315	385	394	#
526	1073.72	46	103	107	138	#
527	583.481	249	#
528	3540.01	34	257	406	439	#
529	7018.42	39	62	66	169	204	247	295	331	495	498	#
530	195.364	201	#
531	1124.79	33	461	#
532	890.125	146	408	#
533	74.6611	329	#
534	3217.71	57	90	132	275	317	333	341	441	#
535	2852.5	13	254	424	#
536	1480.53	88	185	#
537	8801.88	47	100	176	265	304	326	348	349	458	#
538	3186.65	197	198	275	321	341	343	#
539	11155	27	68	89	92	115	138	179	181	196	199	311	328	330	354	366	369	420	435	454	458	471	#
540	913.556	237	#
541	6446.73	6	98	108	273	351	387	468	#
542	1252.34	90	123	310	374	397	#
543	1207.08	333	374	469	#
544	924.703	81	224	225	386	417	464	#
545	1684.53	64	483	#
546	1518.19	293	294	449	#
547	3879.9	111	161	210	299	416	#
548	6795.54	20	38	177	252	302	359	369	392	447	475	#
549	2566.28	83	314	415	#
550	1928.14	167	239	#
551	662.549	244	#
552	10957.9	6	39	112	123	160	182	228	235	241	301	422	446	476	489	#
553	4894.9	37	113	354	358	386	394	451	490	#
554	1769.3	86	118	210	303	345	383	456	#
555	1340.53	132	173	230	274	372	#
556	1516.18	240	405	#
557	4590.87	72	243	320	419	465	#
558	1099.09	26	64	109	119	125	191	300	332	357	414	455	457	493	#
559	1011.75	73	360	#
560	631.45	151	358	#
561	373.174	298	440	#
562	923.546	141	#
563	22885.1	13	25	66	71	96	131	134	143	187	200	225	230	242	363	369	372	387	397	405	433	442	451	476	#
564	3845.42	48	187	223	277	437	#
565	1874.06	148	233	#
566	246.204	374	#
567	443.245	263	#
568	2811.89	57	396	486	#
569	11290.4	7	24	28	29	65	116	207	214	222	417	432	458	#
570	997.034	73	#
571	229.337	113	382	#
572	113.033	20	138	315	#
573	2242.48	34	120	151	353	#
574	356.037	69	#
575	1523.71	64	98	110	200	#
576	3285.1	16	28	120	282	406	436	442	492	495	#
577	1667.53	37	118	153	159	293	313	450	#
578	3128.3	38	126	142	143	158	337	361	459	#
579	633.447	372	#
580	430.318	417	#
581	1938.02	382	481	#
582	2433.36	33	68	146	168	336	447	463	#
583	1005.38	34	91	#
584	1020.94	3	32	43	44	136	144	176	239	294	305	381	384	395	434	438	453	462	463	475	#
585	6746.2	64	76	82	109	156	217	226	263	324	407	450	464	491	#
586	1746.05	172	178	#
587	2126.3	220	317	370	#
588	2021.84	23	27	59	76	127	159	167	290	314	394	395	430	441	447	470	#
589	1923.85	60	167	330	429	#
590	2798.49	222	283	335	#
591	1365.23	31	130	144	178	352	479	496	#
592	2615.2	59	62	85	126	262	295	388	#
593	972.25	23	#
594	1243.89	170	298	#
595	6715.82	14	28	33	44	115	120	182	242	412	426	#
596	1260.93	47	66	209	285	334	495	#
597	3750.67	151	238	328	438	440	483	#
598	2092.32	39	125	167	282	#
599	2802.73	32	63	191	456	#
600	5938.13	113	207	210	260	350	371	373	#
601	95.2743	138	#
602	2864.18	113	328	490	#
603	6691.33	81	85	141	147	199	230	237	261	281	435	450	#
604	6944.98	54	57	60	89	96	111	139	151	229	259	265	285	308	336	344	362	403	#
605	6975.94	5	122	158	166	197	222	234	236	257	259	330	338	422	#
606	46.3672	366	#
607	628.079	21	24	166	167	303	#
608	927.054	40	#
609	1610.07	301	349	361	#
610	32767.3	16	28	32	71	75	78	86	105	108	109	118	131	166	168	171	172	174	187	198	208	223	226	265	305	314	324	353	379	388	434	452	462	464	466	499	#
611	374.893	483	#
612	4709.34	71	103	286	334	413	#
613	2151.01	50	137	146	206	278	287	296	314	343	367	484	#
614	768.034	398	#
615	7650.36	42	54	99	154	214	231	242	334	#
616	1399.77	74	98	165	384	495	#
617	458.885	147	#
618	3908.49	141	265	275	315	456	#
619	672.72	55	#
620	7335.65	33	49	66	109	216	230	254	280	401	405	484	485	499	#
621	592.673	37	179	499	#
622	2874.34	153	173	358	#
623	809.085	163	#
624	4269.56	62	186	250	295	326	#
625	6998.82	122	125	141	229	287	297	355	#
626	1778.08	30	33	84	108	115	206	241	342	403	445	462	#
627	3744.68	48	130	165	369	426	#
628	1736.89	27	58	101	124	137	150	180	243	329	364	401	462	#
629	6329.01	22	70	108	137	147	148	194	206	276	296	299	358	412	#
630	6106.28	33	90	115	118	119	134	141	144	204	248	334	361	#
631	31125.2	17	21	27	29	43	60	67	77	91	93	99	101	133	140	144	146	155	176	201	210	211	225	230	236	246	283	287	292	296	308	310	326	347	349	378	396	400	405	411	427	443	499	#
632	4295.71	283	325	395	402	468	492	#
633	2823.95	76	149	221	381	478	#
634	2096.77	307	319	479	#
635	1198.37	1	12	124	174	180	212	222	253	259	274	279	283	301	308	371	376	401	451	474	#
636	2957.68	115	121	267	270	279	417	#
637	1998.52	38	128	464	#
638	2081.59	75	98	138	161	338	468	492	#
639	1769.08	132	371	#
640	4750.75	154	226	369	400	402	#
641	10068.3	81	108	155	160	162	163	275	300	323	371	378	413	#
642	5736.34	227	239	395	451	471	498	#
643	1062.9	4	377	#
644	549.2	318	#
645	929.972	29	56	#
646	605.08	31	68	#
647	203.779	218	#
648	1365.14	113	242	#
649	11930.2	23	45	49	80	91	96	257	262	316	443	457	481	#
650	4925.14	22	221	237	239	356	#
651	3920.09	163	311	485	494	496	#
652	7382.71	2	32	129	171	230	235	268	360	378	388	498	#
653	1441.17	36	296	320	342	378	#
654	22867.5	16	52	65	92	106	109	111	157	176	212	220	242	250	262	337	345	376	383	392	413	480	483	486	#
655	255.91	289	369	#
656	770.172	435	#
657	891.246	32	50	460	473	#
658	263.738	239	#
659	1596.45	146	254	461	#
660	322.854	480	#
661	1145.68	15	25	45	78	85	216	223	292	301	369	398	410	431	454	473	#
662	4141.25	117	163	199	224	275	278	349	354	420	431	#
663	2189.59	74	281	402	420	444	449	462	466	#
664	5523.83	38	208	217	219	432	494	#
665	2740.21	50	230	344	454	#
666	703.509	105	471	#
667	695.804	65	#
668	11852.6	16	77	125	168	241	262	266	384	393	410	446	456	#
669	1806.34	73	115	124	214	449	460	#
670	10249	78	158	165	178	189	276	295	347	414	432	478	485	493	#
671	1699.69	45	262	358	#
672	143.835	270	280	498	#
673	1385.31	106	278	358	372	437	#
674	1435.11	132	306	326	#
675	220.446	309	#
676	7438	60	167	254	285	362	376	397	428	#
677	1996.09	157	296	471	#
678	6405.33	50	74	112	118	134	166	255	295	412	443	451	452	463	467	479	486	#
679	1309.95	158	229	#
680	1430.59	205	404	#
681	2862.71	124	188	227	428	#
682	2484.35	25	33	70	129	147	169	219	274	371	#
683	460.387	247	#
684	1956.4	63	153	239	#
685	167.236	330	#
686	9175.07	3	55	58	66	75	87	176	246	304	308	309	374	377	425	457	491	#
687	3457.51	13	24	350	403	416	#
688	510.265	341	#
689	5982.63	13	43	103	174	431	466	#
690	1188.85	401	463	#
691	717.843	405	#
692	3846.37	24	58	415	468	476	#
693	370.725	367	446	#
694	1257.57	52	469	#
695	436.359	300	#
696	2068.27	114	291	403	422	#
697	1634.31	73	133	192	367	439	#
698	2350.6	54	390	438	#
699	106.061	270	#
700	4151.07	62	173	307	464	494	#
701	2422.62	66	188	247	401	464	486	498	#
702	245.18	98	206	353	#
703	1278.35	84	120	319	374	433	440	#
704	15539.2	29	34	62	76	77	100	119	139	195	233	256	285	288	302	314	334	386	399	424	426	450	462	467	473	485	#
705	4031.76	79	136	138	157	464	#
706	499.947	352	#
707	3658.24	39	113	241	487	#
708	5316.95	53	168	202	206	217	260	302	324	352	354	#
709	1106.81	60	222	289	328	394	422	#
710	2081.36	36	132	196	262	376	379	#
711	5802.54	116	147	170	178	308	363	423	434	450	#
712	1316.03	89	340	#
713	3631.04	32	56	110	241	299	446	#
714	2937.53	64	98	341	#
715	1532.64	64	132	147	313	322	397	#
716	540.778	50	92	328	440	497	#
717	1350.18	73	298	316	417	493	#
718	7803.79	4	45	50	91	93	101	112	128	192	236	331	404	470	#
719	10694.1	16	46	51	114	124	186	222	243	267	280	281	286	296	310	334	357	367	379	384	416	471	#
720	5563.24	46	53	55	115	152	199	243	273	283	320	364	381	469	474	491	493	496	#
721	613.885	428	#
722	2569.17	80	127	195	482	#
723	51.4546	183	385	#
724	2905.57	49	82	152	223	355	#
725	2737.67	31	229	258	378	#
726	562.87	70	#
727	20251	0	5	25	30	100	163	213	216	260	264	287	312	337	340	366	398	418	434	440	481	491	#
728	2020.51	437	474	475	#
729	1298.9	368	466	#
730	1726.12	270	364	#
731	6345.93	22	37	88	92	207	214	224	289	326	394	#
732	1399.25	14	253	372	374	#
733	2866.57	54	291	486	#
734	1416.68	89	214	313	332	#
735	6996.64	138	143	193	331	360	443	480	498	#
736	8086.87	18	107	151	170	209	280	290	295	364	390	404	441	445	452	476	490	#
737	5449.69	6	11	46	97	98	111	144	164	185	264	274	371	434	#
738	966.734	146	268	286	415	#
739	157.656	205	449	#
740	945.663	104	366	380	#
741	9630.35	3	15	17	105	149	323	351	454	489	499	#
742	5762.8	9	14	24	34	42	101	125	215	221	297	345	393	423	#
743	234.214	54	86	101	118	143	301	#
744	663.746	27	229	494	#
745	514.456	178	#
746	6911.6	21	153	261	365	376	389	405	#
747	1273.82	5	243	#
748	1702.89	142	147	199	222	494	#
749	4020.34	15	33	56	92	455	#
750	1543.24	242	265	410	426	493	#
751	2291.67	241	359	453	475	494	#
752	1052.92	8	265	301	487	#
753	3321.74	40	60	78	156	185	208	279	293	295	301	310	312	357	395	396	405	416	430	442	456	461	480	#
754	4227.1	90	145	154	158	186	220	280	322	436	456	480	#
755	2797.22	180	350	462	463	#
756	1162.6	103	128	145	202	226	314	375	395	479	#
757	6130.18	82	205	208	279	330	412	495	#
758	6126.82	28	47	118	263	274	315	323	382	388	398	448	458	459	#
759	4394.75	158	160	183	233	239	289	#
760	1886.57	65	319	#
761	965.457	157	166	174	211	303	468	497	#
762	3797.19	8	101	127	139	151	226	475	#
763	23473.9	17	45	81	82	86	87	101	104	112	122	134	152	154	177	186	187	196	223	229	246	267	276	289	294	312	317	318	321	328	334	356	357	360	368	369	371	384	389	391	408	425	427	468	471	473	491	493	495	#
764	5727.52	17	35	70	142	312	315	337	447	460	482	#
765	1891.32	57	68	163	317	331	371	382	#
766	500.414	42	120	323	376	449	476	498	#
767	11664.1	18	94	187	211	247	286	302	380	395	396	397	458	#
768	2455.65	38	67	139	144	222	273	405	465	#
769	3305.68	65	160	177	363	376	#
770	4850.45	21	86	108	149	257	356	359	#
771	607.061	176	373	#
772	3074.42	29	108	109	124	146	173	222	243	426	489	#
773	804.391	7	#
774	1474.28	326	470	#
775	8959.5	27	35	58	70	126	254	422	450	470	#
776	877.282	349	#
777	723.489	24	181	234	416	496	#
778	4571.88	101	103	175	188	218	479	#
779	6878.03	5	185	203	240	281	360	394	429	456	#
780	658.592	104	341	343	#
781	3177.59	101	146	238	258	#
782	7101.78	48	58	132	170	245	286	398	479	#
783	1736.16	391	499	#
784	3059.69	10	164	252	282	449	#
785	2746.14	300	358	415	428	#
786	2337.07	96	100	198	361	439	#
787	4750.85	5	219	245	271	376	390	430	#
788	838.14	106	163	205	277	#
789	8.68483	354	#
790	3015.97	124	142	299	306	462	476	#
791	46.5685	75	212	#
792	9718.6	47	63	91	202	211	226	288	383	451	494	#
793	5205.35	8	38	50	115	245	273	464	#
794	5602.97	5	169	232	244	439	482	#
795	4613.27	45	265	281	297	337	375	#
796	8964.76	10	71	117	184	245	305	313	388	439	462	#
797	2117.7	16	25	52	253	349	385	418	458	475	#
798	3039.87	7	43	107	129	204	253	319	406	472	480	#
799	3860.37	120	231	260	264	420	443	#
800	1176.87	405	423	#
801	3437.58	155	290	339	411	#
802	651.803	490	#
803	540.552	92	174	462	#
804	3976.1	248	304	350	416	#
805	4671.15	61	123	152	173	431	#
806	3482.94	13	34	476	481	#
807	860.102	33	195	233	374	#
808	967.736	97	302	#
809	739.54	3	85	130	183	#
810	2271.86	3	152	475	#
811	27.1121	412	#
812	4696.31	173	241	329	354	397	492	#
813	632.825	131	#
814	733.164	52	114	140	161	198	260	281	492	#
815	11836.3	27	32	59	96	107	109	118	150	170	181	197	262	303	313	438	450	461	474	#
816	134.118	191	#
817	1579.8	119	220	#
818	878.604	135	259	422	#
819	8822.63	0	77	115	202	236	320	325	342	394	433	484	#
820	1129.21	10	173	#
821	2631.98	170	205	215	274	308	446	496	#
822	4092.42	81	295	334	347	497	#
823	44.1846	408	#
824	1368.67	33	74	77	81	109	139	291	295	322	343	#
825	955.757	235	379	#
826	1284.26	123	380	#
827	1352.06	185	223	267	283	297	343	403	422	426	#
828	1524.01	27	441	#
829	1545.78	35	172	499	#
830	2116.8	47	50	160	180	278	457	#
831	4087.76	145	251	269	284	340	419	#
832	901.049	456	#
833	2668.07	32	35	137	146	182	218	268	369	#
834	1625.22	152	193	#
835	576.929	302	#
836	439.824	61	117	467	#
837	3407.6	78	106	211	289	389	#
838	1314.8	174	357	#
839	4183.49	59	150	171	250	253	289	341	#
840	306.48	356	#
841	1016.11	141	432	#
842	11593.6	27	31	92	117	139	166	179	264	290	311	410	456	460	#
843	1909.58	59	178	256	391	417	456	#
844	705.157	151	376	396	455	#
845	8705.47	0	81	91	116	137	163	164	289	334	337	368	421	431	#
846	6415.28	2	49	62	78	79	151	165	372	466	#
847	743.851	189	284	431	#
848	4378.92	5	6	38	114	159	172	276	312	381	414	424	428	#
849	440.73	92	#
850	3495.63	4	5	97	116	185	206	265	304	352	414	440	#
851	2912.61	17	71	206	233	314	409	413	#
852	1694.6	56	151	222	420	464	#
853	3188.82	41	261	415	438	#
854	1656.91	71	93	190	243	317	384	#
855	1317.06	229	298	404	446	#
856	8726.95	26	88	93	131	178	282	303	309	337	#
857	1625.51	169	269	334	370	#
858	553.396	19	320	#
859	1597.18	62	270	#
860	557.249	464	#
861	11942.7	46	180	228	233	266	308	336	386	420	451	468	475	#
862	2002.07	92	293	488	#
863	979.64	84	184	#
864	17698.4	4	37	46	69	77	81	104	114	115	215	233	293	313	320	350	366	403	404	425	488	#
865	47.46	21	394	#
866	2508.03	174	259	273	329	#
867	1088.02	233	287	#
868	4505.31	26	41	160	208	451	#
869	4588.72	66	89	176	182	271	359	375	438	450	488	#
870	1554.63	128	250	#
871	6748.12	41	70	117	239	394	410	421	449	478	481	#
872	69.9301	328	#
873	6027.96	7	68	80	167	294	322	344	435	465	#
874	703.732	81	#
875	1434.48	211	261	262	327	332	367	#
876	2013.39	99	201	216	316	342	367	379	423	#
877	11434.8	36	46	91	149	167	229	263	300	323	356	381	404	#
878	1612.49	161	268	#
879	729.133	134	142	160	262	327	374	434	#
880	2393.64	98	99	405	446	#
881	1319.09	96	274	#
882	7388.73	11	209	213	219	351	366	388	399	#
883	1877.21	76	341	350	#
884	1493.95	92	93	443	466	#
885	6528.33	18	30	32	52	62	99	195	301	338	358	404	432	433	439	444	470	489	#
886	3276.77	70	110	124	350	#
887	6113.54	56	137	156	216	224	255	261	332	339	346	424	#
888	4961.91	131	188	241	290	405	414	421	#
889	4658.07	73	85	276	412	441	#
890	1634.42	180	464	#
891	2070.99	88	338	473	#
892	6351.21	24	26	56	173	211	246	249	308	309	329	360	432	435	482	#
893	1035.91	135	166	299	367	371	449	#
894	1303.93	253	465	#
895	6629.4	40	115	151	157	192	194	216	237	348	356	382	383	494	#
896	565.226	458	#
897	2122.81	137	170	292	358	416	#
898	2367.95	103	170	193	211	295	335	366	#
899	1023.54	50	51	65	78	80	92	98	125	149	154	159	188	233	236	245	249	258	272	274	289	327	370	387	425	428	456	460	465	468	#
900	1397	14	89	144	193	342	395	432	437	469	#
901	1971.66	18	219	#
902	878.976	71	255	465	#
903	2177.25	130	169	175	191	340	423	493	#
904	5264.22	33	52	169	206	230	275	335	467	495	#
905	3894.78	26	80	161	217	229	265	369	#
906	1027.54	167	302	#
907	8466.61	93	129	230	263	267	281	335	368	384	389	390	403	409	418	493	#
908	1494.15	286	422	#
909	3651.77	30	73	122	157	192	217	268	336	#
910	2517.54	5	201	267	478	#
911	834.824	460	#
912	2866.55	53	82	106	129	178	321	#
913	4838.17	142	158	378	435	484	#
914	1330.35	19	263	319	#
915	1999.88	7	145	329	389	#
916	1318.04	131	211	247	339	417	464	473	#
917	2941.83	64	70	112	462	478	#
918	2504.41	6	131	172	230	253	298	322	351	375	403	434	#
919	1433.71	11	148	156	465	470	#
920	746.003	427	#
921	64.6365	384	#
922	709.759	4	344	#
923	5549.49	0	26	31	100	281	356	369	406	430	#
924	6987.25	24	58	99	125	291	293	471	#
925	709.032	310	#
926	1202.42	106	465	#
927	8484.91	3	25	136	160	216	258	333	479	484	499	#
928	7503.33	56	119	254	263	312	316	425	459	#
929	2814.78	152	411	431	#
930	2945.81	75	326	366	#
931	3198.21	42	69	85	163	322	336	351	440	464	497	#
932	2922.44	65	99	259	359	498	#
933	1920.09	186	227	231	#
934	4509.08	66	149	171	424	460	467	480	#
935	5806.93	9	110	214	237	397	404	#
936	9676.28	3	12	36	50	64	107	115	122	136	253	273	301	357	369	424	445	446	473	#
937	580.911	253	270	#
938	620.559	46	124	331	408	464	#
939	2646.2	34	55	56	137	210	#
940	5139.34	22	29	60	77	125	151	171	177	214	257	302	316	327	365	374	401	466	495	#
941	1217.6	116	129	312	#
942	1260.85	42	230	364	#
943	1527.36	83	273	#
944	11410.9	2	3	7	67	80	93	136	140	159	316	322	344	400	421	#
945	1183.7	126	168	250	#
946	44.2115	104	#
947	2719.44	47	146	290	309	324	487	#
948	2357.12	49	283	452	#
949	1536.86	16	168	260	399	#
950	3125.6	68	74	77	200	346	#
951	3008.44	66	74	85	101	313	445	#
952	2653.8	2	88	96	132	199	226	238	396	#
953	2687.59	155	226	331	#
954	3607.75	41	160	247	422	451	#
955	11220.8	42	65	73	137	149	207	235	245	302	337	341	363	383	421	454	#
956	7296.53	29	100	116	140	195	212	319	370	391	433	491	#
957	2928.99	237	298	452	#
958	5855.84	46	162	173	176	245	285	376	387	430	435	#
959	1643.14	98	351	#
960	1556.93	34	66	75	102	130	138	482	489	#
961	1513.1	48	84	387	#
962	850.988	414	#
963	2264.76	62	117	173	#
964	3893.48	286	364	371	386	411	#
965	1338.38	69	81	86	116	209	262	282	#
966	3079.36	62	110	121	364	#
967	2791.04	65	152	200	216	396	492	#
968	1007.61	139	262	#
969	40.919	369	#
970	9929.01	39	43	52	70	150	192	193	196	208	213	218	258	261	262	273	284	303	335	368	393	396	401	407	416	486	488	#
971	3189.47	0	42	127	149	193	195	211	222	243	251	254	279	283	327	332	337	340	364	368	498	#
972	11429.9	20	40	45	58	94	124	203	232	239	253	278	286	293	406	440	#
973	2924.85	68	163	244	413	#
974	503.049	190	275	344	#
975	4589.14	44	143	162	275	299	346	370	410	#
976	6598.5	58	117	145	174	189	228	230	258	264	273	290	312	321	326	381	382	403	418	422	462	463	475	490	496	#
977	1395.18	58	259	#
978	543.189	392	#
979	10055.8	9	12	39	100	101	170	200	237	285	288	357	375	417	#
980	3533.11	17	139	259	452	#
981	3474.37	29	76	96	290	347	486	489	498	#
982	1017.19	9	262	268	#
983	3875.89	6	31	117	200	222	223	277	311	336	361	480	#
984	802.324	196	265	270	346	347	365	377	#
985	858.234	385	413	#
986	2445.54	214	397	405	#
987	4377.64	14	132	181	273	374	451	497	#
988	1955.33	29	201	391	409	#
989	3985.89	5	27	168	304	#
990	3137.36	197	344	423	448	467	487	#
991	3094.64	160	214	237	295	407	#
992	1875.41	127	234	#
993	949.166	48	#
994	1988.89	51	169	220	368	369	495	#
995	3891.85	19	65	346	390	395	480	482	#
996	8367.36	50	116	333	351	384	405	426	463	473	#
997	1374.67	213	283	#
998	4269.67	40	157	168	201	319	408	414	#
999	2825.08	86	112	472	#
