%% File generated by CATS v.2.1Mon Jul  4 11:09:39 2011

%% The CATS webpage is http://robotics.stanford.edu/CATS

%% PARAMETER SETTINGS:
% Goods: 500; Bids: 1000; Distribution: L6; Runs: 1; Seed: 1309806980
% Legacy distribution parameters:
% Number of goods chosen according to Exponential distribution (q = 5).
% Price chosen according to Linear Random distribution (low_linearly = 1, high_linearly = 1000).


goods 500
bids 1000
dummy 0

0	1715.68	148	187	#
1	6038.62	28	42	129	135	334	432	441	#
2	251.31	149	484	#
3	5669.11	48	191	199	284	327	424	447	451	#
4	454.437	163	#
5	1680.3	54	224	453	#
6	7276.67	47	100	115	180	358	413	438	474	#
7	758.995	396	#
8	799.609	116	#
9	4219.26	240	260	272	318	458	#
10	2271.13	131	150	192	321	356	384	393	460	#
11	1782.54	177	453	#
12	170.076	85	#
13	1290.07	32	71	78	135	155	223	226	322	407	418	486	492	#
14	635.051	23	38	#
15	1330.84	195	353	445	#
16	1576.04	56	97	139	235	279	359	#
17	1719.56	138	241	248	259	316	393	#
18	489.266	306	#
19	3449.59	186	228	359	416	#
20	7663.5	33	45	81	118	195	206	248	260	280	330	418	469	479	#
21	3576.56	53	258	287	395	410	#
22	898.871	419	#
23	682.022	7	67	174	#
24	9876.66	18	34	85	88	143	230	247	339	354	364	410	486	490	#
25	12527.6	49	80	93	99	121	135	249	262	280	288	294	342	389	396	434	452	479	486	#
26	654.469	5	85	229	372	400	468	#
27	7249.2	79	151	153	174	215	260	338	346	406	420	431	445	459	494	#
28	6885.68	29	66	75	86	126	128	321	383	457	458	#
29	755.378	283	#
30	470.543	275	#
31	11122.6	2	61	71	91	107	209	261	291	292	333	374	380	468	484	#
32	5515.61	140	166	191	213	219	239	247	368	425	#
33	2618	253	326	345	352	375	438	#
34	822.373	212	#
35	12209.9	14	54	116	180	188	216	261	276	310	363	364	397	410	445	453	478	#
36	3204.3	14	61	86	149	189	253	254	342	358	431	#
37	1979.37	90	100	141	182	481	488	#
38	2943.21	233	306	362	#
39	4516.68	110	195	223	336	459	#
40	4023.88	137	182	296	357	374	379	#
41	1472.95	40	193	354	#
42	1680.52	49	201	#
43	1885.89	212	367	#
44	641.588	307	#
45	1628.47	13	58	388	400	#
46	4351.66	5	69	74	95	114	343	412	456	468	#
47	3308.51	13	104	266	390	419	483	499	#
48	965.143	18	112	131	353	#
49	2283.53	21	54	85	152	240	431	#
50	1411.52	141	265	#
51	7502.65	103	152	181	188	235	309	420	499	#
52	2210.77	123	132	137	156	189	191	269	318	381	412	420	474	480	#
53	973.106	181	#
54	992.312	25	96	125	203	279	422	#
55	53.4165	70	#
56	722.148	404	#
57	1371.03	155	257	265	441	#
58	6948.43	47	93	105	285	349	379	485	#
59	41.5863	252	#
60	920.108	143	262	#
61	400.857	198	387	#
62	901.355	14	87	91	108	219	249	277	286	289	340	387	450	492	#
63	3634.48	240	324	348	459	#
64	1636.17	117	163	#
65	4609.56	71	270	347	376	426	#
66	476.781	178	#
67	992.895	10	#
68	854.411	387	401	#
69	1907.31	81	116	122	220	320	323	#
70	2186.69	126	274	373	#
71	368.236	118	#
72	4689.25	183	291	333	420	497	#
73	4078.53	75	89	104	166	172	183	204	260	275	282	287	294	303	305	307	353	400	435	453	483	491	#
74	379.787	146	159	279	#
75	3105.73	140	263	271	314	355	372	402	417	#
76	6186.58	105	222	240	243	272	325	355	365	379	384	406	420	457	491	#
77	2910.24	2	272	310	368	430	470	#
78	108.3	146	#
79	22373.2	35	39	59	105	108	118	133	154	181	185	218	219	247	282	313	321	327	374	383	390	397	417	420	434	450	452	456	459	469	474	493	496	#
80	3860.54	73	121	178	192	195	255	260	371	450	#
81	27.446	342	496	#
82	6013.49	76	79	96	160	238	258	285	295	315	350	363	401	436	440	497	#
83	7833.2	8	47	76	88	105	264	366	450	497	#
84	677.845	91	139	184	257	297	430	#
85	7388.48	20	56	63	139	182	318	362	441	#
86	4117.75	29	127	130	229	354	395	447	#
87	3459.5	47	102	133	164	189	206	307	352	424	439	#
88	3775.56	20	118	168	389	#
89	542.38	343	#
90	6510.05	6	328	360	375	395	453	463	488	#
91	3841.56	2	115	258	378	399	#
92	1734.25	88	94	172	202	347	460	492	#
93	967.477	423	#
94	4484.44	44	77	120	141	146	154	324	442	#
95	6632.3	20	69	107	161	225	226	266	288	328	349	480	#
96	1316.62	54	188	285	366	422	#
97	483.883	99	#
98	995.181	24	177	223	321	333	343	366	374	395	442	489	#
99	986.941	180	288	494	#
100	603.14	292	#
101	502.65	285	#
102	2795.81	15	130	171	183	210	217	294	#
103	1965.13	62	341	354	495	#
104	1605.08	166	200	#
105	1678.96	25	62	199	488	#
106	1586.35	168	387	#
107	645.28	302	#
108	1302.63	153	175	269	461	473	#
109	510.997	120	365	412	#
110	2732.58	58	150	223	239	281	410	499	#
111	2503.22	84	95	112	266	#
112	72.0759	499	#
113	9309.12	94	100	118	142	168	206	230	285	334	336	402	#
114	421.037	432	#
115	2972.84	149	169	324	392	491	#
116	859.148	424	#
117	466.94	185	#
118	1612.33	7	25	160	299	#
119	4423.32	18	57	93	260	498	#
120	1819.86	92	202	388	#
121	829.04	395	421	#
122	10638.4	34	99	143	151	194	201	233	278	327	355	407	483	490	#
123	143.881	296	#
124	5107.75	117	292	303	375	435	450	#
125	455.986	47	#
126	838.353	294	#
127	3916.55	40	87	139	154	165	217	246	324	418	497	#
128	444.734	170	354	381	415	#
129	961.859	22	380	#
130	468.87	263	#
131	6240.16	72	230	270	329	368	388	410	418	429	453	461	474	#
132	3850.88	106	152	264	280	466	#
133	878.424	463	#
134	1172.77	252	266	278	389	425	#
135	481.761	180	325	#
136	1908.69	1	45	86	196	226	325	327	383	497	#
137	3161.93	315	449	458	476	#
138	919.013	203	323	347	#
139	794.955	324	#
140	1353.04	151	170	278	378	#
141	2609.46	365	433	487	#
142	7353.89	6	17	127	214	224	237	310	395	438	#
143	589.124	102	#
144	240.756	48	54	64	346	#
145	754.192	303	#
146	1603.27	112	185	211	236	276	411	455	495	#
147	712.264	125	487	#
148	18779.1	10	60	94	120	133	243	251	270	291	344	376	382	388	408	420	425	431	480	486	#
149	9364.45	38	93	110	127	158	182	255	271	296	357	400	489	#
150	4268.1	189	226	261	317	338	379	#
151	3616.08	57	265	392	427	469	#
152	385.886	5	#
153	3873.19	6	13	70	482	#
154	329.78	172	#
155	2939.75	286	354	402	#
156	1979.48	10	283	452	#
157	772.7	257	481	#
158	238.092	162	#
159	3558.32	75	83	123	267	268	290	304	488	#
160	1864.91	140	353	#
161	879.619	176	#
162	6189.14	1	12	148	179	217	240	243	267	356	386	#
163	3918.14	131	141	174	256	391	403	#
164	14886.2	27	43	47	68	99	120	154	232	261	335	374	376	389	420	426	#
165	873.607	47	104	183	253	328	#
166	717.562	52	221	241	245	257	338	370	#
167	942.437	394	464	#
168	4968.81	17	106	109	207	396	426	459	499	#
169	2583.86	33	81	99	105	141	191	246	252	371	491	#
170	463.978	18	#
171	7764.3	17	90	203	233	267	343	425	490	#
172	2997.51	39	201	333	#
173	1450.21	3	16	90	108	180	214	233	287	328	329	373	410	#
174	690.441	172	246	264	292	308	309	#
175	359.688	15	187	#
176	241.944	35	#
177	2065.7	126	150	238	312	317	347	367	370	392	444	#
178	851.494	317	#
179	359.906	8	64	202	360	415	#
180	764.738	280	#
181	768.413	146	270	327	458	#
182	6195.07	7	49	275	282	287	305	360	374	#
183	3174.3	20	72	87	127	246	310	330	429	499	#
184	6520.37	33	71	149	194	244	249	323	353	433	453	497	#
185	447.527	494	#
186	2211.87	310	383	481	#
187	603.826	444	#
188	2782.44	215	307	364	#
189	6648.35	8	33	57	156	179	182	289	441	#
190	1529.56	13	129	154	161	166	237	285	408	415	430	452	#
191	1152.64	183	198	249	337	363	413	445	#
192	5199.66	45	108	119	121	150	237	472	#
193	1538.92	254	378	#
194	5970.01	10	76	99	101	134	136	167	170	208	232	268	301	365	397	408	477	#
195	504.951	66	76	162	304	337	350	412	#
196	3921.51	11	235	308	407	441	#
197	6958.42	164	207	220	253	301	365	375	#
198	2361.81	88	215	330	412	483	#
199	2365.77	114	215	318	325	377	403	497	#
200	5139.48	12	54	112	277	292	340	369	429	441	#
201	1742.62	62	340	476	#
202	2485.55	331	387	412	478	#
203	5061.73	6	78	345	347	418	422	493	#
204	493.801	81	#
205	818.63	28	69	128	139	301	395	417	#
206	13338.6	14	25	37	45	54	104	135	154	175	188	244	308	320	339	400	404	440	#
207	246.262	397	426	#
208	4351.63	137	177	264	322	347	#
209	446.402	138	143	#
210	517.518	382	#
211	1374.22	10	371	#
212	743.53	295	#
213	9612.17	63	96	133	170	182	294	308	342	344	381	494	#
214	946.089	175	207	220	#
215	13812	2	56	67	81	106	114	127	214	292	300	313	327	405	409	437	#
216	921.208	306	409	456	#
217	2609.4	177	190	225	235	244	342	350	467	472	483	#
218	4816.52	85	90	107	284	306	318	336	420	481	#
219	4877.57	46	69	115	127	419	#
220	6045.14	18	26	73	74	114	149	270	379	416	485	#
221	6182.07	1	123	139	169	259	350	370	465	#
222	3137.53	162	167	292	353	490	#
223	1046.53	34	71	148	344	378	415	#
224	513.861	52	#
225	289.155	422	#
226	1983.97	69	216	323	#
227	1062.22	207	445	#
228	738.868	460	#
229	6687.13	181	215	239	333	351	353	386	461	488	#
230	1756.84	66	435	#
231	3784.72	36	129	166	184	220	234	404	424	#
232	3049.42	228	260	437	439	#
233	7493.91	66	97	114	128	180	221	223	227	270	468	494	#
234	7546.87	105	199	229	311	412	448	452	463	#
235	3655.34	227	270	305	362	402	419	420	423	432	442	#
236	209.774	80	#
237	1614.6	27	141	#
238	839.8	16	184	496	#
239	10320.7	8	13	102	163	166	203	305	312	325	382	491	#
240	9358.71	14	32	41	100	168	178	292	354	365	431	432	454	474	#
241	3687.93	80	144	459	485	491	#
242	2631.09	184	292	381	386	#
243	888.013	472	#
244	3165.98	73	246	309	339	#
245	7818.77	51	99	316	395	434	447	463	487	#
246	612.685	131	#
247	2765.29	169	259	400	#
248	579.659	227	#
249	1667.49	70	96	103	398	#
250	1965.21	140	315	402	#
251	5871.66	39	58	105	423	428	431	#
252	3882.54	3	169	261	270	289	#
253	2417.68	64	187	389	493	#
254	1417.05	19	116	324	343	#
255	7408.62	5	102	105	140	191	253	386	396	417	435	449	483	485	#
256	240.988	339	#
257	4703.24	35	55	111	114	115	129	142	178	188	249	311	352	381	389	394	417	423	452	465	466	484	485	489	#
258	177.434	23	#
259	3966.22	19	140	171	254	337	385	430	#
260	1101.45	40	423	483	#
261	1196.01	123	150	347	368	410	#
262	603.144	81	364	#
263	2364.79	35	67	90	97	259	261	#
264	3441.77	39	56	101	195	#
265	1720.43	12	234	418	452	#
266	4511.53	124	132	146	189	190	261	280	329	374	391	397	422	485	#
267	1132.2	17	168	193	390	466	#
268	7777	9	95	177	179	205	274	285	286	361	375	437	473	493	#
269	2423.99	278	282	325	335	#
270	4836.28	99	313	345	361	385	389	400	440	495	#
271	2663.46	119	245	278	287	329	#
272	942.933	94	487	#
273	1487.55	113	466	#
274	451.473	88	#
275	4171.57	59	64	123	152	353	425	#
276	2525.06	269	441	478	#
277	226.451	67	87	#
278	5894.1	68	82	128	222	321	335	440	444	448	453	468	497	#
279	770.668	291	497	#
280	3406.94	19	154	386	474	#
281	382.044	188	#
282	752.474	65	#
283	184.448	224	#
284	3587.79	23	40	149	226	401	419	438	484	#
285	1800.91	211	395	#
286	5474.85	76	148	180	228	375	399	467	#
287	2011.44	297	315	470	#
288	664.651	101	#
289	943.639	3	4	81	88	129	144	261	456	472	#
290	13482.3	11	12	25	37	87	105	115	128	133	161	164	178	224	280	288	307	341	359	364	365	385	405	423	476	486	#
291	2302.04	100	120	250	360	#
292	2662.18	68	189	233	#
293	1131.61	170	311	463	498	#
294	5286.4	11	68	177	202	280	294	313	419	453	#
295	8032.79	33	34	99	136	141	177	226	287	301	351	398	414	432	483	#
296	963.861	107	246	#
297	2155.35	134	278	329	340	362	#
298	5306.81	49	92	147	165	174	244	310	329	376	384	392	#
299	812.92	24	#
300	2450.01	26	135	217	258	266	#
301	819.067	232	287	358	#
302	8648.14	23	42	59	84	123	261	264	361	397	431	#
303	1710.91	148	211	#
304	298.089	455	#
305	1804.64	111	147	364	401	#
306	1285.41	373	445	#
307	815.024	331	#
308	5029.11	21	117	166	229	395	402	469	#
309	934.989	191	#
310	875.112	386	#
311	210.648	151	198	#
312	4900.88	23	63	124	128	264	280	347	390	417	424	481	#
313	2009.52	26	332	380	#
314	564.039	321	#
315	6174.29	15	109	119	124	157	220	326	376	463	491	#
316	700.697	6	#
317	3261.79	64	71	79	126	174	175	195	215	288	323	479	#
318	5387.64	146	153	263	365	449	472	484	#
319	1078.48	39	53	234	331	410	#
320	3287.24	49	217	238	389	405	#
321	8732.71	25	88	115	219	223	244	272	273	333	378	389	406	427	443	480	#
322	5613.08	2	25	105	221	231	242	452	#
323	10718.4	6	80	152	155	170	267	292	347	368	379	393	409	463	#
324	250.724	403	#
325	1105.88	110	130	374	378	#
326	1202.04	0	119	162	450	497	#
327	531.687	416	#
328	4498.38	12	31	78	137	177	195	207	221	224	284	382	#
329	13884.5	9	66	92	97	117	150	157	267	276	283	308	316	371	385	439	464	471	481	496	#
330	2822.6	50	221	278	#
331	5204.92	36	83	224	326	400	463	#
332	340.079	268	309	#
333	3068.19	3	27	53	123	#
334	908.601	114	#
335	742.43	142	#
336	2036.48	70	210	267	341	366	396	402	415	463	#
337	2489.87	36	180	181	310	#
338	765.004	287	#
339	70.6821	123	#
340	7803.1	14	52	207	282	297	315	333	350	358	479	#
341	8245.36	74	90	123	178	197	247	263	303	405	443	475	#
342	1724.65	71	161	178	254	275	355	#
343	266.939	31	#
344	780.682	226	#
345	1417.89	249	269	367	379	#
346	4018.71	101	150	169	172	291	368	416	#
347	1773.28	2	106	193	265	#
348	2514.74	211	322	404	462	464	#
349	805.276	211	#
350	466.357	395	#
351	2015.31	28	110	173	202	250	311	350	394	403	443	491	497	#
352	4678.44	168	188	375	386	388	#
353	1589.84	20	50	108	485	#
354	3870.14	85	122	126	146	150	249	345	412	486	#
355	571.454	147	203	#
356	967.974	278	#
357	6162.55	153	208	256	272	319	415	426	459	481	#
358	1279.4	133	409	#
359	1841.83	150	277	394	482	#
360	3757.46	37	190	287	452	#
361	1454.9	47	138	#
362	1322.43	28	76	448	#
363	112.703	29	61	171	#
364	8560.96	131	181	255	338	381	412	433	452	464	490	#
365	6218.04	38	80	88	92	105	144	193	234	254	413	417	437	#
366	1547.47	4	50	201	375	#
367	2022.41	70	83	175	177	214	222	238	357	474	479	#
368	6717.72	92	138	141	251	299	320	350	448	451	#
369	2511.77	152	227	233	247	329	460	#
370	728.809	55	#
371	2487.96	107	288	334	487	#
372	8520.4	27	101	111	131	186	203	219	259	287	300	346	#
373	1894.62	126	137	230	307	328	416	#
374	3538.51	46	108	142	157	234	335	#
375	815.137	44	#
376	5364.98	8	77	189	217	228	237	260	290	#
377	16123.1	3	15	50	130	155	162	194	231	239	249	339	355	370	438	446	455	475	498	#
378	4417.74	30	86	90	131	159	167	194	207	210	286	357	372	455	#
379	3765.51	74	283	305	366	404	449	#
380	887.167	271	#
381	955.541	76	168	281	300	396	432	#
382	2643.49	12	169	229	412	#
383	1425.78	42	105	218	291	307	#
384	638.69	206	428	443	#
385	4874.63	128	148	219	258	262	473	#
386	1152.23	13	30	56	250	285	388	435	#
387	2599.37	151	219	348	444	#
388	12355.9	36	40	143	163	239	254	276	357	370	392	394	396	401	410	414	#
389	5117.32	30	108	112	136	333	486	#
390	429.254	240	#
391	86.384	355	#
392	6623.86	61	114	261	262	313	342	344	381	385	432	480	#
393	52.761	159	273	#
394	3097.22	130	153	172	464	#
395	2180.44	187	218	407	#
396	507.866	69	355	#
397	6495.26	91	210	305	323	332	340	390	397	469	#
398	2253.15	30	52	65	121	204	273	315	321	#
399	6959.42	49	87	138	209	217	333	444	485	#
400	922.592	305	#
401	2311.56	95	98	349	481	#
402	1675.15	221	319	491	#
403	13.8516	121	#
404	1137.94	80	131	497	#
405	1595.92	5	276	#
406	3620.11	2	20	46	87	100	105	107	124	126	148	185	204	207	238	257	271	301	338	342	371	408	420	442	468	479	485	#
407	236.033	80	224	376	#
408	975.528	63	247	292	426	#
409	1098.51	249	285	408	#
410	1996.26	140	285	377	458	#
411	10058.8	30	76	95	187	263	285	288	320	354	381	386	#
412	440.176	89	430	#
413	624.982	11	440	#
414	1098.78	126	151	196	248	371	391	434	#
415	973.644	258	#
416	5032.69	25	96	102	223	244	255	351	381	430	449	480	#
417	2058.11	80	93	322	#
418	6999.36	3	17	33	34	43	79	80	151	162	190	283	295	301	396	448	452	475	484	#
419	13062.4	7	91	124	220	227	232	234	288	316	321	361	384	387	394	446	#
420	799.622	362	#
421	1501.5	33	263	348	#
422	5048.11	74	119	164	357	422	443	#
423	1119.75	15	104	195	258	261	369	391	#
424	1900.46	242	491	#
425	4359.23	16	187	233	307	377	389	401	#
426	9155.13	27	69	88	159	185	260	273	373	403	414	417	448	452	499	#
427	227.655	309	#
428	4295.74	95	180	241	380	410	416	#
429	3347.98	76	134	204	353	#
430	956.286	244	411	465	#
431	5421.72	23	57	80	184	358	499	#
432	470.352	413	#
433	2323.96	0	145	146	148	253	#
434	11691.4	12	53	65	90	150	151	187	221	229	312	369	390	393	398	413	#
435	3093.09	126	146	392	443	447	449	#
436	8916.83	17	79	163	222	248	321	349	369	384	391	427	#
437	606.982	301	#
438	2166.95	12	96	113	236	257	258	310	456	#
439	1874.1	65	126	136	373	#
440	11601.7	25	134	144	175	205	210	249	253	314	353	407	408	468	469	#
441	4551.57	68	82	202	215	230	254	257	329	336	384	451	#
442	5754.33	25	118	209	234	302	326	441	#
443	912.033	267	#
444	3678.38	16	70	246	290	334	#
445	145.929	346	#
446	8712.23	126	128	130	149	196	222	229	288	354	380	419	481	#
447	2428.41	198	357	374	421	#
448	4697.51	31	165	271	291	359	492	#
449	3768.71	83	282	374	393	454	#
450	8688.67	96	115	160	255	447	458	479	484	486	#
451	2000.98	11	39	58	101	146	152	299	320	369	420	429	439	481	#
452	469.834	327	#
453	2817.24	149	162	212	332	#
454	1057.11	55	420	#
455	785.574	433	#
456	195.103	333	#
457	485.811	45	#
458	7848.58	1	52	67	68	73	273	275	358	373	411	452	455	473	482	#
459	703.763	417	#
460	2066.79	36	180	353	#
461	15613.6	3	61	78	89	115	128	206	218	248	281	293	300	303	312	369	411	427	429	456	#
462	197.679	457	#
463	4045.94	53	141	167	180	192	330	391	#
464	2830.15	162	294	496	#
465	1445.14	147	262	#
466	10414.4	16	19	27	65	71	89	150	254	321	359	373	417	459	#
467	12379.8	0	7	9	76	101	171	206	226	249	267	276	288	312	363	411	491	492	#
468	4364.1	64	78	83	161	249	295	442	#
469	1348.99	61	235	300	350	470	477	#
470	2272.9	53	104	174	270	300	348	#
471	788.526	319	458	#
472	1260.19	51	85	239	262	312	#
473	2743.06	1	85	109	129	208	294	328	349	355	422	452	499	#
474	599.13	38	#
475	4270.5	245	277	316	358	415	#
476	329.245	318	#
477	3067.77	80	172	297	364	479	#
478	1656.1	104	187	475	#
479	165.82	330	#
480	3061.76	252	328	357	485	#
481	3288.41	100	185	224	238	294	307	310	376	#
482	1346.58	76	119	#
483	10059.9	8	61	141	176	233	235	314	318	319	338	357	483	#
484	2831.69	66	131	207	402	#
485	2597.91	14	22	32	192	235	315	347	417	#
486	325.95	237	478	#
487	4632.46	137	209	252	384	450	461	#
488	2506.06	35	55	105	107	164	179	206	216	315	319	350	377	401	453	483	#
489	1325.72	298	485	#
490	10422.6	30	34	62	74	103	110	111	178	184	261	274	312	329	377	412	435	489	#
491	1661.9	114	149	296	#
492	1443.14	3	191	417	#
493	1397.98	351	447	485	#
494	3384.59	47	76	307	346	487	#
495	1266.71	76	423	#
496	493.018	58	#
497	8955.87	16	67	102	160	189	191	198	211	455	#
498	9114.79	84	92	159	213	215	271	288	319	331	332	336	371	445	497	#
499	2814.18	167	180	464	#
500	5811.56	39	117	278	343	354	407	420	#
501	1897.79	23	168	#
502	245.776	160	#
503	699.664	68	314	392	402	478	#
504	635.973	250	#
505	4931.16	97	123	276	296	379	446	470	473	#
506	3820.46	59	120	199	236	329	488	#
507	1580.16	42	373	#
508	240.448	425	#
509	7243.94	40	154	170	201	221	314	317	325	468	#
510	782.032	217	240	#
511	920.348	124	311	410	#
512	2140.05	10	372	386	398	490	#
513	2866.62	12	140	203	356	#
514	4374.94	6	12	59	154	159	208	235	298	322	#
515	536.705	48	363	400	#
516	2659.2	178	426	441	#
517	2258.78	90	179	434	#
518	4863.36	17	168	171	178	282	477	#
519	3216.52	1	31	80	248	339	365	476	#
520	818.165	88	356	#
521	13420.5	2	46	101	123	134	150	153	204	228	244	262	264	323	326	338	383	393	399	408	459	#
522	1809.53	38	445	#
523	1265.43	34	377	#
524	1457.61	157	352	#
525	163.746	214	#
526	2433.14	153	239	295	#
527	122.072	97	358	#
528	1612.08	24	62	159	234	318	332	#
529	1134.98	154	184	443	456	#
530	11864.7	44	55	71	118	122	149	223	237	238	241	244	283	291	307	315	316	319	330	339	342	348	358	367	400	403	411	432	450	472	#
531	531.21	138	214	#
532	1894.63	17	266	318	373	491	#
533	11918.6	60	110	124	132	135	150	213	226	236	254	353	375	426	436	445	455	#
534	962.795	92	#
535	10.4807	420	#
536	2235.39	157	308	326	380	#
537	5044.8	10	16	27	53	146	171	285	459	#
538	6256.8	44	159	164	359	401	458	481	#
539	4658.95	15	47	91	107	171	#
540	445.785	473	#
541	20346.1	1	14	29	31	86	139	177	188	192	229	291	297	330	332	338	341	350	381	385	411	432	440	450	458	#
542	1745.89	254	391	456	#
543	5412.7	60	64	82	126	147	258	319	420	#
544	4242.67	105	186	278	340	361	401	429	#
545	1030	402	475	#
546	5107.77	28	31	58	255	396	431	455	#
547	1790.75	34	168	485	494	#
548	1170.65	104	151	160	#
549	1983.5	25	204	230	#
550	3938.61	38	251	330	365	378	381	445	#
551	1671.97	40	51	#
552	4532.9	140	142	183	260	359	#
553	2829.91	264	320	483	#
554	1926.74	102	229	348	374	380	403	#
555	393.626	16	#
556	2312.52	41	104	354	366	404	#
557	8578.54	41	103	120	131	160	164	189	197	218	245	246	#
558	150.656	8	127	137	238	252	379	#
559	782.231	435	#
560	1206.15	163	269	434	453	#
561	679.906	218	#
562	1327.13	350	476	492	#
563	3668.67	107	223	367	496	#
564	1132.69	152	315	#
565	1616.35	391	425	#
566	25309.2	8	9	30	56	59	90	104	110	125	127	136	142	164	232	244	257	266	288	292	300	303	308	364	365	372	408	457	464	467	470	490	495	#
567	15904.8	17	22	30	71	72	87	107	110	121	173	180	184	189	221	301	427	#
568	3499.37	145	303	408	497	#
569	6002.8	21	123	280	281	363	483	486	#
570	546.346	94	197	#
571	2754.47	23	116	138	249	286	392	#
572	4294.36	23	89	157	199	331	444	445	#
573	229.194	241	#
574	5683.25	12	19	51	68	112	116	164	168	187	202	204	243	247	254	268	295	297	309	351	#
575	3229.73	30	328	369	464	#
576	11307.7	36	95	107	164	181	191	197	201	216	224	293	299	306	315	354	371	392	465	477	480	483	#
577	1435.54	111	235	239	415	481	#
578	2983.62	69	79	164	181	232	247	283	287	299	302	309	341	343	462	#
579	287.479	495	#
580	2463.51	195	238	257	399	452	460	#
581	3943.35	80	249	268	300	#
582	4054.91	6	136	161	167	203	272	325	338	351	420	423	439	450	497	#
583	1337.68	34	118	186	268	318	420	480	#
584	3863.79	79	282	289	362	462	#
585	1207.87	100	165	204	342	401	#
586	4264.06	62	77	330	470	484	#
587	1801.92	21	72	190	247	255	#
588	868.709	71	139	145	159	195	262	395	400	#
589	1774.35	135	409	#
590	737.254	36	#
591	357.34	385	#
592	758.745	325	366	410	#
593	6568.29	105	107	112	189	222	252	307	329	434	#
594	824.394	22	293	396	487	#
595	6608.26	21	44	66	84	93	110	146	158	175	195	215	219	232	235	283	286	295	329	340	421	441	447	454	491	#
596	7941.46	40	127	151	155	175	179	312	328	403	#
597	2994.69	185	227	245	349	#
598	1259.45	29	357	387	#
599	2969.19	68	94	169	179	210	233	311	392	425	443	#
600	1719.42	340	367	412	459	#
601	1772.22	60	78	#
602	195.792	103	375	#
603	12303.3	71	92	94	159	167	175	215	223	273	283	325	362	396	#
604	1305.07	75	312	#
605	3876.41	61	121	133	173	254	289	#
606	2445.06	317	371	499	#
607	166.142	189	#
608	3328.07	9	152	237	460	464	#
609	1319.79	231	411	#
610	2331.4	67	135	141	192	#
611	2051.13	119	133	202	218	#
612	1026.44	47	76	156	290	427	443	493	#
613	5217.08	39	67	128	226	329	369	377	378	410	#
614	4076.07	127	150	203	467	483	#
615	435.502	198	438	#
616	2309.72	107	291	374	#
617	3759.46	63	66	68	133	163	178	199	206	227	249	266	311	313	426	482	491	492	#
618	3738.68	133	362	459	478	#
619	4583.23	102	312	319	339	468	475	481	#
620	13814.1	43	45	112	120	124	192	195	197	241	253	269	279	290	387	461	467	#
621	1235.93	74	174	204	273	314	323	359	407	#
622	17694.2	5	22	34	35	40	97	132	189	199	212	244	256	270	297	364	370	431	460	480	#
623	4465.73	6	117	285	386	410	#
624	730.141	256	#
625	4697.76	80	211	238	305	315	395	460	#
626	1453.89	148	246	339	365	#
627	2989.93	19	47	89	137	#
628	742.464	95	186	#
629	1969.86	320	480	#
630	5416.09	73	116	158	211	221	244	260	297	301	353	494	#
631	3936.76	88	154	183	220	284	337	474	499	#
632	4071.56	28	78	83	148	424	#
633	4441.56	36	333	347	445	498	#
634	2016.73	95	120	170	#
635	1428.09	84	155	316	#
636	2844.49	433	437	479	#
637	953.91	55	293	297	379	386	455	#
638	8628.08	13	29	35	53	228	266	350	364	380	#
639	980.671	11	188	206	#
640	1259.71	30	34	50	103	105	111	151	198	295	356	381	466	494	#
641	3054.21	69	109	223	230	384	490	#
642	894.559	216	310	#
643	3774.84	56	278	281	290	#
644	1811.74	55	361	#
645	10885.6	2	24	31	66	81	117	145	178	190	254	260	271	290	419	450	#
646	13822.6	24	83	99	105	152	255	283	320	341	413	441	455	457	464	#
647	4530.38	4	5	42	99	166	170	338	368	409	#
648	3648.5	34	56	181	277	282	411	#
649	7371.24	10	28	31	95	129	152	166	326	331	349	360	428	441	451	#
650	2222.38	15	253	335	#
651	2920.37	65	118	179	211	232	247	305	345	389	407	436	488	#
652	3599.8	29	292	377	386	430	475	#
653	4815.28	45	58	133	222	234	265	404	#
654	743.835	470	#
655	3647.28	27	28	54	148	293	371	411	412	441	446	471	489	#
656	4026.23	18	27	134	151	177	187	277	312	436	#
657	3856.69	11	32	106	433	#
658	2444.09	5	16	84	343	365	383	443	#
659	1400.91	206	354	#
660	517.453	11	#
661	2827.88	259	424	454	481	#
662	1302.25	175	191	477	#
663	595.87	388	#
664	308.08	279	#
665	2206.51	90	154	282	491	#
666	1908.09	54	98	195	306	#
667	2924.42	163	168	169	170	198	329	432	441	442	456	472	#
668	2545.29	16	61	291	#
669	2132.06	87	215	218	462	480	#
670	2348.53	151	169	402	#
671	3747.03	10	45	69	103	152	263	343	389	#
672	9460.91	25	95	110	111	161	199	393	447	455	484	#
673	621.203	125	#
674	7585.54	6	23	83	103	127	173	213	226	287	358	371	489	491	#
675	5695.83	53	90	231	256	413	450	#
676	2095.72	263	289	311	#
677	1456.22	42	169	463	#
678	4536.52	32	55	101	108	304	327	349	369	391	#
679	3610.54	41	263	428	481	#
680	2287.96	9	77	96	132	136	140	238	379	#
681	661.162	84	215	#
682	4463.26	73	155	204	219	333	354	396	398	421	#
683	15780.1	0	20	34	71	115	116	122	147	221	231	266	286	296	300	325	363	422	425	441	#
684	16631.8	16	22	35	45	91	98	137	152	233	270	295	311	340	342	386	433	450	#
685	884.565	442	#
686	3069.66	13	75	125	140	188	224	#
687	1859.4	104	169	#
688	4115.61	115	239	325	376	437	#
689	5645.59	10	30	32	115	116	272	279	327	331	409	426	457	477	#
690	81.237	387	#
691	4904.23	13	20	80	87	111	259	299	322	454	#
692	7159.26	134	174	225	301	310	326	379	411	483	#
693	33.108	197	#
694	1463	179	333	#
695	1176.86	59	155	189	211	386	419	493	#
696	2654.69	30	45	127	129	174	176	195	205	254	263	265	272	280	285	391	470	#
697	6053.55	17	93	350	357	372	446	499	#
698	528.572	15	443	#
699	2315.01	79	126	438	#
700	351.418	215	422	#
701	3278.8	9	14	65	83	84	89	122	361	#
702	329.507	108	243	#
703	947.543	39	65	93	97	159	189	241	254	261	312	324	368	420	431	#
704	1492.06	233	335	357	#
705	12342.6	19	27	32	33	97	134	138	213	218	235	253	330	331	336	347	352	371	377	386	429	453	456	457	461	469	473	493	498	#
706	658.914	254	#
707	2759.07	37	125	171	344	444	468	491	#
708	1839.7	174	330	413	495	#
709	2247.2	6	120	150	196	#
710	577.696	49	488	#
711	1653.89	98	167	187	365	460	#
712	7261.58	32	145	224	232	233	284	330	338	361	455	#
713	393.871	286	379	#
714	885.531	345	401	494	#
715	3804.57	63	79	83	111	168	211	479	#
716	247.162	462	468	#
717	320.146	29	237	359	484	#
718	1020.89	45	266	#
719	10201.8	41	49	51	54	59	61	101	124	219	232	303	318	336	338	349	414	441	#
720	2437.47	91	160	371	447	486	#
721	1845.19	191	193	275	346	461	#
722	4204.82	99	152	317	392	499	#
723	3280.58	26	31	56	79	280	301	304	364	374	482	#
724	36.6687	247	#
725	1869.01	76	252	305	462	#
726	21.3755	225	#
727	1553.31	152	300	369	#
728	3448.07	5	27	48	101	206	288	#
729	1584.95	71	332	461	474	#
730	882.271	446	#
731	7374.69	65	103	116	118	119	174	175	237	306	466	476	#
732	79.7633	46	140	215	232	360	#
733	1178.8	260	320	#
734	2397.35	7	265	282	398	#
735	1434.26	122	458	#
736	1075.54	31	100	122	307	466	#
737	2407.52	66	227	334	368	411	#
738	1112.05	122	134	#
739	2856.76	87	106	255	319	322	376	#
740	6285.91	151	248	259	408	430	435	438	#
741	1666.26	58	62	154	161	227	249	290	400	414	441	446	450	466	#
742	1544.74	283	298	302	423	#
743	3190.71	147	186	193	195	273	300	316	322	334	418	440	476	#
744	1251.73	19	275	304	#
745	3330.92	55	140	225	244	395	417	#
746	799.612	185	451	#
747	706.606	129	#
748	537.608	201	#
749	7154.34	16	94	210	280	325	363	381	397	#
750	1789.39	37	183	196	215	287	461	#
751	3039.3	90	274	283	300	355	398	453	#
752	4100.61	107	121	133	211	402	#
753	731.777	40	94	149	186	200	401	#
754	795.975	13	#
755	2258.52	73	77	133	198	201	294	312	386	417	419	#
756	8332.54	71	145	199	225	283	304	307	438	468	#
757	1998.64	151	370	373	#
758	3231.28	91	108	117	128	147	163	181	222	251	257	280	290	366	390	476	#
759	1069.21	105	158	244	258	426	482	#
760	1049.84	133	338	467	476	#
761	3160.95	24	91	136	143	169	177	180	197	216	278	283	334	377	383	406	416	431	448	479	482	#
762	5131.24	178	272	291	296	297	328	350	386	389	#
763	1115.08	80	149	336	396	452	#
764	1389.27	9	41	169	195	229	241	255	261	472	#
765	567.853	340	#
766	804.445	259	#
767	12581.5	40	54	151	174	179	230	253	333	354	358	362	390	395	398	441	454	470	492	#
768	639.136	290	#
769	808.092	96	151	182	311	357	360	402	411	440	491	#
770	1453.53	220	241	272	#
771	3547.78	96	273	418	471	#
772	1933.04	120	395	#
773	190.259	84	#
774	3423.32	5	32	33	70	172	375	397	445	474	#
775	1744.39	132	246	387	392	#
776	1092.39	70	110	144	173	279	322	380	437	#
777	787.258	161	289	370	426	#
778	277.622	270	#
779	529.591	268	422	#
780	1265.42	137	246	351	417	454	#
781	4873.24	43	77	111	197	216	268	278	299	#
782	1033.98	95	114	127	130	239	243	259	332	411	456	479	490	#
783	3577.11	49	80	93	193	238	275	315	365	449	481	#
784	5626.92	20	86	97	130	261	310	#
785	6250.95	18	84	189	303	339	401	420	430	433	#
786	5831.27	29	197	257	360	371	379	#
787	2765.02	5	145	290	412	#
788	1909.72	87	91	144	324	#
789	1567.88	131	190	#
790	1612.71	57	297	#
791	1510.85	79	103	109	146	301	309	343	374	448	499	#
792	1983.44	40	208	354	#
793	1883.98	70	357	471	#
794	1274.43	134	280	365	#
795	10153	55	67	95	215	242	257	308	379	434	440	446	468	478	497	#
796	2322.76	31	89	273	479	#
797	1628.22	180	192	464	#
798	980.69	24	88	175	#
799	8790.73	93	99	170	183	198	204	250	260	314	325	373	484	#
800	4511.82	11	37	72	217	406	#
801	2997.67	26	150	254	282	#
802	1104.93	249	262	294	326	342	349	#
803	2395.74	159	322	427	#
804	1074.31	79	122	193	268	356	414	471	#
805	1780.22	65	67	214	224	344	#
806	13777.8	0	1	8	48	64	82	109	124	137	230	255	311	326	344	368	371	372	390	401	412	424	453	454	458	464	#
807	1238.93	131	168	449	481	493	#
808	399.458	77	#
809	1384.54	177	433	#
810	740.722	320	343	#
811	4203.81	4	110	241	300	329	462	#
812	1053.66	81	467	#
813	3840.58	55	82	87	110	254	347	410	448	#
814	1483.91	345	423	460	474	#
815	10263.9	7	8	17	102	108	177	182	235	237	357	373	384	472	#
816	3331.09	63	175	198	290	329	330	362	444	491	#
817	843.525	467	#
818	6087.06	58	78	149	163	321	337	375	388	442	#
819	1119.06	7	91	250	345	356	432	446	#
820	615.065	489	499	#
821	719.389	27	204	#
822	2259.87	3	114	142	281	327	409	458	#
823	770.78	111	445	#
824	26715.6	3	12	27	35	66	91	131	137	145	163	171	179	183	226	233	266	278	291	296	308	312	318	321	362	372	388	429	452	460	476	#
825	1194.14	56	76	303	322	410	424	#
826	2847.98	108	109	127	145	#
827	705.649	300	#
828	3480.95	64	79	141	167	#
829	11956	11	93	96	190	197	220	229	230	375	404	444	469	#
830	4966.7	183	267	280	373	478	#
831	10191.2	7	34	102	118	140	165	187	213	281	316	458	#
832	1437.02	100	302	330	#
833	2451.85	47	112	125	222	#
834	7245.08	81	114	173	293	302	331	357	361	379	498	#
835	13464.4	73	81	107	114	117	128	247	282	318	324	346	384	398	410	442	451	459	491	#
836	5617.82	78	124	150	167	258	459	483	#
837	417.116	438	469	#
838	3813.76	4	60	74	111	285	309	362	402	423	#
839	1306.84	155	208	277	288	297	305	#
840	2181.03	31	32	61	232	242	300	413	#
841	2595	44	171	268	492	#
842	960.755	96	105	301	451	#
843	85.3521	108	#
844	1762.88	68	230	238	318	#
845	1937.6	10	265	471	#
846	768.268	36	51	113	292	311	485	#
847	861.473	364	387	#
848	299.531	459	#
849	512.634	476	#
850	3715.12	71	145	147	311	378	#
851	4378.92	49	53	77	119	210	274	424	#
852	6613.63	81	169	178	179	218	254	297	375	402	409	440	#
853	340.374	161	#
854	3502.5	59	93	123	474	#
855	563.075	270	274	381	#
856	4630.76	22	103	129	147	204	262	282	287	344	364	400	458	469	494	#
857	1055.38	113	220	437	#
858	1863.98	35	194	#
859	278.639	203	#
860	4237.21	115	176	209	214	230	323	485	#
861	499.015	51	#
862	3646.57	37	131	182	205	453	#
863	2343.89	335	473	478	#
864	2620.17	48	380	453	#
865	169.003	105	204	234	491	#
866	1194.38	15	67	216	#
867	206.262	209	304	431	#
868	2468.09	16	143	341	457	#
869	3187.45	16	86	115	221	409	#
870	1298.1	20	146	#
871	1741	157	166	253	335	#
872	1974.45	25	311	#
873	357.762	401	#
874	2220.92	19	30	93	95	189	246	259	262	397	446	488	#
875	2325.48	95	170	422	#
876	8933.68	18	90	139	154	160	170	182	251	348	493	#
877	1760.2	32	113	117	155	238	251	268	311	408	488	#
878	6129.75	23	49	76	84	127	231	360	365	371	421	#
879	2036.71	2	5	210	215	349	406	#
880	3320.27	32	79	151	177	208	239	257	310	325	326	406	408	467	494	#
881	1762.84	213	294	389	429	487	#
882	1318.9	19	26	290	#
883	788.716	240	416	#
884	27.8147	397	#
885	323.072	465	#
886	2267.98	353	356	426	#
887	392.01	336	#
888	13686.3	8	47	182	212	250	254	274	285	317	333	371	415	427	443	489	495	#
889	304.37	15	63	106	238	309	329	475	488	496	#
890	1031.49	6	106	209	256	330	400	472	#
891	1587.4	121	472	#
892	1166.38	7	335	454	459	#
893	5364.87	9	64	113	147	251	290	341	418	452	483	#
894	888.231	22	24	45	54	481	#
895	3033.47	7	240	302	431	#
896	47.9847	454	#
897	1824.26	97	124	153	185	313	#
898	4393	104	123	178	186	249	263	383	406	450	456	461	#
899	636.709	332	#
900	5747.76	56	85	162	353	357	458	#
901	3288.96	41	112	213	232	399	462	#
902	1812.36	10	333	#
903	1070.57	20	46	197	383	407	408	#
904	2388.71	48	133	148	319	383	458	#
905	618.815	30	319	325	346	#
906	11377.9	38	184	199	220	253	261	262	263	313	330	353	368	#
907	1082.75	4	189	366	387	#
908	1010.53	159	173	349	#
909	4263.69	84	92	136	304	391	420	456	498	#
910	11985.4	18	55	56	93	135	194	201	208	209	242	288	348	422	433	434	#
911	2830.21	59	241	318	434	483	#
912	7793.03	46	101	102	151	173	335	354	388	389	391	433	#
913	6663.53	2	12	74	86	129	169	206	233	280	354	364	487	499	#
914	680.061	63	71	#
915	511.404	46	110	132	140	152	159	255	286	415	#
916	963.882	336	422	#
917	1735.93	73	289	347	408	448	498	#
918	8714.39	17	28	203	238	239	285	332	357	372	420	434	492	496	#
919	4156.63	22	35	92	366	426	488	#
920	45.3101	366	#
921	1930.1	83	174	#
922	1023.58	31	231	#
923	656.728	9	#
924	2551.69	75	111	134	245	397	419	498	#
925	2944.09	90	258	426	427	#
926	1145.35	3	224	258	#
927	4231.55	32	44	113	124	305	332	335	339	458	468	#
928	280.633	228	408	#
929	1033.38	65	68	76	113	302	412	444	452	#
930	3176.52	32	91	154	195	211	277	308	378	382	392	#
931	4510.81	41	276	338	416	461	#
932	10234.4	7	77	128	163	256	311	338	391	427	436	460	484	499	#
933	1275.34	279	318	#
934	1572.26	229	476	#
935	3562.71	34	78	303	344	396	423	#
936	1187.84	93	116	447	#
937	1861.5	49	124	125	177	497	#
938	3498.29	65	143	234	244	274	276	320	335	443	450	495	#
939	3941.97	154	197	225	419	441	#
940	2822.2	21	63	201	#
941	8547.03	17	37	142	156	188	263	381	389	441	445	#
942	1176.4	0	32	45	76	114	174	235	333	339	380	480	#
943	6564.42	19	36	59	64	68	84	120	303	381	494	#
944	1589.27	7	63	253	259	307	#
945	3073.96	10	11	35	43	45	47	78	94	117	137	149	153	159	160	181	196	234	244	253	255	267	282	292	304	345	367	391	418	455	463	490	498	#
946	848.414	30	139	141	#
947	7318.19	10	16	19	29	52	53	58	159	209	236	361	400	471	499	#
948	885.768	49	140	247	415	448	462	498	#
949	2689.76	170	342	455	#
950	1386.02	8	67	180	405	408	#
951	29.4168	489	#
952	846.691	35	260	#
953	72.3718	134	174	198	#
954	2970.41	2	3	264	265	#
955	1231.76	151	356	#
956	1533.3	60	73	77	82	189	217	351	#
957	5426.99	26	92	191	223	236	351	363	379	417	421	425	435	455	#
958	2227.47	37	89	223	#
959	7410.48	41	174	267	272	313	349	440	474	#
960	289.128	236	255	#
961	1886.1	20	55	114	141	143	357	405	443	450	#
962	2931.62	240	279	437	#
963	790.613	31	369	#
964	718.277	34	80	#
965	4360.18	32	98	269	327	332	#
966	1923.41	52	58	78	80	128	144	307	348	423	#
967	6489.21	2	37	82	134	138	154	207	262	263	367	412	420	456	458	460	472	494	#
968	906.369	167	168	201	238	303	338	446	#
969	66.2934	383	#
970	7603.65	29	31	75	85	165	175	233	341	392	#
971	355.701	39	49	70	108	233	246	270	415	#
972	1130.85	40	161	238	278	309	363	395	419	427	472	476	#
973	3294.69	50	61	75	87	98	99	141	227	251	313	339	427	462	478	483	498	#
974	970.238	137	290	341	398	#
975	1024.09	377	393	#
976	493.428	380	#
977	3282.6	45	186	259	450	496	#
978	1398.48	150	167	279	353	#
979	11854.8	36	37	45	62	69	150	173	187	193	242	382	433	#
980	115.353	196	#
981	12306.3	12	17	85	102	187	258	322	353	380	411	451	464	497	#
982	5770.31	15	37	169	224	251	255	300	469	470	#
983	13277.4	15	22	36	43	45	51	104	160	194	322	323	351	396	397	433	439	458	493	#
984	6618.22	65	71	170	245	265	280	292	333	379	393	408	478	#
985	1409.85	139	249	290	#
986	4873.68	31	32	96	183	290	#
987	167.88	207	220	#
988	5521.72	67	86	94	119	155	178	198	247	291	301	326	355	381	403	419	466	#
989	4957.23	15	35	111	136	352	472	481	#
990	2508.3	6	45	66	67	#
991	27066.3	411	412	25	454	486	101	382	149	200	230	330	237	334	366	61	429	290	324	448	122	378	38	156	2	383	333	403	43	457	83	239	490	77	11	279	#
992	957.393	153	#
993	8603.21	9	26	34	79	113	134	162	175	194	247	302	309	371	386	402	#
994	6480.28	123	182	275	285	310	395	490	#
995	2953.08	14	99	146	231	254	290	347	402	451	#
996	2901.55	62	138	228	#
997	1803.53	1	382	#
998	1406.11	26	244	#
999	6733.99	61	123	176	192	199	228	263	372	#
