%% File generated by CATS v.2.1Mon Jul  4 11:09:40 2011

%% The CATS webpage is http://robotics.stanford.edu/CATS

%% PARAMETER SETTINGS:
% Goods: 512; Bids: 2000; Distribution: L6; Runs: 1; Seed: 1309806989
% Legacy distribution parameters:
% Number of goods chosen according to Exponential distribution (q = 5).
% Price chosen according to Linear Random distribution (low_linearly = 1, high_linearly = 1000).


goods 512
bids 2000
dummy 0

0	199.81	99	#
1	1199.26	133	202	#
2	4908.71	40	104	190	218	304	314	460	494	#
3	2109.95	170	236	355	446	#
4	1914.7	344	355	371	#
5	2724.87	37	155	203	384	#
6	250.313	404	#
7	1920.88	96	190	233	288	309	438	474	495	#
8	711.623	430	#
9	2451.59	74	146	166	212	294	344	361	397	493	503	504	#
10	83.1476	25	164	408	#
11	3435.25	75	152	227	246	264	285	356	366	367	431	#
12	403.946	0	193	254	#
13	1755.59	282	508	#
14	474.695	20	60	#
15	56.1107	237	#
16	658.484	391	#
17	2370.18	3	67	91	102	112	184	#
18	806.304	244	#
19	1325.03	125	335	493	#
20	858.701	135	#
21	1808.48	311	394	#
22	471.187	382	#
23	220.665	373	#
24	20103.6	38	40	119	136	146	150	200	221	222	240	298	305	307	334	373	377	443	467	470	484	502	#
25	871.762	114	#
26	2645.04	280	366	424	#
27	4734.92	74	95	176	289	407	491	501	#
28	370.464	14	115	#
29	1044	180	292	367	417	427	430	501	#
30	3496.04	85	169	179	245	360	391	489	#
31	1314.63	53	183	463	#
32	5031.29	1	108	154	236	275	377	473	#
33	1678.82	148	281	#
34	1439.41	279	286	#
35	3201.63	0	17	35	51	78	80	136	186	200	224	348	411	506	#
36	973.781	42	63	#
37	621.305	195	#
38	1163.9	328	332	405	#
39	84.8173	2	385	#
40	1822.49	20	170	289	495	508	#
41	834.548	257	#
42	84.439	327	#
43	5991.17	60	113	126	368	381	385	#
44	2094.53	35	46	62	111	263	#
45	439.064	358	#
46	3746.28	21	36	239	385	417	#
47	3460.27	179	385	392	397	#
48	924.941	61	#
49	1959.91	404	412	#
50	203.243	185	#
51	600.63	185	198	#
52	1128.73	129	142	172	186	332	396	456	483	#
53	397.404	28	#
54	821.824	398	#
55	846.253	243	#
56	611.435	140	#
57	1161.93	32	67	205	323	434	481	#
58	5404.6	126	158	218	274	307	359	367	387	#
59	933.28	329	#
60	493.86	280	#
61	1994.21	271	308	497	#
62	3052.93	81	164	353	392	#
63	1153.12	305	356	#
64	950.093	157	#
65	892.165	252	#
66	2097.67	30	49	63	170	366	434	#
67	279.382	450	#
68	7065.34	8	83	178	198	204	216	219	238	262	273	361	368	466	476	492	#
69	2534.49	22	136	377	#
70	1774.49	33	66	281	#
71	17880.5	9	67	68	73	86	131	142	199	247	256	284	314	332	335	349	355	362	420	433	442	461	480	504	#
72	651.483	317	338	#
73	4138.74	8	267	281	325	380	#
74	582.939	137	#
75	7734.57	19	47	65	75	110	114	128	341	454	463	#
76	798.457	62	#
77	892.601	297	#
78	8946.1	13	26	62	121	124	278	283	363	407	#
79	660.783	26	#
80	2889.39	10	88	125	225	274	285	414	445	#
81	1652.64	31	145	#
82	4553.18	155	167	227	259	372	#
83	853.302	150	260	424	#
84	769.689	42	#
85	4312.5	57	142	256	325	390	486	#
86	923.31	255	#
87	2596.3	96	138	193	220	324	350	352	398	452	455	465	#
88	7227.54	156	198	230	265	274	283	377	434	446	480	496	#
89	979.825	122	#
90	3684.72	288	396	457	498	#
91	884.602	407	#
92	2307.95	11	60	134	155	185	#
93	3146.41	98	149	157	190	302	#
94	2097.49	20	114	141	251	#
95	1981.5	22	243	308	372	#
96	2778.64	39	72	94	109	428	#
97	6746.1	18	21	24	83	293	301	346	428	#
98	9646.17	4	46	113	130	144	195	211	212	241	288	296	345	501	#
99	1436.73	196	216	236	#
100	7914.74	122	171	175	210	211	230	274	390	407	435	#
101	184.766	207	#
102	739.061	220	#
103	1828.81	14	88	427	#
104	4184.79	32	35	51	186	326	#
105	2199.2	131	140	306	413	485	486	498	506	#
106	808.085	121	#
107	961.111	124	#
108	4436.48	49	97	134	175	272	342	343	355	366	402	403	428	446	487	#
109	5449.46	4	9	169	297	377	378	#
110	540.489	73	#
111	1704.05	1	136	149	414	#
112	1351.65	52	75	303	#
113	1953.03	368	426	#
114	3767.86	48	57	87	104	105	140	145	184	309	358	406	446	461	#
115	758.354	75	#
116	634.836	130	#
117	768.101	240	#
118	7303.25	44	99	196	229	282	355	367	439	506	#
119	1411.25	48	113	503	#
120	12480.1	39	95	98	109	112	127	150	183	349	376	381	410	468	482	508	#
121	6094.55	11	13	17	46	82	105	172	209	255	256	304	325	327	335	342	349	374	418	426	458	473	#
122	6524.57	13	26	136	201	209	347	391	#
123	717.324	145	#
124	1826.61	4	16	53	222	392	#
125	397.621	199	#
126	1596.87	60	118	133	145	164	196	203	257	295	387	419	461	464	469	508	#
127	1249.71	239	345	#
128	1340.09	13	18	128	#
129	3044.3	303	389	429	477	491	509	#
130	957.672	213	#
131	3697.71	37	344	404	412	#
132	797.492	295	#
133	1472.25	3	395	#
134	618.028	366	#
135	7625.99	10	71	189	218	246	279	281	342	488	#
136	3320.6	35	48	59	60	153	329	359	399	449	#
137	6984.36	159	177	283	361	364	423	453	478	509	#
138	485.199	58	#
139	1176.69	151	229	#
140	971.32	411	#
141	13411.4	3	24	31	85	136	147	174	187	192	220	253	278	307	360	363	367	427	505	#
142	4730.88	97	145	265	293	320	#
143	1923.31	255	461	#
144	4472.29	29	195	229	235	317	#
145	2205.65	202	376	390	495	#
146	13439.6	47	167	192	228	257	310	326	328	339	360	386	417	428	440	491	499	#
147	2310.76	27	215	349	#
148	326.967	319	#
149	711.143	434	#
150	1770.28	6	19	193	#
151	962.584	472	#
152	1884.46	144	390	417	419	#
153	1403.29	71	320	370	413	494	510	#
154	472.309	296	#
155	453.725	285	#
156	1891.72	221	263	327	#
157	1355.43	92	213	236	412	497	#
158	963.03	62	135	232	#
159	608.722	39	#
160	2663.81	42	137	183	186	206	276	432	440	444	503	#
161	997.098	159	504	#
162	5029.46	185	201	213	265	294	321	337	388	#
163	643.658	222	#
164	547.622	394	395	#
165	1902.3	176	319	#
166	5916.11	12	196	214	222	279	330	#
167	2788.53	58	133	213	486	#
168	508.342	49	#
169	795.362	233	#
170	3074.48	16	240	273	293	425	504	507	#
171	4465.63	14	30	35	175	218	223	239	276	282	370	#
172	1390.46	419	475	#
173	2733.68	206	303	402	#
174	1973.36	159	208	330	378	477	491	#
175	469.672	452	#
176	1491.83	7	283	#
177	7453.67	111	157	185	204	286	351	365	397	412	440	478	#
178	3461.55	46	81	248	404	410	418	#
179	1715.51	138	179	#
180	6013.08	99	136	173	290	410	473	501	#
181	1664.41	30	133	151	216	319	446	469	#
182	5670.7	32	38	118	175	211	380	412	470	#
183	2087.7	49	189	252	#
184	2372.03	282	325	451	#
185	982.707	136	245	373	#
186	4401.27	67	158	160	169	406	#
187	914.414	401	#
188	727.389	7	57	162	482	#
189	3769.6	35	95	106	202	212	224	250	301	313	421	#
190	81.5074	132	441	#
191	763.684	183	378	#
192	3673.9	51	122	128	245	313	421	#
193	3834.6	60	161	282	407	#
194	1170.98	307	312	433	#
195	8675	18	62	75	141	246	254	313	373	393	397	429	477	487	492	#
196	1079.02	89	284	#
197	1373.75	68	163	442	#
198	959.894	114	504	#
199	1780.86	24	43	283	#
200	133.525	227	441	#
201	995.581	294	#
202	607.685	370	#
203	1709.32	95	186	326	418	#
204	2166.01	57	304	438	#
205	968.683	413	#
206	12708	24	64	119	134	297	300	308	321	419	430	436	446	468	482	484	#
207	1725.66	5	158	213	289	341	417	#
208	826.794	420	#
209	7891.85	33	71	83	278	323	344	367	459	#
210	2497.11	148	242	335	#
211	365.271	281	#
212	1007.15	18	109	299	373	#
213	805.832	123	#
214	2003.67	192	352	452	#
215	1924.15	30	32	113	386	#
216	2860.69	241	364	410	503	#
217	867.379	492	#
218	3954.84	132	140	305	404	#
219	4267.14	160	176	181	251	272	#
220	4272.1	87	150	407	441	473	#
221	1200.58	39	46	137	291	300	323	#
222	1464.34	41	50	154	195	233	235	245	298	302	309	337	357	409	500	#
223	1120.52	124	416	#
224	869.964	153	#
225	18375.8	4	20	27	30	39	47	75	93	98	110	135	141	156	165	169	170	177	211	214	256	270	273	279	318	417	429	469	492	504	#
226	967.626	345	494	#
227	635.855	134	#
228	995.781	174	#
229	2328	292	299	455	#
230	2699.68	75	201	342	348	#
231	2950.06	4	65	233	409	#
232	11607	87	89	98	174	195	228	300	352	383	470	482	492	#
233	3647.61	61	184	362	405	#
234	1381.21	3	61	152	170	347	389	471	#
235	947.419	273	406	#
236	5102.39	1	43	74	154	169	173	192	208	217	336	371	407	460	#
237	8282.33	36	137	214	269	303	312	315	474	479	502	509	#
238	263.86	204	#
239	478.055	455	#
240	3786.21	48	88	177	449	456	481	#
241	1758.18	115	379	#
242	2206.45	150	204	331	#
243	537.681	308	#
244	1443.42	6	165	446	#
245	1473.09	81	88	269	415	431	#
246	265.886	10	#
247	2682.33	38	182	356	364	438	#
248	917.69	509	#
249	2239.63	17	85	325	462	#
250	161.582	64	210	270	#
251	28.9239	71	133	262	#
252	1022.85	41	392	#
253	1210.25	22	131	137	144	363	#
254	953.539	272	308	#
255	103.828	238	#
256	5525.41	12	15	20	21	80	204	279	281	331	342	415	507	#
257	9184.99	13	85	101	146	176	239	242	247	317	396	437	504	#
258	3511.21	176	263	345	375	462	#
259	2489.33	228	278	333	#
260	2378.04	201	214	287	484	509	#
261	2777.68	226	244	287	371	373	#
262	9812.85	3	38	51	76	81	89	91	123	189	205	208	218	230	237	249	269	293	321	330	332	333	361	386	413	415	465	467	483	#
263	5135.98	20	76	214	238	245	318	400	#
264	845.417	250	345	#
265	566.28	471	476	#
266	1584.87	64	140	280	296	344	363	364	469	#
267	1931.92	140	263	#
268	5976.88	52	59	187	213	335	417	467	#
269	9941.04	18	82	127	149	184	203	231	249	300	335	424	470	#
270	2898.86	18	45	408	418	#
271	1353.14	85	473	#
272	2869.61	93	275	371	#
273	1358.47	216	305	#
274	6948.96	25	103	147	153	160	187	190	195	219	341	445	466	#
275	5780	86	142	170	345	372	406	434	436	490	#
276	184.514	484	#
277	712.598	161	#
278	1282.88	209	230	#
279	692.662	223	#
280	2463.04	70	115	433	#
281	4361.75	128	232	307	328	357	371	384	414	460	#
282	6512.7	12	54	147	187	236	266	339	429	438	453	457	#
283	1219.32	0	68	111	144	224	279	348	405	427	#
284	927.04	67	#
285	1930.01	43	60	72	425	#
286	1989.65	163	339	360	499	#
287	2952.6	7	37	67	132	143	145	188	191	302	326	354	481	#
288	134.557	226	#
289	3803.16	48	160	336	493	511	#
290	2347.69	197	205	392	#
291	76.965	266	#
292	506.328	21	#
293	493.485	217	355	#
294	3284.25	57	343	359	455	506	#
295	3475.94	21	213	270	419	508	#
296	1909.6	179	239	246	264	298	302	#
297	951.394	428	#
298	861.727	249	322	#
299	1562.8	361	457	#
300	365.99	405	511	#
301	1122.34	340	384	476	#
302	1017.71	148	149	#
303	3662.72	40	151	218	334	362	508	#
304	1381.56	64	296	498	#
305	765.499	465	#
306	4943.14	83	141	163	300	396	443	466	467	#
307	2206.79	47	66	109	166	249	275	333	351	416	422	502	#
308	2738.59	34	40	138	158	272	455	#
309	1364.58	8	394	440	481	#
310	86.7844	59	#
311	693.251	31	110	154	238	256	467	495	#
312	937.186	91	168	173	344	463	#
313	1472.48	185	334	378	#
314	913.004	101	#
315	16378.6	13	22	36	52	106	126	136	269	271	324	338	394	417	420	446	447	448	457	460	485	496	#
316	3098.55	16	108	225	340	352	#
317	867.458	275	#
318	1242.37	91	149	355	#
319	622.582	396	419	507	#
320	944.529	454	#
321	4125.44	0	124	246	294	449	#
322	4682.2	15	104	123	137	170	199	205	235	240	241	281	385	408	409	428	463	469	473	476	482	490	504	507	#
323	779.509	1	#
324	14394.1	156	171	184	192	200	247	270	338	352	371	376	379	392	398	401	416	418	437	491	#
325	1094.91	29	202	299	453	#
326	2714.93	148	234	262	#
327	936.235	231	#
328	6400.81	57	160	162	232	309	367	393	463	471	#
329	2987.28	134	367	464	#
330	1010.43	38	238	268	300	#
331	2171.37	94	122	175	267	300	340	350	355	374	394	404	473	501	502	#
332	1322.42	17	154	240	278	#
333	998.163	214	304	#
334	538.106	250	#
335	6600.76	28	65	119	125	270	295	350	356	375	399	409	#
336	979.02	106	208	380	#
337	1315.64	215	419	#
338	10693.3	4	39	85	205	260	278	299	332	341	439	454	#
339	2561.01	3	10	347	#
340	9362.35	36	39	94	124	149	241	251	292	489	507	#
341	1494.12	106	193	358	394	455	#
342	972.467	128	#
343	730.885	216	#
344	728.557	215	#
345	2856.47	211	238	379	393	428	430	#
346	4006.44	81	231	429	489	495	502	#
347	316.162	476	#
348	1860.45	164	401	#
349	1184.28	70	250	318	329	425	462	483	#
350	517.385	292	#
351	5135.11	30	88	94	116	162	218	303	313	451	452	505	#
352	3987.24	83	267	305	346	355	442	499	#
353	747.006	360	#
354	2024.6	12	47	128	212	244	417	#
355	4845.01	99	185	293	337	445	#
356	683.707	274	#
357	7961.14	17	44	50	154	200	216	299	308	332	#
358	1534.9	338	358	418	#
359	1106.38	3	46	470	#
360	2984.02	35	111	137	146	196	290	319	380	413	438	469	#
361	754.081	267	#
362	57.3417	435	#
363	3750.96	11	32	41	200	267	#
364	1272.69	130	181	216	218	263	266	310	335	338	361	385	395	418	422	#
365	8543.23	143	176	230	275	281	333	362	381	406	#
366	4729.44	51	57	81	319	355	397	#
367	1929.48	89	375	457	502	#
368	657.756	79	127	#
369	5233.41	77	139	196	197	342	426	452	510	#
370	633.659	278	328	#
371	8034.8	2	4	74	84	203	224	227	269	320	348	392	396	460	507	#
372	939.762	17	#
373	2021.87	88	109	113	238	240	312	#
374	923.921	417	499	#
375	4143.14	146	226	239	428	510	#
376	614.967	498	#
377	4411.1	46	68	138	236	360	426	#
378	5764.7	10	123	130	133	433	443	#
379	1602.58	118	142	294	487	#
380	3427.13	15	39	83	144	154	159	193	256	279	293	298	380	463	#
381	3503.92	4	75	98	193	215	268	324	416	#
382	1745.55	204	284	383	#
383	1147.06	188	463	#
384	1463.08	23	209	225	#
385	4544.95	59	148	366	391	455	#
386	3676.84	42	49	176	194	225	226	267	#
387	3724.62	111	133	290	371	#
388	879.793	305	#
389	4650.32	56	92	276	302	377	382	406	505	#
390	1780.78	149	229	#
391	1955.76	3	103	200	#
392	790.812	72	267	300	#
393	46.1763	299	#
394	3163.7	89	205	295	380	403	#
395	5393.77	32	49	113	382	410	412	418	446	#
396	14796.4	7	39	64	88	89	151	179	242	286	289	352	370	422	427	440	504	#
397	9540.55	93	131	237	344	351	379	421	439	455	478	503	#
398	13015.6	11	50	88	128	134	140	141	168	221	274	299	323	343	384	414	434	475	494	#
399	7850.49	107	115	138	175	333	402	457	461	#
400	1504.33	8	306	#
401	1831.38	199	450	#
402	5835.17	65	67	132	164	198	208	235	236	268	322	452	481	506	#
403	4793.77	189	202	298	352	365	406	484	#
404	5469.84	56	86	210	367	461	462	#
405	922.111	201	299	#
406	12143.2	46	120	136	221	228	258	290	335	354	384	455	465	481	#
407	784.177	321	#
408	831.458	178	#
409	1583.17	100	198	#
410	6331.67	59	70	72	111	281	355	452	#
411	792.893	18	#
412	643.894	79	#
413	1124.06	14	34	115	220	267	274	375	385	429	500	#
414	5185.51	185	236	332	365	478	492	#
415	3622.16	37	225	268	354	382	#
416	1478.88	318	380	443	495	#
417	5778.14	8	60	133	243	318	326	386	410	427	450	455	#
418	1098.54	52	254	#
419	751.648	303	#
420	611.939	5	19	140	#
421	4714.82	61	72	136	310	467	#
422	9899.28	85	119	134	293	296	351	381	408	417	443	482	507	#
423	607.726	352	#
424	510.947	469	#
425	2426.36	283	296	482	#
426	801.994	33	#
427	915.691	302	465	#
428	4200.51	28	93	236	264	351	#
429	2556.19	21	133	218	249	472	495	#
430	994.329	276	501	#
431	766.01	265	#
432	3319.17	165	222	325	488	#
433	4891.3	56	162	214	295	322	461	#
434	1969.35	68	85	395	#
435	1867.37	161	208	439	454	471	#
436	1025.57	222	237	334	420	#
437	3613.97	58	166	180	336	345	357	363	368	401	409	450	454	#
438	3950.53	130	255	414	425	#
439	13519	41	61	95	101	104	172	217	282	284	297	374	476	487	509	#
440	1415.45	34	133	#
441	2809.52	98	171	178	199	#
442	990.224	149	#
443	1464.07	80	102	251	444	#
444	944.386	462	#
445	905.666	76	#
446	2398.37	39	135	413	414	#
447	2956.81	4	242	304	426	#
448	499.95	125	#
449	429.362	457	#
450	7924.68	5	125	181	259	264	296	305	390	446	#
451	886.521	191	#
452	10388.9	88	97	102	146	162	203	286	298	372	373	418	441	463	#
453	62.0693	196	#
454	2570.13	292	415	436	#
455	1512.41	44	93	118	149	280	386	463	487	#
456	2767.63	38	167	172	174	204	221	313	330	372	447	455	460	480	#
457	4465.08	1	65	71	171	303	336	#
458	6155.38	53	166	171	241	271	358	392	502	#
459	315.972	405	#
460	6648.52	77	175	216	292	311	362	510	#
461	184.506	189	#
462	5808.33	23	29	128	242	253	413	490	#
463	8696.96	5	43	46	66	70	91	134	184	226	245	275	326	380	408	433	441	501	#
464	4771.68	179	306	412	443	451	#
465	993.533	277	#
466	752.073	116	136	#
467	8249.13	4	58	306	382	383	396	422	500	501	#
468	1217.97	22	224	285	286	#
469	1849.21	12	57	183	257	381	450	484	487	494	#
470	963.155	10	11	92	#
471	1229.95	131	171	340	#
472	2076.55	50	81	160	204	209	246	271	424	493	#
473	2801.62	67	223	318	337	438	#
474	6477.71	44	109	130	151	157	220	250	305	356	403	438	481	508	#
475	2898.94	48	194	271	483	#
476	620.388	377	#
477	2806.94	90	210	218	227	257	311	#
478	959.319	22	57	386	#
479	160.862	344	#
480	982.427	253	#
481	1575.47	286	388	400	#
482	11617.3	0	77	109	151	161	195	206	245	253	278	297	424	425	480	481	#
483	948.084	27	#
484	991.504	155	#
485	4983.28	55	184	251	318	410	436	456	#
486	5271.99	132	175	318	408	430	434	470	477	#
487	3938.77	5	268	355	495	#
488	2459.31	42	65	93	251	253	413	462	468	482	#
489	981.186	440	#
490	2717.33	9	63	309	357	#
491	1174.32	129	261	426	#
492	1026.95	184	328	#
493	3909.63	52	109	320	321	#
494	120.814	495	#
495	300.754	32	#
496	7475.4	198	256	343	386	392	441	450	477	#
497	4705.79	0	30	33	49	145	167	224	258	259	297	328	352	366	388	492	#
498	6638.6	153	193	208	245	331	407	470	#
499	3239.41	140	165	311	318	325	364	374	#
500	792.933	44	502	#
501	886.087	332	#
502	2991.89	20	48	85	89	119	#
503	4292.7	26	46	71	161	230	302	350	#
504	409.658	306	#
505	2565.65	23	33	87	119	128	145	193	343	438	453	472	#
506	11727.7	2	20	94	114	226	269	328	350	369	372	379	424	#
507	4220.47	51	52	59	106	246	257	301	344	446	#
508	901.051	69	137	170	312	449	#
509	3608.96	62	83	103	118	131	185	230	299	391	441	447	457	478	#
510	3195.35	124	145	177	265	453	472	#
511	2735.16	129	142	228	329	357	436	#
512	804.979	196	247	#
513	4491.91	75	90	146	291	360	#
514	4567.63	14	228	280	305	478	497	#
515	3772.73	5	176	240	340	432	474	#
516	1672.24	34	477	510	#
517	708.813	112	416	#
518	2007.95	88	99	230	378	#
519	1831.15	81	173	#
520	2711.12	75	130	346	#
521	2363.46	132	215	474	#
522	2410.62	194	267	316	#
523	977.828	261	484	#
524	22.0969	262	#
525	4277.28	161	191	227	477	482	#
526	5053.27	20	199	235	306	309	314	#
527	8038.43	29	43	73	98	157	282	289	435	449	451	490	#
528	2027.83	127	326	349	429	462	#
529	11552.2	79	88	97	98	109	110	193	301	320	392	425	427	#
530	3391.96	95	146	367	387	#
531	984.09	439	#
532	11470.3	25	26	44	54	84	219	307	431	442	449	495	503	#
533	581.899	2	31	139	433	#
534	1693.97	52	164	#
535	2275.89	1	82	174	422	475	#
536	2530.9	54	430	473	#
537	863.964	392	#
538	783.86	337	347	412	431	#
539	570.869	103	199	221	350	476	#
540	4959.43	34	220	228	316	402	#
541	2383.44	373	444	469	#
542	650.067	49	338	#
543	5086.5	22	105	132	214	287	418	#
544	3269.18	54	198	219	463	#
545	689.011	444	#
546	4015.23	21	71	255	457	465	484	#
547	14273.8	7	43	63	87	124	133	166	233	269	293	333	344	359	437	474	487	#
548	4199.63	26	29	32	88	123	128	143	185	186	330	340	351	468	#
549	7749.21	63	83	131	136	198	214	265	435	477	#
550	3470.36	1	9	40	79	127	147	261	459	511	#
551	12770.1	30	100	101	129	155	236	287	338	405	413	440	449	479	#
552	5070.99	16	54	68	74	168	187	227	234	266	307	341	434	487	#
553	2020.35	145	146	249	#
554	8547.68	12	102	107	117	167	274	405	411	424	438	507	#
555	658.734	218	#
556	1412.71	27	29	54	306	#
557	4817.58	66	117	275	313	377	405	411	430	#
558	3519.45	27	91	171	457	497	#
559	674.962	151	#
560	2101.2	282	360	490	502	#
561	4680.84	65	99	158	242	406	454	465	#
562	3528.43	220	402	404	442	499	#
563	9964.72	14	138	202	221	240	263	312	370	401	419	#
564	6491.05	43	48	119	388	408	450	460	#
565	720.845	147	#
566	729.017	171	214	#
567	2516.75	22	25	85	180	243	254	269	292	328	456	458	#
568	2981.06	0	13	65	166	186	192	221	410	#
569	753.885	380	#
570	12552	45	136	176	178	189	203	252	321	338	369	424	460	505	#
571	1485.59	290	354	#
572	8418.01	61	78	114	143	150	189	191	232	284	290	292	364	388	423	465	#
573	970.247	32	227	#
574	1548.84	171	178	259	#
575	3241.66	75	249	262	299	#
576	1141.16	66	137	339	471	510	#
577	1913.48	274	354	355	#
578	3361.19	28	111	200	282	386	500	#
579	5920.02	14	40	43	65	306	313	343	446	450	455	#
580	1816.8	39	184	188	204	224	269	294	307	490	#
581	668.197	116	#
582	7078.83	6	100	104	187	193	239	306	361	366	456	#
583	2160.33	110	122	239	313	#
584	1147.67	48	283	301	#
585	2540.9	117	286	472	#
586	3986.72	100	157	297	389	#
587	1231.85	35	44	77	175	181	204	366	495	#
588	650.179	342	#
589	469.141	110	#
590	4832.77	242	247	264	326	438	459	#
591	1119.96	116	121	284	359	#
592	6020.95	21	28	178	215	329	338	351	399	455	#
593	8437.54	8	64	125	196	232	234	240	247	251	271	306	380	413	445	#
594	425.038	88	#
595	1691.41	220	249	410	434	#
596	1712.73	4	94	#
597	6177.09	93	140	163	166	326	353	412	449	478	486	#
598	2604.52	140	349	406	#
599	12133.7	8	15	29	32	128	197	209	229	264	380	424	470	489	498	509	#
600	3909.66	62	284	321	439	454	#
601	2025.27	4	10	140	156	159	178	208	220	229	276	329	334	422	437	461	#
602	805.188	169	184	#
603	6956.99	51	62	149	192	267	285	326	345	#
604	5349.22	80	132	157	190	194	248	339	341	360	402	428	504	#
605	1186.21	138	175	#
606	955.708	148	#
607	2844.31	109	206	242	#
608	1673.04	257	378	#
609	1535.52	363	432	#
610	2042.76	48	83	274	310	424	#
611	2316.69	174	225	227	387	#
612	2175.35	14	68	92	140	434	453	483	#
613	4120.85	0	48	123	146	168	245	260	277	499	#
614	2669.37	38	63	135	158	192	193	221	231	265	275	381	398	492	#
615	1455.93	75	170	257	275	#
616	5471.56	48	199	201	213	229	259	347	410	444	463	#
617	1045.14	152	191	290	398	424	478	495	#
618	7557.95	109	134	246	258	288	290	297	333	361	370	374	380	395	501	#
619	2559.82	9	166	179	228	453	#
620	5994.75	34	61	265	281	312	405	467	497	#
621	1458.24	237	344	453	#
622	1933.4	83	358	#
623	14556	40	134	211	214	243	308	328	389	400	407	423	456	486	492	500	#
624	1040.26	71	86	88	168	177	299	320	458	504	#
625	2046.48	84	184	299	435	466	467	#
626	917.512	84	115	116	#
627	587.319	100	#
628	649.715	156	#
629	1459.93	46	236	398	#
630	629.811	502	#
631	665.019	416	419	#
632	170.691	228	475	#
633	2096.97	104	341	355	356	#
634	8941.22	12	176	217	222	225	254	280	336	362	372	392	#
635	2891.53	7	201	368	412	464	#
636	4990.57	30	62	188	212	263	285	296	470	#
637	994.33	304	#
638	170.84	154	#
639	6924.19	44	52	246	308	415	434	490	#
640	4520.12	10	198	308	327	396	#
641	2126.41	142	387	411	#
642	2779.49	23	80	193	#
643	1507.06	227	264	#
644	3313.16	80	104	116	148	154	178	295	325	432	445	458	464	#
645	133.94	254	#
646	759.803	397	#
647	737.683	478	#
648	939.784	486	#
649	1944.29	29	49	115	158	175	267	370	432	458	474	489	497	#
650	990.689	163	#
651	364.456	188	#
652	1211.42	12	62	342	347	475	#
653	19302.1	7	28	31	50	58	117	126	162	181	191	197	201	233	272	289	305	317	324	343	393	435	449	461	473	#
654	825.299	172	#
655	834.165	108	292	461	#
656	1312.55	371	400	#
657	506.603	376	#
658	3944.79	44	218	347	419	#
659	12946.2	25	64	67	72	74	106	129	136	157	172	184	187	205	229	230	266	272	284	301	334	347	363	400	476	481	493	497	#
660	1755.46	30	460	473	#
661	3592.82	41	45	228	339	379	403	#
662	11536.8	74	107	120	123	137	153	167	195	230	279	354	383	487	#
663	7342.1	34	72	118	230	252	279	322	372	444	#
664	950.837	397	506	#
665	4127.22	47	76	115	197	288	314	326	332	334	342	408	471	474	495	#
666	1991.45	96	345	#
667	671.844	212	373	453	499	#
668	7458.58	49	54	64	178	210	224	302	360	444	473	#
669	4436.08	27	33	159	446	479	#
670	2878.91	167	268	306	#
671	2202.06	277	301	370	392	420	#
672	2434.64	169	192	384	#
673	1927.59	246	339	#
674	2031.53	212	322	343	367	#
675	611.744	328	#
676	853.984	11	285	360	#
677	2301.76	45	68	92	222	275	380	405	452	#
678	4252.89	69	85	94	160	309	434	#
679	4026.72	130	149	163	314	358	433	502	#
680	5246.71	45	57	60	102	114	135	150	157	187	224	308	389	406	415	#
681	3434.09	109	202	252	283	500	#
682	1215.79	121	465	#
683	1984.27	28	140	197	260	#
684	962.382	426	#
685	1102.65	50	128	148	176	196	317	#
686	3881.15	27	263	265	484	#
687	976.761	111	#
688	1808.39	84	343	#
689	572.149	196	259	#
690	1925.16	110	295	#
691	6811.8	67	182	242	376	409	500	505	#
692	1040.61	88	170	198	242	467	#
693	4260.97	140	142	150	289	303	395	#
694	77.0365	256	#
695	8120.13	12	42	141	245	247	293	309	362	387	460	#
696	3213.71	32	51	98	207	238	260	296	340	#
697	1601.72	79	441	#
698	4628.25	134	173	380	408	495	#
699	472.728	131	#
700	445.871	48	#
701	2479.67	64	176	293	311	#
702	801.481	173	#
703	4722.28	9	82	91	248	309	321	462	477	#
704	3763.9	81	240	256	267	398	#
705	864.772	105	#
706	2389.52	194	373	383	470	#
707	5500.18	10	16	106	256	367	407	#
708	1372.23	206	390	#
709	1772.12	68	303	312	360	405	477	#
710	184.831	182	322	422	435	#
711	3064.52	44	118	166	180	238	318	378	400	465	#
712	1632.16	38	130	159	211	288	290	296	380	#
713	4413.52	26	45	174	193	479	#
714	1890.96	412	477	#
715	2880.12	103	374	456	508	#
716	2261.88	48	153	165	280	#
717	1252.54	279	366	#
718	5005.29	7	45	153	197	281	295	324	340	390	439	#
719	3894.02	6	7	18	31	91	104	109	192	202	225	259	284	298	411	416	431	449	450	485	#
720	2165.43	138	194	263	291	405	420	#
721	1183.81	1	16	62	194	240	303	320	324	421	465	479	#
722	1959.44	32	231	#
723	4283.2	120	173	179	400	493	#
724	612.204	504	#
725	3431.16	121	162	204	333	466	#
726	453.522	477	#
727	694.964	138	167	232	314	435	#
728	1136.22	32	47	122	176	204	289	291	300	354	365	476	484	#
729	763.851	31	438	#
730	63.517	2	#
731	6995.05	60	102	112	188	197	350	449	466	#
732	3795.37	182	247	307	425	501	#
733	8904.77	39	129	153	229	234	243	244	308	326	504	#
734	3869.72	15	121	127	170	341	425	461	#
735	1064.51	107	283	509	#
736	389.097	98	262	#
737	7487.61	13	18	48	50	74	88	104	119	146	218	254	259	357	496	#
738	508.305	78	#
739	11883.8	41	67	236	282	353	357	362	389	432	436	504	507	#
740	1775.34	112	116	#
741	1230.92	148	166	183	295	336	373	401	#
742	5949.82	11	35	67	162	224	275	346	434	476	493	496	#
743	6564.37	20	30	49	195	228	285	326	328	#
744	3851.51	54	190	236	252	334	342	458	485	498	#
745	2519.76	10	37	94	116	151	180	198	235	302	313	315	329	337	338	364	382	394	429	433	440	448	453	457	498	506	509	#
746	3261.63	21	27	184	209	241	344	#
747	1375.29	106	355	430	454	#
748	3865.88	118	195	197	231	233	294	439	453	507	#
749	2021.49	113	233	275	288	#
750	7311.37	43	71	121	129	152	186	255	275	284	319	353	379	405	406	414	423	431	459	503	#
751	602.437	74	299	#
752	709.895	9	#
753	1158.79	108	373	#
754	6219.66	102	125	161	182	220	226	235	350	370	386	#
755	837.553	387	#
756	881.107	45	138	343	#
757	4282.25	1	142	177	198	278	297	480	496	#
758	2806.7	46	179	321	357	456	#
759	6077.1	51	69	84	162	164	221	272	352	364	397	432	465	#
760	1238.8	34	250	#
761	8070.7	75	134	141	150	248	276	307	338	462	487	#
762	1094.08	15	68	195	212	407	461	#
763	2347.34	160	297	326	453	#
764	402.1	471	#
765	4728.65	20	42	61	62	91	98	159	187	199	205	221	286	287	347	412	467	468	485	#
766	7266.88	30	34	74	83	153	167	178	187	193	215	286	402	407	471	472	473	484	#
767	2926.34	44	258	266	#
768	2655.68	0	122	190	296	338	362	385	#
769	3395.55	19	201	328	448	509	#
770	5394.56	87	222	244	249	342	389	#
771	2455.01	111	116	117	#
772	3822.16	62	174	208	216	410	#
773	1038.56	58	169	181	218	479	#
774	1863.42	226	256	459	478	488	#
775	987.761	216	330	#
776	984.795	49	100	117	187	494	#
777	1849.54	191	284	390	#
778	1908.76	38	404	#
779	5072.96	51	83	203	261	325	379	#
780	6497.05	14	97	103	134	148	174	190	209	211	287	372	464	469	473	#
781	1360.98	32	35	48	318	400	467	#
782	1728.32	108	147	218	433	499	#
783	3386.18	29	245	296	485	494	#
784	5462.86	33	96	233	258	297	452	#
785	554.41	22	#
786	5508.37	37	83	160	301	313	322	339	472	#
787	2361.14	7	109	398	#
788	5432.45	32	46	70	99	101	243	267	322	382	392	#
789	4638.97	77	79	92	94	123	185	298	302	320	407	421	431	494	#
790	1564.13	370	435	#
791	698.814	10	58	88	353	#
792	2210.4	77	134	204	293	427	#
793	118.116	323	#
794	295.355	235	#
795	1041.35	354	437	#
796	2826.9	337	350	426	493	#
797	1531.26	69	80	132	236	248	255	270	360	384	448	466	#
798	11725.2	7	31	50	121	145	293	300	306	396	422	444	445	460	496	#
799	989.242	18	23	144	171	244	406	#
800	307.52	506	#
801	2222.09	177	432	436	#
802	675.495	269	#
803	2438.64	33	166	231	283	377	#
804	1662.14	46	58	118	134	171	203	215	433	436	438	#
805	513.511	224	481	#
806	5426.02	149	187	377	411	440	449	469	#
807	1757.18	59	103	195	202	331	366	425	469	470	472	#
808	25608	12	27	60	111	114	135	145	172	174	179	185	186	190	204	215	223	228	267	276	306	310	326	343	355	381	399	492	#
809	4505.07	215	227	236	248	310	477	480	#
810	2371.7	92	135	359	367	#
811	2472.05	134	149	218	#
812	618.132	463	#
813	7088.7	145	237	267	309	310	441	451	471	480	#
814	11194.2	85	197	208	289	316	319	324	340	354	356	375	379	383	389	391	394	417	444	446	452	455	468	479	#
815	1874.84	74	220	#
816	473.289	353	#
817	7179.12	109	165	241	254	299	316	367	413	#
818	1753.68	26	37	119	129	147	399	479	486	#
819	7322.81	16	18	180	192	273	275	311	357	392	479	510	#
820	312.105	357	#
821	3622.25	4	17	52	54	133	145	176	205	274	414	#
822	2788.8	4	11	58	135	158	162	328	#
823	313.658	483	#
824	9445.06	10	47	79	88	90	223	226	315	419	479	#
825	487.654	69	171	285	327	394	#
826	266.135	309	#
827	79.5636	330	#
828	983.497	463	506	#
829	8919.58	8	24	121	129	132	178	277	336	359	382	400	499	503	507	#
830	2398.98	55	82	250	300	320	368	462	#
831	3733.82	137	309	411	493	#
832	1359.12	381	432	#
833	2014.59	92	106	113	141	150	155	198	203	388	431	462	#
834	2519.99	156	293	436	#
835	2843.21	9	33	55	70	71	111	124	142	155	183	190	213	237	286	294	300	307	341	358	364	412	469	478	492	495	#
836	9191.7	21	48	97	116	129	130	180	194	256	268	275	281	287	289	326	336	357	396	425	454	#
837	513.753	203	#
838	1451.34	65	188	200	205	435	#
839	1496.44	5	54	107	169	319	364	380	454	500	#
840	668.298	384	#
841	6384.15	24	37	88	112	115	127	133	346	389	467	#
842	4156.28	46	121	245	356	363	404	#
843	3326.11	27	95	195	228	307	452	#
844	9023.35	19	21	48	61	116	138	145	228	241	274	433	467	#
845	2448	173	258	315	333	360	389	#
846	733.038	93	#
847	737.485	219	#
848	984.947	143	#
849	987.722	201	460	#
850	799.605	184	#
851	2823.62	44	53	83	89	163	174	175	192	213	267	270	274	286	297	299	308	322	332	336	401	403	417	458	459	464	466	472	491	498	503	#
852	12795.7	17	39	41	53	85	91	122	127	128	158	378	424	463	474	#
853	4397.56	111	132	172	230	247	282	283	336	414	#
854	8463.76	53	121	137	160	232	253	267	276	368	394	445	464	#
855	4920.1	101	171	234	255	414	469	#
856	966.606	264	416	#
857	4750.54	122	181	234	480	491	#
858	429.933	43	349	450	#
859	2891.78	232	308	412	458	#
860	2114.41	36	49	158	336	#
861	1301.74	64	79	322	#
862	3113.21	162	285	314	350	376	378	465	482	#
863	6741.83	11	194	227	276	292	420	477	#
864	1374.65	99	112	174	192	310	472	#
865	1735.32	182	408	#
866	2898.7	30	82	90	312	#
867	1659.21	32	225	#
868	2085.83	269	433	495	#
869	11136.8	19	47	63	69	70	78	107	143	151	162	185	192	213	239	335	339	346	357	376	409	453	456	470	490	#
870	1288	128	175	290	390	#
871	2330.02	107	310	473	#
872	6177.5	14	89	113	126	194	299	379	463	467	#
873	6923.48	22	36	81	266	316	370	419	#
874	12918.3	6	98	143	149	230	287	294	297	302	415	418	423	425	447	452	494	504	509	#
875	2527.82	54	88	295	#
876	205.71	120	#
877	6744.41	115	175	289	291	421	500	504	#
878	3973.59	43	134	210	235	251	362	420	458	#
879	6960.79	111	136	241	351	406	413	462	483	#
880	2790.39	80	266	404	#
881	1743.34	257	377	429	#
882	1267.45	1	28	122	123	243	327	330	#
883	1414.44	141	364	458	#
884	1897.88	78	332	394	#
885	1685.02	5	149	425	#
886	3886.69	20	139	293	401	404	465	#
887	1184.8	146	239	#
888	4318.91	66	79	98	182	223	246	278	280	283	335	365	366	412	450	468	480	493	#
889	2726.36	56	140	147	166	169	219	242	261	276	373	#
890	308.446	348	#
891	7614.53	102	242	272	310	375	437	467	506	#
892	2354.31	60	76	117	355	385	397	399	468	#
893	2164.64	194	320	427	#
894	464.335	126	#
895	1419.1	21	65	113	193	306	353	414	#
896	6399.23	43	115	132	184	189	213	236	294	301	338	441	472	481	484	491	493	#
897	1128.91	29	140	259	275	415	#
898	10255.7	11	48	71	103	107	135	206	268	299	307	378	397	432	455	#
899	2726.52	270	450	488	#
900	4758.45	12	71	181	365	397	404	452	#
901	1536.09	66	213	#
902	11481.5	46	74	77	177	217	247	359	400	403	416	438	449	#
903	1451.49	115	339	346	403	485	#
904	5541.64	48	72	73	85	107	166	211	275	297	299	311	424	457	484	#
905	2279.74	193	299	344	#
906	4540.27	27	77	89	91	105	118	138	181	188	203	239	247	260	293	318	374	403	409	439	441	446	467	490	493	#
907	2517.28	101	176	450	#
908	1799.53	173	424	479	#
909	4760.07	17	125	335	357	393	396	450	489	494	#
910	1001.94	31	34	138	199	345	493	#
911	895.733	3	#
912	2830.96	48	162	246	#
913	2204.47	120	123	213	226	355	#
914	279.56	190	#
915	732.981	282	416	#
916	820.678	74	140	168	204	223	285	350	400	#
917	983.613	276	#
918	1844.22	63	413	#
919	3864.06	178	213	281	330	404	#
920	2384.28	312	370	380	392	436	461	#
921	2987.91	119	149	165	174	238	270	309	320	477	#
922	3930.58	290	365	440	457	#
923	1570.78	63	99	116	136	184	195	356	377	504	#
924	1928.04	303	306	#
925	2515.43	130	314	344	350	390	402	489	#
926	1890.09	234	400	430	467	#
927	1020.74	239	268	393	467	#
928	2089.12	13	219	251	283	424	#
929	888.046	379	#
930	10394.7	37	53	73	201	205	227	235	301	316	343	344	390	392	395	418	436	476	493	#
931	779.443	37	#
932	715.16	260	325	#
933	3364.02	45	79	87	100	117	290	313	354	472	483	#
934	747.67	187	#
935	3204.51	78	227	228	481	#
936	769.976	68	79	110	147	292	455	480	#
937	1416.52	368	414	#
938	8698.73	72	99	122	137	200	235	299	310	338	363	442	456	#
939	1804.1	236	339	#
940	2952.48	4	41	78	106	127	134	370	509	#
941	9338.71	48	65	96	173	197	198	225	336	338	365	385	428	479	491	#
942	2247.38	229	319	456	#
943	1229.67	207	356	365	#
944	4466.19	78	141	143	144	354	367	#
945	502.249	221	#
946	17.3945	508	#
947	966.61	50	#
948	1368.33	136	367	464	#
949	4399.81	58	159	215	376	395	412	#
950	1404.78	26	288	#
951	912.481	300	316	360	#
952	1044.77	467	484	#
953	6626.6	46	76	309	350	353	491	500	#
954	4950.37	47	238	355	399	419	496	#
955	9482.19	16	27	46	64	113	154	191	241	344	366	#
956	4805.67	149	243	300	352	355	386	420	442	465	489	#
957	854.84	409	#
958	731.113	415	#
959	3813.56	25	376	422	465	482	505	#
960	1379.76	19	183	#
961	2893.4	7	180	232	241	386	#
962	586.52	65	205	320	#
963	13720.3	62	90	99	137	138	160	233	277	305	313	347	350	351	397	#
964	1950.67	181	468	#
965	8498.25	112	116	132	179	228	291	302	303	376	444	#
966	4509.01	102	228	335	355	391	459	#
967	1868.59	177	279	#
968	2359.85	7	136	320	400	#
969	1158.39	3	30	35	175	193	249	261	262	327	384	#
970	2131.83	272	296	375	418	459	#
971	1575.1	44	61	225	#
972	2945.21	105	120	158	228	296	320	355	363	366	486	#
973	536.575	4	#
974	4401.98	53	135	173	278	301	310	400	422	451	478	484	#
975	3957.28	20	56	174	208	506	#
976	6025.02	158	185	295	297	321	328	348	352	410	#
977	888.285	229	#
978	611.191	87	#
979	7025.81	170	324	347	368	402	421	424	481	511	#
980	6137.56	2	41	53	101	183	299	307	324	357	395	419	466	#
981	1373.34	84	144	421	#
982	4472.81	137	138	143	300	365	375	492	#
983	3342.19	130	207	341	347	372	502	#
984	4218.52	83	153	197	219	337	347	356	367	446	#
985	11478.1	60	84	88	100	182	190	216	218	301	322	323	324	327	411	415	430	438	440	449	459	462	476	495	499	#
986	367.471	445	#
987	2634.14	6	34	79	214	235	242	317	448	#
988	2536.04	62	324	454	#
989	2476.1	140	183	460	#
990	372.022	144	#
991	1697.6	5	13	16	493	#
992	1513.13	67	301	#
993	1991.93	65	307	#
994	2854.9	61	137	194	228	258	488	505	#
995	6417.89	53	218	219	228	244	253	261	292	295	327	342	369	418	421	461	498	#
996	806.739	290	#
997	7478.48	14	221	333	352	359	450	458	475	480	#
998	1911.76	319	449	#
999	2090.55	61	400	463	504	#
1000	4802.31	11	35	111	292	406	486	503	#
1001	15376.2	54	55	113	115	154	157	164	167	168	181	201	217	218	225	291	295	314	390	399	510	#
1002	784.964	363	#
1003	2961.55	38	204	441	486	496	#
1004	2498.89	49	252	297	#
1005	94.4751	298	500	#
1006	3376.09	51	266	271	400	418	482	#
1007	3991.78	128	193	269	511	#
1008	5147.03	208	212	215	256	301	312	404	#
1009	1617.31	341	353	#
1010	3678.31	287	324	350	354	419	495	#
1011	2800.2	300	366	483	#
1012	1526.62	271	366	459	#
1013	13945.6	40	42	47	59	160	194	207	238	254	312	338	355	366	374	407	475	#
1014	2299.27	93	241	344	444	459	#
1015	942.262	69	501	#
1016	671.119	466	#
1017	1113.25	212	257	#
1018	4302.72	206	356	384	402	470	506	#
1019	860.825	333	#
1020	2516.79	40	50	55	67	131	261	281	421	#
1021	3645.06	36	238	482	501	#
1022	1238	24	254	#
1023	2547.66	78	232	331	#
1024	845.875	90	#
1025	3499.14	205	244	271	369	399	436	#
1026	2296.25	77	350	383	468	#
1027	1035.95	326	372	#
1028	2220.02	109	300	337	366	379	402	404	#
1029	4869.92	65	159	196	220	401	489	#
1030	811.752	59	169	#
1031	1945.9	269	369	#
1032	581.689	443	#
1033	8273.03	124	140	164	181	273	281	296	302	320	387	404	444	#
1034	818.349	11	#
1035	2046.66	45	93	190	335	#
1036	1813.18	30	122	240	268	328	424	428	#
1037	16781.4	61	83	85	153	154	194	215	232	251	257	364	386	398	404	435	467	472	492	510	#
1038	962.888	245	#
1039	725.727	181	349	366	#
1040	18398.7	9	13	26	68	98	107	110	135	153	241	268	290	313	319	344	365	409	414	502	#
1041	3732.28	134	213	395	421	#
1042	590.634	421	#
1043	1499.91	7	347	#
1044	1690.21	171	479	#
1045	749.406	460	#
1046	1825.67	98	176	233	265	445	#
1047	4.91266	96	#
1048	1670.49	133	162	#
1049	1983.35	100	149	261	406	#
1050	6037.04	0	7	41	47	75	120	145	186	259	405	456	473	#
1051	3988.54	100	135	332	361	#
1052	552.409	183	347	#
1053	279.622	315	#
1054	6058.44	18	134	177	209	225	377	432	#
1055	497.5	467	#
1056	1460.52	87	463	481	490	511	#
1057	5868.64	14	17	32	87	187	239	460	462	#
1058	1005.42	139	287	460	#
1059	911.61	51	#
1060	6213.63	53	118	183	243	286	333	460	#
1061	2980.88	39	55	93	108	138	140	160	229	237	239	250	272	297	312	374	500	#
1062	1885.99	130	198	209	314	452	454	455	#
1063	2905.11	30	42	287	303	353	#
1064	3183.41	84	189	248	254	268	381	#
1065	70.7803	164	#
1066	4371.15	122	247	319	322	349	379	#
1067	4375.07	40	177	199	423	465	#
1068	3966.13	187	272	317	335	391	#
1069	540.902	376	452	#
1070	710.496	24	72	140	183	328	#
1071	254.472	406	#
1072	2316.41	111	193	230	237	347	358	481	#
1073	2940.58	65	207	254	298	314	491	#
1074	1295.79	6	379	489	#
1075	10637.8	105	142	155	158	193	211	245	273	327	373	401	441	475	505	#
1076	1910.65	7	21	204	502	#
1077	1377.42	204	394	#
1078	315.521	0	#
1079	6133.36	16	17	78	88	112	120	182	306	334	377	409	413	464	466	501	#
1080	3484.31	12	18	71	145	214	410	#
1081	7640.93	41	58	65	90	178	184	224	284	307	426	431	465	475	#
1082	3012.77	6	89	182	186	192	246	275	290	363	446	#
1083	16028.5	14	20	21	115	198	217	228	251	328	377	394	408	411	435	453	461	465	508	#
1084	3403.87	64	257	259	491	#
1085	4798.2	23	175	187	247	346	354	#
1086	386.128	449	#
1087	2943.51	71	156	183	185	215	298	329	351	398	415	500	501	#
1088	2105.81	138	416	439	#
1089	1939.97	122	256	#
1090	4634.45	2	88	158	205	404	439	459	496	#
1091	3815.46	23	74	355	368	385	#
1092	4693.02	121	317	323	378	432	470	#
1093	40.1379	268	429	#
1094	856.21	106	209	261	420	#
1095	1774.28	13	114	170	231	251	269	406	502	507	511	#
1096	6479.23	59	129	137	187	261	289	470	480	#
1097	1793.97	28	116	160	190	210	287	330	399	451	#
1098	4362.4	49	89	209	248	344	349	391	405	416	417	496	#
1099	9902.08	9	10	38	62	120	141	279	284	313	329	360	392	427	446	#
1100	973.799	166	#
1101	1025.87	255	420	#
1102	1510.87	69	108	123	#
1103	706.304	106	#
1104	3356.27	107	132	231	393	#
1105	9261.47	9	13	64	88	269	273	281	347	435	501	#
1106	4150.48	39	110	231	306	395	#
1107	2282.74	122	381	481	#
1108	2039.42	25	56	144	176	194	293	321	340	417	473	#
1109	8091.6	6	88	103	331	338	388	391	394	402	414	459	485	#
1110	8640.59	24	75	123	134	175	286	440	456	505	#
1111	3810.71	47	414	474	485	#
1112	4736.63	143	176	219	300	347	392	#
1113	2007.73	75	214	313	346	372	#
1114	175.801	20	#
1115	20210.6	21	24	38	44	74	79	106	112	132	163	199	205	216	247	294	298	327	364	436	444	460	#
1116	2350.16	94	258	440	490	#
1117	1074	39	171	#
1118	28.5383	453	#
1119	4853.53	37	50	57	120	143	167	204	211	255	260	297	372	430	#
1120	1224.65	83	471	485	495	#
1121	4067.26	10	126	156	201	239	311	366	421	440	#
1122	820.569	158	#
1123	3577.92	140	152	254	270	337	350	354	462	#
1124	3398.33	179	230	280	312	403	455	#
1125	3558.69	15	312	372	413	495	#
1126	4284.34	17	56	117	157	333	494	#
1127	101.761	57	167	#
1128	3471.42	64	136	138	462	#
1129	715.362	83	449	#
1130	832.109	108	#
1131	1695.01	139	430	478	#
1132	5936.33	98	125	272	290	311	471	#
1133	4456.5	27	45	374	376	411	436	463	#
1134	636.526	402	#
1135	2726	300	333	454	#
1136	844.595	361	416	#
1137	2880.26	26	33	119	138	153	172	222	333	364	366	438	444	498	#
1138	1452.89	94	110	126	142	466	#
1139	5519.38	27	36	176	218	258	402	406	443	#
1140	2688.05	196	342	389	418	#
1141	8645.96	43	70	249	276	287	339	452	494	506	509	#
1142	3452.75	32	64	80	294	397	#
1143	1856.09	425	438	#
1144	6317.6	105	208	310	345	371	452	487	#
1145	652.861	501	#
1146	3535.41	369	393	412	452	#
1147	2328.67	65	138	207	241	258	466	#
1148	1894.06	35	52	73	117	179	196	200	225	255	286	455	496	498	#
1149	2502.72	98	196	315	338	368	414	431	478	#
1150	1524.49	15	51	262	342	#
1151	9944.75	110	116	147	403	414	420	434	455	504	508	#
1152	164.483	300	#
1153	7833.06	88	142	152	172	194	256	299	302	480	495	#
1154	1564.65	121	216	248	291	420	#
1155	3444.63	33	173	190	234	298	309	373	#
1156	935.707	236	#
1157	353.435	481	#
1158	2994.64	147	260	365	#
1159	827.669	365	#
1160	2505.75	77	248	279	#
1161	1724	100	168	283	362	#
1162	15056.4	18	29	60	75	138	195	224	236	266	273	291	329	335	364	409	431	500	#
1163	9336.52	1	19	33	43	45	81	101	103	106	107	119	132	187	239	249	296	312	328	336	354	360	386	398	417	457	487	488	509	#
1164	747.621	494	#
1165	1186.29	28	294	#
1166	1776.79	15	42	64	90	123	172	186	199	254	292	325	372	380	396	447	#
1167	9576.83	31	74	160	179	209	232	241	264	281	315	331	348	355	379	459	499	#
1168	1273.63	21	148	337	#
1169	2973.08	152	315	383	#
1170	3766.35	10	257	326	383	#
1171	606.465	6	#
1172	10933.2	72	93	120	182	186	190	233	246	251	324	437	482	494	507	#
1173	3857.85	30	38	42	53	57	75	110	147	164	198	201	231	250	262	360	379	381	393	394	415	423	471	485	494	#
1174	1004.69	24	191	#
1175	2108.13	23	42	56	70	461	#
1176	16278.5	12	24	41	63	93	101	245	247	251	255	282	305	323	337	388	443	482	505	#
1177	3606.49	6	51	69	388	467	#
1178	3331.67	90	381	404	486	#
1179	1247.89	18	270	396	#
1180	1963.1	4	501	#
1181	6810.31	11	107	123	184	298	350	351	460	506	#
1182	6743.87	79	204	225	226	231	281	306	339	369	415	508	#
1183	3362.57	34	71	328	485	503	#
1184	6089.2	10	18	27	272	366	399	440	441	485	#
1185	2440.55	139	421	454	#
1186	1444.2	243	393	#
1187	3278.13	55	109	299	482	#
1188	3294.9	45	65	370	390	431	442	#
1189	980.065	39	335	435	492	#
1190	8084.54	4	16	44	60	123	133	160	171	176	184	203	248	281	297	354	412	437	451	487	#
1191	1890.97	362	377	#
1192	4002.14	85	115	172	181	336	397	#
1193	9929.47	21	107	125	132	177	239	245	258	401	445	466	#
1194	3498.7	127	131	194	271	315	368	404	430	510	#
1195	5984.9	64	322	366	379	418	436	489	495	#
1196	1826.96	149	231	383	#
1197	2848.17	87	88	169	219	322	437	493	#
1198	1020.33	82	326	445	#
1199	139.574	53	#
1200	1683.47	23	241	276	309	354	387	416	434	448	#
1201	14293.7	18	64	77	207	213	218	220	298	323	347	370	378	379	428	459	#
1202	1478.04	32	310	#
1203	661.071	438	#
1204	1774.84	68	124	507	#
1205	15881.8	55	58	67	92	110	124	136	138	167	173	211	274	312	344	390	402	442	452	465	476	#
1206	1073.24	114	231	#
1207	3762.12	102	139	174	184	#
1208	2884.83	7	202	262	#
1209	588.209	381	#
1210	2108.13	144	278	496	#
1211	4175.46	46	70	111	140	162	166	179	217	251	280	344	428	436	440	470	485	#
1212	3786.53	48	144	181	185	260	353	435	437	476	489	#
1213	2401.47	175	205	336	#
1214	2882.42	130	203	250	273	#
1215	2703.9	26	113	191	301	#
1216	2847.55	13	116	276	362	#
1217	842.642	178	237	271	#
1218	7241.2	17	85	86	92	170	212	311	350	436	#
1219	5100.43	4	105	163	212	268	366	479	#
1220	1579.39	15	70	#
1221	2521.72	65	147	465	466	#
1222	1834.37	331	486	#
1223	636.004	390	#
1224	4822.62	24	139	169	218	402	#
1225	2955.36	53	88	235	239	360	364	397	437	487	503	#
1226	7550.21	63	125	147	205	207	256	283	414	432	440	453	496	#
1227	1079.95	203	510	#
1228	1547.89	141	266	#
1229	12028.3	21	50	72	124	132	144	164	166	170	188	227	261	360	395	398	#
1230	1001.23	130	241	250	454	#
1231	775.819	64	207	372	#
1232	4616.54	2	310	330	432	470	501	#
1233	918.437	146	172	442	#
1234	3131.4	31	130	317	468	#
1235	2171.88	80	115	154	160	200	#
1236	1195.04	113	145	173	403	#
1237	2917.77	23	201	476	#
1238	5437.73	81	143	156	188	242	281	414	#
1239	1144.08	262	366	#
1240	1883.17	187	504	#
1241	756.285	29	95	#
1242	8065.41	23	37	87	88	90	129	314	327	417	445	496	505	#
1243	3283.16	116	147	342	419	#
1244	609.288	232	#
1245	913.319	284	#
1246	1716.46	79	494	#
1247	3233.68	161	348	447	483	#
1248	1708.28	47	67	286	383	481	#
1249	1734.09	58	117	#
1250	6970.71	24	42	44	116	153	198	205	267	362	412	446	448	492	#
1251	6702.82	83	185	220	251	305	337	340	427	#
1252	4546.5	19	23	51	56	62	112	114	151	194	210	238	248	250	283	299	312	319	341	348	349	369	396	414	427	458	464	484	509	#
1253	340.017	56	#
1254	26989.7	12	45	66	78	111	132	176	206	207	211	227	254	280	285	295	298	299	325	367	371	384	408	449	466	472	477	497	509	#
1255	1069.65	109	288	339	473	478	#
1256	1104.23	22	482	#
1257	502.409	70	270	375	#
1258	1424.55	51	327	346	368	#
1259	5488.89	49	89	280	346	399	434	489	#
1260	2161.74	80	99	135	144	172	243	355	485	#
1261	6000.79	16	27	138	152	177	180	208	214	228	234	238	240	241	291	311	444	#
1262	1682.1	74	389	#
1263	5690.07	19	161	314	428	429	430	456	#
1264	3608.06	259	272	283	389	446	#
1265	3753.55	54	60	67	198	307	#
1266	2753.12	217	258	405	#
1267	11719	37	46	54	61	100	133	148	180	226	238	251	270	277	319	334	377	379	409	#
1268	1999.43	28	150	#
1269	4148.26	59	119	120	168	212	339	342	351	394	413	494	#
1270	1143.51	26	29	83	87	173	292	318	348	359	410	467	505	#
1271	481.807	160	#
1272	9356.35	51	110	121	156	196	201	220	238	254	272	273	313	323	378	454	#
1273	838.814	53	189	#
1274	1865.26	83	101	170	490	#
1275	1791.58	2	36	56	187	290	375	383	419	471	#
1276	3349.67	6	55	74	192	214	224	292	310	345	450	#
1277	4133.62	47	101	246	332	487	#
1278	3128.32	398	400	404	474	#
1279	5308.25	104	141	240	312	338	349	383	416	418	#
1280	1596.72	48	123	#
1281	3256.95	24	135	176	205	332	387	#
1282	7474.12	19	81	149	191	280	410	418	444	#
1283	7169.69	18	45	146	168	175	278	282	315	373	379	410	#
1284	2664.68	225	257	374	382	401	407	484	489	490	#
1285	731.948	261	457	#
1286	4060.89	100	141	168	186	188	270	338	464	#
1287	8845.78	36	45	46	96	166	209	238	405	422	457	509	#
1288	5286.67	78	112	153	267	271	285	317	#
1289	8295	6	80	130	159	227	249	273	321	413	475	#
1290	8390.49	10	25	47	224	258	259	273	318	365	388	#
1291	17535.3	18	47	98	156	163	178	189	204	228	236	263	291	320	381	485	486	493	501	#
1292	4612.83	73	74	116	167	265	346	403	408	#
1293	22204.8	2	29	34	48	60	120	135	136	148	152	188	190	226	242	254	262	275	300	312	317	379	402	435	480	494	502	#
1294	2214.86	31	79	96	122	229	236	368	#
1295	17312.9	3	22	90	167	190	210	241	243	269	286	302	308	319	356	384	431	447	456	#
1296	503.21	473	493	#
1297	3272.6	82	85	114	142	162	359	376	456	#
1298	754.988	415	437	508	#
1299	1513.52	30	481	#
1300	5845.31	62	86	92	144	150	245	318	322	333	359	#
1301	2089.07	163	177	223	380	#
1302	1135.31	337	463	#
1303	2808.19	181	361	466	#
1304	3633.06	98	237	279	287	303	474	503	#
1305	16820.9	6	20	80	94	108	135	161	178	182	220	284	313	353	368	370	395	400	443	453	482	487	#
1306	779.081	442	#
1307	597.353	129	212	369	#
1308	1800.71	4	76	292	430	495	#
1309	13094	1	50	140	163	170	171	202	222	224	296	306	318	347	368	375	396	411	476	498	507	#
1310	1237.63	64	77	151	168	182	195	216	298	300	333	386	487	#
1311	3443.73	20	325	401	503	505	#
1312	6772.25	36	61	92	212	279	381	401	478	#
1313	1265.33	214	257	389	507	#
1314	1334.16	322	363	#
1315	839.133	261	405	#
1316	7802.63	28	31	44	47	48	52	59	86	96	98	120	137	226	237	250	285	332	382	476	480	#
1317	2164.7	25	142	143	166	266	340	#
1318	12266.6	51	127	137	150	167	171	237	272	342	347	402	441	488	507	#
1319	2621.54	62	318	476	#
1320	2554.9	42	102	131	269	282	414	449	474	#
1321	3125.76	60	126	170	186	207	224	393	399	455	#
1322	13157.9	2	3	22	35	86	98	101	117	139	163	274	302	313	320	356	415	417	433	479	#
1323	2716.58	11	348	507	#
1324	270.645	20	41	#
1325	287.47	324	#
1326	2731.83	48	112	143	443	#
1327	7980.09	16	27	39	104	139	209	213	219	224	229	348	354	366	467	#
1328	911.533	52	397	#
1329	1151.24	3	122	294	337	366	413	#
1330	505.901	331	#
1331	1390.1	396	500	#
1332	1912.97	34	202	353	#
1333	3648.28	14	18	30	107	165	204	210	213	249	298	301	308	334	432	465	477	482	510	#
1334	3367.99	125	219	249	328	384	453	456	#
1335	1194.11	363	376	#
1336	1418.27	85	89	207	502	#
1337	5473.71	13	46	258	269	311	358	#
1338	614.611	357	422	#
1339	1935.87	75	184	339	359	391	#
1340	80.4133	368	#
1341	110.89	361	423	427	#
1342	1012.1	154	418	446	#
1343	1063.44	17	105	214	508	#
1344	2761.23	6	83	219	355	451	#
1345	10187.9	43	64	67	80	111	139	141	182	203	210	233	234	351	357	443	466	473	495	#
1346	1961.37	272	335	#
1347	1773.49	39	48	57	167	175	205	218	441	#
1348	2115.63	90	245	331	#
1349	210.645	349	#
1350	196.577	394	#
1351	4129.05	10	32	148	232	247	265	266	400	402	477	#
1352	2586.94	9	56	98	99	141	245	338	360	#
1353	5526.87	215	247	256	258	451	491	#
1354	20151.8	50	58	60	65	85	129	143	153	157	192	197	207	219	220	252	286	333	372	397	415	446	#
1355	10698	94	96	121	147	183	189	214	247	336	365	377	398	487	#
1356	1772.27	24	443	452	#
1357	2315.68	96	97	285	318	391	401	489	#
1358	2737.38	146	154	476	483	#
1359	1288.9	121	177	#
1360	2450.75	25	28	89	96	160	168	405	411	#
1361	2009.48	1	73	75	80	105	110	121	155	193	197	257	298	393	403	#
1362	3402.76	80	262	418	467	#
1363	3551.71	103	113	193	261	263	297	#
1364	4135.09	75	236	274	393	432	509	#
1365	381.608	154	335	476	#
1366	2896.77	97	119	153	248	375	382	402	432	#
1367	4942.92	154	306	450	480	496	#
1368	987.29	50	129	167	#
1369	11520	49	57	66	121	146	178	213	240	264	353	357	397	452	#
1370	1509.1	11	32	143	144	#
1371	6157.22	121	148	249	265	273	323	410	443	466	497	#
1372	1200.63	158	308	#
1373	1669.36	27	464	495	#
1374	1661.69	66	293	353	#
1375	3973.37	19	41	150	191	247	285	286	321	341	378	#
1376	1449.65	185	187	#
1377	1090.62	354	434	#
1378	10462.7	22	77	91	117	138	155	181	264	303	308	332	348	358	375	388	439	#
1379	1032.61	195	223	370	#
1380	1922.61	165	200	371	#
1381	1489.08	125	192	#
1382	974.751	58	208	240	312	#
1383	3505.16	90	92	202	210	445	#
1384	2806.69	93	97	104	200	266	478	489	#
1385	5854.96	29	52	113	129	135	143	144	195	257	273	282	375	395	461	497	#
1386	293.566	118	#
1387	5754.47	161	224	239	271	308	371	#
1388	7132.95	42	93	121	189	261	382	439	446	495	#
1389	3304.19	68	117	422	480	#
1390	1833.27	4	24	#
1391	2105.68	116	180	189	227	297	329	397	440	484	#
1392	1549.32	243	380	#
1393	2146.94	6	40	230	244	417	478	496	#
1394	1636.62	150	262	461	#
1395	6415.92	4	14	77	120	194	262	294	316	397	447	453	#
1396	2057.15	35	349	407	#
1397	4111.85	148	162	180	238	304	396	#
1398	5964.16	5	96	130	163	205	208	229	371	425	463	#
1399	633.7	209	#
1400	3299.71	57	109	281	504	#
1401	1646.9	21	219	228	267	271	435	#
1402	1987.08	119	190	203	213	382	#
1403	1208.23	45	140	310	353	#
1404	6923.15	19	26	30	32	51	65	90	155	191	215	239	334	339	387	418	426	#
1405	1039.75	99	268	#
1406	1837.97	39	325	350	#
1407	765.195	479	#
1408	1566.14	55	258	#
1409	6208.48	110	128	131	190	298	361	448	#
1410	964.473	59	171	#
1411	873.455	383	410	#
1412	12345.6	17	59	61	198	200	222	241	289	294	359	360	493	494	#
1413	8774.42	32	38	136	151	199	394	397	430	444	#
1414	1024.78	202	429	#
1415	1321.56	21	61	100	285	354	#
1416	1342.17	6	106	143	323	385	449	460	466	#
1417	2614.27	45	92	135	329	#
1418	3506.6	41	180	291	498	#
1419	1630.13	48	218	436	504	#
1420	4150.85	49	88	209	283	363	382	#
1421	1226.39	1	45	360	470	475	#
1422	1147.14	84	466	508	#
1423	3056.61	3	17	162	236	239	299	315	420	446	471	#
1424	5712.89	166	176	237	254	293	379	417	440	#
1425	1405.27	107	177	262	323	397	#
1426	2488.11	206	259	482	#
1427	661.648	446	#
1428	4324.4	78	104	131	219	233	260	295	336	384	494	509	#
1429	1047.88	87	208	215	403	#
1430	2839.11	50	144	184	186	209	255	262	278	319	437	492	#
1431	6052.21	17	43	49	63	64	75	87	204	215	258	275	291	304	368	381	389	407	414	421	444	488	#
1432	4165.37	17	38	49	55	78	85	90	101	134	201	258	297	312	325	339	361	442	449	450	#
1433	229.284	94	#
1434	987.726	200	388	502	#
1435	3121.87	7	42	150	253	349	#
1436	1870.1	267	368	#
1437	386.128	234	#
1438	1360.9	254	278	#
1439	2767.05	25	253	363	411	#
1440	2650.16	34	255	416	#
1441	1320.33	21	87	162	199	307	425	432	461	500	#
1442	73.6367	464	#
1443	2086.27	45	162	168	206	306	311	322	374	417	418	486	502	#
1444	1117.29	85	282	474	#
1445	6736.39	94	111	119	175	214	236	247	262	307	310	392	454	#
1446	528.871	316	331	#
1447	427.505	159	#
1448	913.111	196	269	#
1449	4476.76	227	236	321	389	473	#
1450	4364.15	50	116	140	150	228	243	308	353	374	498	#
1451	116.36	436	#
1452	11127.1	82	111	114	130	141	171	206	234	443	447	487	494	507	#
1453	1805.58	35	53	215	380	391	405	434	#
1454	3283.2	61	167	293	295	#
1455	1919.47	71	125	#
1456	5954.41	27	42	67	70	115	172	180	209	357	#
1457	7356.98	19	265	281	290	325	387	405	472	#
1458	747.694	7	350	#
1459	509.782	482	500	#
1460	5156.69	1	226	247	263	300	412	441	#
1461	1830.28	119	230	408	#
1462	1347.88	70	238	265	326	444	497	#
1463	442.665	271	#
1464	2142.16	177	210	215	271	498	#
1465	3904.24	13	102	124	146	161	213	445	479	#
1466	9321.01	10	24	93	104	186	194	210	211	245	258	279	293	323	328	345	359	387	406	442	477	486	#
1467	288.097	96	266	#
1468	8697.4	4	51	102	108	203	309	431	482	484	#
1469	3028.88	45	80	86	125	#
1470	1404.82	21	27	43	101	102	122	131	209	238	279	298	309	343	350	357	370	445	494	#
1471	866.725	21	466	#
1472	5180.35	48	164	182	218	230	374	379	483	492	499	#
1473	2758.7	203	270	380	#
1474	3501.14	108	164	195	242	274	427	476	500	#
1475	8819.3	13	22	26	98	165	300	308	348	381	403	444	457	493	#
1476	1964.74	127	170	178	#
1477	699.221	117	#
1478	950.276	162	423	#
1479	11467.2	57	83	201	208	240	249	257	272	279	305	311	349	358	377	467	477	#
1480	2426.25	87	127	496	#
1481	10206.7	19	87	96	102	132	138	147	220	262	301	383	397	433	#
1482	599.568	177	211	467	500	#
1483	2920.65	30	66	333	434	#
1484	3593.3	40	55	105	125	190	465	#
1485	1238.88	76	271	#
1486	3589.51	178	184	219	363	#
1487	3874.53	2	89	104	127	305	372	471	492	#
1488	857.278	108	448	#
1489	2963.61	57	198	215	332	510	#
1490	1516.89	45	179	235	260	280	302	420	#
1491	2664.33	223	232	425	#
1492	6874.53	24	87	209	247	269	297	385	389	480	482	493	#
1493	6545.12	0	307	326	340	380	403	418	441	450	486	#
1494	8003.6	1	26	55	69	86	100	118	168	271	289	420	461	511	#
1495	3955.62	36	72	162	401	446	470	474	#
1496	1095.48	330	428	#
1497	12387.4	80	95	97	99	266	289	299	367	369	391	396	433	442	482	509	#
1498	16577.7	8	21	69	77	129	148	175	264	267	292	295	296	297	303	361	373	390	417	466	#
1499	696.43	4	30	32	175	221	254	260	301	307	349	354	403	#
1500	269.157	350	#
1501	6361.36	50	88	158	258	303	377	468	#
1502	2127.35	28	46	113	140	169	183	350	413	428	496	#
1503	2363.87	189	308	320	400	#
1504	1509.69	144	175	190	213	249	#
1505	9676.63	84	95	175	186	189	191	293	301	378	390	432	458	#
1506	2425.39	65	69	75	105	116	398	461	#
1507	5795.88	20	55	83	187	202	233	297	349	397	431	#
1508	4731.37	10	47	79	158	450	489	#
1509	4930.5	38	79	141	312	355	#
1510	3385.47	45	78	131	199	365	#
1511	8285.77	26	67	121	153	199	203	235	332	383	445	466	#
1512	2626.27	191	466	480	#
1513	2563.36	124	149	163	172	261	287	377	497	504	#
1514	377.777	383	#
1515	347.78	418	447	511	#
1516	1522.23	402	444	#
1517	3646.16	22	123	206	230	285	465	474	#
1518	1958.42	149	290	301	394	411	457	#
1519	2539.25	11	29	30	78	91	149	153	173	259	270	310	364	#
1520	8180.9	23	49	82	103	178	181	251	381	383	397	446	473	486	#
1521	1368.25	57	94	119	458	#
1522	1145.27	36	94	102	438	#
1523	843.649	192	#
1524	1567.49	132	257	281	#
1525	2905.02	274	416	430	#
1526	66.8368	132	#
1527	12692.1	5	20	41	91	102	113	177	185	210	233	272	349	473	492	510	#
1528	4406.03	84	112	265	311	453	#
1529	208.803	150	#
1530	2248.71	284	336	389	#
1531	5008.54	88	106	114	264	283	359	385	392	447	#
1532	3156.35	0	82	83	285	#
1533	10834	38	97	117	172	211	343	347	371	384	448	456	481	496	#
1534	4478.24	75	76	207	232	256	266	270	335	357	358	393	408	448	482	#
1535	8820.43	51	80	98	108	223	278	337	438	454	455	461	476	#
1536	1793.02	131	362	#
1537	2545.56	12	40	296	#
1538	921.472	121	308	351	407	#
1539	1132.47	9	38	76	183	186	303	376	#
1540	484.919	5	#
1541	1675.6	144	231	#
1542	830.203	5	8	493	#
1543	3382.57	30	214	258	274	389	#
1544	1017.25	50	349	#
1545	2556.87	26	35	37	42	60	61	83	85	119	152	163	172	190	198	229	275	289	308	502	#
1546	4676.96	28	58	77	115	123	195	260	302	304	345	348	353	399	409	469	499	#
1547	499.339	313	#
1548	353.797	31	#
1549	5105.71	23	68	270	342	399	426	469	480	498	#
1550	924.93	186	#
1551	1687.52	48	115	141	156	162	260	263	326	361	#
1552	6983.43	13	114	155	156	158	167	205	238	283	304	371	375	480	511	#
1553	9329.97	57	62	161	220	300	347	366	373	404	429	#
1554	376.983	214	#
1555	1811.91	223	353	458	#
1556	1046.38	32	178	217	277	299	459	462	481	#
1557	449.421	273	#
1558	6710.15	28	98	174	279	406	412	484	#
1559	10987.3	34	56	64	95	114	129	142	173	223	237	248	260	367	424	426	498	#
1560	382.002	362	#
1561	1201.55	120	147	212	228	240	282	345	501	#
1562	1249.58	83	364	394	#
1563	1389.67	284	342	362	#
1564	4884.43	2	112	136	183	233	316	352	412	#
1565	4685.52	56	63	259	446	467	#
1566	3384.72	13	355	433	454	#
1567	3769.77	26	120	187	203	229	300	357	380	510	#
1568	3195.66	74	84	124	209	309	318	356	395	418	422	507	#
1569	1827.04	57	371	442	461	#
1570	10086	33	38	84	94	104	119	162	223	261	463	464	#
1571	1789.21	226	261	395	464	#
1572	4196.16	186	355	368	384	443	#
1573	989.149	30	295	#
1574	1286.73	7	216	221	#
1575	1672.15	73	89	110	124	145	170	209	290	299	346	397	482	496	507	#
1576	4526.98	21	176	201	205	216	264	#
1577	3059.56	18	29	127	443	#
1578	10770.9	1	19	39	80	82	146	165	169	180	184	273	276	305	330	334	343	385	445	450	452	#
1579	590.951	288	#
1580	1993.81	30	61	271	412	446	#
1581	3936.82	165	217	250	251	293	314	369	#
1582	886.718	97	#
1583	13793.2	52	70	90	133	145	155	296	331	412	429	438	442	477	478	503	#
1584	358.386	175	#
1585	2696.25	7	111	121	147	214	226	266	284	360	500	509	#
1586	1570.12	115	269	366	414	#
1587	2888.3	101	159	218	233	281	296	360	395	477	#
1588	1036.91	47	88	108	117	191	209	345	346	486	511	#
1589	5361.22	0	47	59	73	82	106	185	192	201	223	231	237	238	250	262	280	290	295	302	319	346	380	423	428	437	453	494	#
1590	7578.7	33	132	159	211	239	330	363	378	420	505	#
1591	6934.52	65	174	221	240	250	343	371	396	491	#
1592	2027.31	80	98	147	191	285	351	421	#
1593	922.428	10	359	455	#
1594	18245.4	16	86	130	131	138	151	194	214	215	217	229	231	267	277	300	302	341	364	368	415	#
1595	1551.01	64	84	176	511	#
1596	850.39	98	132	197	260	500	#
1597	2940.5	110	209	282	349	417	#
1598	1312.78	192	399	455	#
1599	2383.24	93	272	318	#
1600	1068.89	117	426	#
1601	702.869	400	#
1602	1942.27	410	495	#
1603	1684.95	496	510	#
1604	6005.25	26	39	49	101	111	127	178	180	234	248	291	374	445	471	494	#
1605	3320.38	4	67	225	258	293	462	#
1606	1720.04	42	129	242	246	#
1607	2447.18	128	170	252	288	391	444	469	#
1608	6301.91	8	21	30	33	67	77	108	131	167	198	233	300	314	400	427	442	462	463	#
1609	2076.03	14	95	123	166	208	223	320	367	#
1610	18838.7	8	20	35	42	43	56	64	67	73	107	113	121	122	125	131	132	136	138	150	165	168	173	224	266	273	279	284	286	288	296	307	308	316	321	334	335	372	374	408	433	444	445	450	451	461	504	511	#
1611	1201.63	101	112	397	422	496	#
1612	46.6933	263	#
1613	1871.35	48	414	#
1614	2209.85	238	284	327	436	485	#
1615	4324.52	40	61	84	97	136	349	#
1616	1260.17	328	427	#
1617	706.201	336	#
1618	1944.9	106	150	363	472	#
1619	5971.43	125	136	173	332	371	403	440	#
1620	1397.73	51	161	#
1621	6158.1	13	19	30	71	173	234	305	332	359	402	437	487	#
1622	13601.5	66	104	125	154	194	215	269	284	313	364	446	459	495	501	#
1623	1113.5	3	41	159	182	#
1624	2565.47	5	154	292	470	#
1625	17.3515	335	#
1626	4205.53	53	57	69	74	97	214	325	509	#
1627	7513.03	19	34	68	120	189	281	297	311	402	467	#
1628	992.938	24	55	86	105	122	146	176	185	274	334	339	365	420	470	499	#
1629	1474.89	86	127	192	194	274	#
1630	1703.01	86	118	268	353	396	443	#
1631	3713.92	18	77	234	282	421	436	#
1632	14889.2	4	7	13	25	84	150	193	221	233	236	284	301	312	323	336	340	360	361	374	382	387	389	408	420	439	458	470	507	#
1633	6294.59	58	105	143	269	314	349	425	430	#
1634	2526.98	152	183	220	248	486	#
1635	3833.59	48	76	97	123	160	204	234	241	272	301	366	401	491	503	511	#
1636	331.968	146	#
1637	3597.6	11	41	47	108	147	263	339	508	#
1638	965.906	228	341	363	#
1639	6762.9	82	190	231	396	414	463	511	#
1640	9493.99	41	234	249	274	287	344	361	410	426	438	484	#
1641	667.16	130	235	378	#
1642	18772.3	4	14	42	71	142	148	183	235	240	258	265	274	281	308	316	324	328	378	449	463	470	498	507	#
1643	624.123	371	#
1644	2451.59	265	283	460	#
1645	5960	95	176	188	192	194	454	503	#
1646	2188.01	55	64	351	#
1647	8636.68	58	78	108	126	155	183	201	235	258	274	288	297	338	370	404	414	460	473	502	508	#
1648	711.227	96	190	#
1649	2035.67	231	254	328	#
1650	685.174	23	#
1651	681.998	197	474	#
1652	2132.92	174	229	321	#
1653	1188.51	111	127	175	209	231	273	410	484	#
1654	4278.7	19	86	127	128	152	155	444	478	#
1655	1390.14	51	111	223	302	469	509	#
1656	386.416	168	#
1657	4971.11	45	134	169	188	224	259	376	395	397	485	495	#
1658	836.311	234	408	#
1659	2357.12	0	1	46	50	68	113	122	162	182	188	206	277	284	289	330	348	364	384	407	410	445	452	456	460	463	491	502	#
1660	610.399	7	95	190	#
1661	1631.79	185	287	363	#
1662	1796.05	24	74	211	267	#
1663	8643.01	6	91	132	151	216	283	288	315	358	453	#
1664	1132.58	14	167	232	#
1665	1092.35	124	350	#
1666	6671.21	3	74	89	202	227	273	319	347	391	401	502	#
1667	2944.01	64	341	365	#
1668	11158	7	32	117	159	192	200	251	262	293	447	490	510	#
1669	4409.67	7	105	243	297	370	391	434	#
1670	4176.96	124	129	172	214	289	452	#
1671	2825.8	17	170	356	#
1672	2054.97	41	51	64	69	162	195	218	224	233	267	275	290	294	304	331	398	418	449	#
1673	1182.43	274	275	#
1674	2568.43	182	383	454	#
1675	5881.28	5	7	58	116	122	146	220	307	312	358	362	365	413	#
1676	1615.19	4	17	71	217	290	293	508	#
1677	1188.93	173	208	230	245	255	305	403	453	#
1678	20393.6	36	64	73	98	102	104	110	161	175	189	192	214	233	253	276	335	374	404	405	437	459	#
1679	738.264	468	#
1680	2352.92	32	159	238	259	271	359	368	414	427	428	503	#
1681	2496.23	250	429	430	#
1682	1455.66	79	476	#
1683	6529.16	65	115	157	250	324	372	408	453	475	#
1684	3232.59	50	203	221	414	507	#
1685	2589.55	16	58	356	412	435	494	#
1686	2028.56	277	408	451	506	#
1687	1685.65	170	277	284	365	378	#
1688	275.771	60	#
1689	4814.62	31	87	119	122	197	264	405	457	487	#
1690	2903.29	43	211	237	#
1691	353.421	473	#
1692	2348.51	27	144	184	319	#
1693	3759.09	34	35	146	160	219	405	496	#
1694	1675.84	30	43	222	383	#
1695	5325.47	8	83	110	165	223	276	291	326	472	#
1696	2997.86	10	16	45	55	70	104	125	184	233	304	376	391	398	473	486	#
1697	5322.07	51	164	192	208	320	434	451	453	#
1698	903.03	121	414	#
1699	3307.65	14	244	300	327	502	#
1700	1127.14	29	427	434	472	#
1701	4492.95	25	229	359	432	446	#
1702	6337.93	60	188	261	331	367	482	504	#
1703	1022.25	5	410	#
1704	12001.1	60	104	136	137	151	177	179	188	208	214	228	249	295	401	426	445	447	466	#
1705	2328.31	60	63	184	292	331	433	#
1706	5687.13	83	87	88	121	123	125	153	170	171	208	283	445	460	502	506	#
1707	391.895	246	#
1708	2768.76	28	196	239	243	276	#
1709	77.8104	197	#
1710	8427.68	96	125	215	333	361	387	485	509	510	#
1711	935.223	40	159	281	283	#
1712	3639.06	81	94	252	259	293	303	449	474	#
1713	3862.95	7	150	306	498	#
1714	1867.39	147	401	#
1715	10781	19	36	76	123	139	160	200	333	361	379	446	469	#
1716	4622.68	49	124	314	327	350	391	#
1717	5456	87	110	324	370	374	376	#
1718	2443.14	48	122	309	325	421	#
1719	4050.58	79	125	140	149	200	222	232	320	367	374	407	478	483	#
1720	278.514	289	#
1721	7572.81	15	91	138	237	362	392	476	483	491	#
1722	1141.67	36	183	234	323	428	#
1723	5602.33	85	119	247	318	332	449	#
1724	3827.06	109	179	235	296	360	511	#
1725	4807.4	148	209	230	268	285	394	#
1726	4888.93	38	98	228	351	427	#
1727	168.955	307	#
1728	1123.51	91	347	#
1729	1175.19	0	454	#
1730	2852.69	22	232	443	#
1731	239.231	263	497	#
1732	1052	18	35	88	225	346	#
1733	1577.91	59	72	119	367	502	#
1734	2436.06	0	27	46	96	496	#
1735	3111.33	16	237	254	255	262	366	#
1736	8538.51	35	51	58	109	151	162	265	295	305	335	447	457	500	#
1737	2137.85	202	212	272	428	474	#
1738	1920.23	38	156	358	#
1739	5758.56	38	77	83	117	177	188	215	229	236	279	312	358	389	409	432	473	474	#
1740	1099.77	205	344	#
1741	374.736	15	369	372	505	#
1742	1020.68	256	363	#
1743	1970.8	95	359	#
1744	6075.88	8	10	341	383	399	446	499	#
1745	2158.29	38	143	155	173	279	317	458	#
1746	2218.98	182	211	226	#
1747	7170.16	208	244	293	349	356	413	423	435	463	#
1748	857.38	115	175	#
1749	6841.24	27	54	89	209	221	303	373	#
1750	529.416	141	146	203	350	#
1751	5792.83	9	65	83	90	194	285	404	420	459	471	#
1752	4838.4	22	40	133	312	428	496	#
1753	2697.11	117	213	305	380	402	443	483	#
1754	3072.14	81	145	188	258	322	#
1755	4465.08	75	177	299	349	404	446	#
1756	617.116	150	386	#
1757	2783.77	140	165	171	251	320	#
1758	229.721	311	489	#
1759	4314.75	77	93	103	118	378	#
1760	1434.36	0	257	262	347	412	#
1761	907.368	274	280	338	340	#
1762	6825.72	37	129	198	202	331	454	472	#
1763	3985.48	1	36	69	73	78	79	83	89	121	149	176	184	198	200	206	288	353	409	415	464	471	488	#
1764	17119.3	21	35	60	70	76	113	137	158	161	164	204	247	249	284	332	334	350	361	367	373	384	436	439	453	484	494	506	509	#
1765	5890.97	166	236	273	352	412	436	444	#
1766	1659.17	117	289	339	#
1767	1440.66	68	107	163	479	#
1768	10195.3	12	118	130	166	213	262	354	391	452	470	474	507	#
1769	4644.99	5	74	79	98	133	137	146	230	283	331	388	410	#
1770	2694.47	385	428	445	507	#
1771	7600.81	63	101	151	212	283	357	376	506	#
1772	107.774	491	#
1773	1160.4	56	455	505	#
1774	1333.39	232	461	#
1775	1960.9	138	240	414	#
1776	1054.01	148	154	183	188	214	#
1777	3542.13	120	220	231	436	439	505	#
1778	2518.13	61	78	381	#
1779	6984.68	60	63	93	147	302	310	326	374	413	471	#
1780	4666.37	48	87	184	267	336	475	#
1781	14965.9	1	61	65	94	95	101	119	126	194	202	231	248	252	341	362	418	444	478	507	#
1782	944.582	425	#
1783	4624.67	65	118	150	215	323	381	471	486	#
1784	2118.6	43	52	270	307	394	475	#
1785	2396.68	42	47	69	104	163	202	204	247	248	249	255	259	450	#
1786	6339.77	71	93	108	201	208	240	342	357	378	390	499	#
1787	3827.92	40	100	141	204	212	214	430	456	#
1788	1158.69	6	20	141	158	174	364	411	#
1789	2906.98	62	147	298	366	379	408	482	#
1790	1826.08	123	506	#
1791	5979.22	77	95	191	269	299	306	#
1792	22740.7	29	74	135	140	181	182	190	194	201	220	228	287	299	314	318	331	378	383	404	407	436	444	450	505	511	#
1793	608.712	169	480	#
1794	5377.61	108	183	266	417	440	481	#
1795	632.692	317	#
1796	1152.66	314	469	#
1797	4956.68	1	8	49	94	111	148	176	309	318	429	#
1798	17477.4	12	37	44	64	140	143	154	271	297	303	322	326	385	413	415	432	453	485	#
1799	1690.18	168	496	#
1800	1125.9	224	462	506	#
1801	6613.52	26	76	135	175	265	320	325	340	411	455	504	#
1802	2402.29	128	225	252	253	264	328	359	#
1803	2831.33	240	324	393	#
1804	12040.3	0	10	54	69	148	212	220	346	390	430	463	469	508	511	#
1805	1340.33	25	323	360	#
1806	474.588	200	489	#
1807	174.21	46	225	#
1808	4075.31	111	126	174	228	239	316	351	365	382	478	#
1809	2578.08	110	273	326	360	#
1810	976.844	55	128	192	446	#
1811	3575.52	21	58	86	217	236	319	429	433	#
1812	2256.44	36	212	241	451	#
1813	5357.15	110	179	226	245	273	301	308	332	339	372	379	403	406	#
1814	8596.1	4	7	123	171	196	246	253	312	404	435	#
1815	2356.62	23	38	156	351	400	438	#
1816	10442.1	23	24	55	105	118	167	219	258	399	428	432	467	#
1817	459.493	234	300	#
1818	1462.18	102	266	329	404	#
1819	1088.01	3	184	#
1820	375.112	95	315	#
1821	1893.5	178	361	401	#
1822	6329.92	132	174	197	231	250	369	398	504	#
1823	5073.62	19	33	106	180	186	373	#
1824	1588.5	116	342	#
1825	2530.42	178	268	407	488	#
1826	5973.01	2	31	58	117	121	178	242	#
1827	4034.96	4	26	139	201	205	223	241	382	#
1828	7802.98	27	68	71	141	151	155	176	185	210	230	235	238	258	322	368	437	446	455	482	494	501	506	#
1829	3848.3	82	208	294	307	#
1830	8850.76	74	104	124	131	158	259	273	383	435	#
1831	84.1614	364	#
1832	1147.84	112	158	#
1833	3558.89	58	180	188	205	259	388	483	#
1834	3064.21	90	125	267	287	301	#
1835	887.986	16	83	382	#
1836	1975.29	18	36	494	#
1837	4635.32	47	166	210	321	499	#
1838	3786.63	98	102	139	162	222	224	248	249	270	297	303	347	365	387	411	416	447	450	498	#
1839	6317.98	15	53	178	255	325	350	375	495	#
1840	2854.64	4	50	98	198	453	#
1841	6506.78	32	54	83	142	327	401	422	430	#
1842	2860.97	6	196	232	#
1843	2707.31	15	53	67	86	114	123	166	240	242	259	263	267	272	287	290	296	328	354	381	410	434	436	454	458	#
1844	921.924	14	115	320	#
1845	1221.6	32	145	#
1846	5512.33	47	228	239	243	300	334	341	422	436	#
1847	3015.71	91	144	194	360	411	#
1848	2249.86	69	195	343	505	#
1849	3190.45	3	5	263	264	371	416	451	502	#
1850	7004.51	20	43	222	228	274	282	486	507	#
1851	12761.1	53	103	109	117	200	208	222	237	283	287	334	375	399	442	448	453	465	#
1852	7695.75	102	107	138	154	188	198	200	270	362	433	442	482	#
1853	2201.43	295	313	383	#
1854	1916.08	25	30	37	57	64	110	256	278	316	511	#
1855	2984.38	32	110	228	291	296	#
1856	1363.82	42	82	102	205	245	268	302	387	#
1857	1017.89	2	26	109	162	220	255	354	375	378	466	#
1858	4587.67	69	172	264	296	297	377	398	483	485	#
1859	3663.96	50	184	229	323	356	#
1860	2005.84	37	87	277	475	#
1861	1892.49	209	495	#
1862	5249.82	148	201	213	310	394	395	409	416	417	474	#
1863	5718.62	64	75	98	130	131	164	212	258	326	395	453	#
1864	1356.17	31	35	136	179	224	252	444	#
1865	36.9334	35	#
1866	2473.51	44	89	218	314	#
1867	5485.29	190	194	235	243	273	309	323	339	341	351	356	359	369	379	394	396	441	450	#
1868	3883.01	21	30	143	232	235	394	470	489	#
1869	659.07	132	326	395	#
1870	1157.75	84	117	175	227	244	247	459	#
1871	2978.41	11	115	135	143	233	235	251	336	443	#
1872	2657.25	25	57	74	91	427	475	#
1873	1138.39	49	106	139	220	#
1874	3877.73	31	89	163	199	206	311	#
1875	10503.8	14	17	41	53	59	175	210	310	392	428	451	462	472	476	486	#
1876	3760.71	31	62	72	141	299	437	445	491	#
1877	4821.06	35	44	77	113	130	135	170	178	191	231	268	315	326	337	365	372	425	427	486	495	#
1878	5988.65	14	27	58	103	154	185	312	#
1879	1729.74	96	171	249	#
1880	1179.51	200	484	#
1881	2013.89	161	199	225	281	300	408	#
1882	1562.53	316	353	#
1883	856.672	318	374	#
1884	3726.02	93	200	215	354	#
1885	1929.79	37	62	64	193	210	250	251	298	302	408	#
1886	821.956	34	296	468	503	#
1887	1273.05	118	146	361	420	464	#
1888	2823.48	24	70	71	154	184	247	268	271	316	335	342	378	447	472	481	#
1889	4642.32	20	140	145	198	267	368	#
1890	1851.27	131	157	208	225	267	337	393	435	486	#
1891	10173	59	83	230	244	255	276	299	326	337	354	359	367	423	486	500	#
1892	3217.63	6	85	208	213	232	247	273	277	508	#
1893	4158.04	76	128	206	301	306	332	371	#
1894	5328.1	29	47	238	332	338	341	482	#
1895	958.694	6	25	26	39	74	112	159	211	263	421	434	#
1896	4472.51	48	59	91	155	171	267	275	434	462	467	509	#
1897	4000.96	40	47	198	356	396	#
1898	1410.84	46	367	#
1899	426.082	396	#
1900	4394.29	41	79	149	176	387	452	#
1901	1642.75	45	50	65	163	205	239	356	444	#
1902	2127.44	30	99	107	111	128	230	244	254	262	322	350	365	#
1903	4469.23	3	206	220	264	276	464	#
1904	2873.24	156	220	492	#
1905	11577	1	22	32	87	97	128	166	210	244	278	291	299	361	368	372	379	465	481	503	#
1906	5527.1	19	28	37	61	69	73	103	137	162	163	196	197	200	208	210	267	281	298	317	379	405	407	440	470	480	#
1907	742.529	98	241	286	355	427	#
1908	1445.61	201	280	510	#
1909	6531.88	44	48	54	75	149	228	230	311	369	383	422	485	#
1910	6773.13	48	136	150	172	241	265	271	284	288	298	299	368	383	419	#
1911	707.891	84	241	351	358	#
1912	6144.69	83	87	170	285	299	351	452	#
1913	3892.53	33	77	101	107	#
1914	4798.14	152	158	228	268	447	#
1915	564.437	351	#
1916	5088.12	40	164	168	211	231	279	319	328	419	446	464	495	#
1917	1526.08	153	268	489	#
1918	17.3275	7	210	#
1919	490.634	28	126	194	452	495	#
1920	4886.47	232	319	320	363	365	395	408	450	456	468	493	504	#
1921	2651	221	246	403	#
1922	5563.5	19	78	80	106	118	129	201	300	313	336	433	446	449	470	#
1923	1890.17	66	80	159	166	352	417	502	#
1924	2005.65	11	217	250	#
1925	1849.45	131	285	#
1926	4858.53	88	97	203	314	424	#
1927	2547.98	175	325	493	#
1928	1472.97	33	178	179	195	449	#
1929	1103.88	15	27	204	309	398	511	#
1930	5171.16	2	91	101	129	185	357	374	#
1931	2260.62	106	218	264	283	316	432	457	459	507	#
1932	18046	23	40	125	127	226	240	252	259	261	281	302	318	343	378	388	389	392	405	479	481	485	#
1933	4097.49	128	129	187	382	432	492	#
1934	2028.46	95	101	219	275	302	354	379	#
1935	513.62	241	#
1936	1892.39	228	298	346	#
1937	3547.65	44	98	101	148	158	208	219	282	287	318	331	357	364	415	437	458	483	498	#
1938	847.549	180	#
1939	1069.51	171	233	264	411	438	494	#
1940	9919.6	53	68	80	101	102	123	132	148	171	177	211	219	224	228	237	248	249	279	304	335	377	389	393	394	395	403	409	410	433	442	449	451	459	507	#
1941	3414.9	11	70	72	123	226	309	321	406	461	473	482	494	#
1942	5428.65	110	149	368	419	485	508	#
1943	3428.08	13	174	263	280	311	324	461	#
1944	1517.54	129	269	397	502	#
1945	2211.26	6	89	459	#
1946	4221.21	141	203	204	248	252	316	348	#
1947	1995.54	284	381	#
1948	5194.47	29	93	120	122	322	502	#
1949	711.475	86	#
1950	3279.97	225	232	373	416	#
1951	7444.76	71	77	89	132	168	211	230	246	391	#
1952	3693.05	56	148	208	250	279	424	#
1953	10073.1	0	6	23	145	204	230	254	268	389	441	501	511	#
1954	7479.5	60	71	180	181	233	250	350	438	469	#
1955	11367.6	0	13	28	79	89	90	91	126	157	159	183	189	212	248	251	254	264	283	328	338	343	362	405	438	440	458	467	484	495	509	#
1956	3635.51	128	146	174	186	280	290	425	#
1957	3281.28	7	35	53	199	226	227	306	319	365	#
1958	4226.41	40	95	136	151	188	234	285	286	321	406	410	427	436	453	502	#
1959	1755.83	3	91	98	#
1960	4385.42	230	237	264	298	312	491	#
1961	1378.17	95	456	#
1962	2659.92	114	128	208	366	423	485	511	#
1963	4999.31	0	80	137	318	343	#
1964	9262.29	8	18	24	93	120	190	264	282	425	430	482	486	#
1965	2276.09	129	204	278	392	393	404	496	#
1966	1370.25	147	503	#
1967	1074	400	473	#
1968	3677.91	77	260	390	403	439	490	#
1969	1676.14	75	141	152	179	188	210	242	288	337	342	343	#
1970	1660.9	75	219	294	400	#
1971	6260.41	22	114	137	226	246	384	425	461	462	472	#
1972	1610.12	220	403	#
1973	3732.65	186	346	471	486	494	#
1974	9424.59	29	102	208	282	353	364	403	415	464	477	480	#
1975	8873.99	19	29	80	90	159	185	310	372	399	411	413	419	445	463	#
1976	2292.43	194	449	458	#
1977	3936.91	34	122	133	248	264	365	447	503	#
1978	2426.91	221	292	432	#
1979	4335.69	121	342	344	356	372	#
1980	1370.45	94	112	143	188	263	426	488	#
1981	10287.2	11	12	156	172	177	214	219	237	248	303	308	374	436	471	477	478	505	#
1982	936.293	52	208	382	465	#
1983	1041.62	11	368	#
1984	2604.18	69	125	128	167	233	#
1985	6368.47	24	167	217	221	322	334	369	403	#
1986	3148.41	114	193	221	223	342	486	#
1987	205.475	154	181	#
1988	4513.75	36	70	80	164	208	259	277	281	300	305	347	419	438	440	457	470	497	#
1989	1486.71	486	492	#
1990	121.707	152	#
1991	14565	12	18	76	150	161	228	239	242	263	275	296	307	309	317	324	329	476	491	#
1992	2152.52	27	129	227	#
1993	1049.2	169	187	302	463	465	#
1994	4107.93	31	67	259	307	360	403	404	#
1995	5809.04	7	32	228	312	317	402	#
1996	3853.24	2	47	124	147	291	302	431	456	#
1997	359.232	57	260	#
1998	2033.37	327	336	355	385	447	#
1999	1258.52	110	209	252	305	318	500	#
