%% File generated by CATS v.2.1Mon Jul  4 11:09:40 2011

%% The CATS webpage is http://robotics.stanford.edu/CATS

%% PARAMETER SETTINGS:
% Goods: 512; Bids: 2000; Distribution: L6; Runs: 1; Seed: 1309806996
% Legacy distribution parameters:
% Number of goods chosen according to Exponential distribution (q = 5).
% Price chosen according to Linear Random distribution (low_linearly = 1, high_linearly = 1000).


goods 512
bids 2000
dummy 0

0	995.365	251	#
1	1274.75	206	252	347	440	#
2	841.689	22	#
3	953.342	26	#
4	3501.48	155	236	252	263	279	325	355	510	#
5	1459.78	135	189	250	280	297	398	#
6	4574.45	0	160	180	350	395	461	#
7	1307.03	157	189	384	#
8	1438.27	116	472	492	#
9	986.486	506	#
10	9566.68	140	195	244	281	296	341	443	467	476	481	501	#
11	135.874	15	224	#
12	1654.94	79	86	110	374	#
13	777.064	31	363	#
14	910.928	49	#
15	4756.95	14	15	51	55	64	172	215	349	#
16	787.885	424	#
17	6930.47	17	132	196	260	298	379	439	456	469	487	#
18	3175.04	48	126	354	483	#
19	454.293	129	#
20	2721.63	9	18	26	132	263	#
21	578.657	45	#
22	5751.49	117	342	352	402	411	439	#
23	1641.85	33	122	153	283	387	#
24	3891.24	302	332	390	431	#
25	990.298	282	#
26	6027.96	16	236	269	339	385	390	402	430	#
27	12277.8	33	37	150	152	248	277	317	321	418	443	464	483	485	499	#
28	1732.36	105	189	220	292	452	#
29	2994.58	104	122	143	170	186	400	#
30	1309.94	391	466	#
31	3677.95	47	115	122	157	301	#
32	3183.86	63	101	129	238	346	366	476	#
33	261.997	493	#
34	2665.75	161	313	497	#
35	15421.1	35	59	95	124	140	145	332	345	359	390	405	442	448	458	459	484	505	#
36	688.401	291	#
37	2991.46	116	263	431	471	497	#
38	12394.1	20	46	73	75	145	190	209	215	258	281	282	313	331	340	414	459	486	510	#
39	724.701	353	#
40	694.936	277	278	363	#
41	1978.73	113	124	164	271	314	360	#
42	3775.64	70	84	134	273	391	400	466	#
43	1590.75	61	329	467	#
44	2852.05	13	38	46	369	506	#
45	2268.91	75	80	245	411	#
46	1930.4	449	470	#
47	1919.52	238	271	#
48	2193.98	174	182	406	451	479	#
49	1500.99	62	106	132	211	217	246	257	343	454	467	#
50	18197.7	12	25	46	53	56	72	88	121	135	140	142	161	164	200	211	213	227	229	234	236	240	269	273	282	309	321	335	348	354	370	380	399	410	424	428	464	493	#
51	4484.92	26	77	256	306	324	343	373	415	#
52	889.585	120	#
53	288.905	119	#
54	2317.45	4	93	159	445	#
55	697.739	195	358	439	500	#
56	5138.16	39	52	73	76	170	253	256	259	282	372	390	405	413	449	#
57	518.731	480	#
58	4358.25	37	38	165	192	286	306	355	451	480	#
59	929.277	200	#
60	665.709	195	#
61	1767.14	114	477	#
62	5999.75	25	53	71	193	291	354	413	#
63	3488.82	128	138	175	176	194	502	#
64	5162.12	56	62	112	171	225	443	#
65	826.267	12	#
66	1911.42	16	19	117	144	155	185	196	240	433	#
67	6597.06	65	200	201	221	235	247	303	402	411	426	#
68	910.115	7	#
69	3855.18	135	165	264	495	#
70	1408.45	20	314	#
71	3985.19	80	247	272	409	#
72	2132.46	130	347	511	#
73	2086.87	61	139	353	#
74	1721.72	82	140	161	#
75	2501.74	47	175	336	451	#
76	1080.1	83	384	#
77	1691.7	31	145	249	274	435	#
78	383.792	400	#
79	8903.74	2	94	122	155	203	209	251	256	358	395	463	#
80	2854.85	219	335	416	#
81	515.784	162	253	#
82	1693.21	67	193	199	460	#
83	3912.68	39	164	226	409	460	468	#
84	713.842	258	462	#
85	7659.75	133	229	244	350	381	393	471	510	#
86	5673.69	23	38	56	219	233	253	404	406	421	#
87	5287.81	24	87	101	274	282	364	450	461	479	#
88	597.833	384	#
89	352.046	152	#
90	879.489	121	#
91	12238	27	47	54	90	128	196	230	240	321	359	378	460	463	468	#
92	5141.51	87	115	138	377	399	425	432	#
93	9.44043	30	#
94	1837.27	176	268	361	#
95	850.798	484	#
96	1970.52	211	421	#
97	9989.05	20	50	85	150	172	230	255	410	443	445	458	479	#
98	998.763	77	#
99	3452.45	8	12	94	102	103	199	215	225	253	259	324	488	#
100	17930.8	11	15	16	52	79	84	115	119	137	145	175	245	250	268	271	274	311	312	326	335	406	425	447	475	478	498	#
101	4876.97	8	79	116	159	177	178	196	412	#
102	2103.16	198	264	354	#
103	638.032	296	#
104	1047.64	146	204	246	273	368	420	#
105	315.2	40	118	258	#
106	941.793	252	#
107	6803.57	68	158	173	237	280	291	324	339	390	486	#
108	3951.22	2	15	117	225	491	#
109	12553.3	2	11	29	87	126	140	143	201	314	410	438	448	459	#
110	3365.82	46	146	281	406	#
111	3449.99	76	235	249	350	412	#
112	1664.27	303	501	#
113	1673.99	352	353	#
114	1285.19	28	125	169	222	379	425	476	#
115	3105.23	1	45	51	121	159	191	197	265	274	280	323	358	395	420	440	462	479	481	#
116	153.397	509	#
117	740.487	29	#
118	4161.96	38	82	102	205	252	#
119	2227.68	10	286	294	376	#
120	1005.77	100	366	#
121	2152.42	31	36	144	#
122	4258.27	44	83	115	133	231	245	264	296	308	341	368	405	413	415	428	463	476	492	#
123	4540.45	14	184	193	358	494	#
124	7241.39	93	167	217	232	275	282	295	298	332	337	339	341	479	506	#
125	2795.37	159	478	511	#
126	164.859	246	#
127	2444.84	88	402	461	#
128	1161.24	248	295	#
129	1944.6	3	489	#
130	2703.09	34	133	185	295	465	#
131	4204.75	93	128	222	459	501	#
132	5440.46	20	110	258	398	401	418	481	493	501	#
133	3827.76	2	17	26	61	88	89	108	117	140	152	158	181	190	224	235	255	258	267	294	303	310	312	343	348	353	357	366	378	395	405	496	505	#
134	1642.51	98	114	140	315	316	406	452	#
135	989.397	341	#
136	963.57	62	#
137	1197.82	113	454	#
138	875.331	293	#
139	980.242	179	298	313	#
140	1319	8	49	475	#
141	794.555	191	#
142	572.745	219	#
143	3686.1	11	114	267	293	296	354	389	398	459	#
144	1468.43	232	283	#
145	707.821	504	#
146	10058.2	70	118	153	193	200	243	249	262	302	309	371	485	511	#
147	1684.3	180	389	#
148	1667.85	271	289	#
149	1182.23	13	51	476	#
150	5198.31	70	99	104	231	263	371	#
151	3114.51	16	80	100	420	#
152	3891.78	163	215	216	217	224	458	#
153	942.389	128	#
154	2626.54	2	103	104	118	148	169	279	289	313	356	366	398	485	#
155	4798.4	25	63	153	162	165	210	241	296	341	453	483	493	#
156	825.793	306	#
157	883.933	168	#
158	852.062	338	#
159	1725.32	16	132	166	301	#
160	705.316	499	#
161	549.593	110	325	371	#
162	8286.68	12	13	32	114	152	164	185	216	372	396	451	467	477	#
163	1602.61	39	96	190	236	286	384	402	442	467	#
164	3352.04	15	68	91	129	188	215	360	#
165	68.6218	358	475	#
166	3426.44	158	378	398	407	#
167	82.6298	402	#
168	809.182	311	#
169	1953.71	23	110	234	311	313	469	#
170	3315.31	16	60	66	94	297	305	369	373	409	435	471	#
171	533.57	398	#
172	2730.44	282	475	482	#
173	2250.53	35	151	488	#
174	3246.7	227	323	375	481	#
175	4016.75	53	157	192	272	342	409	439	#
176	932.773	74	#
177	2897.01	3	70	111	113	146	196	202	261	339	384	476	481	#
178	1856.51	98	357	449	506	#
179	2516.75	285	287	387	398	470	#
180	4884.36	48	190	196	297	393	#
181	2808.09	39	182	191	#
182	3665.73	72	220	464	474	#
183	3314.76	23	95	129	166	171	250	267	284	322	345	348	375	448	#
184	4323.3	18	102	108	137	463	#
185	1299.36	98	477	#
186	6843.26	35	62	116	182	308	437	456	475	503	511	#
187	896.662	90	#
188	578.901	246	304	#
189	4167.21	182	209	223	252	292	410	423	470	507	509	#
190	3254.12	85	105	201	241	313	319	465	#
191	576.015	208	343	#
192	780.716	241	#
193	1016.44	159	232	#
194	1289.52	230	363	#
195	1629.95	92	125	331	463	#
196	1132.45	123	419	#
197	590.198	397	#
198	1824.73	20	73	205	435	#
199	241.124	388	#
200	5466.51	21	170	197	329	337	452	#
201	1133.53	215	260	322	444	495	#
202	730.291	109	#
203	155.47	383	#
204	1022.09	236	389	#
205	722.34	66	#
206	2138.71	119	151	177	355	#
207	2942.97	33	46	48	64	#
208	6691.25	4	48	222	317	337	398	496	#
209	6577.59	21	57	100	148	223	282	360	405	407	474	#
210	527.9	381	#
211	619.697	153	#
212	1637.75	11	39	72	136	243	304	377	390	474	#
213	9406.9	0	51	134	161	239	283	305	313	379	476	506	#
214	310.966	349	#
215	1037.56	53	237	240	325	#
216	3643.21	0	160	197	219	380	#
217	2501.87	360	406	436	#
218	5230.76	29	86	211	350	366	401	498	#
219	785.088	471	#
220	425.913	9	#
221	524.68	93	#
222	4957.93	17	86	129	138	144	202	213	293	424	508	#
223	7215.65	12	16	35	51	95	143	149	291	304	324	396	468	#
224	4375.31	91	116	185	277	287	350	397	453	#
225	3783.88	21	91	178	283	#
226	1617.99	175	327	434	447	#
227	1993.17	237	272	#
228	13695.8	26	40	57	74	97	130	150	166	339	397	400	401	436	438	455	460	507	#
229	10048.9	7	54	69	97	100	105	106	145	156	174	196	240	263	268	337	383	449	475	#
230	5718.81	124	133	153	175	346	428	430	#
231	671.104	14	#
232	350.606	304	#
233	2951.39	62	72	268	304	413	501	#
234	620.739	505	#
235	11799.9	5	39	69	81	187	246	248	290	313	386	398	446	495	502	#
236	1884.39	202	427	#
237	973.604	163	181	#
238	1900.74	201	498	#
239	725.358	217	#
240	9786.34	51	70	139	210	213	224	312	378	385	419	440	474	486	#
241	4384.62	14	52	65	74	77	111	227	297	315	400	501	#
242	1206.24	195	361	440	#
243	3054.12	65	128	199	270	#
244	2670.51	235	269	309	387	442	#
245	2198.9	252	369	418	424	#
246	2950.37	24	235	319	404	410	509	#
247	1388.89	12	23	31	100	144	356	#
248	3614.59	22	59	92	97	361	460	462	#
249	280.843	113	180	#
250	7341.94	12	38	148	155	227	264	423	501	#
251	1756.12	36	48	70	182	295	465	#
252	310.505	488	#
253	15807.7	23	26	27	33	96	145	152	154	169	200	221	228	232	287	289	336	342	389	397	422	487	492	511	#
254	3578.84	3	28	40	51	142	145	164	217	222	366	411	420	428	508	#
255	861.779	248	#
256	848.47	389	#
257	572.968	131	#
258	6009.52	23	59	77	84	128	141	199	224	258	297	308	351	374	393	402	443	455	#
259	5695.84	29	40	76	201	265	475	#
260	5932.79	122	165	227	258	446	462	#
261	1157.58	171	302	428	#
262	4755.7	112	279	286	343	392	437	499	505	507	#
263	1113.07	40	192	#
264	18062.1	29	40	45	75	102	113	115	141	178	194	232	254	259	263	271	340	359	376	387	446	463	493	504	505	#
265	5871.93	39	312	334	341	347	349	413	#
266	1357.68	144	244	#
267	5987.91	15	133	147	245	296	336	#
268	4143.35	126	147	245	275	354	372	#
269	631.275	328	#
270	2640.91	63	196	376	447	#
271	4819.4	107	109	128	142	144	300	332	372	387	411	#
272	513.107	335	#
273	833.653	139	223	225	245	418	#
274	9370.76	12	39	166	199	230	265	322	340	406	428	491	#
275	2174.14	125	228	260	314	315	345	#
276	892.525	430	#
277	3064.7	77	205	226	245	286	405	464	#
278	1921.78	145	205	421	431	#
279	1431.35	101	125	170	309	#
280	2768.95	115	316	370	383	443	#
281	4979.74	37	38	63	129	228	489	#
282	6383.24	62	145	162	187	233	248	259	291	293	297	314	345	356	420	454	460	485	507	#
283	3906.77	97	103	125	140	246	336	463	#
284	182.834	78	#
285	2036.81	8	401	422	#
286	1212.99	19	121	173	468	#
287	976.616	174	492	#
288	1964.02	68	113	221	293	309	371	416	501	502	508	#
289	4375.06	25	39	44	62	81	127	130	136	182	217	224	283	303	318	329	348	377	380	417	474	#
290	1112.26	310	351	#
291	724.137	145	#
292	1441.66	117	163	177	#
293	1809.3	4	116	183	455	495	#
294	6786.86	32	95	96	120	200	222	230	243	263	341	378	379	384	507	#
295	2035.04	293	340	349	#
296	301.854	28	237	#
297	11162.4	39	80	99	103	104	138	160	339	357	433	448	468	487	494	#
298	3468.12	26	108	125	419	437	#
299	133.786	289	#
300	726.115	5	16	343	479	#
301	999.67	21	111	230	269	385	#
302	922.875	419	#
303	11866.9	34	72	110	112	150	213	233	237	263	281	314	331	346	431	455	486	488	#
304	6590.3	41	139	239	243	346	356	389	497	#
305	1463.92	290	393	#
306	2168.63	118	234	427	#
307	693.259	122	#
308	796.284	136	#
309	217.654	6	#
310	532.376	126	#
311	3500.94	107	122	318	342	424	446	#
312	2034.96	3	34	37	40	91	107	153	225	316	320	385	411	#
313	617.848	205	#
314	1735.06	39	495	#
315	10642.6	4	71	75	204	263	321	335	395	424	432	453	#
316	879.653	438	#
317	8102.39	12	79	150	189	293	368	418	455	481	#
318	779.464	88	186	#
319	1312.77	138	140	286	446	#
320	312.391	146	#
321	3386.48	68	103	104	431	#
322	3034.59	64	100	103	104	129	138	150	161	181	196	204	213	244	346	388	449	476	#
323	747.477	496	#
324	1707.7	78	167	353	464	#
325	561.334	151	#
326	4327.67	43	85	96	129	146	369	396	400	418	441	#
327	6040.56	6	21	65	107	128	161	162	171	267	297	309	319	367	383	397	426	466	#
328	3982.13	23	179	201	221	310	476	492	#
329	997.33	89	418	496	#
330	924.845	182	#
331	1124.61	81	439	#
332	2821.21	31	279	431	#
333	30235.6	10	36	55	58	69	80	94	102	119	133	134	138	160	169	173	180	219	224	238	243	244	294	303	315	318	334	364	374	387	438	451	466	469	483	486	492	505	#
334	291.76	344	#
335	994.671	368	#
336	3456.54	4	117	215	345	355	400	467	#
337	844.436	394	#
338	2130.98	68	142	180	#
339	1956.61	383	390	#
340	2017.24	89	102	504	#
341	5436.23	41	77	130	162	207	259	264	286	382	391	395	447	#
342	1373.8	93	101	126	200	276	296	370	477	504	#
343	354.945	354	#
344	615.69	78	214	227	258	289	335	377	#
345	2616.3	2	110	422	#
346	1945.47	23	83	#
347	781.267	106	155	225	319	346	462	#
348	972.765	454	#
349	1130.94	378	511	#
350	4382.21	11	34	64	101	166	204	207	215	320	330	355	388	417	#
351	1349.13	70	179	226	407	421	#
352	105.433	64	#
353	1672.02	78	160	384	#
354	742.512	215	310	#
355	5305.61	8	23	34	66	69	70	201	267	273	393	404	474	498	505	#
356	712.382	436	#
357	1446.01	15	41	47	194	298	391	406	435	#
358	643.871	139	#
359	3194.94	24	89	114	197	239	267	400	424	#
360	1065.7	66	174	233	258	260	369	#
361	157.994	433	#
362	2518.6	59	229	251	415	#
363	195.409	420	#
364	7799.93	35	39	69	111	199	202	269	327	337	451	463	474	491	#
365	761.308	100	280	#
366	3776.29	68	150	173	295	313	#
367	1981.63	24	94	129	207	313	316	410	#
368	5610.38	132	143	276	296	336	433	#
369	1172.84	13	101	#
370	801.599	205	269	#
371	66.0747	350	#
372	227.607	456	#
373	862.767	469	476	#
374	1945.56	155	198	210	400	#
375	11051	38	60	62	73	256	276	279	332	424	445	461	478	495	#
376	2976.64	56	157	213	271	#
377	1045.43	319	403	#
378	7514.61	18	61	72	96	107	156	184	208	328	409	415	477	483	#
379	5390.78	168	275	316	326	331	334	459	#
380	994.636	283	#
381	820.788	94	#
382	7041.41	58	142	146	151	168	220	314	375	401	422	450	457	#
383	652.228	327	#
384	2974.57	181	276	357	394	449	#
385	5606.09	43	164	174	208	213	224	238	315	323	#
386	4349.41	33	151	298	303	326	342	355	359	363	410	418	447	503	#
387	906.411	503	#
388	1476.32	139	318	344	370	#
389	510.009	491	#
390	6178.45	11	14	38	49	144	178	192	206	313	350	388	483	499	#
391	885.542	177	#
392	11403.3	25	52	73	108	113	128	132	190	203	264	340	469	#
393	612.57	370	#
394	192.7	100	#
395	2995.36	15	35	72	186	232	493	#
396	1794.51	14	144	374	406	491	#
397	2479.17	124	137	276	315	478	#
398	1724.25	0	360	#
399	455.133	243	#
400	9486.11	54	68	118	139	268	272	287	289	389	436	466	474	#
401	4775.11	40	68	210	240	377	#
402	519.043	434	474	#
403	611.16	141	171	#
404	1771.89	276	363	#
405	1516.36	8	11	13	30	33	45	65	77	95	138	176	212	327	342	349	361	373	410	440	486	#
406	731.801	339	#
407	1675.29	191	237	307	478	498	#
408	727.258	138	198	#
409	672.124	155	221	357	441	#
410	2030.73	115	118	182	213	449	468	489	#
411	6507.75	17	89	97	136	151	263	433	#
412	1528.4	149	216	336	505	#
413	3803.27	209	210	371	481	#
414	780.319	223	#
415	1663.03	124	229	#
416	402.813	269	#
417	6442.76	66	137	253	349	375	426	444	#
418	1537.27	6	26	48	61	86	128	135	204	330	339	344	359	371	411	413	#
419	9528.45	25	44	63	153	272	290	355	367	380	404	484	#
420	4461.64	13	51	124	241	350	#
421	384.019	157	#
422	3935.55	26	107	184	283	285	354	380	#
423	984.391	211	#
424	2517.09	10	35	184	453	#
425	2356.48	150	250	306	355	#
426	11538	42	74	121	161	170	171	216	231	234	291	309	332	338	399	441	443	456	490	#
427	662.975	346	#
428	17149.7	31	135	151	172	223	243	259	312	344	366	367	385	386	390	391	399	424	485	#
429	3577.97	0	110	147	172	180	231	258	260	311	362	377	439	464	473	#
430	1246.84	216	387	390	#
431	5966.71	38	89	105	135	139	187	190	239	290	378	395	413	421	444	474	#
432	3061.18	84	133	139	165	220	229	283	320	333	343	396	399	400	423	425	448	450	453	460	483	494	#
433	1341.25	390	433	#
434	501.448	489	#
435	1705.34	16	49	60	67	129	153	240	313	382	393	419	#
436	2195.83	229	246	322	#
437	966.095	150	#
438	796.769	435	#
439	1309.83	144	371	#
440	1866.8	133	354	360	#
441	1720.86	68	123	129	153	161	345	469	481	494	#
442	1638.79	249	357	448	#
443	3624.87	115	190	242	254	302	386	391	#
444	3081.52	172	245	278	337	371	#
445	3511.63	91	106	148	216	286	#
446	2227.02	189	246	305	371	405	503	#
447	739.297	379	#
448	1044.4	228	461	#
449	1870.38	4	28	41	193	207	233	286	287	322	386	412	413	478	481	493	#
450	1787.04	73	105	186	#
451	3970.38	112	162	167	190	229	331	403	439	#
452	3027.51	258	306	346	500	510	#
453	893.629	242	#
454	8034.29	46	53	66	90	94	121	122	173	253	295	334	335	371	441	473	#
455	1755.5	206	272	#
456	208.699	100	412	#
457	493.599	281	#
458	3161.5	3	88	158	173	205	258	428	433	457	472	486	#
459	1476.18	477	483	#
460	2585.48	203	456	483	#
461	1761.21	50	58	179	194	441	#
462	737.73	215	#
463	14387.2	13	32	45	62	64	104	115	187	218	235	280	283	294	299	302	310	332	350	355	365	410	#
464	505.31	447	#
465	5152.19	191	256	306	368	426	498	510	#
466	1562.85	200	432	#
467	1166.69	216	384	#
468	1660.19	230	458	#
469	1087.04	165	238	#
470	7250.48	34	128	221	267	377	408	443	464	#
471	1023.49	125	139	#
472	1686.59	201	297	#
473	1034.12	62	177	279	303	312	313	477	#
474	386.979	178	179	#
475	1249.95	69	116	147	#
476	2152.34	24	329	348	392	499	#
477	702.019	68	235	249	#
478	4958.94	86	108	133	160	219	231	235	312	327	337	339	350	373	377	437	489	#
479	1064.35	14	94	#
480	3616.71	70	155	205	235	238	244	263	271	350	363	377	#
481	394.97	455	#
482	376.717	54	#
483	966.684	159	#
484	4712.1	9	16	22	154	159	203	295	333	351	354	364	401	438	449	#
485	3701.75	314	386	405	447	#
486	1742.32	4	80	101	278	#
487	3402.73	19	79	89	100	160	192	418	420	#
488	4357.78	36	81	97	293	403	430	435	#
489	518.883	135	#
490	2816.07	49	146	310	326	488	#
491	12213.7	11	70	72	203	239	265	290	321	367	380	392	410	464	483	484	497	#
492	1265.25	249	417	#
493	861.62	220	407	#
494	4304.83	156	228	240	258	393	485	#
495	591.546	321	#
496	4884.11	107	114	204	227	273	316	408	#
497	445.267	11	71	276	#
498	2829.95	14	109	273	277	415	466	#
499	2849.61	128	196	319	#
500	3809.23	10	294	340	375	418	429	#
501	1414.18	99	173	216	271	356	#
502	4964.42	34	97	139	151	169	248	294	332	342	369	403	405	444	497	#
503	796.519	51	#
504	215.129	147	#
505	4825.37	3	219	248	282	296	298	#
506	8607.52	21	56	69	285	320	424	447	465	478	501	#
507	868.552	249	298	299	349	396	#
508	681.82	255	#
509	7739.65	45	111	147	205	271	382	446	472	#
510	2295.3	52	322	456	#
511	1471.61	49	90	312	#
512	466.336	478	#
513	2492.86	7	19	47	82	84	94	134	165	211	214	301	363	374	425	475	#
514	474.671	393	#
515	2427.55	31	212	487	#
516	694.121	301	#
517	381.995	372	#
518	735.401	298	#
519	4620.66	32	158	294	353	455	#
520	1511.84	139	436	#
521	3396.57	216	254	348	423	#
522	2972.9	119	246	370	#
523	454.459	408	#
524	11501.2	42	124	145	156	243	263	294	300	346	413	442	470	482	488	498	#
525	5429.03	11	16	32	65	82	130	251	292	311	320	397	437	443	476	478	509	#
526	1604.94	75	118	260	304	369	384	#
527	1320.91	109	238	257	410	#
528	6799.68	4	52	73	92	103	267	346	369	401	424	449	486	#
529	417.914	210	468	#
530	2646.99	179	380	460	#
531	1395.81	4	350	391	#
532	2049.93	70	92	175	#
533	816.813	209	#
534	1249.8	66	387	450	#
535	998.893	79	#
536	5105.5	52	83	99	184	193	205	209	255	272	308	336	373	380	381	450	458	465	#
537	17626.9	14	44	77	94	138	147	162	174	230	235	247	250	252	257	271	302	308	355	372	381	386	392	393	394	#
538	2863.36	62	126	201	229	288	409	#
539	206.678	115	#
540	1627	240	413	#
541	7330.35	22	77	84	150	240	283	410	458	#
542	5341.31	153	220	258	342	353	379	417	#
543	198.756	75	#
544	13340.5	26	41	43	92	143	195	215	257	288	293	380	384	441	472	#
545	1619.14	416	422	482	489	#
546	960.039	142	#
547	2901.36	71	90	144	#
548	7521.39	90	122	294	315	319	345	351	397	422	#
549	1971.24	80	130	338	#
550	8894.18	10	11	22	38	47	52	66	88	91	171	173	189	220	221	291	422	#
551	1988.47	24	73	211	369	476	490	#
552	1901.85	312	468	#
553	7997.83	17	24	36	65	308	348	392	448	#
554	813.234	1	420	437	#
555	2557.94	222	241	298	315	#
556	10952	54	133	140	213	216	256	346	395	443	487	511	#
557	526.027	97	119	#
558	4169.43	19	49	65	69	136	142	228	234	285	376	387	470	#
559	1076.99	166	223	#
560	3948.35	10	19	68	158	176	277	412	#
561	7246.5	8	41	44	74	128	358	363	430	469	487	#
562	1036.77	309	450	#
563	65.236	452	#
564	1512.87	310	379	482	#
565	9529.4	90	122	171	189	243	256	261	280	344	363	379	382	410	463	500	#
566	5836.4	20	26	80	324	410	432	441	#
567	664.536	42	#
568	2215.68	23	42	63	90	95	139	165	183	207	229	267	301	313	314	316	333	428	441	462	472	484	#
569	1171.71	116	172	215	352	428	482	#
570	1711.47	89	294	307	409	#
571	6555.34	77	108	159	234	319	431	506	511	#
572	4842.36	173	263	289	373	443	#
573	5277.98	165	189	201	307	335	499	#
574	3860.18	3	180	332	367	#
575	1704.6	36	51	87	103	185	209	269	295	327	341	390	409	#
576	507.229	44	#
577	3898.67	74	138	468	469	#
578	1201.77	11	427	#
579	451.159	299	486	#
580	8473.66	1	31	98	99	114	158	236	241	294	385	444	488	#
581	2974.96	200	208	236	240	282	495	#
582	3687.72	102	124	152	307	338	443	485	#
583	1634.88	80	237	350	#
584	676.144	240	#
585	5435.34	45	75	102	123	140	161	194	201	296	361	399	409	418	447	480	504	#
586	3444.22	26	145	227	335	465	#
587	15587.9	24	71	74	77	80	89	101	113	115	136	143	156	200	222	235	258	260	286	371	388	391	433	450	459	471	#
588	974.614	288	476	#
589	3787.28	209	296	460	490	#
590	2300.13	80	189	271	#
591	7518.34	161	163	255	312	369	398	431	433	#
592	973.976	24	299	#
593	3134.82	91	169	203	319	355	#
594	1501.46	60	193	#
595	820.651	145	353	#
596	2206.08	2	63	264	326	339	#
597	173.017	84	#
598	1603.77	5	23	#
599	1649.35	15	324	#
600	2250.51	52	176	185	189	299	#
601	2664.02	7	81	220	396	457	#
602	7695.07	58	75	143	185	275	285	345	371	416	428	438	456	460	494	#
603	3357	52	106	195	320	338	374	386	388	454	458	472	#
604	4077.77	70	85	108	113	138	157	226	234	283	309	326	444	449	#
605	1465.8	95	313	335	#
606	1996.09	34	69	284	309	407	#
607	2548.74	41	59	63	127	152	173	307	314	339	#
608	704.997	88	#
609	2028.44	140	158	267	401	#
610	1514.39	226	301	397	#
611	8494.62	25	93	152	254	255	257	330	364	423	465	#
612	757.041	384	417	#
613	1619.19	17	25	75	195	228	250	403	#
614	1562.66	39	94	111	112	145	320	379	392	438	469	#
615	1436.5	102	119	#
616	1975.86	244	423	451	#
617	4590.77	57	95	119	272	328	367	417	449	501	#
618	1131.14	167	239	#
619	2049.28	186	272	273	343	361	406	422	#
620	5700.14	88	187	283	362	365	449	#
621	953.224	279	292	#
622	3946.2	0	38	214	312	347	425	480	495	#
623	1045.07	15	87	#
624	12504.8	151	156	167	181	187	203	293	331	355	386	394	411	431	#
625	3400.62	138	313	444	477	#
626	5962.15	101	341	405	418	433	445	#
627	11397.1	7	26	57	104	177	189	232	257	317	340	350	437	#
628	4908.79	30	148	176	180	190	192	473	494	511	#
629	1860.39	241	331	#
630	2662.89	73	175	299	499	#
631	1878.15	78	329	#
632	2039.47	207	379	426	#
633	6307.93	103	166	179	181	202	210	258	284	291	305	345	384	396	432	436	468	#
634	1189.22	22	136	154	167	175	187	242	310	334	343	346	380	391	431	467	#
635	5488.35	54	126	140	155	162	211	397	436	503	#
636	13083.9	84	109	130	173	183	187	196	199	227	247	274	289	302	319	342	366	392	413	481	#
637	2685.05	99	251	264	#
638	3667.29	23	57	81	163	439	#
639	2361.82	9	212	395	#
640	2576.96	66	471	495	#
641	1049.84	292	492	#
642	2663.16	45	224	259	448	#
643	2355.67	19	33	56	169	191	288	300	310	312	372	#
644	5744.38	56	102	107	158	182	184	204	253	262	274	449	452	453	461	#
645	195.258	308	#
646	133.777	123	#
647	3082.13	102	173	307	393	#
648	1763.97	55	178	#
649	789.108	9	23	70	162	342	371	#
650	13089.8	5	15	40	52	69	73	178	219	284	302	306	316	385	395	446	469	470	474	#
651	3704.48	147	152	172	181	200	309	481	#
652	633.744	17	33	370	460	#
653	3263.6	66	167	180	188	304	482	#
654	10807.5	86	145	188	225	291	315	363	380	386	445	448	451	#
655	599.975	169	448	#
656	2149	74	161	171	364	452	#
657	4337.7	50	286	395	455	461	#
658	3751.42	117	316	354	479	#
659	1520.48	307	328	#
660	989.227	167	244	#
661	4968.54	78	79	90	154	196	199	378	411	419	#
662	3879.88	12	59	342	414	453	#
663	1238.42	331	366	498	#
664	7770.59	62	162	184	192	198	213	222	260	#
665	18647.5	30	39	89	143	177	191	224	237	238	253	261	281	310	378	389	395	403	420	427	430	446	454	477	481	#
666	4062.25	137	153	337	383	384	480	#
667	1486.4	67	307	479	#
668	14378.2	73	94	111	165	223	270	296	299	301	328	339	378	426	459	464	497	#
669	858.092	333	414	#
670	28.3861	214	#
671	4059.03	8	140	160	185	354	356	383	422	#
672	2664.12	181	223	227	279	385	#
673	1789.83	23	70	76	157	159	160	253	335	444	453	458	#
674	5978.43	42	68	80	115	189	265	411	413	#
675	629.604	434	439	#
676	1063.85	197	202	291	322	416	450	#
677	5617.61	42	132	230	265	420	430	458	#
678	174.153	210	495	#
679	3327.21	29	42	96	115	139	192	225	368	383	395	421	438	475	498	507	#
680	9708.5	34	76	164	238	315	317	319	420	448	449	464	486	#
681	1872.91	196	287	#
682	2740.82	12	294	308	427	450	#
683	1254.45	43	126	225	315	338	366	381	398	421	459	487	#
684	2794.15	36	128	185	234	259	289	354	400	#
685	6574.2	8	52	130	227	304	321	451	467	490	503	#
686	792.086	10	75	97	129	185	331	415	494	#
687	528.687	13	#
688	3838.99	0	34	51	71	79	217	302	354	361	364	440	463	#
689	853.236	101	511	#
690	573.174	207	362	#
691	1177.16	165	237	389	415	463	#
692	443.915	421	#
693	7583.83	134	162	170	312	344	386	496	501	#
694	2360.43	83	98	259	388	#
695	10721.4	33	75	160	180	212	237	340	368	423	459	491	508	#
696	7572.88	101	108	133	304	367	478	496	510	#
697	1844.73	96	219	247	327	464	492	494	#
698	2156.96	299	315	373	#
699	2975.32	1	169	198	252	403	455	#
700	15511.6	12	24	52	58	152	163	173	178	223	264	269	278	336	372	391	464	477	#
701	3367.6	4	26	67	76	133	224	294	310	317	328	329	343	413	442	511	#
702	711.855	463	#
703	1427.49	38	104	#
704	6014.05	7	100	102	104	216	240	245	298	308	380	398	411	442	451	466	467	484	498	507	510	#
705	4233.67	62	121	133	147	167	184	220	222	261	300	323	349	376	#
706	546.857	325	#
707	1067.29	359	481	#
708	14517.7	27	36	63	64	137	249	260	272	291	296	334	367	385	469	471	475	482	492	499	506	#
709	5958.82	78	197	211	224	227	283	299	303	317	323	338	372	422	#
710	447.182	250	#
711	1503.04	3	51	53	132	242	273	313	341	378	431	#
712	1105.47	241	323	#
713	2630.06	72	183	187	196	#
714	8961.74	40	46	112	124	130	151	183	229	247	269	366	497	#
715	1675.16	75	86	132	133	179	270	278	299	305	336	360	481	#
716	863.852	236	#
717	3730.87	20	98	122	123	250	358	436	#
718	824.441	297	#
719	3815.88	27	37	91	101	106	109	127	179	181	210	239	251	273	318	351	387	405	442	474	488	#
720	3114.72	68	240	335	469	#
721	794.001	351	#
722	5367.34	0	45	125	161	253	376	422	431	#
723	6220.86	57	67	131	138	173	345	510	#
724	612.324	285	376	397	#
725	1789.58	196	341	506	#
726	7001.42	10	25	33	58	98	139	237	241	373	374	#
727	8444.72	31	100	105	118	120	173	181	291	306	336	339	376	392	394	423	456	468	477	509	#
728	656.017	320	#
729	225.931	273	#
730	7858.2	13	33	39	68	79	88	160	195	196	217	229	295	321	335	355	395	410	449	495	498	#
731	630.981	405	#
732	1527.05	242	419	#
733	2482.42	134	226	265	292	384	505	#
734	3732.43	62	354	383	441	#
735	2907.48	37	112	383	469	#
736	1890.24	103	420	473	#
737	2240.7	115	218	294	337	#
738	970.097	352	#
739	3647.83	45	131	144	274	476	#
740	670.984	68	#
741	4405.2	77	172	180	232	277	302	391	471	#
742	6791.38	18	48	102	142	144	173	237	262	324	#
743	241.602	263	#
744	953.29	385	#
745	849.294	160	364	388	497	#
746	977.211	96	#
747	873.579	57	130	411	#
748	1066.94	88	135	153	422	#
749	7438.39	24	39	41	98	108	111	122	286	298	402	411	497	#
750	1545.17	166	174	#
751	3997.15	86	124	220	334	#
752	2932.44	59	86	111	114	174	218	256	318	#
753	1265.49	239	246	#
754	2246.38	10	271	398	446	475	#
755	4961.14	30	72	134	154	190	221	226	233	234	251	256	291	294	318	335	342	392	394	398	401	430	431	494	503	#
756	2225.22	80	128	255	451	493	#
757	2540.49	49	163	331	#
758	4488.8	9	46	135	226	351	355	405	455	459	#
759	2879.63	85	166	224	#
760	3123.95	126	160	184	313	#
761	1592.22	137	140	260	363	407	472	#
762	1326.01	1	179	496	#
763	667.712	331	#
764	4633.09	20	121	233	408	461	#
765	1983.8	69	81	#
766	776.763	427	#
767	964.802	110	278	485	#
768	1144.4	372	396	#
769	945.122	232	#
770	2941.29	168	172	249	#
771	1066.17	340	410	#
772	134.573	133	#
773	5492.03	199	287	325	417	418	467	498	#
774	1701.99	243	416	#
775	1509.73	55	77	84	153	211	331	369	399	414	429	442	499	#
776	1359.38	23	110	117	430	#
777	3201.45	3	222	388	492	#
778	565.585	38	#
779	1861.58	22	27	43	144	156	171	240	329	371	403	435	468	469	#
780	164.739	71	#
781	26.3031	377	#
782	777.055	329	#
783	3281.02	7	22	34	300	450	472	504	#
784	1730.43	222	229	#
785	91.7752	396	#
786	646.361	164	#
787	718.079	323	#
788	3543.23	32	85	206	262	484	#
789	3868.41	85	95	115	160	201	220	225	245	283	290	297	325	329	333	#
790	5402.96	104	259	293	442	476	483	508	#
791	4218.97	14	107	135	242	249	278	346	361	364	431	458	#
792	2459.2	234	283	306	430	486	#
793	745.485	65	265	#
794	233.073	411	#
795	1383.11	281	454	#
796	475.308	202	#
797	2688.15	262	357	444	#
798	7727.24	34	96	180	220	323	407	491	495	#
799	2442.98	36	189	236	306	387	#
800	1275.49	348	438	#
801	1514.77	22	134	197	229	244	377	420	#
802	343.817	418	502	#
803	4373.36	203	230	238	265	360	#
804	3151.53	163	242	346	452	#
805	2870.34	10	68	79	80	131	147	149	207	221	222	261	342	355	370	372	374	378	401	402	413	442	471	473	498	#
806	2477.76	31	82	87	122	206	208	351	#
807	6227.94	55	107	135	184	248	339	419	#
808	2647.24	4	73	278	354	421	#
809	1713.92	125	164	#
810	3244.17	165	168	258	473	#
811	3566.35	48	53	137	273	#
812	1212.51	13	48	252	373	#
813	1404.72	369	407	#
814	91.3198	234	#
815	4827.32	8	38	67	69	163	219	224	309	385	459	469	#
816	648.936	111	381	#
817	3238.17	7	161	279	280	290	376	415	481	#
818	6745.19	0	101	186	207	263	281	465	#
819	3201.8	148	189	355	366	#
820	411.022	80	#
821	363.645	287	#
822	12652.8	13	19	36	37	125	156	192	208	244	316	343	404	493	500	#
823	1025.71	64	355	399	#
824	923.381	446	#
825	1962.07	29	58	59	279	365	370	#
826	2613.08	97	164	314	351	#
827	12313.1	47	62	67	114	162	182	198	199	334	390	458	490	504	#
828	570.98	4	110	374	#
829	1633.25	262	281	#
830	710.286	173	#
831	7954.23	52	112	209	216	219	272	314	330	356	404	464	497	#
832	2839.51	75	144	204	264	284	323	438	463	#
833	768.27	20	#
834	1139.16	311	427	469	483	#
835	995.895	129	193	#
836	774.707	187	#
837	4762.91	126	132	153	262	357	#
838	6284.87	9	174	198	274	291	393	469	479	#
839	772.501	2	#
840	1269.13	231	250	264	395	453	463	509	#
841	8788.75	35	38	41	52	168	197	213	216	280	301	331	353	#
842	1854.47	163	286	442	#
843	4305.77	45	157	190	210	387	408	423	#
844	16476.8	34	43	74	121	154	155	160	228	240	255	275	310	311	337	362	423	484	#
845	241.668	226	#
846	2003.94	227	413	452	#
847	1942.11	12	51	215	292	331	#
848	641.65	98	#
849	4367.9	43	115	224	237	244	327	441	472	#
850	521.612	487	#
851	8439.13	138	190	198	360	370	377	447	451	469	475	479	508	#
852	3564.3	17	362	408	420	#
853	4155.98	23	24	42	66	70	106	128	160	210	253	315	344	363	410	#
854	1081.01	9	444	#
855	230.572	216	#
856	4097.66	76	106	108	144	159	160	170	192	292	300	337	338	395	448	475	481	510	#
857	2630.12	9	23	54	91	154	201	219	273	292	296	335	340	363	385	412	440	#
858	1425.48	171	220	263	413	#
859	5926.25	62	224	446	451	453	490	#
860	342.123	374	#
861	2101.43	23	334	347	425	#
862	906.136	117	#
863	3195.7	30	75	85	159	#
864	1008.96	33	109	134	151	325	390	#
865	1423.04	224	315	#
866	1029.94	5	141	#
867	760.76	264	317	#
868	2435.41	121	186	302	332	480	#
869	2502.85	239	301	472	#
870	2051.24	106	183	222	243	#
871	552.252	181	#
872	1181.03	79	111	142	152	308	376	493	#
873	1402.56	235	474	#
874	458.501	259	#
875	7153.76	1	4	54	94	107	135	168	200	208	278	345	361	461	480	#
876	261.463	89	#
877	732.957	260	#
878	1887.32	198	224	359	#
879	1516.56	52	197	334	#
880	629.123	476	#
881	1104.85	233	497	#
882	514.85	116	#
883	6248.6	5	106	153	198	312	353	361	#
884	1715.31	345	346	#
885	1627.29	417	459	#
886	12277.2	14	63	81	132	210	216	233	240	278	378	382	383	413	473	498	#
887	860.877	221	389	#
888	2808.81	15	200	249	382	384	#
889	1679.75	62	259	294	322	350	365	424	#
890	2913.16	159	269	392	#
891	1179.61	431	432	#
892	578.048	189	#
893	7261.31	108	191	194	236	259	457	479	510	#
894	1495.27	139	327	346	#
895	1681.62	3	189	#
896	1324.69	19	36	38	55	154	171	176	195	261	349	383	#
897	4241.81	11	37	111	115	126	189	197	309	429	468	#
898	2587.44	17	66	93	98	131	157	205	368	421	#
899	447.058	247	#
900	1048.41	93	128	129	214	227	282	346	399	416	#
901	2748.54	122	253	350	361	459	#
902	5876.74	6	26	38	128	138	186	215	267	394	402	#
903	6864.39	121	135	191	196	252	434	455	#
904	814.705	406	#
905	1388.93	31	100	143	263	273	290	348	452	#
906	2445.71	29	90	153	167	224	423	437	495	503	#
907	1159.57	114	199	226	502	#
908	1404.24	39	61	105	401	#
909	945.803	76	#
910	15099.9	42	46	80	97	116	125	176	212	248	263	266	319	341	398	414	481	489	#
911	2496.87	20	78	132	156	200	#
912	931.133	231	#
913	1260.34	337	418	427	#
914	1140.1	179	225	274	282	416	464	468	#
915	19.7565	510	#
916	1021.85	6	179	275	284	#
917	13357.9	25	42	47	61	90	99	140	172	183	221	228	237	366	371	386	408	503	#
918	2967.86	121	131	222	383	446	469	#
919	472.746	81	#
920	978.881	46	#
921	2510.22	35	87	257	419	481	#
922	959.367	313	#
923	2048.07	232	280	285	395	506	#
924	1281.57	177	348	#
925	4049.32	52	208	225	240	410	439	#
926	932.992	42	407	#
927	4478.09	59	134	193	278	293	296	461	469	#
928	2805.27	230	286	452	457	#
929	1309.16	101	188	#
930	2282.94	143	176	336	#
931	1883.39	290	409	#
932	4932.81	73	79	137	176	204	226	283	284	337	353	379	398	414	445	448	476	#
933	2924.99	43	105	230	335	485	#
934	2142.76	20	70	100	131	163	188	194	265	283	308	313	370	435	440	452	464	#
935	725.749	395	#
936	1310.49	9	54	65	112	120	146	469	#
937	1122.63	5	114	157	183	201	230	279	305	348	381	397	459	503	#
938	890.373	34	469	#
939	4223.55	41	44	77	159	169	210	256	270	286	301	332	349	359	447	454	482	493	#
940	8282.83	3	155	160	166	188	203	231	294	305	348	452	455	480	#
941	3750.19	21	23	92	102	130	153	304	#
942	1441.7	40	354	#
943	3128.52	87	139	180	490	502	#
944	4247.14	4	14	59	80	106	117	157	214	227	316	320	333	422	429	436	453	480	494	495	#
945	1944.63	40	76	#
946	1813.64	178	243	417	#
947	6151.86	31	140	158	183	213	326	347	357	389	395	435	494	498	#
948	7184.28	86	113	216	249	273	279	379	467	#
949	8115.74	8	12	71	122	127	135	142	144	156	245	255	259	272	276	287	331	340	355	497	502	#
950	1354.92	100	324	440	457	#
951	6743.43	18	68	182	210	231	250	292	341	355	372	440	443	450	461	477	496	#
952	886.514	272	#
953	955.725	212	403	#
954	3712.89	37	110	113	138	236	296	315	370	411	420	426	485	#
955	1739.95	68	166	401	#
956	1368.83	112	153	233	257	437	#
957	2551.35	44	211	330	#
958	906.934	51	459	#
959	4729.45	36	120	217	288	342	463	#
960	4587.63	25	195	227	284	390	#
961	1545.67	35	93	138	216	312	314	336	337	340	400	405	451	497	#
962	1995.57	318	343	#
963	676.137	458	465	#
964	1701.95	16	477	#
965	3964.39	52	95	119	168	177	292	295	357	379	476	#
966	285.407	290	#
967	2141.63	84	151	310	348	420	#
968	2512.03	40	340	373	403	475	#
969	6487.66	38	89	119	153	303	451	487	#
970	1712.17	73	407	#
971	3438.14	103	146	209	297	380	#
972	1327.63	38	199	263	291	399	#
973	6664.65	20	63	78	116	179	389	421	500	510	#
974	403.569	34	#
975	1540.19	33	142	339	465	#
976	9022.41	7	35	86	158	196	240	287	321	333	424	425	485	#
977	2445.66	190	223	308	340	418	481	#
978	1086.81	2	98	221	298	327	421	470	#
979	4453.51	23	30	69	399	436	#
980	2397.71	116	150	172	205	250	330	393	#
981	3611.82	63	144	154	376	#
982	1371.58	48	246	477	#
983	276.417	300	#
984	2345.56	36	450	499	#
985	1959.1	57	109	208	351	355	415	428	459	#
986	358.193	318	#
987	978.145	314	#
988	1048.82	176	384	#
989	465.434	1	#
990	4219.57	1	33	57	96	160	289	398	431	439	481	#
991	708.721	16	101	433	#
992	1219.78	169	225	290	299	#
993	3339.06	90	154	238	258	269	443	#
994	14033.7	12	17	41	53	62	110	156	219	220	259	293	320	355	373	401	473	480	#
995	5661.5	98	152	189	208	439	446	504	#
996	3480.14	42	119	168	171	228	242	246	306	307	462	464	#
997	1606.08	24	349	#
998	516.593	221	#
999	1012.56	52	214	375	#
1000	776.862	154	#
1001	1038.69	30	209	#
1002	4264	31	75	271	286	295	323	361	467	471	486	496	#
1003	6869.88	14	99	113	185	323	366	375	393	486	#
1004	1453.25	7	333	340	454	492	#
1005	16818.8	5	22	82	143	175	207	250	275	306	309	336	371	412	423	430	434	447	459	496	#
1006	3919	39	117	323	497	#
1007	412.842	474	#
1008	1804.65	97	313	357	421	478	#
1009	968.006	21	#
1010	459.473	193	509	#
1011	710.061	176	#
1012	3991.08	1	205	410	430	#
1013	2806.54	187	193	302	371	456	463	#
1014	1154.15	143	511	#
1015	127.778	15	#
1016	4003.37	1	67	77	141	186	224	239	304	306	330	374	380	393	411	#
1017	1126.04	176	187	362	#
1018	3316.78	9	85	109	170	182	316	461	#
1019	835.58	17	464	#
1020	7710.66	31	60	71	150	196	325	328	333	377	393	432	454	506	#
1021	385.537	324	#
1022	742.689	147	315	358	#
1023	8611.61	3	13	44	108	216	242	293	307	409	442	449	453	476	#
1024	1472.38	46	121	#
1025	3857.1	19	99	112	306	#
1026	3986.58	44	75	170	268	273	428	446	455	459	#
1027	1291.92	103	265	490	#
1028	2541.13	271	283	285	#
1029	1201.22	59	127	388	#
1030	1023.95	86	173	203	272	481	#
1031	4090.47	240	266	305	322	366	#
1032	1025.56	1	430	469	#
1033	7632.49	114	115	173	175	186	208	256	285	291	335	395	414	417	494	#
1034	195.472	127	#
1035	4973.86	190	249	259	424	482	498	#
1036	1406.14	161	190	266	427	442	443	454	#
1037	447.992	125	#
1038	4720.98	3	42	141	179	189	211	375	#
1039	920.959	298	335	438	455	503	#
1040	5440.83	68	135	137	185	210	218	238	357	368	412	429	470	#
1041	2767.62	45	108	140	199	204	230	275	332	337	361	393	#
1042	885.72	192	455	#
1043	1167.4	4	178	190	209	226	#
1044	263.849	360	#
1045	2453.69	87	112	258	499	#
1046	7396.53	30	35	90	177	242	254	359	376	433	438	#
1047	178.633	414	#
1048	8055.22	16	34	69	205	310	318	392	401	419	457	#
1049	2725.11	10	16	210	219	252	328	457	496	508	#
1050	797.507	104	#
1051	1174.35	243	501	#
1052	10382.6	16	55	92	124	161	284	381	434	460	469	482	492	#
1053	686.023	102	#
1054	1186.41	50	221	253	288	353	406	#
1055	2705.96	90	332	336	347	377	#
1056	2711.16	1	54	350	360	461	#
1057	6151.16	12	99	176	278	326	342	419	#
1058	1313.13	140	153	173	251	337	406	425	483	#
1059	189.778	113	441	#
1060	1896.93	267	467	#
1061	1083.95	57	107	147	#
1062	878.621	296	386	395	397	403	#
1063	5690.94	56	64	77	194	230	257	276	282	442	468	#
1064	1472.6	58	228	443	468	505	#
1065	8645.96	1	22	43	97	152	218	303	314	333	359	368	371	373	432	457	#
1066	1408.47	45	257	#
1067	1589.65	192	202	229	353	#
1068	432.037	492	#
1069	5788.15	60	149	194	209	437	439	#
1070	1177.06	18	153	388	#
1071	2487.31	6	12	190	192	418	472	#
1072	1412.02	315	479	#
1073	6071.18	49	105	254	262	317	322	386	405	443	471	#
1074	1651.61	32	404	475	491	#
1075	164.201	317	366	#
1076	11399.2	22	29	59	120	177	195	215	236	281	306	337	379	408	491	504	#
1077	6911.12	33	55	98	109	183	318	426	439	493	#
1078	2620.2	81	109	140	423	#
1079	1455.87	32	48	49	83	88	111	128	144	186	198	214	232	247	279	304	312	321	326	330	389	392	394	398	415	463	464	481	483	#
1080	3954.15	212	349	465	510	#
1081	3723.46	20	164	353	403	423	#
1082	3097.93	161	247	258	267	292	419	480	#
1083	2470.58	100	222	261	#
1084	979.413	14	88	#
1085	880.298	501	#
1086	11023.9	117	183	234	280	298	324	327	344	369	410	483	503	#
1087	583.079	212	493	#
1088	1617.09	133	396	#
1089	2033.22	43	288	429	#
1090	199.857	434	#
1091	8333.75	27	44	105	155	181	202	259	343	355	510	#
1092	1992.53	201	307	#
1093	2775.52	77	179	337	440	#
1094	12222.3	37	102	109	116	147	177	179	182	204	227	314	384	385	429	431	447	449	466	485	498	#
1095	825.402	3	54	63	87	100	138	158	359	#
1096	10811.5	92	117	151	198	203	231	234	277	367	433	434	435	461	479	#
1097	4122.1	11	60	79	84	185	191	193	199	311	336	366	420	423	488	505	#
1098	2185.29	9	10	268	314	490	#
1099	4774.67	8	9	76	225	362	395	463	#
1100	6097.4	17	67	155	174	263	270	276	352	#
1101	4652.21	10	19	69	108	154	302	369	#
1102	12989.3	89	115	119	128	138	153	179	264	270	274	276	284	293	320	371	382	445	493	#
1103	9603.05	53	80	115	149	176	249	304	314	410	421	#
1104	2566.79	60	349	398	416	420	#
1105	5908.33	51	129	135	166	216	291	487	#
1106	2166.73	102	128	163	176	348	351	454	469	478	#
1107	70.19	460	#
1108	4312.16	27	42	96	110	227	330	354	367	465	#
1109	1646.25	86	388	#
1110	1376.46	297	502	#
1111	1550.37	225	261	302	#
1112	2883.21	317	326	463	#
1113	4447.05	66	136	158	185	202	234	238	289	339	359	477	504	#
1114	1388.82	282	286	352	#
1115	24097.3	26	37	54	69	70	92	98	106	114	121	122	157	217	249	259	280	289	294	304	320	327	347	361	364	428	467	#
1116	7899.18	32	33	48	66	149	235	288	317	408	463	472	#
1117	395.176	332	#
1118	6405.08	30	38	41	113	409	464	497	#
1119	7601.44	53	151	159	198	263	297	355	412	427	461	#
1120	2442.8	286	343	409	438	#
1121	640.727	319	#
1122	5764.25	1	82	99	141	236	283	296	315	379	420	435	#
1123	2801.92	117	165	234	249	322	407	#
1124	1159.37	4	94	110	243	418	#
1125	516.353	267	362	#
1126	2648.61	61	281	294	360	434	445	491	#
1127	2475.55	326	408	417	429	503	504	#
1128	4527.08	3	123	260	342	407	#
1129	756.14	404	#
1130	1022.66	24	148	240	249	251	376	509	511	#
1131	2796.37	47	217	297	341	384	485	#
1132	3042.38	29	264	359	502	#
1133	314.671	343	#
1134	3807.7	11	32	224	232	291	334	349	381	460	#
1135	5329.15	9	38	48	79	122	168	185	191	198	206	218	231	265	303	388	464	467	493	#
1136	1802.41	132	233	#
1137	1249.79	14	175	199	285	294	309	353	#
1138	1882.57	190	354	462	#
1139	9001.96	38	88	95	108	111	125	130	258	264	268	332	397	#
1140	3446.76	38	76	78	85	147	260	283	284	290	385	451	#
1141	2014.03	290	306	332	448	#
1142	1398.36	26	253	#
1143	2035.53	149	170	493	#
1144	10353.9	36	61	101	109	130	152	157	202	374	379	496	510	#
1145	5448.06	59	60	200	201	242	245	253	320	412	426	#
1146	3372.08	101	174	194	413	#
1147	2602.33	77	176	399	#
1148	3788.84	5	27	80	113	144	#
1149	2613.69	213	297	386	#
1150	11106.1	39	126	165	191	198	219	251	305	425	431	446	510	#
1151	553.537	91	#
1152	3037.15	50	99	194	231	361	389	474	#
1153	4222.27	102	120	163	396	471	#
1154	2873.17	27	69	148	160	215	220	240	258	263	270	296	297	328	357	372	375	395	423	447	458	490	#
1155	1307.17	264	309	492	#
1156	5196.14	41	149	167	230	315	393	495	#
1157	12072.9	21	47	53	71	74	116	127	173	225	252	311	391	458	#
1158	986.17	425	#
1159	5215.03	23	184	220	226	462	504	#
1160	220.668	110	#
1161	1566.54	48	55	85	309	333	351	457	#
1162	3641.71	72	155	279	384	454	472	#
1163	3794.33	8	37	162	201	219	286	461	503	#
1164	251.393	355	#
1165	3697.7	47	83	239	277	296	321	409	487	#
1166	1796.13	29	255	390	#
1167	1647.45	416	435	#
1168	7595.04	125	137	211	217	276	332	346	351	460	#
1169	3941.57	113	227	473	487	#
1170	726.077	472	#
1171	1547.55	25	92	166	273	#
1172	491.172	37	84	462	#
1173	334.487	15	477	#
1174	3201.9	88	168	176	251	354	371	#
1175	346.287	60	208	#
1176	2886.85	298	314	337	459	#
1177	2242.91	294	310	433	#
1178	1332.09	84	128	203	306	416	446	461	#
1179	689.304	15	396	#
1180	9342.95	28	58	172	205	229	252	318	391	418	444	502	#
1181	4490.44	11	53	140	238	347	369	508	#
1182	3807.97	98	252	257	373	#
1183	1755.87	262	307	487	#
1184	1771.67	152	201	228	239	#
1185	690.438	6	19	348	#
1186	4021.4	5	35	36	38	140	208	225	344	347	385	438	491	#
1187	2436.28	432	449	505	#
1188	1326.11	260	503	#
1189	818.98	108	#
1190	4423.74	5	58	59	183	256	422	#
1191	3339.17	15	23	81	90	133	141	149	159	162	176	183	210	249	260	293	329	347	351	356	367	398	443	465	466	467	492	497	#
1192	921.845	427	453	467	#
1193	10173.1	43	111	140	197	264	319	349	368	442	460	466	488	496	502	#
1194	1689.29	148	168	190	294	360	380	#
1195	1570.34	108	148	189	#
1196	726.51	50	148	171	363	391	449	#
1197	2971.44	18	134	194	#
1198	6712.32	118	227	343	352	353	407	456	#
1199	520.123	138	#
1200	457.209	101	143	179	#
1201	4860.52	58	153	248	434	477	#
1202	4434.35	30	47	163	314	423	#
1203	4612.84	57	65	165	215	243	#
1204	2668.7	15	275	329	352	452	494	#
1205	4049.5	164	291	429	460	486	#
1206	3248.44	210	215	218	246	264	347	365	373	456	#
1207	2909.81	229	278	493	#
1208	1579.98	76	240	269	419	422	425	478	#
1209	5832.88	22	43	103	372	408	423	444	506	#
1210	1374.92	324	361	#
1211	8871.69	64	107	132	290	350	377	434	435	456	#
1212	4630.05	82	197	338	347	419	503	#
1213	4131.57	39	89	92	131	300	383	#
1214	4315.63	68	107	171	337	355	381	480	#
1215	1553.08	75	126	226	354	405	422	#
1216	2047.41	24	131	165	271	366	#
1217	1795.88	186	428	#
1218	5044.78	74	179	203	340	365	394	#
1219	1549.9	10	120	147	#
1220	3569.54	8	16	41	82	136	190	268	287	367	#
1221	7122.35	23	103	203	345	388	393	407	426	476	#
1222	1810.55	92	286	300	308	#
1223	5093.07	1	61	65	199	200	231	307	311	349	461	494	#
1224	5276.57	0	45	48	260	441	483	484	#
1225	2721.7	183	448	495	#
1226	3040.98	51	306	380	396	#
1227	973.671	191	276	#
1228	1833.7	87	138	468	#
1229	2539.71	5	67	90	123	129	203	240	300	304	335	337	366	374	417	430	435	452	459	479	#
1230	6614.83	5	23	34	89	134	146	160	304	329	338	372	464	#
1231	13073.8	27	47	62	68	120	124	160	282	302	314	326	335	374	383	397	407	415	422	432	467	492	506	#
1232	3079.29	134	319	402	497	#
1233	1327.55	108	171	#
1234	5451.19	27	34	68	204	259	304	482	#
1235	1861.91	354	450	471	475	497	500	#
1236	88.9229	17	193	#
1237	640.383	107	#
1238	6967.86	41	74	154	157	177	191	218	264	275	322	327	368	381	406	450	496	#
1239	1711.55	258	481	#
1240	3253.11	85	176	447	471	483	#
1241	2453.08	4	6	289	#
1242	3479.83	16	23	69	71	384	#
1243	607.543	210	257	#
1244	1601.06	23	85	333	457	#
1245	4036.63	103	108	207	307	313	#
1246	13971.7	43	132	156	229	241	303	335	337	346	388	426	437	465	476	#
1247	2368.82	118	283	326	#
1248	584.811	170	#
1249	654.569	179	356	#
1250	1356.17	158	238	#
1251	2756.11	66	246	371	508	#
1252	3934.65	55	88	132	138	154	163	186	188	207	276	277	283	298	335	339	386	391	439	501	#
1253	2208.42	60	67	158	406	497	#
1254	2738.66	70	278	382	#
1255	2871	147	240	259	271	310	335	376	#
1256	2288	23	256	302	364	387	408	510	#
1257	10356.1	38	80	96	243	265	327	333	340	362	380	423	#
1258	2539.88	174	190	212	419	#
1259	1131.37	73	439	#
1260	984.207	470	#
1261	1520.8	17	397	410	#
1262	3828.79	8	169	196	270	315	451	476	#
1263	3479.65	6	247	327	368	#
1264	278.092	103	115	169	204	249	277	#
1265	2595.35	25	112	127	142	255	317	420	#
1266	2257.25	38	122	142	146	193	250	264	294	367	381	#
1267	2212.25	34	235	487	#
1268	2457.78	5	52	261	268	286	292	394	459	466	#
1269	1325.86	35	107	150	257	281	460	480	#
1270	6036.1	209	239	307	327	332	334	387	398	412	424	447	465	#
1271	963.919	254	#
1272	1514.48	236	281	321	392	461	477	#
1273	2954.71	14	60	88	255	352	485	507	#
1274	5212.8	87	97	133	242	420	429	#
1275	1530.61	372	434	441	#
1276	873.959	82	152	#
1277	16434	43	60	75	77	122	151	183	194	280	325	335	348	364	370	372	472	488	506	#
1278	542.381	165	302	#
1279	1294.63	143	242	#
1280	249.438	365	#
1281	765.49	66	123	#
1282	4842.93	13	14	246	370	411	469	496	#
1283	6244.05	258	263	320	345	376	417	433	476	#
1284	1382.73	24	421	424	#
1285	6566.13	0	73	85	115	193	244	246	318	321	333	354	381	476	#
1286	1064.8	173	290	351	389	#
1287	1236.3	362	396	#
1288	4583.6	88	172	297	322	487	#
1289	4184.96	24	35	37	280	322	467	511	#
1290	6698.16	62	140	178	326	339	393	442	450	#
1291	9805.25	50	154	170	198	204	221	300	343	347	374	386	388	420	458	471	#
1292	63.311	35	48	276	348	#
1293	10649.7	95	144	169	191	222	238	292	293	331	341	351	362	372	401	468	501	#
1294	8695.66	63	82	90	165	229	302	306	364	370	490	#
1295	2794.4	346	392	421	#
1296	3970.71	93	335	354	476	#
1297	3900.61	212	256	333	405	444	#
1298	5222.65	116	118	119	180	269	346	354	426	#
1299	3466.04	49	58	125	325	427	#
1300	1157.87	85	154	232	253	#
1301	1841.15	125	426	508	#
1302	3141.3	71	162	169	173	290	#
1303	1598.91	280	471	#
1304	1474.64	45	395	#
1305	4054.96	71	122	149	337	426	508	#
1306	3782.69	122	255	293	331	398	505	#
1307	96.9368	106	#
1308	4306.96	216	399	451	454	493	#
1309	3562.67	141	275	417	423	#
1310	343.733	67	#
1311	2621.15	37	90	114	165	367	471	#
1312	7815.4	0	3	101	121	139	173	209	234	281	301	336	423	488	#
1313	5032.35	96	162	173	235	284	414	441	#
1314	2930.02	13	131	167	225	418	#
1315	1495.55	75	91	#
1316	2784.64	16	24	45	104	116	146	168	274	327	339	395	417	501	#
1317	1202.82	114	450	475	#
1318	916.256	15	98	174	222	266	378	433	#
1319	24999.7	29	57	64	68	92	99	100	115	131	134	174	180	187	206	211	227	231	250	260	280	284	306	310	312	314	327	361	365	420	426	429	444	450	456	462	469	496	503	#
1320	15167.4	19	71	74	89	102	142	164	200	234	258	265	281	345	356	357	483	#
1321	2799.58	84	404	454	#
1322	2540.76	152	168	258	434	#
1323	36.1845	32	#
1324	218.118	443	#
1325	3407.75	18	43	67	192	#
1326	1196.12	50	74	80	385	437	#
1327	7118.21	40	51	134	142	158	382	395	397	420	#
1328	2267.16	100	261	335	412	#
1329	1363.56	95	166	#
1330	276.785	203	#
1331	3921.74	12	71	87	194	204	206	248	278	472	#
1332	1269.25	158	413	#
1333	8192.23	60	80	98	155	175	184	226	324	341	402	483	495	500	506	#
1334	6758.77	9	44	112	121	142	177	222	243	250	286	344	350	358	367	393	443	459	478	480	#
1335	1343.87	371	438	474	#
1336	5056.18	157	182	350	355	370	401	493	#
1337	466.12	464	#
1338	280.539	8	#
1339	4920.12	2	50	171	180	233	300	404	466	#
1340	1798.11	214	481	486	491	#
1341	835.01	41	66	288	#
1342	2702.73	27	309	376	#
1343	1411.13	62	156	398	#
1344	2041.72	10	23	42	47	138	188	211	222	300	390	393	408	493	#
1345	6144.03	99	249	297	324	410	421	438	479	#
1346	4192.28	133	156	346	386	466	#
1347	2641.72	66	80	121	157	165	262	303	313	340	347	367	386	417	425	465	491	505	#
1348	2268.94	5	167	434	#
1349	2392.86	29	281	318	383	469	#
1350	6987.26	14	48	55	120	194	347	366	465	469	#
1351	971.299	26	75	92	360	#
1352	5583.82	62	88	139	160	180	216	222	283	288	295	354	399	431	477	506	#
1353	562.644	285	#
1354	2904.36	12	122	322	#
1355	553.472	186	#
1356	25031.2	2	19	68	81	83	98	109	116	122	123	137	146	147	150	169	185	186	194	216	239	264	277	279	297	298	373	386	391	396	403	406	427	468	480	485	#
1357	3910.91	211	343	471	509	#
1358	3535.8	23	45	51	53	127	223	480	#
1359	42.4766	227	253	#
1360	906.529	67	204	386	406	463	478	#
1361	815.994	162	270	#
1362	2052.21	223	375	481	#
1363	967.387	55	480	#
1364	1218.29	47	387	#
1365	82.7792	87	#
1366	686.658	38	197	393	#
1367	1075.51	14	107	139	#
1368	5990.26	144	171	251	258	329	378	478	#
1369	980.128	100	352	#
1370	9929.1	103	134	154	191	192	253	281	323	361	452	461	477	#
1371	1244.81	81	292	404	#
1372	1925.67	30	111	112	135	139	240	284	291	361	376	391	394	431	505	#
1373	6132.66	142	143	193	208	325	359	455	#
1374	2541.33	398	486	508	#
1375	7720.13	198	200	235	271	357	378	394	456	488	#
1376	1307.17	80	120	249	363	#
1377	1230.53	270	352	#
1378	2204.49	94	385	401	442	#
1379	1005.68	13	229	484	#
1380	1376.11	220	344	438	#
1381	1599.32	208	415	#
1382	7391.33	82	151	152	154	298	360	388	433	458	471	#
1383	8957.89	24	78	155	263	324	369	379	394	416	431	468	485	511	#
1384	1758.69	20	239	326	#
1385	1076.39	44	61	172	180	214	258	267	301	311	337	343	357	378	381	436	441	447	460	465	491	496	#
1386	7549.21	95	109	151	176	195	221	241	248	274	369	418	426	436	447	449	#
1387	1362.4	25	242	437	#
1388	1538.79	124	174	418	#
1389	4880.04	13	149	183	262	438	489	#
1390	499.331	466	#
1391	1427.96	135	189	#
1392	599.428	337	#
1393	4113.8	13	43	75	81	89	113	114	116	129	180	193	240	241	281	287	294	339	341	350	368	378	394	400	465	470	483	496	#
1394	4474.51	26	101	129	159	176	243	349	373	416	490	#
1395	13343.3	36	40	114	119	162	205	264	286	334	342	358	428	438	471	472	#
1396	3414.72	10	22	98	111	146	459	497	#
1397	6426.58	33	67	89	383	396	430	454	455	495	504	#
1398	607.64	426	#
1399	1605.56	58	191	221	#
1400	745.057	437	#
1401	3348.87	24	62	117	123	174	191	222	397	500	508	#
1402	1239.07	203	305	#
1403	6524.38	19	45	59	237	326	331	434	446	#
1404	3850.24	91	102	209	375	#
1405	6251.84	21	116	121	156	227	364	482	483	#
1406	1679.19	74	318	332	#
1407	1728.29	231	249	#
1408	1580.05	49	80	169	268	304	379	416	442	#
1409	4355.13	146	284	403	477	478	480	497	#
1410	8762.48	1	130	189	213	218	233	237	268	279	284	352	382	449	468	#
1411	3992.71	32	132	165	192	231	236	254	494	#
1412	2690.66	38	365	440	#
1413	978.529	13	95	366	455	460	#
1414	4346.31	54	85	329	462	482	#
1415	4912.63	24	37	162	263	418	429	461	509	#
1416	2278.96	259	278	460	#
1417	43.896	413	#
1418	1514.18	5	143	154	182	334	376	481	#
1419	4232.36	55	109	116	128	134	263	368	476	#
1420	346.875	47	334	#
1421	2552.51	95	96	232	241	338	#
1422	2381.7	11	66	163	454	#
1423	1324.97	51	300	#
1424	3867.06	75	110	119	127	#
1425	1395.35	91	363	#
1426	6490.02	0	49	54	60	271	345	365	392	431	#
1427	6691.91	21	111	145	239	287	296	405	429	458	#
1428	1376.46	26	113	252	501	#
1429	4529.29	13	105	127	180	362	402	416	418	458	473	#
1430	833.456	416	#
1431	1521.33	244	274	284	#
1432	3924.22	145	157	347	440	480	#
1433	2112.03	58	120	227	327	369	370	390	#
1434	4484.31	32	71	108	113	246	291	439	450	492	#
1435	2066.69	89	178	179	465	#
1436	6390.9	87	143	192	313	362	389	421	#
1437	6965.55	44	145	168	429	450	493	495	#
1438	1745.68	380	492	#
1439	1619.85	188	226	430	504	#
1440	6518.35	41	71	197	394	418	462	488	506	#
1441	12723.7	2	12	15	16	63	157	184	188	267	287	307	358	362	426	457	462	464	506	#
1442	63.4811	458	#
1443	4538.14	100	231	394	430	487	490	#
1444	1510.57	59	238	279	296	#
1445	1321.85	424	450	#
1446	2468.73	64	133	218	220	#
1447	604.368	239	448	#
1448	1846.74	123	354	501	#
1449	4257.7	169	285	316	344	439	449	#
1450	949.365	40	276	298	455	#
1451	4127.59	81	136	297	311	364	#
1452	1893.81	202	241	430	#
1453	1860.67	104	258	337	366	422	490	501	505	507	510	#
1454	139.845	315	500	#
1455	3053.36	49	278	334	439	#
1456	2197.59	3	13	109	240	395	510	#
1457	1833.06	152	411	#
1458	860.48	43	#
1459	9343.76	6	40	55	211	230	238	252	379	382	464	#
1460	2933.35	0	14	46	63	207	455	467	#
1461	5413.57	64	226	261	268	302	372	#
1462	2957.12	108	260	332	338	#
1463	1032.4	29	237	393	#
1464	9805.59	1	43	125	160	295	306	377	487	495	499	#
1465	1184.69	265	298	391	407	412	449	497	#
1466	1302.25	53	55	#
1467	4975.57	63	105	188	256	303	322	#
1468	2292.74	48	51	218	351	441	#
1469	8320.04	46	78	202	207	229	258	266	288	326	342	372	394	435	436	479	496	#
1470	1809.91	302	461	#
1471	783.588	86	123	465	504	#
1472	2649.08	361	370	398	446	#
1473	3256.12	135	342	352	410	#
1474	358.178	188	#
1475	544.98	93	183	227	#
1476	1148.92	193	251	#
1477	1117.63	5	318	#
1478	11612.6	33	247	340	343	351	379	381	398	409	413	457	498	#
1479	4976.94	38	55	269	380	381	462	#
1480	4382.1	131	145	151	201	315	370	387	403	428	#
1481	2735.46	52	141	184	195	248	278	283	292	330	406	414	463	493	495	#
1482	879.148	240	336	415	#
1483	1923.08	178	255	#
1484	2993.17	257	318	375	#
1485	7341.98	38	42	56	63	104	156	228	249	259	301	309	329	351	457	484	#
1486	1696.67	21	214	265	281	392	#
1487	2842.35	43	49	150	163	234	248	316	331	459	506	#
1488	1896.24	24	490	#
1489	3020.8	197	257	373	437	477	#
1490	9564.62	9	16	36	75	108	220	226	234	257	326	340	387	392	400	416	423	445	450	477	#
1491	557.292	174	#
1492	1111.82	110	160	393	470	#
1493	2255.89	272	449	463	#
1494	1420.69	504	506	#
1495	800.723	16	129	170	420	447	462	#
1496	4921.1	13	211	229	336	453	#
1497	359.928	59	#
1498	1561.65	30	39	268	#
1499	1259.17	118	194	230	414	440	444	504	#
1500	3252.83	243	367	420	472	#
1501	3144.13	6	13	21	23	77	80	97	102	127	140	185	198	207	220	235	268	291	292	304	305	311	314	316	322	326	347	357	397	401	463	474	480	#
1502	3910.02	202	236	471	483	#
1503	1152.76	102	408	#
1504	4075.09	133	148	368	398	453	#
1505	8923.72	23	79	99	124	164	169	173	204	256	274	319	373	472	487	497	#
1506	1955.33	307	413	#
1507	2181.02	159	238	273	278	322	#
1508	4685.48	56	173	200	204	290	309	#
1509	6408.67	2	25	36	120	143	240	260	266	403	#
1510	2164.15	154	157	289	#
1511	390.844	363	#
1512	14437.7	4	6	67	109	135	141	146	188	248	258	269	274	336	355	395	424	434	437	462	480	490	#
1513	5935.42	46	170	245	285	300	390	407	472	#
1514	194.32	497	#
1515	2140.02	9	118	231	365	#
1516	55.9074	391	#
1517	5351.95	9	23	149	158	304	308	338	345	359	388	428	450	#
1518	6708.12	10	99	106	142	176	260	296	329	431	#
1519	1354.77	104	168	175	205	209	313	329	337	342	360	380	387	425	442	462	#
1520	6458.76	16	22	68	161	166	196	286	318	416	452	504	#
1521	3650.49	29	56	192	212	473	#
1522	3912.39	16	80	439	477	#
1523	5086.32	48	151	173	390	411	421	454	#
1524	14553.6	10	34	59	77	80	85	101	103	105	129	177	220	236	276	277	356	372	376	398	408	#
1525	11830.5	96	189	197	213	219	249	259	353	359	367	404	414	#
1526	5658.06	76	80	140	347	365	412	#
1527	14229.3	24	90	98	111	165	176	178	208	312	323	352	363	400	404	449	459	474	#
1528	843.06	124	459	#
1529	13260	7	13	23	28	33	89	163	236	240	252	266	282	292	303	321	328	330	380	504	505	#
1530	5107.28	39	46	68	105	114	170	225	280	313	375	408	415	451	#
1531	6982.37	2	30	54	132	191	198	226	338	342	390	408	451	456	486	#
1532	400.932	11	#
1533	2980.93	148	169	204	371	449	479	#
1534	12231.2	22	30	44	95	99	101	105	154	229	235	249	266	378	#
1535	714.324	44	87	#
1536	2989.75	302	313	317	330	403	444	503	#
1537	7748.6	92	96	99	129	250	283	329	345	375	431	449	497	#
1538	694.091	250	456	500	#
1539	7621.78	23	24	112	143	189	214	345	401	411	436	448	479	482	#
1540	3247.39	68	128	170	271	462	#
1541	478.159	220	290	378	#
1542	1579.73	188	270	488	#
1543	2614.36	77	208	316	351	422	#
1544	3014.48	7	116	290	359	454	464	#
1545	3935.39	90	146	157	184	197	425	502	#
1546	969.101	250	393	419	429	#
1547	845.304	29	138	306	#
1548	2698.33	247	275	284	385	431	#
1549	3919.39	2	109	131	175	186	198	294	325	504	#
1550	6978.38	41	117	266	286	326	349	452	460	#
1551	3499.4	57	174	263	497	#
1552	62.5157	156	#
1553	3000.21	43	114	169	243	378	449	469	492	#
1554	2870.86	24	225	511	#
1555	11614.2	23	30	60	67	88	95	172	344	369	370	375	387	391	392	401	437	467	493	#
1556	1775.04	72	90	161	167	193	257	351	403	#
1557	1540.78	194	414	508	#
1558	3175.35	1	18	81	167	202	294	301	303	323	337	349	472	#
1559	1096.32	77	284	#
1560	1532.34	142	445	#
1561	3634.99	30	121	218	219	280	455	#
1562	5008.28	149	264	388	406	434	441	#
1563	1216.1	16	56	137	139	248	275	287	291	325	386	391	405	435	497	#
1564	5997.59	132	154	168	170	184	192	242	258	#
1565	932.758	279	#
1566	13104.8	40	52	72	99	119	138	181	185	199	255	265	272	298	305	337	376	388	391	393	437	#
1567	774.66	132	318	#
1568	5771.11	91	103	153	290	496	510	#
1569	2233	99	110	473	#
1570	4254.67	155	233	324	345	502	#
1571	13836.5	71	87	124	147	158	274	298	299	366	371	476	478	502	504	#
1572	5229.02	1	28	124	158	170	248	281	283	312	365	477	#
1573	9893.85	27	46	64	72	190	203	231	315	419	452	471	508	#
1574	3184.36	19	298	355	368	#
1575	6860.49	98	106	107	176	177	244	414	493	#
1576	2523.86	43	181	189	265	#
1577	2505.11	81	197	211	297	#
1578	929.72	180	188	#
1579	574.773	400	403	#
1580	1902.73	82	180	242	281	#
1581	93.0216	286	#
1582	8088.45	0	39	82	113	119	308	342	420	491	507	#
1583	6938.15	22	31	73	112	146	340	354	356	#
1584	6288.79	43	90	195	295	312	328	401	441	470	483	504	#
1585	3712.42	131	191	229	279	292	300	329	354	417	425	434	452	476	492	#
1586	2076.75	39	63	156	159	180	290	369	411	#
1587	1993.02	40	183	277	444	#
1588	2079.75	26	50	80	299	335	346	396	484	#
1589	8085.79	12	94	214	263	290	338	456	459	485	487	#
1590	1875.02	74	319	#
1591	8264.43	114	124	154	173	218	237	273	282	326	#
1592	1198.12	72	85	156	171	467	#
1593	834.774	307	495	#
1594	2289.08	179	222	257	262	274	440	472	497	#
1595	2724.13	9	116	331	#
1596	439.898	479	#
1597	400.059	278	#
1598	982.051	490	#
1599	434.452	469	#
1600	5809.61	19	55	284	333	342	351	449	468	#
1601	1791.89	51	92	214	284	313	365	411	503	#
1602	80.0274	442	#
1603	1691.52	32	74	153	154	164	180	265	270	353	364	#
1604	3343.55	154	294	348	504	#
1605	2547.1	88	211	280	300	303	424	434	484	#
1606	4965.08	42	103	179	193	224	286	295	388	#
1607	1717.84	495	497	#
1608	1298.37	50	177	#
1609	1983.99	399	434	453	468	#
1610	2881.87	11	312	342	#
1611	4339.27	19	51	81	246	319	377	426	#
1612	3537.23	156	171	174	408	#
1613	2362.39	67	144	279	383	476	505	#
1614	7048.18	79	160	207	271	297	310	426	427	#
1615	5490.8	92	121	145	308	317	388	#
1616	4204.34	12	19	37	42	62	97	239	248	265	284	301	382	390	493	508	#
1617	5304.7	66	205	264	272	352	469	487	504	#
1618	30.718	183	#
1619	441.83	196	#
1620	4565.15	36	101	199	414	451	495	#
1621	485.004	201	#
1622	5769.77	172	218	252	277	298	398	407	456	492	#
1623	1764.68	10	30	220	225	436	#
1624	2135.7	4	41	48	67	86	223	387	428	#
1625	2067.68	41	131	174	#
1626	2425.58	49	125	160	254	258	309	#
1627	3958.98	320	322	413	436	#
1628	2852.67	32	137	287	#
1629	1263.36	33	140	438	#
1630	5474.88	125	131	156	257	324	330	366	377	448	489	504	#
1631	18295.9	20	29	33	35	153	186	191	208	278	298	315	341	374	383	426	435	454	482	486	505	507	#
1632	1256.31	55	235	#
1633	3834.99	2	4	352	440	469	#
1634	724.944	32	158	410	418	423	#
1635	5492.92	36	148	241	326	335	343	430	#
1636	149.228	206	#
1637	1724.47	208	432	#
1638	2594.26	43	129	235	244	264	309	458	#
1639	2345.51	17	88	180	294	308	411	450	#
1640	4202.79	34	190	240	275	441	460	473	#
1641	4751.55	45	51	100	155	209	265	280	303	400	464	472	#
1642	3504.77	62	68	165	197	363	462	#
1643	1529.74	330	473	#
1644	774.798	68	109	357	369	#
1645	1679.25	84	224	394	499	#
1646	5374.69	87	234	299	329	375	421	450	#
1647	7790.05	124	131	228	303	356	432	454	457	#
1648	3265.82	228	261	329	469	#
1649	1894.37	29	112	250	418	#
1650	5806.49	26	51	59	61	125	374	#
1651	1490.23	142	293	#
1652	8061.81	10	26	58	109	198	234	275	276	284	286	427	446	484	#
1653	903.206	136	312	#
1654	1395.79	14	48	97	116	165	173	178	186	189	195	202	203	208	232	239	240	243	259	321	341	434	445	#
1655	3793.4	138	243	275	498	504	#
1656	1786.7	3	96	97	179	257	306	487	#
1657	2045.7	54	162	265	364	399	427	439	#
1658	7293.05	8	46	50	171	190	209	272	278	#
1659	1451.15	290	370	#
1660	890.74	478	498	#
1661	1713.69	269	456	#
1662	213.629	230	334	#
1663	1285.2	190	301	324	421	458	466	#
1664	967.563	65	100	153	241	255	511	#
1665	4682.89	27	64	108	243	360	430	#
1666	2359.29	234	313	500	#
1667	6929.2	76	96	143	157	206	266	394	483	#
1668	1295.03	22	120	#
1669	3225.74	89	289	291	351	#
1670	2215.24	47	287	364	395	447	477	#
1671	605.28	115	157	208	#
1672	880.113	20	473	#
1673	3238.54	46	180	416	449	456	508	#
1674	2823	22	56	61	99	208	215	314	422	428	430	495	#
1675	2840.61	165	265	460	#
1676	833.513	473	#
1677	16889.8	7	16	49	73	74	116	139	182	184	194	220	258	302	306	345	430	434	#
1678	4818.69	127	162	253	280	326	394	396	464	#
1679	978.375	48	70	124	212	279	453	#
1680	21225.1	43	65	97	100	123	169	172	216	225	232	256	276	278	285	297	361	374	452	462	464	467	500	#
1681	2991.28	55	132	461	#
1682	6639.72	81	148	307	323	365	493	502	#
1683	2467.6	31	176	231	243	330	359	494	497	#
1684	1997.57	159	349	#
1685	5224.12	11	43	51	147	183	195	225	251	299	353	383	423	502	#
1686	17092.4	56	57	62	118	139	147	152	204	233	267	286	350	362	363	404	425	462	478	#
1687	9105.4	13	64	67	114	121	175	193	230	328	351	431	475	496	506	#
1688	10626.6	13	86	109	123	180	189	191	263	276	291	292	300	309	329	330	337	340	372	425	426	#
1689	4619.14	22	40	54	83	95	122	137	158	198	280	306	307	347	433	445	#
1690	2052.52	301	302	355	#
1691	273.74	214	423	508	#
1692	4178.35	214	237	313	424	442	471	#
1693	1531.97	325	504	#
1694	9042.24	16	18	37	39	110	210	297	304	334	353	392	#
1695	4625.84	7	67	117	167	309	420	#
1696	1632.48	269	378	#
1697	6999.31	23	55	68	83	90	112	116	125	142	212	238	239	258	288	313	322	451	481	#
1698	6212.63	40	118	172	224	243	276	289	312	406	460	#
1699	3524.23	270	307	316	389	454	505	#
1700	1576.67	320	380	#
1701	5364.64	103	181	233	253	312	344	#
1702	562.52	359	#
1703	1715.46	308	426	#
1704	1418.23	393	425	494	#
1705	2231.65	194	254	276	402	404	#
1706	12421.9	23	26	39	78	130	172	198	213	250	255	297	337	342	358	410	438	443	461	488	#
1707	1031.1	444	500	#
1708	2124.72	73	159	225	231	262	302	317	454	503	#
1709	1822.63	50	172	212	317	318	483	498	#
1710	8884.02	21	62	112	308	311	313	375	485	497	#
1711	3787.4	60	223	268	405	472	#
1712	722.015	316	#
1713	354.309	178	#
1714	6900.1	25	208	220	303	348	392	419	431	453	#
1715	1803.51	173	322	#
1716	1258.56	18	19	33	37	55	222	223	274	281	298	314	409	469	#
1717	1647.52	77	153	174	291	297	356	387	#
1718	6074.63	10	27	103	159	170	243	269	320	503	#
1719	2170.7	40	330	333	382	460	#
1720	4274.43	1	135	146	159	229	230	278	419	421	469	492	#
1721	935.556	180	241	291	307	317	#
1722	2236.63	47	187	213	293	328	436	477	#
1723	1909.2	68	312	#
1724	457.95	58	#
1725	781.456	318	349	#
1726	1218.78	246	315	317	#
1727	900.63	274	312	#
1728	1415.45	71	82	156	200	#
1729	544.636	171	243	#
1730	2079.83	159	256	492	#
1731	1984.91	26	144	231	235	297	503	#
1732	10983.3	0	16	69	92	93	132	158	160	173	196	228	242	261	262	317	372	402	431	454	465	489	496	#
1733	2464.08	70	91	96	134	142	151	208	#
1734	11525.5	85	117	164	206	245	300	302	344	353	361	369	408	432	476	492	#
1735	4799.67	83	332	363	446	467	#
1736	1728.62	43	103	#
1737	5229.62	20	257	312	322	448	460	470	#
1738	3238.23	91	203	402	453	#
1739	2724.57	7	72	176	#
1740	2996.15	87	118	372	426	497	#
1741	742.335	494	#
1742	1931.2	64	204	342	453	#
1743	12042.1	21	58	72	124	134	165	307	329	375	390	393	410	424	434	446	450	#
1744	984.118	300	312	313	331	402	449	#
1745	1665.76	58	111	343	435	486	#
1746	2025.3	67	73	82	91	296	402	465	#
1747	939.084	69	479	#
1748	1759.45	140	163	185	210	276	410	416	474	#
1749	6998.84	60	82	177	279	291	484	488	503	#
1750	900.041	68	387	#
1751	5196.11	172	261	280	295	328	358	#
1752	2696.15	24	145	161	178	204	212	218	252	326	340	452	495	#
1753	10364.4	1	37	92	118	144	156	191	197	249	295	309	378	501	#
1754	1795.02	46	371	#
1755	1282.67	17	103	132	154	#
1756	2631.11	85	97	107	111	466	#
1757	3351.33	62	166	244	388	475	#
1758	7288.41	5	56	152	173	226	335	480	485	#
1759	3020.96	164	245	280	382	#
1760	2302.9	7	137	180	256	324	353	442	453	474	478	#
1761	4867.34	1	85	199	362	462	#
1762	6070.87	55	77	161	278	280	378	390	451	453	484	#
1763	1899.8	6	162	280	#
1764	1264.3	6	12	163	223	334	336	368	429	#
1765	6694.21	14	66	106	151	192	200	284	372	#
1766	929.979	261	480	#
1767	5498.77	62	170	286	339	345	450	#
1768	1214.18	129	247	447	#
1769	651.03	280	411	#
1770	3866.78	30	115	120	128	138	282	439	451	504	#
1771	833.452	406	477	#
1772	5817.11	113	335	356	439	451	464	467	#
1773	640.187	175	184	#
1774	643.321	225	270	#
1775	6756.57	13	67	96	123	131	259	289	330	432	462	#
1776	109.975	199	459	#
1777	711.78	82	268	#
1778	2981.96	26	129	496	#
1779	802.605	157	269	437	487	#
1780	6265.45	102	257	259	260	302	383	466	478	#
1781	3255.7	148	165	246	259	#
1782	2488.75	34	115	126	164	186	196	211	212	215	322	397	447	462	#
1783	1722.11	59	482	#
1784	4159.89	4	81	154	155	193	287	336	392	429	#
1785	2.19237	422	#
1786	1216.26	37	227	330	331	384	441	443	#
1787	5270.36	17	66	70	94	125	148	289	301	313	315	395	#
1788	11383	11	46	59	108	149	235	244	385	408	433	445	497	#
1789	956.67	112	#
1790	1371.37	263	507	#
1791	1082	218	415	#
1792	3622.71	95	182	246	247	298	305	441	454	467	484	#
1793	64.1094	192	#
1794	1772.63	39	192	312	340	400	448	#
1795	1681.67	80	285	#
1796	7485.91	102	170	186	370	371	442	470	482	489	498	#
1797	6353.51	95	206	304	305	335	350	357	412	499	#
1798	1299.36	74	223	237	#
1799	7066.26	1	116	154	224	239	257	293	353	382	414	#
1800	1176.71	230	251	474	#
1801	2579.6	276	364	365	388	475	#
1802	4221.55	102	317	332	357	483	#
1803	3349.11	199	302	320	327	486	#
1804	3863.79	22	108	200	385	411	#
1805	629.385	9	27	28	290	453	#
1806	8446.24	70	91	96	103	114	181	218	221	383	#
1807	1180.93	290	291	362	366	501	#
1808	13614.9	10	48	62	65	92	103	132	142	162	182	245	306	313	426	446	447	450	481	#
1809	484.999	127	155	420	#
1810	4782.12	162	231	256	359	504	#
1811	2173.35	23	26	37	42	67	78	81	97	147	150	161	191	220	243	263	328	418	446	479	#
1812	2366.58	92	188	217	257	367	#
1813	576.082	166	347	456	#
1814	56.0313	270	#
1815	4414.92	39	118	148	355	407	#
1816	1555.37	65	321	#
1817	6047.9	111	118	177	191	233	360	429	492	#
1818	1156.66	150	404	#
1819	7912.71	32	63	65	105	221	232	257	265	338	372	377	383	455	#
1820	1886.51	32	223	411	416	508	#
1821	5598.79	0	68	71	131	156	260	420	480	509	#
1822	1491.64	128	370	#
1823	542.473	103	358	#
1824	755.209	176	286	#
1825	1768.46	207	384	#
1826	725.435	88	180	359	396	#
1827	7851.64	61	96	129	169	261	274	444	496	#
1828	1729.86	428	481	#
1829	1888.22	292	382	442	509	#
1830	594.829	202	380	#
1831	4915.5	69	118	230	232	251	410	#
1832	5283.27	30	60	92	178	205	220	251	268	307	331	338	353	394	408	416	448	#
1833	1859.87	65	362	384	434	#
1834	1638.63	98	205	#
1835	6484.58	87	109	111	135	153	229	287	317	381	440	476	#
1836	5675.6	9	32	160	190	317	337	339	478	#
1837	1476.27	169	171	416	#
1838	1218.35	92	155	194	232	300	375	397	458	466	#
1839	2745.92	13	255	334	420	#
1840	2460.95	59	99	186	356	486	#
1841	8439.92	35	164	174	207	226	236	309	331	413	419	424	460	466	471	502	#
1842	534.876	429	#
1843	6758.77	74	161	181	215	286	338	378	492	504	#
1844	561.641	152	158	511	#
1845	986.361	153	250	#
1846	164.752	118	#
1847	3337.09	39	55	86	448	466	#
1848	6525.37	57	60	73	74	82	330	424	447	484	493	497	#
1849	2070.66	18	50	162	165	349	#
1850	1577.56	120	175	#
1851	1872.38	75	89	187	199	224	267	282	351	365	435	468	470	481	508	#
1852	4968.77	73	112	189	211	354	368	390	397	#
1853	1769.01	449	480	#
1854	1470.64	184	467	#
1855	629.608	86	415	#
1856	2187.21	4	31	61	89	105	106	135	150	182	239	320	350	396	401	489	#
1857	4814.09	26	69	119	193	262	375	395	#
1858	3130.82	106	412	447	483	#
1859	484.815	171	#
1860	6434.83	40	77	102	108	149	156	160	229	253	269	286	290	301	311	315	399	442	478	495	503	#
1861	2923.81	24	26	71	140	146	161	333	371	435	439	#
1862	603.544	83	#
1863	2268.35	111	185	263	301	354	386	445	#
1864	4099.24	111	158	185	248	367	446	#
1865	10969	124	132	155	162	166	212	224	288	292	327	433	492	497	501	#
1866	5898.82	32	36	49	96	137	178	183	206	213	329	380	407	425	434	#
1867	439.712	194	246	#
1868	83.2829	167	#
1869	6624.68	18	35	67	162	163	174	249	261	382	452	458	459	470	492	#
1870	538.827	238	#
1871	758.957	482	#
1872	3683.66	8	13	156	195	198	223	232	260	264	269	270	272	295	328	333	386	429	472	477	494	500	#
1873	1433.43	117	316	465	#
1874	2770.55	17	34	153	404	493	#
1875	2849.65	300	334	397	449	#
1876	1063.48	4	14	25	31	35	47	71	197	306	326	344	397	438	457	#
1877	1635.24	322	438	#
1878	1513.92	367	475	#
1879	5765.99	107	113	144	228	262	431	476	508	#
1880	3762.41	2	137	191	481	#
1881	970.35	15	50	57	109	115	127	130	150	222	252	257	279	288	290	316	318	379	407	414	419	473	479	505	#
1882	1109.05	43	105	285	387	481	#
1883	3870.15	46	302	341	424	#
1884	3194.03	85	123	463	475	#
1885	3329.93	35	43	107	284	#
1886	27332.8	4	10	44	48	65	66	84	118	139	175	246	262	286	296	299	331	337	340	355	360	391	400	401	427	430	442	455	467	488	509	#
1887	1790.6	227	385	411	#
1888	4699.04	23	100	233	325	362	#
1889	1586.39	12	41	417	425	#
1890	2934.24	42	186	254	377	#
1891	5881.22	63	124	182	348	359	434	447	#
1892	6393.31	16	64	93	135	184	291	352	#
1893	1227.14	69	157	#
1894	6122.01	161	218	235	254	262	309	320	345	348	406	461	#
1895	8817.93	84	85	97	110	149	157	203	219	266	275	286	299	306	311	374	385	402	#
1896	3082.02	249	284	300	422	#
1897	1090.68	127	134	180	185	222	253	491	#
1898	1300.38	16	294	#
1899	759.006	48	247	305	432	483	#
1900	6848.52	141	144	346	396	420	432	506	#
1901	1449.01	9	77	103	191	245	284	362	#
1902	9251.17	16	29	41	46	84	146	275	317	415	430	#
1903	4434.05	102	130	332	335	373	398	433	510	#
1904	3074.58	12	50	156	283	486	#
1905	2748.19	255	352	405	#
1906	2804.81	126	167	240	404	466	#
1907	2853.91	9	136	248	476	#
1908	1333.11	66	228	290	#
1909	1994.11	122	493	#
1910	7703.71	24	63	76	86	110	124	156	184	214	263	309	321	325	373	383	405	413	441	509	#
1911	7477.85	147	192	206	313	363	380	389	478	489	501	#
1912	2828.48	79	99	238	364	388	404	459	#
1913	1661.94	264	291	414	#
1914	1874.78	59	128	234	263	421	472	482	#
1915	1366.47	17	254	397	#
1916	325.279	23	#
1917	6351.2	61	65	76	110	181	195	363	385	423	432	#
1918	3585.27	38	115	228	271	#
1919	1594.78	198	368	#
1920	4287.95	3	184	272	303	326	426	470	#
1921	5254.58	54	72	124	158	271	297	309	360	#
1922	10559.4	75	80	118	158	239	289	340	357	394	423	505	#
1923	2156.2	89	92	172	#
1924	1908.91	46	51	106	427	436	476	478	#
1925	5028.2	17	40	186	190	247	417	#
1926	1474.92	26	50	335	#
1927	501.051	165	#
1928	517.543	152	179	467	#
1929	1008.91	51	500	#
1930	3110.4	15	171	211	235	276	286	333	493	#
1931	4471.34	7	121	149	258	312	342	448	#
1932	613.033	192	208	256	393	#
1933	651.979	149	391	#
1934	1489.58	471	497	#
1935	630.711	218	337	#
1936	1235.83	100	153	166	385	479	#
1937	22957.5	10	76	82	98	115	126	134	163	173	203	230	234	237	252	256	298	316	356	364	445	452	471	487	505	506	507	#
1938	2674.64	78	402	435	#
1939	1319.23	8	283	#
1940	1000.38	226	446	#
1941	2567.95	39	73	212	429	465	474	#
1942	7981.82	7	40	84	136	145	155	241	272	284	298	301	462	475	#
1943	1225.89	277	503	#
1944	7069.12	2	33	56	114	159	228	275	276	307	419	479	#
1945	6526.8	52	76	80	85	121	130	164	194	201	227	243	265	275	283	385	436	446	#
1946	720.774	33	243	431	504	505	#
1947	32.045	266	#
1948	5225.53	133	135	185	203	233	264	273	281	283	345	452	#
1949	1191.18	62	107	284	318	#
1950	7616.22	123	150	362	380	387	412	494	504	#
1951	1920.84	19	20	33	#
1952	2736.85	22	48	100	154	297	410	415	424	501	#
1953	115.051	334	#
1954	17328.9	35	70	77	113	120	121	126	198	244	253	282	294	419	426	444	460	467	510	#
1955	6291.58	0	12	26	64	106	309	374	#
1956	1049.01	45	181	218	263	#
1957	4869.88	105	331	335	342	348	489	#
1958	558.199	304	415	#
1959	664.152	166	172	265	#
1960	1909.46	16	50	60	#
1961	2662.53	1	107	346	#
1962	4754.08	56	152	154	187	200	247	250	262	336	358	366	458	484	498	#
1963	1013.65	22	70	119	155	186	188	254	281	367	377	384	#
1964	4218.54	14	84	135	267	285	300	322	423	450	500	#
1965	4039.85	90	99	260	272	316	343	376	#
1966	3378.32	40	211	334	442	#
1967	9596.6	27	38	79	157	173	209	210	262	292	301	323	449	478	#
1968	2779.47	26	227	431	#
1969	2159.16	107	117	145	425	#
1970	1385.51	7	34	91	153	167	238	327	328	339	391	415	459	475	492	507	#
1971	5153.33	53	117	157	205	273	332	359	361	372	385	399	468	480	#
1972	979.847	424	438	498	#
1973	4626.49	24	173	318	360	439	#
1974	5629.41	95	241	253	273	286	313	433	486	#
1975	3500.64	14	124	138	215	282	328	330	341	#
1976	3511.99	100	126	155	229	339	439	#
1977	7625.16	5	86	89	92	98	245	300	328	352	371	398	402	469	509	#
1978	914.575	324	326	#
1979	7764.09	42	85	91	134	177	187	420	475	#
1980	3783.36	62	286	317	397	465	488	#
1981	7223.12	17	72	93	155	164	202	265	319	321	334	507	#
1982	2338.38	207	301	390	490	#
1983	5020.15	11	43	82	131	246	309	328	376	428	507	509	#
1984	13043.7	18	22	25	27	38	44	72	140	163	216	297	343	365	447	462	#
1985	741.257	81	139	178	332	428	#
1986	2487.48	15	140	193	241	262	293	356	367	398	436	480	503	#
1987	1886.77	254	501	#
1988	3037.83	12	138	207	208	#
1989	3230.74	120	176	321	333	354	393	#
1990	13284.5	128	140	176	182	191	235	240	282	293	298	307	309	312	382	384	437	484	495	#
1991	4537.96	32	102	223	229	280	#
1992	4036.58	79	121	202	268	372	#
1993	349.372	55	106	130	#
1994	6055.09	6	26	63	136	146	218	301	357	492	#
1995	8216.95	98	179	215	225	332	336	344	447	500	509	#
1996	956.659	140	243	316	#
1997	5055.81	5	77	139	144	216	227	348	428	491	501	#
1998	9818.31	19	83	103	105	114	118	163	171	184	271	283	288	324	377	421	422	462	468	#
1999	9687.67	5	11	50	114	181	228	230	269	327	331	338	356	435	453	#
