%% File generated by CATS v.2.1Mon Jul  4 11:09:40 2011

%% The CATS webpage is http://robotics.stanford.edu/CATS

%% PARAMETER SETTINGS:
% Goods: 512; Bids: 2000; Distribution: L6; Runs: 1; Seed: 1309806993
% Legacy distribution parameters:
% Number of goods chosen according to Exponential distribution (q = 5).
% Price chosen according to Linear Random distribution (low_linearly = 1, high_linearly = 1000).


goods 512
bids 2000
dummy 0

0	707.139	212	#
1	646.874	474	#
2	642.147	240	#
3	890.977	5	#
4	386.499	308	#
5	424.26	141	#
6	7839.59	53	73	101	157	270	295	346	478	#
7	898.456	284	#
8	1974.32	130	169	352	#
9	647.833	355	#
10	965.16	465	#
11	797.503	351	#
12	995.621	402	#
13	726.064	331	#
14	849.982	51	#
15	1919.04	14	442	#
16	1732.33	8	274	432	457	#
17	749.692	103	268	277	297	486	#
18	2088.06	152	190	246	353	366	395	416	436	443	#
19	9687.86	90	115	121	308	325	395	492	495	497	510	#
20	4683.84	33	67	75	96	131	151	184	196	221	275	277	281	329	334	358	368	399	425	456	459	493	495	#
21	130.093	197	#
22	643.49	152	383	#
23	1967.03	315	410	432	482	#
24	4145.32	152	200	211	330	376	#
25	881.999	257	#
26	1371.69	82	251	290	394	399	#
27	7902.15	39	50	58	338	356	375	384	389	#
28	758.903	53	#
29	215.305	129	#
30	3482.64	168	177	471	472	#
31	16665.8	1	11	62	71	105	118	145	152	189	233	270	281	311	355	369	382	386	389	404	443	448	480	495	510	#
32	1157.55	315	446	461	507	#
33	2979.99	25	158	232	#
34	1250.13	1	2	16	18	20	22	50	53	86	109	118	122	124	167	183	199	204	205	216	226	230	237	257	276	283	293	297	307	323	362	386	389	423	425	432	447	458	478	481	498	508	#
35	1956.74	91	288	426	#
36	1055.96	216	240	#
37	685.412	24	159	172	#
38	5238.46	11	17	96	251	487	510	#
39	3758.5	43	86	145	174	185	205	237	299	367	415	461	486	490	502	#
40	727.028	38	#
41	889.033	176	#
42	1218.84	259	287	300	350	476	#
43	3820.95	89	216	375	466	#
44	815.153	313	#
45	964.317	133	#
46	2446.51	51	138	143	190	227	246	291	#
47	1637.25	0	33	60	221	330	#
48	7101.65	7	54	148	154	164	179	190	208	250	267	296	370	388	477	#
49	4423.67	76	115	185	286	310	339	402	489	#
50	2109.53	14	67	75	97	135	156	203	327	485	494	495	#
51	833.498	122	469	#
52	675.958	236	#
53	1508.84	137	452	#
54	2225.15	48	331	489	#
55	917.555	12	149	270	337	#
56	605.025	350	#
57	10140.5	18	125	156	170	189	203	275	284	374	408	416	442	#
58	1656.58	78	92	156	307	#
59	3111.8	92	258	265	431	489	#
60	10108.4	21	22	33	70	118	146	147	181	182	224	267	386	439	#
61	7943.77	13	38	45	81	92	248	316	442	#
62	4000.63	54	75	82	109	239	274	335	370	420	497	#
63	13993.4	17	19	23	24	47	64	88	105	116	153	159	219	237	249	298	338	375	424	437	493	499	#
64	618.284	418	#
65	11434.9	13	49	90	102	176	240	252	263	372	416	436	459	477	488	#
66	956.688	179	#
67	5823.31	41	49	59	143	144	166	301	307	341	349	427	462	466	490	#
68	936.814	279	#
69	3989.72	258	291	337	365	375	#
70	2609.15	52	122	505	#
71	7973.06	17	81	99	147	240	255	387	426	440	441	#
72	677.936	24	414	#
73	2713.19	36	38	96	166	251	371	410	482	#
74	807.189	13	#
75	821.983	0	#
76	4088.53	10	311	315	319	322	342	390	404	505	508	#
77	656.32	162	#
78	1387.03	62	195	249	357	#
79	3720.29	159	176	220	362	483	#
80	929.751	239	#
81	3511.84	142	221	231	360	502	#
82	8987.69	49	110	186	193	199	232	276	292	313	486	511	#
83	11293.8	27	162	187	285	310	312	373	407	452	453	469	474	494	#
84	3619.19	94	98	180	223	323	496	#
85	668.914	316	#
86	768.94	373	#
87	3939.01	88	115	156	217	257	265	305	448	#
88	3434.72	46	257	285	337	406	485	#
89	5497.96	72	109	210	242	317	416	444	493	#
90	860.567	215	#
91	382.64	149	#
92	1902.4	129	370	427	#
93	6510.22	206	225	419	425	440	450	473	#
94	2482.63	41	56	68	72	237	350	374	467	#
95	10388.2	3	29	30	59	64	75	122	155	176	253	387	500	#
96	1328.88	75	204	205	283	336	453	#
97	1278.06	148	444	#
98	1543.3	207	362	#
99	154.814	37	#
100	3834.76	98	103	123	132	180	191	234	275	397	402	#
101	2287.2	280	399	440	#
102	292.225	323	#
103	174.42	42	497	#
104	855.065	101	#
105	879.827	437	#
106	795.507	235	#
107	2242.44	104	174	189	332	#
108	967.843	479	#
109	601.833	327	#
110	4274.53	81	188	201	226	305	356	392	430	487	505	#
111	6081.85	49	143	182	210	218	276	279	291	346	396	452	503	#
112	2958.27	60	124	456	499	#
113	4109.31	40	175	231	376	383	457	#
114	3917.63	79	153	166	373	#
115	1022.54	27	131	441	#
116	1700	26	431	472	483	#
117	4408.55	158	170	198	315	418	425	#
118	554.485	165	#
119	3885.44	11	27	58	113	214	271	286	311	319	359	360	389	430	435	486	#
120	448.031	12	#
121	2298.52	21	63	105	287	447	460	#
122	2909.42	104	196	238	#
123	2096.03	70	94	106	135	188	364	408	430	#
124	2554.3	113	214	363	#
125	2560.41	45	87	93	108	128	154	193	308	339	504	505	#
126	7167.48	5	25	99	203	208	290	313	377	401	413	475	#
127	1116.82	135	242	#
128	996.04	384	#
129	703.757	230	#
130	4665.63	231	261	309	401	432	469	491	#
131	1712.45	40	111	#
132	574.751	77	#
133	835.812	351	443	491	#
134	1353.95	159	209	423	#
135	843.915	61	#
136	1482.22	221	266	421	#
137	2417.5	105	110	208	298	338	459	#
138	8905.69	84	118	149	163	170	199	201	225	241	267	288	301	319	328	345	362	382	383	388	392	416	458	475	484	487	#
139	769.342	395	#
140	670.619	258	#
141	2237.5	65	112	387	483	#
142	1790.82	64	159	261	282	331	340	355	450	#
143	2831.77	72	80	305	#
144	4952.99	105	161	266	271	296	423	443	457	#
145	597.689	228	#
146	289.747	177	#
147	807.953	336	#
148	988.28	487	#
149	15319.1	15	91	98	182	185	286	306	317	352	362	370	392	404	412	438	441	#
150	1373.55	4	52	359	#
151	1154.92	30	174	204	281	298	331	459	465	#
152	8250.49	176	195	207	236	259	275	283	294	298	491	499	#
153	4949.42	68	84	249	264	294	317	404	475	#
154	6334.89	38	41	162	222	366	375	441	#
155	2587.2	106	173	380	#
156	7154.69	7	23	123	187	199	210	220	279	314	451	464	474	483	#
157	882.618	458	#
158	4616.13	17	32	180	183	196	272	317	350	404	505	#
159	1712.23	295	451	504	#
160	5212.89	8	92	105	108	109	128	159	317	328	418	444	492	#
161	962.054	281	388	477	#
162	947.467	449	#
163	681.858	191	#
164	3720.43	79	120	126	213	241	299	342	407	410	455	#
165	1988.29	35	372	#
166	3401.84	237	404	466	501	#
167	6866.53	10	79	87	132	147	177	321	375	403	405	440	484	#
168	1592.37	203	297	440	#
169	2654.85	40	160	213	242	256	#
170	812.427	35	471	#
171	1331.18	348	511	#
172	702.606	332	#
173	839.151	207	#
174	1230.27	98	272	350	#
175	2407.8	48	59	117	358	#
176	1226.75	28	418	#
177	4457.71	164	215	220	449	499	#
178	458.887	511	#
179	112.748	451	#
180	4908.71	276	307	329	436	442	495	#
181	2321.27	11	13	130	269	466	#
182	956.609	482	#
183	2317.74	23	47	75	147	154	183	206	213	224	268	304	377	408	479	487	507	#
184	2841.68	143	246	413	#
185	2387.1	136	405	506	#
186	5476.35	74	248	278	317	343	427	487	#
187	1593.18	251	253	#
188	746.64	493	#
189	716.333	361	#
190	860.172	401	#
191	2053.86	77	87	92	164	169	202	296	305	379	496	#
192	1858.37	28	178	291	#
193	971.448	64	#
194	1817.86	90	423	459	#
195	862.373	488	#
196	6713.41	160	187	246	254	256	290	403	#
197	841.483	44	#
198	230.839	11	#
199	1912.85	40	199	#
200	249.754	54	#
201	741.492	169	#
202	2718.31	113	138	252	#
203	1513.03	71	95	379	415	457	#
204	13594.3	50	82	136	155	207	237	238	259	277	290	360	382	394	447	501	505	506	#
205	3016.09	44	81	421	507	#
206	2027.06	9	35	366	#
207	933.516	320	#
208	5824.37	39	42	126	183	189	387	409	#
209	4841.55	89	131	275	329	390	484	#
210	494.432	259	#
211	3028.11	28	71	136	203	#
212	1693.96	44	51	182	292	#
213	5693.43	11	26	168	204	411	474	500	#
214	1001.57	357	432	436	453	#
215	1178.59	271	462	465	#
216	994.015	448	#
217	3801.89	51	72	111	115	207	457	464	#
218	3861.52	192	195	251	272	503	#
219	10286.7	68	141	143	197	204	212	226	320	321	385	416	431	501	#
220	6608.35	109	273	315	320	325	349	352	381	414	422	510	#
221	4904.33	44	49	64	123	129	208	306	363	464	#
222	7662.94	25	30	227	236	383	411	477	510	#
223	751.122	499	#
224	904.501	421	#
225	2395.01	40	315	328	329	382	487	488	#
226	906.238	292	#
227	4202.93	17	67	155	202	405	#
228	1045.28	40	127	212	290	336	431	467	#
229	3716.88	56	91	223	313	361	#
230	884.64	411	#
231	323.717	234	#
232	1094.91	68	189	397	#
233	886.554	173	#
234	4091.2	0	23	300	352	392	#
235	550.804	167	#
236	5197.46	12	32	39	72	122	156	211	244	267	332	366	370	384	396	402	424	486	#
237	5135.89	17	53	137	210	341	490	#
238	11214.7	0	31	71	92	128	133	245	269	302	333	442	473	491	500	507	#
239	3695.44	55	150	200	227	229	234	244	356	373	393	448	452	470	#
240	663.091	414	#
241	4850.3	14	25	29	32	49	190	203	231	298	383	#
242	863.555	46	405	#
243	9359.72	10	65	134	151	196	199	247	263	321	330	345	352	372	415	474	#
244	2454.42	190	281	358	441	#
245	812.362	456	#
246	3633.03	35	118	167	239	300	334	461	473	482	509	#
247	719.066	135	295	453	#
248	1185.3	188	390	#
249	4989.68	75	83	92	117	133	211	255	263	366	503	#
250	601.932	136	#
251	7025.09	17	82	158	182	190	201	215	227	254	284	299	327	354	362	471	508	510	#
252	835.721	312	#
253	13839.1	6	50	63	73	74	76	173	217	222	247	264	278	314	330	438	465	#
254	981.641	130	#
255	3492.52	87	182	233	287	345	402	500	#
256	4741.11	49	154	251	272	405	#
257	708.525	33	189	#
258	275.605	55	#
259	1488.27	131	496	#
260	2079.42	175	189	405	439	#
261	1795.82	50	488	#
262	3492.29	160	166	253	259	260	304	352	386	492	#
263	3848.54	10	62	188	200	295	372	#
264	12135.9	14	39	107	126	131	141	168	265	293	318	393	425	464	477	#
265	3322.32	218	277	384	506	#
266	6928.99	26	56	70	86	104	137	161	197	218	230	233	281	322	392	400	469	471	482	511	#
267	1442.42	51	149	293	#
268	762.646	508	#
269	1576.52	129	138	247	#
270	448.375	301	422	#
271	7020.26	42	45	59	102	173	176	210	216	357	373	376	378	392	410	427	461	501	#
272	6802.76	56	129	268	391	393	507	511	#
273	1934.26	72	252	334	342	482	#
274	683.994	246	#
275	919.419	492	#
276	2433.58	10	353	354	#
277	1426.76	279	341	439	482	#
278	2455.41	148	204	264	336	#
279	775.156	367	#
280	3182.82	171	390	458	472	#
281	229.741	226	#
282	2958.83	23	206	418	#
283	1008.29	57	227	#
284	354.532	428	#
285	1954.58	348	488	#
286	4998.69	138	147	202	314	458	#
287	1564.04	62	86	109	180	199	341	405	#
288	3785.2	68	119	141	284	455	#
289	12711.7	15	56	160	242	284	285	376	440	441	484	496	497	498	509	#
290	1246.85	116	121	395	#
291	12653.3	3	23	26	91	157	217	224	294	309	319	474	481	506	#
292	1481.73	0	36	127	137	185	197	205	253	255	296	347	380	384	393	416	434	441	#
293	1863.59	268	410	#
294	5703.29	71	175	292	327	352	407	474	475	#
295	910.929	209	342	343	352	442	#
296	691.433	462	#
297	3919	15	123	137	246	336	#
298	495.213	366	#
299	6506.72	3	122	133	182	263	373	397	493	#
300	1336	147	258	#
301	1999.86	114	179	381	#
302	891.463	10	142	282	#
303	4228.62	1	12	35	61	77	123	124	140	194	234	243	249	337	382	391	511	#
304	894.157	210	#
305	3889.62	82	171	336	499	#
306	2955.42	341	450	458	#
307	3183.72	18	55	68	109	250	379	494	#
308	991.635	173	269	492	#
309	6059.39	29	75	128	148	243	249	253	287	297	368	377	390	412	415	463	500	#
310	2320.39	138	183	396	457	475	#
311	1203.11	72	265	456	#
312	1628.88	116	190	286	302	352	440	#
313	1212.34	301	336	496	#
314	616.687	62	#
315	1297.37	144	285	319	470	#
316	4707.77	175	256	267	268	402	#
317	987.226	417	426	476	478	#
318	7823.59	177	224	257	286	307	391	462	497	#
319	7241.41	43	108	111	116	257	289	298	317	443	#
320	1453.87	297	428	#
321	2447.04	16	45	211	274	476	492	493	#
322	2914.71	158	243	249	254	296	357	373	#
323	1657.79	43	420	#
324	1176	123	204	#
325	6601.99	0	98	99	104	105	140	202	208	253	329	330	356	466	#
326	2335.72	157	176	200	#
327	1464.6	219	312	368	#
328	3749.84	1	33	150	201	243	275	344	#
329	4328.59	188	323	341	344	488	506	#
330	4631.27	19	90	94	277	335	341	415	#
331	477.107	196	#
332	1037.44	141	267	#
333	7.45979	405	#
334	780.071	93	324	333	#
335	2028.71	238	463	474	#
336	3598.54	186	203	225	227	438	#
337	11858.9	13	53	74	107	122	126	159	224	236	278	357	362	373	389	390	399	412	443	508	#
338	1964.8	220	256	356	#
339	2364.32	16	221	317	392	#
340	8077.24	13	45	97	167	187	222	288	307	317	420	441	446	447	#
341	1688.22	269	323	375	#
342	21598.3	3	64	91	108	138	145	152	154	213	249	269	279	282	283	317	332	379	403	418	438	476	485	#
343	5415.88	57	92	122	212	272	415	459	485	#
344	2013.66	41	218	300	421	#
345	4588.53	90	96	147	152	267	#
346	7329.3	37	72	88	91	137	215	259	307	387	441	468	#
347	600.191	66	#
348	1746.15	78	112	327	#
349	2473.38	25	54	183	274	456	#
350	6227.23	7	54	99	114	148	190	268	361	#
351	4730.89	51	122	130	255	498	#
352	3207.8	127	205	419	494	#
353	2825.25	120	180	212	#
354	4191.88	120	142	156	218	234	442	#
355	3147.41	24	76	160	182	184	194	476	486	#
356	992.593	59	109	308	311	359	491	#
357	2253.88	72	129	248	#
358	656.165	441	#
359	4196	73	113	140	379	401	#
360	10130.4	55	153	169	218	235	294	321	374	378	414	469	474	508	#
361	4682.23	138	166	233	238	397	406	#
362	3386.96	74	159	346	381	439	441	485	#
363	5551.15	41	48	194	299	345	461	462	475	507	#
364	4284.13	8	13	110	137	233	240	472	#
365	2890.88	21	36	90	244	324	371	#
366	2897.35	2	223	245	#
367	384.704	72	#
368	653.779	439	#
369	1059.09	162	165	182	#
370	2963.19	3	64	79	112	126	152	178	272	313	368	443	486	#
371	1378.58	18	107	479	#
372	947.161	2	#
373	420.032	217	#
374	12291.5	45	99	134	161	176	190	233	331	338	358	364	370	421	441	447	464	487	493	495	509	#
375	734.034	435	#
376	1095.96	2	193	339	#
377	2240.88	88	131	149	194	211	#
378	4382.77	220	298	364	386	413	432	#
379	1072.45	7	97	169	274	405	505	#
380	535.253	205	#
381	2510.17	24	282	362	#
382	2586.13	108	160	380	#
383	703.991	477	#
384	2423.57	7	69	73	285	406	486	#
385	318.944	131	#
386	1569.68	62	84	164	241	299	325	402	409	478	#
387	1552.02	130	134	400	486	#
388	917.864	28	#
389	9191.3	22	35	77	88	91	132	167	183	210	214	232	247	257	280	324	353	359	365	481	482	#
390	1201.13	147	477	#
391	9660.36	65	124	138	142	152	164	226	251	409	426	487	#
392	23622.3	0	22	25	62	73	103	106	148	161	202	203	288	297	299	324	334	341	364	391	421	440	450	468	491	#
393	5960.74	9	89	108	144	168	245	292	330	372	481	#
394	2252.3	1	27	63	167	182	229	#
395	2150.52	144	294	438	#
396	856.551	14	79	160	#
397	868.615	22	#
398	1096.73	201	232	#
399	684.314	289	#
400	1235.5	232	404	#
401	607.63	393	#
402	2537.37	47	50	76	142	176	254	330	362	423	436	#
403	1732.39	41	212	#
404	2804.98	122	144	189	266	285	321	354	399	#
405	1111.65	248	335	#
406	2661.73	7	149	194	241	#
407	5273.26	28	77	83	123	188	205	239	314	324	441	453	482	#
408	3022.38	134	202	244	422	#
409	1615.13	210	321	369	#
410	1481.62	68	167	178	459	#
411	535.774	459	#
412	8433.77	55	64	76	157	252	274	393	448	472	479	505	#
413	2873.54	257	415	420	#
414	4368.85	33	35	50	113	114	149	157	201	248	327	367	390	391	#
415	2647.29	192	216	292	326	#
416	646.19	491	#
417	1319.61	252	376	#
418	8826.66	17	54	61	74	150	154	192	199	203	213	214	328	376	389	405	#
419	1766.58	244	337	393	#
420	3705.92	63	147	175	251	304	342	410	422	467	475	#
421	407.995	104	#
422	5289.17	64	113	283	400	420	452	454	458	#
423	922.182	29	40	60	92	105	264	#
424	5471.89	19	104	113	126	150	463	484	#
425	10398.8	81	89	102	121	130	143	166	167	170	208	286	313	325	339	344	404	448	465	492	511	#
426	971.832	311	#
427	1150.96	168	287	#
428	1415.85	18	69	97	407	#
429	4721.47	36	200	316	326	352	377	#
430	1897.28	120	134	166	219	238	262	311	457	463	467	471	490	502	#
431	550.097	97	#
432	888.519	265	#
433	787.25	272	#
434	3014.25	1	30	110	200	351	438	#
435	5076.85	47	50	123	193	225	299	#
436	3684.67	4	125	233	498	#
437	1857.43	256	408	#
438	1723.18	372	397	491	#
439	3174.55	244	245	376	457	460	#
440	2449.02	34	112	181	239	247	255	263	460	492	503	#
441	5710.2	19	27	114	160	234	236	329	431	500	#
442	4639.23	125	129	130	183	316	329	376	399	413	432	445	453	#
443	1808.76	6	8	118	359	429	#
444	1377.31	304	470	#
445	773.975	52	#
446	1052.28	34	353	396	397	426	454	487	#
447	1045.09	138	455	#
448	699.455	10	#
449	1116.44	238	254	289	304	495	#
450	1917.98	30	137	139	208	452	#
451	777.31	503	#
452	2117.54	184	225	255	278	310	314	318	422	474	482	484	504	#
453	7863.98	5	6	29	65	69	126	130	155	163	189	251	281	296	305	395	400	469	489	491	#
454	6919.64	139	161	166	175	207	228	363	370	458	504	#
455	1070.24	14	26	28	33	44	48	57	70	91	278	295	304	312	323	332	357	397	446	#
456	3527.57	21	73	90	340	421	453	475	#
457	384.894	49	298	342	#
458	941.244	204	#
459	1897.21	13	120	411	415	#
460	252.615	443	#
461	11892.4	7	9	15	72	125	166	211	245	258	259	289	333	403	443	473	#
462	1225.72	42	450	#
463	7603.48	8	201	209	210	216	352	377	472	#
464	8069.23	70	81	92	105	159	166	175	280	284	285	318	356	392	#
465	640.459	115	#
466	14819.3	24	25	46	47	49	55	57	70	111	148	168	179	202	205	232	266	279	291	305	308	322	340	402	411	454	463	466	485	490	#
467	42.1337	396	#
468	2616.36	24	57	90	123	128	134	162	163	188	194	326	338	379	397	438	459	#
469	2849.79	266	277	371	503	#
470	3215.89	1	4	15	41	128	174	#
471	6800.53	79	149	205	224	261	298	350	420	462	494	#
472	2191.83	40	91	138	196	219	221	287	439	478	#
473	166.479	481	#
474	3541.9	32	36	328	331	345	368	376	#
475	5344.21	18	72	224	242	327	359	#
476	4154.63	21	122	218	327	342	361	504	#
477	1559.19	63	70	153	340	#
478	751.564	335	#
479	2550.21	126	172	334	359	510	#
480	1166.42	242	447	#
481	823.957	365	#
482	1365.78	123	204	434	459	#
483	4362.92	201	209	232	371	497	504	#
484	6495.83	67	121	186	245	278	323	350	435	443	#
485	8787.61	166	190	203	223	283	432	463	503	507	#
486	1370.72	48	121	#
487	539.437	145	#
488	2653.33	87	486	487	#
489	3159.83	292	293	331	352	362	430	#
490	791.976	290	#
491	499.29	67	398	#
492	4881.5	30	34	39	49	56	65	66	138	151	156	191	314	332	490	495	499	502	#
493	567.158	74	#
494	4943.12	8	108	331	354	477	#
495	3119.17	4	71	74	87	140	149	396	464	#
496	2131.21	107	126	365	#
497	1130.61	187	480	#
498	867.505	349	#
499	547.748	271	#
500	1976.63	96	168	#
501	256.716	105	#
502	1428.26	70	467	488	#
503	6470.79	139	200	201	205	269	322	369	493	511	#
504	1067.13	168	313	#
505	6516.61	43	91	161	183	240	333	427	480	#
506	837.384	59	#
507	8306.32	6	64	110	137	166	239	264	280	303	#
508	4018.45	65	94	120	144	227	#
509	1434.09	14	37	43	209	300	329	358	367	396	505	510	#
510	4025.31	80	312	370	457	498	#
511	1473.25	103	167	395	#
512	276.693	178	#
513	3520.18	76	107	337	374	474	#
514	1947.01	46	77	#
515	4561.51	56	72	91	109	124	128	179	279	315	392	412	#
516	1142.56	142	145	162	175	180	189	212	248	331	350	409	#
517	359.67	457	#
518	2964.39	63	137	168	271	#
519	2687.86	54	142	264	441	#
520	2547.6	108	201	382	414	#
521	5168.6	11	21	135	292	345	430	#
522	2818.25	76	118	277	289	376	469	509	#
523	1223.67	379	384	#
524	1718.98	247	440	#
525	1668.2	292	302	408	411	#
526	6503.58	6	11	54	57	67	87	153	169	264	281	296	302	386	391	408	414	417	446	475	506	#
527	16836.9	1	51	71	105	132	137	201	211	260	271	289	318	328	406	407	414	444	445	471	475	498	#
528	302.515	394	#
529	497.115	369	#
530	1687.07	22	271	#
531	665.653	288	#
532	2202.87	57	72	85	135	156	341	349	439	#
533	516.828	149	263	443	#
534	1370.13	113	162	246	256	363	#
535	773.589	63	#
536	1754.51	160	297	475	499	#
537	754.133	262	#
538	9922.73	12	60	83	112	114	265	267	268	269	274	319	324	341	366	376	402	405	414	441	447	464	492	499	#
539	1385.69	493	501	#
540	892.44	413	#
541	2173.87	85	147	186	188	192	203	241	292	309	482	#
542	724.369	403	477	#
543	769.262	363	#
544	981.181	96	265	275	286	#
545	4535.78	0	36	73	128	216	306	380	405	408	460	#
546	7841.56	5	159	180	194	243	348	424	435	#
547	831.46	337	#
548	692.928	446	#
549	945.896	53	475	#
550	902.397	270	#
551	1388.11	291	340	#
552	2834.31	55	144	239	#
553	142.247	506	#
554	8615.29	32	83	174	180	269	271	299	322	434	439	452	511	#
555	888.399	495	#
556	2525.04	71	123	138	159	294	#
557	1642.42	9	458	#
558	2839.59	176	255	276	398	465	#
559	4389.7	8	117	149	157	209	211	245	318	365	404	469	#
560	4414.89	0	13	39	66	72	230	246	300	345	372	428	457	491	#
561	3499.36	260	325	349	508	#
562	3902.82	153	170	284	428	#
563	1516.73	38	48	50	87	144	169	224	282	283	313	332	339	357	379	405	436	457	465	#
564	11622.3	59	107	156	162	184	186	201	254	260	293	312	332	390	420	429	454	#
565	168.706	83	#
566	1956.86	57	145	375	464	#
567	2497.97	111	192	303	464	#
568	9627.54	4	55	56	70	141	287	364	399	406	431	443	497	#
569	1292.59	174	190	197	368	#
570	10784.8	56	60	85	90	99	109	146	160	225	275	282	310	422	#
571	643.402	85	#
572	8356.3	28	82	87	97	116	125	132	161	177	215	222	250	286	291	314	353	399	421	444	486	#
573	724.281	275	#
574	411.886	445	#
575	6436.06	96	108	189	232	271	339	488	#
576	6421.38	6	113	118	122	183	191	232	260	311	342	441	499	#
577	1444.96	284	410	#
578	980.926	309	482	#
579	1093.37	48	280	#
580	4262.56	161	167	178	186	212	263	269	278	318	324	331	335	344	480	#
581	594.475	174	184	278	#
582	6933.47	7	11	25	40	204	210	262	336	351	354	373	443	458	#
583	1464.47	390	458	508	#
584	2607.5	456	479	490	#
585	3565.14	45	142	246	249	253	302	444	#
586	2389.49	140	168	189	248	255	300	421	450	459	#
587	4258	93	114	234	322	410	#
588	661.245	206	#
589	6739.39	13	59	85	109	152	213	357	393	441	447	#
590	3270.35	126	312	343	366	#
591	433.995	346	#
592	320.447	34	#
593	805.053	87	#
594	7073.91	50	77	105	212	221	227	326	351	431	#
595	2221.81	17	239	470	#
596	5255.38	33	82	96	232	242	289	#
597	6487.32	22	32	52	76	180	223	384	435	484	#
598	2564.33	120	242	252	341	467	#
599	913.242	408	#
600	1678.97	197	223	319	#
601	1029.08	34	135	139	340	363	495	#
602	5751.79	0	45	53	106	110	135	144	158	160	198	226	321	369	391	393	453	457	458	#
603	1698.56	90	210	#
604	1575.13	133	393	439	#
605	1542.51	49	58	60	186	306	461	#
606	3131.6	12	262	283	410	#
607	4154.78	74	358	406	429	493	#
608	1741.83	364	382	#
609	14615.5	37	62	104	122	134	140	179	204	216	222	227	256	336	339	368	391	421	430	440	472	494	500	509	#
610	1612.83	381	422	481	#
611	1646.88	178	412	#
612	1055.33	54	132	465	#
613	2549.52	55	73	104	119	146	228	296	320	430	440	478	485	#
614	6134.7	5	147	156	184	214	369	422	438	484	497	#
615	1199.53	120	383	484	510	#
616	1115.59	421	493	#
617	594.423	475	#
618	1530.88	6	210	238	252	353	373	#
619	10523.5	39	54	78	153	209	230	345	352	357	434	507	#
620	953.837	68	#
621	894.451	4	#
622	6354.19	34	178	242	254	287	367	496	#
623	1532.92	167	211	#
624	866.773	144	283	#
625	483.885	17	#
626	475.99	380	#
627	1509.39	379	479	#
628	232.093	19	#
629	1808.16	63	234	#
630	1081.51	38	227	445	#
631	240.505	18	471	#
632	961.272	400	#
633	1229.41	35	37	#
634	28.0635	388	#
635	1604.78	381	449	#
636	1540.04	23	67	113	236	251	294	300	315	329	375	#
637	10395.7	6	75	78	104	148	230	278	322	332	375	395	424	438	487	503	#
638	248.906	470	#
639	560.311	442	#
640	1299.26	77	94	277	316	#
641	2114.32	31	99	101	118	434	454	#
642	11999.5	34	43	113	130	190	257	261	264	298	307	312	319	330	366	428	#
643	751.669	221	#
644	2654.01	13	15	445	#
645	4023.95	49	136	150	157	162	401	501	#
646	4866.42	160	179	205	244	420	469	#
647	4112.58	47	62	196	230	297	#
648	1028.94	14	169	230	312	347	460	#
649	1153.61	24	343	427	459	#
650	5370.98	38	141	275	318	376	494	#
651	3712.82	250	254	306	326	#
652	3308.12	4	37	49	144	286	296	316	346	415	490	#
653	645.768	417	438	#
654	1927.59	452	471	#
655	670.974	452	#
656	2692.27	114	163	248	308	312	362	364	440	#
657	1974.61	370	417	441	479	499	#
658	2864.16	32	215	410	433	#
659	1615.91	95	463	#
660	698.302	259	274	#
661	2219.33	104	221	296	#
662	12057.4	14	45	48	65	95	122	198	212	214	270	271	330	335	351	373	459	462	482	#
663	7570.13	60	95	263	311	314	318	384	395	496	#
664	541.858	95	#
665	4878.82	84	98	136	269	307	368	396	479	#
666	3332.05	209	336	363	373	390	399	446	496	#
667	491.177	8	#
668	11.5835	398	429	#
669	1699.05	6	33	54	#
670	1165.47	73	207	271	295	308	476	#
671	2685.44	22	98	214	#
672	699.717	321	#
673	5844.86	11	78	108	117	225	356	374	409	493	#
674	9909.56	14	35	53	72	102	113	120	124	131	168	200	213	216	222	239	242	267	274	276	278	344	350	367	377	382	480	494	510	#
675	358.407	114	#
676	595.518	73	#
677	942.387	79	267	304	394	#
678	3080.81	23	31	137	300	319	349	351	406	468	478	#
679	4334.52	26	110	278	373	504	#
680	1491.44	393	478	#
681	1490.66	13	19	55	129	143	163	278	302	346	497	#
682	940.632	261	#
683	105.661	198	#
684	2447.87	98	433	451	#
685	1796.26	3	152	#
686	735.062	314	#
687	2971.56	124	244	287	300	311	339	429	451	#
688	13100.7	14	42	64	121	156	161	283	312	327	337	394	403	429	449	483	#
689	1454.44	80	192	#
690	6731.58	185	250	315	383	399	438	466	#
691	725.758	141	209	#
692	1075.37	16	124	183	206	213	220	288	303	347	369	#
693	1235.98	23	65	78	489	507	#
694	3876.59	50	142	286	314	315	487	#
695	718.012	409	#
696	1891.15	46	59	226	287	406	461	#
697	3763.05	131	163	286	288	337	353	377	394	486	511	#
698	1752.97	21	84	101	285	335	484	505	#
699	1950.59	127	243	#
700	2608.58	84	87	401	445	#
701	848.165	283	#
702	1307.53	219	482	#
703	7168.93	47	145	253	332	386	463	490	507	#
704	545.457	266	#
705	1519.94	102	479	#
706	825.265	476	#
707	1005.84	177	218	436	469	#
708	6138.78	53	69	81	143	176	185	196	212	294	309	312	370	392	403	429	438	473	508	#
709	4561.31	55	73	194	238	287	441	#
710	890.03	241	#
711	898.38	114	187	193	196	206	289	388	#
712	1301.4	4	85	96	103	117	146	149	154	179	236	271	276	297	327	330	335	376	420	475	506	#
713	690.441	436	#
714	734.852	433	#
715	4960.31	141	202	326	376	378	432	#
716	1449.2	188	294	351	#
717	988.625	109	405	508	#
718	2311.02	182	281	346	495	#
719	482.446	184	#
720	230.908	245	#
721	680.371	500	#
722	1399.65	253	508	#
723	1657.17	6	321	432	446	#
724	2077.23	38	98	315	352	#
725	4029.18	2	261	266	280	440	#
726	865.834	390	#
727	1265.6	36	97	115	174	189	260	364	#
728	1913.18	21	146	184	232	245	459	487	#
729	1456.69	26	165	353	363	419	423	#
730	1587.71	52	176	317	372	408	437	#
731	4281.59	54	63	75	170	281	356	399	438	#
732	927.144	108	#
733	1213.67	444	452	480	#
734	3106.32	51	104	202	205	209	234	271	349	409	506	#
735	7022.65	0	6	19	50	83	160	185	211	288	324	351	451	490	#
736	1590.34	88	327	493	#
737	23500	46	62	103	113	138	148	151	153	182	229	247	286	325	357	378	380	406	427	442	445	470	475	498	509	#
738	1643.35	153	192	#
739	5048.9	109	116	122	234	282	322	343	366	456	499	504	#
740	3213.53	86	89	151	263	374	#
741	4570.38	20	100	105	154	170	184	263	334	417	476	479	505	510	#
742	2312.62	101	273	352	469	493	502	#
743	6828.52	19	28	71	75	92	135	245	293	405	437	451	489	#
744	951.296	1	30	57	186	#
745	796.73	392	#
746	4530.06	12	28	92	354	355	#
747	1434.06	64	120	322	367	444	475	#
748	968.883	99	#
749	6174.71	10	251	264	359	401	440	446	#
750	10891.4	25	57	205	217	231	235	287	290	320	394	421	443	462	500	#
751	894.663	63	137	138	272	352	#
752	683.456	412	#
753	1938.91	205	214	434	#
754	1199.59	43	332	#
755	981.474	84	289	#
756	919.069	132	#
757	7799.42	14	97	139	191	288	369	384	486	#
758	2794.81	184	302	460	#
759	734.391	67	209	457	#
760	2788.37	18	77	85	127	175	201	202	237	288	307	383	#
761	7697.49	25	82	152	186	198	202	233	352	417	427	494	#
762	334.628	106	181	325	#
763	1795.92	214	387	461	#
764	2999.16	13	252	498	#
765	2968.21	86	96	145	175	203	224	339	506	#
766	11119.1	44	57	69	100	151	186	207	234	242	328	356	405	435	482	#
767	4505.71	4	5	8	34	77	79	137	152	175	186	194	198	209	213	248	260	262	335	363	421	448	#
768	2746.09	1	72	109	212	#
769	4749.79	57	92	102	108	178	227	280	292	298	319	427	469	#
770	3089.5	138	220	380	465	#
771	2612.86	136	420	427	#
772	283.166	399	#
773	1759.44	489	508	#
774	1870.66	100	448	#
775	9526.22	5	21	28	32	103	181	261	300	304	384	416	443	507	#
776	3401.46	28	49	122	318	#
777	644.362	483	#
778	1652.66	19	30	175	238	302	#
779	2449.24	112	345	367	#
780	622.248	27	245	#
781	3416.05	221	242	290	361	410	465	#
782	3669.85	34	124	315	369	#
783	1479.91	20	55	#
784	6744.34	12	29	85	193	331	344	491	#
785	2406.47	8	57	77	112	120	152	155	206	477	484	#
786	1962.52	218	241	339	426	#
787	2177.65	37	74	76	136	161	167	181	192	275	305	306	324	373	392	400	474	#
788	12921.2	38	48	145	215	276	328	355	365	373	382	405	406	420	441	475	#
789	1048.08	134	193	352	369	441	446	470	#
790	1112.72	140	484	493	#
791	1701.12	10	57	104	141	422	#
792	1976.27	58	94	235	#
793	3665.27	50	71	103	153	227	228	241	353	366	374	380	402	409	426	431	435	501	505	#
794	1901.52	276	496	#
795	1985.68	105	292	460	#
796	4184.33	55	251	272	397	425	#
797	1293.77	193	351	#
798	383.367	303	473	#
799	10518.9	9	66	116	135	222	238	240	289	291	334	350	406	433	436	457	#
800	841.06	161	368	453	455	#
801	1650.48	61	231	335	350	363	444	465	#
802	1775.03	72	366	#
803	7554.37	9	68	93	193	223	324	353	361	418	484	509	#
804	5562.59	44	46	71	145	170	432	511	#
805	1898.32	45	106	121	291	#
806	12026.7	0	41	43	82	103	151	316	333	351	447	462	490	492	504	#
807	2057.38	129	222	465	#
808	1628.57	29	130	191	223	#
809	4574.08	65	102	141	208	388	#
810	3373.78	87	123	317	492	#
811	4659.74	57	63	103	242	260	266	391	437	440	446	#
812	551.034	33	84	102	124	362	406	#
813	1185.38	58	414	#
814	6996.31	30	154	331	338	402	424	425	469	#
815	1803.05	29	209	243	#
816	1828.98	225	466	#
817	1010.42	68	104	154	178	245	278	394	398	415	#
818	3379.92	195	197	199	207	#
819	956.011	127	#
820	197.455	297	440	#
821	814.729	168	#
822	793.339	216	264	367	406	#
823	2810.09	360	373	439	486	496	#
824	1172.16	49	223	398	#
825	5433.5	30	41	73	281	296	334	439	#
826	1492.64	101	338	#
827	703.351	92	#
828	2862.27	71	308	326	#
829	18362.3	10	58	60	65	89	134	155	157	185	199	264	270	277	299	311	325	330	358	384	395	483	502	#
830	1876.83	315	352	#
831	1253.58	286	319	#
832	4182.76	114	181	197	258	282	356	407	418	#
833	19929.8	39	48	57	74	167	204	207	224	238	307	326	353	393	395	396	399	407	410	420	468	#
834	18871.7	5	30	87	101	110	119	133	218	223	224	226	245	259	286	329	397	402	422	443	446	472	479	498	#
835	13315.5	6	49	95	159	179	210	250	257	286	292	317	354	364	380	383	389	420	438	455	473	475	492	497	#
836	2627.54	185	213	236	373	#
837	1053.34	187	393	#
838	5975.52	48	55	56	230	253	317	323	349	360	372	379	406	485	#
839	2771.45	57	162	322	#
840	627.216	170	#
841	12543.4	6	36	50	111	146	154	188	208	232	259	262	413	445	449	498	502	#
842	5286.28	60	72	80	159	206	257	313	348	488	491	#
843	4234.24	4	144	273	335	361	423	437	#
844	870.565	125	156	223	436	441	450	#
845	8869.39	23	47	72	238	294	298	363	405	438	468	#
846	938.068	42	148	381	#
847	3699.43	20	58	240	353	452	#
848	5215.52	6	28	44	117	230	231	415	484	#
849	9161.95	34	64	88	106	174	184	285	287	314	393	416	426	445	466	498	#
850	557.203	250	#
851	913.604	466	#
852	2289.5	8	10	42	88	115	119	131	143	168	201	273	325	383	399	435	436	497	#
853	2766.64	55	157	225	239	269	433	442	500	#
854	639.165	110	#
855	3389.67	103	111	151	224	230	266	461	491	#
856	7751.81	6	33	168	172	188	203	224	238	261	323	353	432	461	484	496	#
857	1436.68	255	302	449	#
858	4387.19	108	209	266	464	473	#
859	524.67	347	#
860	5520.58	46	96	102	163	280	330	#
861	3807.35	39	164	295	304	#
862	1284.55	50	295	312	#
863	2736.13	254	305	325	#
864	7917.98	17	95	180	216	252	307	325	352	418	429	#
865	836.21	109	302	#
866	3523	81	264	387	455	#
867	1207.76	14	91	300	#
868	1484.23	415	455	#
869	16618.9	20	27	46	101	118	144	174	182	377	425	438	454	460	462	488	500	501	#
870	1920.55	242	284	491	#
871	4872.91	6	49	140	224	304	394	424	452	510	#
872	1559.93	95	111	188	262	275	405	#
873	1647.94	146	204	237	254	322	343	420	432	480	#
874	1503.81	66	99	207	263	345	374	398	#
875	2025.25	141	149	157	231	286	299	345	352	395	432	434	451	#
876	2182.4	65	72	124	336	374	#
877	8814.37	29	48	66	134	156	302	305	377	426	#
878	6965.29	83	168	228	279	308	333	338	359	441	501	#
879	3138.3	14	256	293	382	455	#
880	1927.63	232	416	474	476	#
881	7601.5	13	69	82	97	121	140	234	250	277	354	357	361	378	388	427	493	499	#
882	118.182	49	#
883	1947.76	148	195	466	#
884	1572.5	422	469	#
885	1100.11	63	87	384	#
886	3838.3	22	116	197	291	#
887	3362.13	122	221	228	258	270	284	317	321	347	#
888	813.315	121	216	#
889	2921.77	46	142	181	306	345	500	#
890	1682.1	121	135	174	343	#
891	1752.19	6	18	124	134	311	335	423	439	#
892	1847.34	201	509	#
893	12641.1	3	55	101	125	154	157	220	235	248	254	261	288	363	413	421	442	459	493	#
894	420.915	43	#
895	193.365	295	#
896	319.393	378	#
897	1518.68	416	470	#
898	3522.89	24	29	94	141	177	221	225	318	376	391	#
899	1096.24	243	375	#
900	494.88	123	#
901	12112.1	15	55	80	88	98	173	185	207	213	220	273	285	287	367	390	439	443	446	486	498	#
902	2207.4	233	332	351	387	432	#
903	10647.9	33	37	52	59	108	121	147	172	199	236	256	338	#
904	7210.47	10	18	44	53	98	168	218	241	280	314	343	384	405	420	482	487	#
905	939.053	370	#
906	493.406	296	#
907	1416	43	343	#
908	17667	53	93	101	124	166	170	194	238	268	278	295	355	419	430	431	485	489	500	#
909	1168.46	15	329	#
910	11665.4	11	18	21	23	42	43	52	69	101	250	261	302	313	334	442	446	466	507	#
911	807.22	193	#
912	5975.15	35	44	56	90	92	109	110	154	197	200	260	304	343	425	444	447	508	#
913	2037.44	95	255	268	#
914	1500.41	245	282	#
915	3028.38	199	248	283	450	#
916	991.612	321	461	#
917	9945.36	40	66	80	123	153	164	231	392	452	492	#
918	583.235	199	#
919	521.423	227	#
920	3696.34	1	11	18	35	46	77	102	105	112	117	127	128	134	209	221	247	250	278	297	333	350	357	359	373	388	407	411	444	458	461	488	508	#
921	1064	230	433	#
922	2334.94	2	167	183	233	341	365	430	473	#
923	2618.16	88	123	265	316	387	#
924	2664.32	67	123	151	201	239	328	438	458	496	497	498	#
925	7397.98	19	28	58	92	208	229	245	258	341	380	506	#
926	1142.15	189	270	505	#
927	3608.05	95	144	174	193	380	396	#
928	2510.86	30	76	99	107	124	154	162	175	199	203	229	242	352	369	387	#
929	1872.46	119	473	#
930	1347.5	137	464	483	#
931	4248.97	207	232	316	366	460	#
932	3475.9	79	235	367	511	#
933	10749.4	28	73	143	145	151	176	180	182	271	301	367	#
934	61.6299	71	#
935	1047.52	151	270	#
936	3653.59	14	328	404	418	435	#
937	428.485	201	#
938	994.739	107	310	327	328	#
939	4971.02	213	328	370	470	473	#
940	2960.63	48	126	483	#
941	1507.22	106	264	387	#
942	771.428	218	#
943	3530.11	19	62	78	99	159	372	381	386	#
944	1299.29	249	370	439	459	#
945	3695.18	58	64	108	179	208	251	395	399	#
946	4859.48	61	129	148	277	371	#
947	3456.67	33	79	139	159	250	268	385	389	410	416	446	456	458	466	468	483	#
948	843.583	233	#
949	2480.5	12	18	56	171	279	370	435	461	#
950	4899.57	247	349	401	403	474	#
951	1735.72	62	442	#
952	2599.87	90	366	390	#
953	2520.82	37	118	489	#
954	1824.05	53	89	#
955	4839.47	120	136	173	178	275	401	483	#
956	1210.19	313	341	#
957	18343.3	21	27	48	64	78	146	166	186	236	262	263	330	350	365	373	386	432	467	472	478	#
958	1716.82	143	331	343	467	#
959	9901.32	2	24	81	90	197	279	362	376	416	463	479	#
960	8743.3	38	59	84	142	387	395	459	482	490	#
961	1063.17	44	57	118	374	#
962	133.462	278	#
963	4553.78	161	213	348	379	429	469	#
964	715.841	381	#
965	6568.36	9	54	148	153	243	261	327	338	344	380	433	446	#
966	1259.32	91	281	394	#
967	5825.49	35	40	80	205	213	254	273	275	#
968	1998.34	244	418	#
969	793.189	485	#
970	2948.66	214	233	266	310	#
971	749.347	143	#
972	12037.1	40	41	49	189	190	194	327	332	363	375	420	440	464	#
973	3350.32	97	158	302	362	434	#
974	9478.57	95	109	110	148	160	218	239	250	316	423	454	477	487	#
975	457.422	121	#
976	2092.23	292	316	347	423	446	#
977	2830.99	44	54	107	222	332	486	504	#
978	595.005	76	#
979	6062.47	65	157	215	403	425	432	493	#
980	5912.88	151	170	217	314	355	365	#
981	1943.66	56	178	366	377	496	#
982	1308.03	15	272	#
983	4674	35	68	144	156	209	265	369	427	435	478	#
984	793.768	187	#
985	2720.1	73	254	267	299	320	#
986	1740.62	12	380	509	#
987	2112.91	22	180	394	511	#
988	4583.79	5	54	57	70	89	106	335	338	375	376	394	494	#
989	5903.43	89	291	317	392	465	470	#
990	1642.94	64	189	#
991	956.985	159	265	#
992	739.676	11	355	#
993	316.845	119	#
994	3776.24	18	145	156	176	184	348	354	376	401	416	433	#
995	1602.55	273	413	#
996	5237.42	74	181	300	310	317	328	501	#
997	2874.8	15	229	419	#
998	14083.1	0	31	35	43	46	56	77	107	118	121	124	156	157	204	229	247	254	263	284	318	352	354	383	444	474	491	#
999	1514.67	298	492	#
1000	3856.76	0	24	62	162	183	216	316	327	345	368	438	#
1001	1759.73	311	472	#
1002	2231.53	103	153	324	#
1003	1522.55	116	146	203	349	360	#
1004	9201.23	66	68	78	89	98	111	139	142	145	172	212	218	219	239	273	285	328	384	396	416	453	454	#
1005	3223.56	22	213	376	393	#
1006	2577.22	117	256	422	#
1007	2796.35	60	133	236	316	466	#
1008	9678.78	3	83	93	154	155	186	190	216	259	263	292	312	345	356	358	462	478	481	482	#
1009	3761	28	133	447	475	#
1010	6012.79	91	139	194	301	326	376	448	500	#
1011	588.296	75	#
1012	4786.23	14	85	126	150	274	438	509	#
1013	1692.18	14	42	78	189	204	286	287	444	449	483	#
1014	1957.42	450	477	#
1015	1043.35	6	44	269	283	#
1016	1801.24	18	181	#
1017	6014.54	4	11	39	68	81	176	235	307	327	343	422	#
1018	1611.05	186	291	#
1019	1769.64	174	441	#
1020	11711.5	5	19	20	50	51	123	214	236	275	304	367	375	470	#
1021	952.017	356	#
1022	891.523	126	#
1023	1504.61	39	213	233	263	348	461	#
1024	812.027	23	#
1025	3497.35	25	96	349	409	430	501	505	#
1026	2543.05	3	84	116	179	187	255	291	332	338	442	#
1027	2257.74	94	174	223	244	257	264	#
1028	6864.33	68	173	187	213	280	293	329	420	428	451	510	#
1029	1969.8	2	95	#
1030	4867.41	54	68	172	242	293	343	412	437	508	#
1031	2529.85	91	142	187	196	289	500	504	#
1032	2915.86	53	353	370	479	499	#
1033	2216.8	225	348	375	404	435	#
1034	1771.04	73	240	#
1035	6328.03	51	92	171	265	292	296	302	313	315	#
1036	10492.8	12	28	57	67	89	112	121	146	169	171	179	238	361	365	375	#
1037	8355.82	58	80	120	165	245	285	289	361	371	392	441	459	470	#
1038	6146.18	3	63	64	73	144	147	183	233	293	350	504	#
1039	4899.1	16	87	97	377	496	#
1040	9566.03	66	113	127	137	214	222	261	305	319	479	#
1041	4719.17	3	34	38	60	112	147	195	204	207	217	224	307	353	468	480	484	488	#
1042	2147.11	224	380	428	#
1043	2472.17	42	280	417	462	#
1044	2790.21	40	142	386	415	426	#
1045	1215.65	77	115	275	279	#
1046	2679.85	35	92	118	145	194	251	264	289	401	426	455	475	#
1047	927.156	69	210	215	#
1048	486.428	56	#
1049	3821.46	26	157	208	217	242	262	434	#
1050	676.372	472	#
1051	5508.25	129	160	181	243	281	291	299	367	456	#
1052	1065.9	64	93	121	155	263	372	377	408	#
1053	5836.53	77	171	205	263	264	371	464	483	#
1054	12720.2	47	52	80	89	123	227	235	241	285	286	322	439	511	#
1055	5165.17	84	126	213	304	428	441	466	#
1056	4682.61	18	36	151	167	184	259	287	416	484	485	#
1057	7324.6	24	91	130	149	150	151	154	167	185	191	219	247	250	364	429	436	#
1058	1691.7	3	223	#
1059	1589.19	204	257	288	331	398	#
1060	554.606	159	426	#
1061	4591.2	100	116	211	313	324	#
1062	7305.24	12	13	33	56	123	337	467	486	#
1063	441.204	252	389	#
1064	10365.2	44	58	85	110	150	215	253	344	352	382	389	448	478	#
1065	2995.86	127	239	435	443	#
1066	7236.36	14	22	55	58	82	89	148	166	221	249	352	389	430	434	444	#
1067	9959.44	28	42	71	81	84	98	108	155	180	217	267	348	366	434	#
1068	1813.67	235	480	#
1069	942.593	42	100	148	205	222	227	329	376	399	426	490	491	#
1070	3960.1	26	34	257	356	#
1071	817.948	420	#
1072	1109.15	69	145	427	445	#
1073	1830.87	20	56	129	149	207	221	226	243	246	280	294	315	#
1074	2438	2	37	302	#
1075	573.152	139	#
1076	1927.92	3	164	194	282	#
1077	2389.32	44	179	330	#
1078	656.701	294	#
1079	5622.9	67	171	189	216	265	331	467	#
1080	3310.59	222	261	263	347	458	#
1081	2268.67	59	78	359	#
1082	1359.24	96	215	#
1083	347.399	455	#
1084	1441.73	21	363	#
1085	1291.98	154	155	#
1086	5564.93	48	81	141	267	293	377	506	511	#
1087	1174.18	1	324	383	#
1088	1034.42	59	147	#
1089	2668.08	27	189	218	223	226	233	236	285	292	347	350	450	#
1090	1727.08	132	226	445	#
1091	894.265	202	#
1092	1690.3	117	195	206	221	256	269	270	284	337	397	446	#
1093	109.99	214	385	#
1094	5362.13	9	173	260	276	407	472	#
1095	2379.23	253	273	380	#
1096	1535.59	210	313	#
1097	1170.42	21	134	156	222	369	483	#
1098	3267.23	240	248	290	337	382	448	496	508	#
1099	9890.49	59	87	90	126	133	152	154	211	269	321	338	371	386	417	458	472	#
1100	9098.88	25	32	49	63	86	99	130	137	170	312	327	348	352	356	365	450	467	#
1101	3646.23	4	6	71	74	119	149	197	359	#
1102	1306.09	32	37	276	319	#
1103	2264.48	157	167	273	350	421	496	#
1104	5934.95	199	264	283	345	372	401	404	506	#
1105	2804.29	272	318	477	#
1106	3905.44	18	254	427	442	#
1107	7757.65	30	42	46	64	88	132	159	168	220	222	239	254	271	281	311	332	352	359	384	392	403	408	444	449	451	458	476	494	#
1108	876.861	285	#
1109	6274.41	16	134	224	229	247	277	298	316	387	#
1110	6284.93	104	150	162	189	199	261	317	371	480	508	#
1111	3940.89	8	212	249	285	#
1112	3614.74	180	363	388	444	#
1113	1235.75	96	196	506	507	#
1114	1533.51	91	317	488	#
1115	2910.92	75	237	486	#
1116	1104.03	168	389	#
1117	11636.9	18	78	92	108	153	165	220	331	373	443	473	494	499	#
1118	4803.56	30	235	305	334	473	484	488	#
1119	3084.73	23	276	349	403	478	#
1120	1023.81	134	393	#
1121	2530.21	267	437	450	476	#
1122	2449.33	241	328	333	478	#
1123	10180.8	6	54	104	138	144	189	236	278	285	352	377	384	406	424	447	477	484	#
1124	1705.05	122	294	#
1125	4235.36	53	68	88	141	166	233	254	322	462	#
1126	1798.41	82	267	#
1127	668.899	50	#
1128	3747.79	52	209	283	511	#
1129	5502.78	3	84	91	124	234	269	341	346	352	377	395	410	416	454	457	466	494	511	#
1130	875.778	203	#
1131	526.483	229	#
1132	3466.65	294	378	435	501	#
1133	378.19	371	#
1134	3067.39	227	375	413	421	#
1135	2507.48	73	268	280	449	#
1136	994.116	379	#
1137	113.337	153	242	#
1138	3272.19	208	267	323	354	361	469	#
1139	4121.89	93	180	186	292	339	#
1140	1625.06	1	190	376	461	482	#
1141	2031.52	90	107	216	456	462	#
1142	2278.09	109	209	212	#
1143	5520.86	87	185	270	310	372	422	#
1144	1022.24	118	287	392	#
1145	1402.13	141	205	298	372	458	507	#
1146	328.35	325	#
1147	1127.97	126	133	437	#
1148	624.673	255	#
1149	1339.93	131	440	#
1150	5679.74	26	34	71	138	210	268	292	325	485	505	#
1151	2470.19	30	56	201	322	376	387	408	452	508	#
1152	2822.25	132	136	155	210	223	330	360	372	382	459	#
1153	4227.69	24	27	357	362	373	#
1154	2094.54	5	48	478	#
1155	658.266	16	47	309	428	475	505	#
1156	3559.55	139	242	293	467	#
1157	7410.91	0	81	256	263	316	366	380	413	473	#
1158	57.6519	33	90	237	#
1159	2305.4	120	386	484	#
1160	10669.1	17	91	126	179	218	219	259	334	340	405	433	443	444	495	503	505	#
1161	6890.81	44	118	130	240	254	362	430	442	#
1162	2962.08	23	34	248	#
1163	1711.6	96	364	#
1164	974.396	118	239	#
1165	653.668	338	#
1166	2192.33	16	69	252	260	333	#
1167	7261.6	35	59	97	133	148	169	182	222	283	361	468	#
1168	903.088	81	#
1169	4355.05	65	138	167	304	391	#
1170	1559.57	52	130	194	201	487	500	#
1171	1872.69	31	173	304	383	413	#
1172	4898.17	131	155	181	240	349	#
1173	7724.75	38	41	56	313	321	351	385	387	410	#
1174	7603.67	7	17	37	83	114	140	144	161	215	241	253	260	284	301	318	320	421	471	496	#
1175	880.552	54	338	#
1176	1500.29	69	88	273	390	433	487	#
1177	15988.1	46	69	71	114	123	131	211	221	263	264	308	350	371	377	401	407	409	423	438	461	482	502	#
1178	241.054	15	319	340	348	359	#
1179	2220.18	2	25	446	#
1180	2319.04	0	5	352	#
1181	4681.31	17	50	229	444	499	#
1182	2708.02	69	161	198	199	415	#
1183	5957.29	66	165	175	225	236	333	384	484	507	#
1184	6473.86	10	73	109	165	242	311	401	503	505	#
1185	1748.94	51	124	190	466	#
1186	682.806	222	372	450	#
1187	1637.6	101	145	164	205	207	262	268	279	293	365	425	471	#
1188	2462.48	88	115	233	288	#
1189	453.728	21	37	264	#
1190	1978.89	10	37	78	142	254	272	297	299	317	420	468	#
1191	2638.48	176	292	428	#
1192	1823.46	20	36	65	82	105	136	198	231	233	251	446	481	#
1193	1755.83	43	56	114	#
1194	1702.41	0	20	21	25	112	179	207	330	426	465	492	#
1195	1373.62	112	202	294	340	367	#
1196	5380.32	2	67	175	178	254	363	418	448	494	#
1197	2830.89	208	225	389	#
1198	1352.9	56	104	150	151	386	438	#
1199	5703.46	83	230	246	303	475	502	#
1200	1515.79	66	267	#
1201	2208.71	79	199	249	273	426	#
1202	1202.81	155	443	479	#
1203	1364.79	276	442	#
1204	2945.04	127	303	393	460	470	#
1205	1150.02	33	63	238	262	263	337	348	363	407	424	438	441	486	500	#
1206	4847.08	25	158	256	283	302	317	494	#
1207	1672.96	176	286	331	388	389	481	#
1208	889.171	69	#
1209	1621.51	9	105	261	266	290	#
1210	152.343	480	#
1211	2364.06	98	135	161	#
1212	3878.08	4	50	185	317	322	396	471	#
1213	11592.1	4	68	70	128	156	178	264	334	391	405	422	439	#
1214	2012.91	130	162	205	#
1215	8745.08	0	6	123	148	200	201	204	206	232	234	254	287	292	323	327	328	340	356	372	374	376	392	434	443	471	477	#
1216	4161.43	55	180	209	230	236	246	370	419	432	495	#
1217	3459.46	44	138	272	293	386	498	#
1218	10091.4	84	88	127	207	251	284	286	305	346	365	401	403	467	#
1219	6665.05	62	74	171	224	225	256	370	#
1220	18374.3	20	35	37	57	115	116	153	160	185	209	228	234	247	267	295	298	299	354	362	393	437	450	454	455	482	493	#
1221	8822.96	27	41	114	138	235	261	287	337	440	#
1222	366.356	473	#
1223	5838.3	26	63	142	303	315	430	479	494	#
1224	1890.86	36	309	428	508	#
1225	6097.58	54	58	68	102	146	184	296	327	476	494	#
1226	2239.6	45	218	471	474	#
1227	1931.76	38	90	110	176	247	445	506	#
1228	8264.28	7	28	115	194	220	235	253	261	282	310	485	#
1229	5570.54	31	69	89	125	128	155	269	380	442	#
1230	589.313	274	#
1231	4830.9	15	98	131	196	207	296	309	311	#
1232	3230.22	26	240	281	309	342	506	#
1233	886.108	407	#
1234	1639.27	394	503	#
1235	371.778	80	211	#
1236	1192.95	59	186	248	268	470	#
1237	2833.13	320	328	337	#
1238	20992.9	18	45	61	64	68	89	122	129	159	185	188	197	215	218	274	308	316	349	351	361	365	482	508	#
1239	1130.01	97	130	416	442	457	482	#
1240	3873.07	35	43	255	356	430	#
1241	5126.16	6	10	181	194	373	429	473	#
1242	2881.51	318	354	371	#
1243	5701.86	77	92	154	194	199	226	273	299	310	340	351	440	442	496	#
1244	729.98	325	388	#
1245	4114.28	26	154	304	383	413	418	#
1246	2639.23	12	82	277	#
1247	2916.09	62	144	212	251	255	269	#
1248	2323.11	303	304	354	360	500	#
1249	1149.55	243	357	399	#
1250	7219.9	19	86	96	161	171	231	262	376	457	#
1251	2247.46	21	88	367	#
1252	2275.06	64	72	142	179	357	385	452	490	494	#
1253	5397.67	167	206	260	348	375	382	441	447	457	477	#
1254	2196.2	51	78	144	164	222	253	339	395	464	#
1255	5416.33	85	298	379	391	408	476	#
1256	1524.36	79	92	183	314	332	333	#
1257	1278.51	54	66	68	87	146	168	201	248	280	345	369	380	#
1258	1043.48	314	417	510	#
1259	609.914	364	#
1260	6287.84	34	65	120	138	183	192	232	281	326	374	393	420	458	#
1261	1007.18	107	213	255	265	322	347	466	481	506	#
1262	1466.33	303	474	#
1263	740.622	157	#
1264	830.038	164	#
1265	500.886	391	#
1266	2163.2	48	54	283	299	364	497	#
1267	1018.81	186	251	482	#
1268	892.762	208	254	396	#
1269	2895.07	71	104	329	335	435	475	#
1270	1030.4	166	291	#
1271	11383.4	7	51	213	229	254	336	375	443	449	451	469	481	508	511	#
1272	5159.75	20	45	78	87	100	111	138	164	175	176	206	230	239	261	270	272	286	308	315	321	329	341	359	404	415	417	430	442	458	461	464	475	503	#
1273	5178.19	34	267	324	329	381	460	#
1274	728.277	260	348	440	460	#
1275	2332.11	117	288	391	440	#
1276	9251.8	1	3	42	54	121	174	268	308	424	506	#
1277	417.431	333	#
1278	6570.47	56	97	100	146	152	267	342	367	400	413	441	497	506	#
1279	2382.9	6	57	67	119	124	193	231	236	271	273	306	307	313	333	426	443	466	486	#
1280	2548.28	178	204	233	244	448	450	#
1281	1582.67	39	319	#
1282	10289.8	11	20	146	183	249	279	310	344	423	451	455	481	#
1283	15805.2	15	41	86	92	127	128	158	175	213	240	260	275	289	310	315	334	344	375	405	475	#
1284	10079.2	14	33	44	63	148	201	234	328	413	457	464	465	486	#
1285	952.093	301	335	#
1286	3889.25	86	92	148	347	369	485	495	#
1287	3422.11	10	16	110	126	137	153	377	446	#
1288	1367.24	149	254	332	#
1289	3733.34	82	89	208	376	#
1290	4659.58	101	107	110	254	428	#
1291	483.862	96	#
1292	8030.18	12	28	62	203	227	264	322	401	471	475	#
1293	5733.95	115	134	238	247	262	265	332	335	391	408	467	#
1294	479.461	91	125	#
1295	641.045	200	#
1296	1929.22	50	162	236	#
1297	1586.85	223	454	496	#
1298	2687.39	42	230	400	404	440	478	#
1299	2568.11	20	53	98	123	193	199	231	253	311	364	#
1300	2363.09	67	68	113	227	304	#
1301	935.997	87	153	306	335	342	464	466	#
1302	2266.41	101	149	187	259	#
1303	793.649	212	454	#
1304	11502.7	94	109	260	268	280	283	285	304	327	340	349	381	395	476	#
1305	5453.69	338	355	372	373	383	393	478	480	#
1306	2631.55	33	267	294	305	306	#
1307	1231.11	9	51	56	#
1308	6322.1	13	37	54	68	108	165	220	224	306	351	435	492	#
1309	6580.27	6	84	112	146	168	182	276	282	291	398	492	#
1310	3943.26	28	236	345	423	440	500	#
1311	441.809	29	#
1312	6713.31	3	113	141	208	372	453	511	#
1313	515.382	306	#
1314	3113.19	99	184	215	216	221	324	339	365	#
1315	346.896	406	#
1316	2664.79	343	389	431	473	510	#
1317	46.3742	423	#
1318	101.798	124	#
1319	3730.79	108	162	177	312	367	479	#
1320	795.16	247	#
1321	5147.9	178	215	234	245	287	374	466	#
1322	586.452	31	#
1323	1654.91	129	304	#
1324	520.261	450	#
1325	3317.66	4	16	19	299	#
1326	785.158	31	216	409	#
1327	1476.48	33	41	189	322	455	#
1328	1503	14	438	467	#
1329	5028.97	1	61	224	241	260	372	486	#
1330	3371.46	63	275	397	490	#
1331	1081.21	84	221	#
1332	301.116	251	#
1333	5774.47	36	191	204	229	329	363	471	#
1334	5923.53	46	58	96	129	225	443	#
1335	4971.93	19	129	187	273	329	#
1336	1393.05	55	218	372	#
1337	119.13	352	#
1338	1883.69	116	370	#
1339	3248.46	145	156	282	340	402	#
1340	1167.4	34	70	#
1341	1643.47	219	491	#
1342	2177.34	124	144	507	#
1343	740.657	297	309	386	#
1344	88.4996	211	#
1345	3395.76	103	187	326	377	385	450	#
1346	2168.67	289	347	507	#
1347	1555.29	98	111	243	360	382	#
1348	4487.11	251	267	344	411	457	#
1349	976.411	23	451	#
1350	4869.78	50	61	86	123	130	157	191	228	259	267	291	322	339	395	411	446	458	477	483	#
1351	1362.2	24	429	#
1352	3005.45	35	63	145	169	233	#
1353	175.406	359	#
1354	1410.91	50	62	156	201	236	265	285	324	331	434	#
1355	3902.87	20	42	169	236	#
1356	649.614	121	209	362	#
1357	1228.35	111	131	#
1358	2486.18	45	163	249	#
1359	2460.29	156	287	507	#
1360	3148.33	26	81	134	303	381	#
1361	1888.8	35	136	#
1362	6174.77	116	150	156	283	445	475	483	#
1363	1816.9	488	509	#
1364	2896.97	118	230	267	287	#
1365	1295.62	97	165	202	471	#
1366	1359.13	7	139	#
1367	4504.6	4	74	93	256	295	419	481	#
1368	2887.05	34	156	436	#
1369	995.422	190	286	313	327	#
1370	1778.53	129	134	140	280	309	#
1371	1344.69	132	436	#
1372	4237.16	18	103	251	271	362	366	421	#
1373	3548.83	59	211	316	362	506	#
1374	655.905	156	#
1375	19073.8	9	11	13	53	87	100	106	115	160	163	196	249	262	289	356	390	395	403	415	472	474	491	#
1376	5698.43	65	197	204	239	331	457	#
1377	3422.62	7	94	107	145	154	184	191	198	223	259	279	283	299	323	379	461	#
1378	1597.14	294	429	#
1379	1147.91	157	465	#
1380	1319.54	55	75	89	197	262	332	408	#
1381	5448.75	6	7	16	32	38	62	66	86	92	125	142	144	169	187	192	216	225	258	267	268	295	301	303	322	352	353	373	375	422	453	482	503	#
1382	62.0811	128	#
1383	2565.12	227	280	412	#
1384	1092.04	55	254	#
1385	1135.15	114	256	430	#
1386	1094.76	60	185	220	311	366	368	391	#
1387	3273.03	63	90	269	363	#
1388	6271.39	46	70	129	176	419	432	469	501	#
1389	464.075	43	119	#
1390	3145.52	46	71	281	365	369	437	#
1391	1989.01	458	476	#
1392	6651.71	62	81	134	155	203	221	268	328	335	416	419	#
1393	3028.72	118	195	317	471	#
1394	3688.74	220	414	469	485	504	#
1395	1945.35	77	232	#
1396	1643.97	41	59	109	165	254	316	425	#
1397	2559.49	75	103	260	297	333	468	#
1398	2728.06	138	352	375	#
1399	2027.54	44	247	281	#
1400	6931.83	22	176	227	296	381	391	411	418	453	#
1401	2809.15	126	142	367	#
1402	1337.26	55	81	104	179	187	429	435	#
1403	669.348	410	#
1404	1195.82	62	90	132	140	194	333	#
1405	3627.23	174	195	285	317	485	#
1406	1331.08	61	114	284	491	#
1407	1178.8	165	166	175	246	331	370	444	#
1408	2280.18	17	52	206	393	462	493	#
1409	1474.14	32	42	109	217	267	491	#
1410	5721.43	56	63	80	121	197	251	255	325	#
1411	1652.22	213	239	415	#
1412	166.315	120	#
1413	72.9458	260	#
1414	2538.5	131	234	492	501	#
1415	3488.81	25	32	97	143	223	316	433	#
1416	753.159	62	136	345	511	#
1417	3810.46	44	177	216	374	#
1418	1807.49	31	49	97	176	231	245	313	317	402	455	#
1419	3531.49	62	122	136	241	283	445	#
1420	1478.9	239	439	451	#
1421	2064.05	115	148	264	307	#
1422	1082.14	32	161	307	#
1423	2654.27	28	103	181	364	423	467	#
1424	161.826	440	#
1425	1793.29	39	72	142	225	255	301	356	386	489	492	#
1426	2777.01	64	237	300	389	#
1427	2309.83	72	101	231	328	350	354	363	#
1428	2249.02	98	409	422	436	472	473	#
1429	14459.2	33	101	161	171	199	219	378	395	413	415	432	452	465	467	479	#
1430	1544.41	17	192	308	#
1431	4154.52	71	84	312	316	505	#
1432	9159.3	38	48	73	237	240	249	344	398	408	441	442	#
1433	3964.31	102	192	221	445	454	#
1434	8636.64	22	91	102	150	158	191	199	227	231	326	383	397	448	469	474	494	#
1435	2720.57	301	321	458	#
1436	487.654	263	#
1437	2913.88	12	36	37	401	#
1438	2647	122	266	303	393	464	#
1439	1618.7	160	292	339	#
1440	17281.5	3	5	22	60	93	103	125	128	234	255	265	315	316	335	353	387	453	480	496	#
1441	4117.08	25	57	64	86	116	214	229	233	241	256	265	278	283	323	335	348	349	365	383	392	406	475	508	#
1442	3561.4	53	120	176	208	395	411	440	464	#
1443	1206.22	304	359	409	412	433	#
1444	1836.2	84	134	201	278	294	308	362	370	393	418	#
1445	959.193	116	261	#
1446	4700.56	14	87	105	209	296	#
1447	1236.49	105	204	372	#
1448	8686.12	7	104	112	116	121	125	222	280	286	332	358	447	476	491	#
1449	5105.47	35	77	97	112	133	250	389	399	483	500	511	#
1450	2210.71	199	256	280	464	#
1451	671.747	77	360	#
1452	3027.17	0	28	127	222	253	397	486	#
1453	6998.44	86	90	325	368	448	462	470	#
1454	2065.19	86	337	502	#
1455	6486.65	6	52	144	199	278	284	307	341	365	367	397	422	476	#
1456	114.331	326	#
1457	1714.83	111	127	238	356	453	#
1458	2025.32	52	134	209	255	282	293	#
1459	2192.66	61	194	204	244	277	314	387	413	483	486	#
1460	1276.33	61	170	211	373	#
1461	8468.26	21	64	129	163	177	200	209	368	370	435	448	457	465	475	481	#
1462	9694.52	53	112	123	124	149	209	311	320	430	453	#
1463	2615.63	52	368	412	458	#
1464	3821.28	68	155	204	284	315	373	#
1465	1991.09	189	205	#
1466	4523.66	8	81	161	192	330	358	364	475	503	#
1467	682.973	490	#
1468	3907.9	84	214	278	501	#
1469	1157.8	0	31	245	332	345	418	422	#
1470	587.572	419	#
1471	5590.81	2	53	83	89	114	143	179	309	350	352	397	430	#
1472	5698.51	31	115	196	223	279	426	#
1473	1648.12	215	345	#
1474	3792.43	56	61	74	110	190	275	388	#
1475	1565.2	137	145	465	501	#
1476	137.867	70	383	#
1477	564.365	463	#
1478	2793.77	62	104	236	#
1479	7681.28	53	164	231	254	323	345	417	451	#
1480	6494.03	51	62	75	228	357	492	499	#
1481	3286.73	51	67	227	274	303	391	394	413	444	473	#
1482	368.439	453	#
1483	2848.6	155	297	372	#
1484	2722.89	379	394	481	509	#
1485	2601.47	147	180	280	364	404	#
1486	4000.92	27	223	294	309	328	424	446	471	#
1487	1326.62	424	475	#
1488	8882.05	27	42	79	113	125	183	214	258	285	479	#
1489	646.358	345	#
1490	1986.43	13	51	92	315	338	345	386	416	457	461	#
1491	1649.02	244	321	322	359	471	#
1492	1995.09	140	295	352	381	465	#
1493	8777.21	90	122	139	209	255	381	402	414	502	#
1494	2003.43	76	116	134	183	288	475	#
1495	2799.31	47	133	473	#
1496	3982.44	3	57	145	208	432	#
1497	2092.43	130	168	191	425	#
1498	4052.87	136	192	241	293	295	393	503	#
1499	6247.61	19	39	223	345	379	397	477	492	#
1500	776.429	33	433	439	#
1501	955.766	66	85	#
1502	3102.24	53	163	297	408	433	461	#
1503	2191.81	137	450	502	508	#
1504	7067.7	51	85	150	158	227	266	285	295	297	359	#
1505	1789.61	27	331	#
1506	1155.86	220	398	425	#
1507	1685.92	98	458	#
1508	2226.48	69	148	243	397	406	456	506	#
1509	1610.21	90	99	141	284	288	488	#
1510	5460.98	175	231	332	364	441	501	#
1511	12284.3	29	40	53	71	123	137	192	209	224	247	261	343	369	373	391	464	472	#
1512	1307.38	72	108	208	219	#
1513	220.715	357	#
1514	4271.99	7	120	190	356	400	496	#
1515	1892.75	68	370	#
1516	4946.06	44	115	170	181	302	314	333	420	421	436	501	504	#
1517	367.484	305	#
1518	6719.06	156	163	180	183	270	314	368	#
1519	1174.61	1	401	#
1520	1785.15	299	335	#
1521	1055.17	34	117	#
1522	4838.63	3	32	49	188	226	243	283	299	366	378	#
1523	2727.55	82	103	238	#
1524	641.012	30	274	282	#
1525	1130.81	8	170	#
1526	1558.26	37	147	156	178	195	217	242	377	442	469	#
1527	988.848	276	#
1528	872.445	32	140	#
1529	657.874	354	#
1530	1361.54	246	292	337	#
1531	1624.36	207	283	456	#
1532	6820.66	95	106	140	215	293	294	509	#
1533	6563.13	19	66	98	184	225	272	427	473	481	494	#
1534	1555.02	354	435	#
1535	3012.89	0	217	260	354	357	#
1536	3671.25	110	169	192	275	308	376	386	438	490	#
1537	3383.28	36	113	208	259	467	#
1538	896.775	90	458	#
1539	4302.78	124	232	244	410	442	456	472	501	#
1540	1950.98	44	104	342	#
1541	964.162	97	282	#
1542	2188.26	119	224	503	#
1543	7374.66	28	120	142	227	232	265	365	374	471	477	#
1544	2265.21	161	228	261	374	#
1545	3057.97	163	235	310	469	483	#
1546	4478.93	31	86	141	173	246	328	391	406	433	451	#
1547	1207.42	242	407	#
1548	2399.82	41	125	169	402	407	472	#
1549	7074.37	49	111	118	156	158	160	204	263	296	323	325	350	355	395	454	#
1550	6233.24	23	100	163	209	244	323	408	411	424	431	435	449	#
1551	2800.97	29	40	298	#
1552	4366.87	73	80	104	133	188	256	262	358	475	486	#
1553	2820.88	1	75	310	344	418	#
1554	1284.51	177	250	285	#
1555	3443.61	87	233	295	401	412	#
1556	487.603	25	#
1557	3177.61	79	161	188	239	261	366	372	420	#
1558	4931.83	10	84	131	138	326	340	341	438	509	#
1559	2681.22	14	27	208	362	#
1560	2661.87	75	266	442	502	#
1561	6630.34	325	356	440	450	481	484	493	#
1562	1870.31	67	157	158	247	302	495	496	#
1563	13522.4	80	187	190	213	214	228	263	309	325	343	348	368	397	412	446	482	493	#
1564	2586.07	103	173	228	251	261	271	359	#
1565	1394.62	135	144	#
1566	3806.04	299	346	484	505	#
1567	6137.1	1	9	184	425	438	447	465	#
1568	1641.16	30	63	188	324	368	371	372	386	411	434	437	#
1569	736.17	82	#
1570	8720.92	2	96	105	146	305	307	324	391	507	#
1571	1138.57	51	133	275	333	#
1572	3017.17	138	159	180	182	183	196	282	459	477	495	#
1573	11623	13	32	92	203	217	250	251	288	310	330	415	425	437	#
1574	1266.71	103	134	267	507	#
1575	14963.2	9	49	82	137	140	159	189	213	242	247	309	326	345	372	435	460	462	#
1576	3131.95	20	372	379	447	491	#
1577	2775.95	105	156	170	302	333	359	#
1578	2657.04	122	291	338	347	#
1579	8511.39	28	55	59	105	137	155	192	223	280	308	323	345	411	424	429	447	#
1580	791.771	115	254	#
1581	3299.24	56	106	168	386	424	#
1582	6629.07	38	41	65	178	194	239	299	372	449	#
1583	4099.53	9	41	199	301	415	443	#
1584	10913.5	71	142	153	171	174	205	214	221	270	305	404	420	459	475	#
1585	8919.55	5	29	40	82	111	115	153	183	187	204	269	335	386	427	432	#
1586	3639.03	10	16	161	249	287	348	422	#
1587	1717.33	166	243	288	361	#
1588	4127.75	36	84	109	128	180	262	268	271	331	347	#
1589	2018.47	142	196	238	258	295	#
1590	557.323	45	319	322	#
1591	2622.43	34	237	329	#
1592	7669.12	33	70	153	157	276	278	387	451	488	#
1593	1034.99	41	102	223	452	#
1594	2890.92	45	51	296	381	#
1595	1569.06	196	213	#
1596	695.707	154	245	255	#
1597	1925.91	0	37	236	241	249	263	305	309	348	396	423	463	#
1598	1918.99	51	216	#
1599	2520.51	54	225	380	499	#
1600	870.108	76	206	262	308	441	494	#
1601	4394.27	44	46	75	136	275	359	#
1602	3060.4	10	73	76	338	405	485	#
1603	628.318	119	137	142	144	268	348	438	#
1604	396.964	416	#
1605	3650.43	74	132	182	199	248	287	291	326	379	399	444	#
1606	1518.86	234	341	#
1607	3704.3	267	390	401	496	#
1608	7488.65	12	225	317	348	384	445	508	511	#
1609	3657.51	148	158	205	419	#
1610	1678.63	6	12	61	75	104	174	227	252	378	401	415	490	#
1611	9971.7	48	65	73	105	150	152	188	245	269	274	279	346	384	444	#
1612	4737.74	57	86	102	176	229	391	451	#
1613	962.424	21	49	60	117	229	286	355	415	421	480	482	#
1614	1478.18	163	382	442	479	#
1615	2079.66	13	126	227	266	#
1616	1352.58	271	414	#
1617	166.95	188	#
1618	3793.18	55	131	184	386	484	#
1619	3637.49	26	152	210	279	323	352	393	493	#
1620	2575.88	118	185	465	#
1621	590.785	17	70	145	295	415	463	#
1622	3902.25	363	368	378	418	421	#
1623	471.686	102	#
1624	6394.45	2	184	221	226	245	258	426	#
1625	3374.62	37	61	95	127	178	191	221	242	252	295	302	354	366	380	#
1626	1874.45	8	47	77	80	141	299	435	#
1627	1267.14	139	201	299	#
1628	96.0282	89	396	423	#
1629	1088.99	63	188	272	304	#
1630	3034.62	54	68	133	172	289	409	410	479	#
1631	1680.81	40	159	#
1632	9826.46	12	33	55	67	100	119	203	207	309	392	437	#
1633	5178.93	85	107	145	217	334	364	423	#
1634	937.848	234	439	#
1635	3607.03	127	203	307	455	479	#
1636	16097.5	1	46	111	151	160	230	251	267	269	273	280	284	308	315	325	334	343	356	414	426	437	456	#
1637	2818.66	132	142	444	#
1638	1955.71	100	171	248	256	271	299	304	337	359	417	#
1639	91.7433	334	#
1640	3139.28	15	55	69	206	251	360	477	483	#
1641	8160.51	8	12	19	131	157	205	270	307	488	#
1642	3503.84	2	202	214	273	288	461	#
1643	1382.68	107	236	260	351	487	#
1644	6498.79	138	258	267	286	305	376	492	#
1645	4232.24	8	10	83	127	180	285	329	337	355	372	469	#
1646	7140.78	25	85	109	133	142	154	157	202	219	270	283	359	369	388	398	425	462	469	#
1647	1503.8	69	113	136	276	315	396	423	442	500	505	#
1648	874.884	43	116	489	#
1649	6649.52	4	6	96	156	238	324	370	396	444	489	509	#
1650	3654.98	44	125	152	196	336	395	398	409	502	507	#
1651	11201.1	25	44	102	121	157	213	235	260	339	349	372	432	434	435	463	467	#
1652	5824.1	94	114	188	312	385	475	#
1653	5481.89	41	80	351	378	429	469	489	#
1654	1421.5	278	388	#
1655	3253.21	20	36	84	123	293	376	#
1656	2581.46	166	381	404	#
1657	2361.24	7	239	324	480	481	#
1658	3152.72	73	97	204	263	280	443	#
1659	3565.9	188	271	291	320	402	507	#
1660	4521.88	46	97	426	486	504	#
1661	1892.23	178	374	#
1662	1858.13	152	280	310	#
1663	1892.48	135	337	#
1664	4966.92	13	80	88	114	169	196	197	294	355	359	423	459	501	#
1665	814.677	146	#
1666	2952.07	108	173	327	413	439	482	#
1667	1055.74	134	344	411	#
1668	10620.1	8	20	60	66	124	168	180	189	247	315	382	406	435	494	#
1669	8568	22	198	214	233	297	320	362	387	460	495	#
1670	7501.59	61	145	155	276	289	330	340	466	#
1671	1732.41	140	469	#
1672	3399.05	93	153	272	451	#
1673	909.865	316	355	493	#
1674	16397.4	8	42	165	173	190	205	210	232	236	249	253	255	309	334	361	362	373	400	417	418	430	444	#
1675	5131.69	27	89	330	456	470	480	#
1676	4051.01	95	119	175	248	363	380	442	448	485	#
1677	15465.3	32	42	93	122	129	167	191	235	241	289	313	316	378	396	424	434	465	#
1678	1835.23	115	182	#
1679	3461.05	169	405	490	493	#
1680	2915.03	19	64	69	131	163	166	318	420	456	494	#
1681	2246.48	8	127	453	#
1682	38.1054	293	#
1683	3301.04	21	170	283	341	#
1684	704.359	109	149	182	436	#
1685	2301.52	24	105	446	478	#
1686	2643.04	201	260	455	510	#
1687	2474.67	9	18	422	#
1688	704.038	468	#
1689	2114.5	22	27	278	359	#
1690	247.79	21	#
1691	2938.19	208	417	495	#
1692	1672.74	8	159	236	325	341	381	444	475	#
1693	1277.66	17	44	184	221	244	248	264	292	335	433	#
1694	1639.64	8	99	318	360	#
1695	5267.69	99	112	226	360	368	443	471	#
1696	1091.49	85	202	#
1697	1929.36	30	56	97	161	223	226	297	#
1698	1126.15	4	175	230	318	389	419	#
1699	1591.85	15	34	56	124	205	266	454	#
1700	468.494	109	159	#
1701	1929.55	42	54	80	119	248	350	490	#
1702	1606.6	138	472	#
1703	1886.77	242	356	#
1704	27411.9	358	267	368	344	6	398	143	236	205	218	356	7	279	119	52	476	100	407	142	98	396	258	492	369	343	497	91	239	92	433	465	10	51	455	253	61	104	257	133	103	141	391	359	252	385	328	299	#
1705	4522.24	71	277	282	386	493	#
1706	9422.92	23	39	40	49	58	200	272	273	330	333	366	373	380	400	416	495	#
1707	9674.81	5	15	37	64	90	92	99	160	178	190	274	320	325	330	359	366	383	#
1708	1865.98	17	162	172	286	498	#
1709	3722.31	206	272	448	478	#
1710	678.133	504	#
1711	2969.14	33	226	379	#
1712	4778.24	46	54	199	204	249	410	413	478	498	#
1713	6721.47	24	96	143	202	365	410	413	478	#
1714	1017.21	205	243	#
1715	1502.58	33	54	160	195	#
1716	1183.09	63	76	156	197	223	304	314	404	#
1717	748.352	36	54	149	178	194	#
1718	4232.01	213	229	277	438	510	#
1719	5482.92	89	151	155	310	327	363	#
1720	3351.26	0	197	258	274	357	#
1721	1394.42	73	102	296	447	499	#
1722	1003.86	22	176	247	290	315	354	423	439	441	445	447	455	#
1723	391.707	93	425	#
1724	4351.41	44	326	383	467	493	#
1725	6610.91	32	117	203	204	344	357	370	377	436	#
1726	1206.26	176	329	416	#
1727	2828.05	102	205	274	312	#
1728	1365.07	117	210	309	#
1729	548.672	17	163	#
1730	1981.71	100	240	#
1731	3791.25	42	64	120	286	316	#
1732	5809.54	39	50	51	66	79	231	404	#
1733	3305.03	66	145	212	222	255	456	#
1734	1955.91	172	344	#
1735	973.706	204	285	301	485	#
1736	684.46	42	424	#
1737	15056.7	59	60	83	88	95	112	143	193	206	209	211	258	453	460	475	482	496	#
1738	1248.39	51	95	197	324	352	#
1739	2611.34	144	257	370	#
1740	992.015	224	#
1741	1854.23	39	458	466	#
1742	1735.32	282	496	#
1743	16848.1	7	9	14	64	133	147	174	179	236	241	273	292	385	415	444	451	453	#
1744	4192.67	27	104	166	182	316	344	384	389	449	#
1745	1502.86	54	227	#
1746	7552.11	40	93	119	146	226	236	252	260	342	#
1747	2213.92	177	248	450	#
1748	2852.64	139	194	337	440	#
1749	431.367	48	#
1750	551.013	1	#
1751	636.981	329	#
1752	205.76	152	278	#
1753	5969.42	11	51	161	327	356	358	455	#
1754	5087.3	13	33	34	69	87	137	142	143	171	318	325	355	367	376	#
1755	3133	15	31	53	84	236	329	360	424	427	509	#
1756	8380.29	24	75	194	258	346	374	379	458	495	#
1757	918.131	151	#
1758	169.61	47	#
1759	4453.45	240	243	273	277	436	506	508	#
1760	9558.1	0	36	276	312	348	443	453	481	482	489	501	#
1761	1601.56	103	176	#
1762	630.751	341	#
1763	314.354	226	398	#
1764	2179.31	18	113	349	358	423	455	#
1765	18567.2	65	70	108	137	158	164	179	188	199	228	231	254	274	288	307	311	323	328	331	372	410	437	441	445	459	464	#
1766	8459.09	0	18	91	152	215	243	400	437	460	#
1767	1405.65	27	42	48	202	395	480	505	#
1768	2995.69	63	235	454	#
1769	764.184	80	131	274	372	#
1770	4122.21	238	288	303	374	454	#
1771	1891.72	22	102	179	214	384	#
1772	868.966	323	362	#
1773	472.669	135	#
1774	3793.98	94	139	334	439	#
1775	1096.64	50	181	255	273	349	#
1776	320.95	27	310	#
1777	7980.95	9	23	63	69	90	209	460	470	478	#
1778	1980.51	98	132	277	#
1779	2367.3	190	329	397	#
1780	830.63	110	145	330	471	500	#
1781	219.534	353	#
1782	5927.62	35	71	92	129	191	372	391	424	483	498	511	#
1783	13747.1	37	39	42	95	96	120	121	138	185	214	244	264	290	295	379	419	429	504	#
1784	1969.53	207	300	383	411	416	#
1785	4849.88	81	83	119	153	161	188	258	304	316	344	457	#
1786	788.767	185	391	#
1787	3621.95	6	24	74	105	109	123	133	185	272	279	299	344	#
1788	1313.66	309	429	#
1789	12552.1	36	46	60	153	169	178	244	268	331	349	397	407	433	434	#
1790	1177.19	51	274	318	#
1791	7435.46	37	106	119	134	190	224	254	270	310	320	352	362	386	415	424	453	456	#
1792	805.549	256	268	#
1793	2067.51	325	405	476	#
1794	8074.09	23	67	113	148	191	213	316	371	399	473	#
1795	121.665	134	#
1796	5212.88	17	72	243	244	454	465	#
1797	1121.22	28	83	220	268	311	344	471	#
1798	2245.32	33	213	239	249	349	377	499	#
1799	1001.6	334	355	475	#
1800	1384.44	192	402	#
1801	1316.32	31	338	#
1802	5982.8	2	119	201	215	244	267	457	#
1803	5746.2	50	92	183	194	236	274	347	392	402	449	459	#
1804	13584.3	25	90	93	126	130	179	193	225	238	274	303	419	428	434	447	511	#
1805	350.37	415	#
1806	5103.73	24	112	158	166	250	251	326	#
1807	1605.27	169	304	#
1808	1018.72	32	68	376	451	456	467	#
1809	1746.86	146	387	#
1810	1304.96	138	192	#
1811	102.953	243	#
1812	13817.5	28	62	108	122	152	200	265	280	359	372	392	426	433	443	463	501	#
1813	2174.06	136	144	209	338	392	#
1814	261.844	117	278	#
1815	1371.33	52	91	117	166	272	350	351	469	#
1816	1292.04	142	431	#
1817	873.313	42	70	74	112	208	217	219	369	392	461	473	510	#
1818	4697.74	112	130	154	187	257	473	#
1819	9613.76	67	71	88	99	122	236	254	264	308	319	363	385	388	502	#
1820	8112.9	14	43	63	68	124	142	146	197	246	272	345	477	490	496	#
1821	15700	63	98	101	119	123	136	167	187	242	254	276	292	316	352	419	422	470	473	508	#
1822	378.173	251	291	#
1823	846.972	14	#
1824	1156.78	113	131	#
1825	4773.89	32	53	208	215	228	361	395	412	500	#
1826	1461.76	4	98	124	260	350	393	408	416	442	473	505	#
1827	4427.5	84	293	301	463	500	#
1828	1334.79	270	315	417	490	#
1829	8941.32	40	133	175	178	184	306	313	376	486	#
1830	1886.19	6	39	108	357	413	#
1831	1682.74	340	381	397	#
1832	1187.03	217	441	464	#
1833	7756.76	7	20	30	91	124	184	199	229	261	313	456	502	#
1834	1474.55	25	97	351	#
1835	4584.77	130	208	245	247	248	#
1836	361.986	26	#
1837	7615.2	21	44	52	72	85	124	141	153	195	259	337	351	400	#
1838	2476.93	145	170	380	#
1839	5971.01	144	193	208	262	325	369	415	#
1840	5549.55	0	50	100	103	106	218	270	312	336	405	#
1841	879.355	178	312	#
1842	6688.25	53	69	108	116	142	185	199	200	204	257	288	314	450	#
1843	1535.92	10	51	62	106	455	483	#
1844	12330.2	10	46	88	90	174	190	219	283	292	300	345	361	365	375	381	392	419	423	469	477	#
1845	898.238	56	352	#
1846	4781.57	45	62	64	123	207	218	233	249	293	349	357	393	402	410	440	492	#
1847	5509.57	0	16	69	109	214	228	232	393	408	433	#
1848	790.283	49	178	201	#
1849	2782.57	90	303	421	#
1850	1848.46	162	280	396	475	#
1851	5827.71	66	112	373	380	396	420	510	#
1852	2295.61	132	257	329	351	377	403	484	#
1853	11016.5	11	21	25	79	96	128	145	152	180	181	226	254	278	283	306	317	320	357	375	378	398	412	424	435	471	499	507	#
1854	3343.43	89	164	410	414	#
1855	888.843	41	#
1856	3979.15	108	124	132	196	263	370	384	#
1857	3977.33	23	50	67	86	293	372	395	397	403	#
1858	6371.09	3	345	363	419	427	501	507	#
1859	2189.03	2	131	132	171	198	421	#
1860	6378.58	36	52	80	125	318	452	509	#
1861	677.927	295	480	501	#
1862	5865.51	61	77	130	190	192	363	401	#
1863	182.935	140	#
1864	890.922	307	#
1865	23453.9	52	61	89	91	122	136	143	180	222	232	235	253	319	323	347	375	404	405	425	452	454	461	464	469	485	489	491	497	509	#
1866	5106.67	79	109	125	192	422	505	#
1867	5402.88	118	128	163	334	346	472	494	#
1868	10789.3	123	196	208	237	247	292	310	369	431	445	475	482	#
1869	425.048	287	#
1870	514.658	45	#
1871	2717.88	11	21	49	60	203	242	317	326	429	447	#
1872	7447.92	85	230	330	352	368	463	475	496	509	#
1873	1079.21	138	309	#
1874	339.054	138	#
1875	6562.69	75	88	238	246	268	477	508	#
1876	4788.43	79	193	356	373	411	#
1877	674.279	300	#
1878	3558.04	32	366	435	436	473	#
1879	4421.98	6	26	141	153	240	#
1880	1088.48	124	225	#
1881	12074.2	6	51	136	138	203	216	223	269	302	344	362	371	401	410	453	454	461	472	475	#
1882	139.232	304	343	362	#
1883	7819.82	84	164	196	290	320	360	371	511	#
1884	4547.61	43	101	104	194	219	347	#
1885	4880.62	62	177	269	355	376	425	451	458	470	#
1886	1593.2	310	349	#
1887	2253.76	119	167	240	#
1888	686.678	214	309	#
1889	3440.78	13	60	63	174	381	396	432	#
1890	8187.18	0	50	113	136	188	199	239	324	325	358	371	412	421	436	450	#
1891	3523.88	5	13	90	109	117	133	139	141	154	293	313	381	506	#
1892	2253.1	7	126	204	237	285	319	330	#
1893	1735.64	96	104	110	210	214	390	434	#
1894	3577.22	16	92	251	409	#
1895	1014.95	51	62	162	183	#
1896	1708.47	206	409	#
1897	4644.71	122	180	271	375	406	509	#
1898	5094.07	40	237	240	257	305	311	354	376	380	384	422	#
1899	3147.99	210	214	216	263	350	381	#
1900	53.9879	268	#
1901	6161.26	9	57	58	67	99	138	264	283	296	363	394	405	406	413	428	454	469	507	#
1902	4411.42	90	96	130	263	381	383	460	471	#
1903	5745.91	12	13	29	77	80	81	112	118	151	158	206	244	259	269	291	295	306	345	362	429	452	485	#
1904	210.215	267	#
1905	1051.85	389	455	#
1906	19685.8	6	26	33	46	56	74	82	83	89	202	216	228	254	291	369	397	400	408	429	474	506	#
1907	3301.01	88	145	160	161	239	268	313	365	420	427	440	478	479	498	#
1908	5908.76	32	71	83	130	145	158	203	339	484	#
1909	2597.69	52	223	392	453	#
1910	1638.87	188	474	#
1911	1347.19	103	251	#
1912	4537.03	30	116	232	246	256	370	485	#
1913	3543.02	186	194	198	382	444	472	494	#
1914	15174.3	10	33	72	115	128	146	162	190	208	213	240	273	329	398	415	431	455	#
1915	5037.85	25	36	51	110	132	165	265	295	305	322	323	329	395	442	461	471	492	#
1916	2087.25	43	270	439	#
1917	3075.68	82	104	281	386	407	444	506	#
1918	3438.84	72	101	233	442	#
1919	4594.71	14	58	102	113	249	262	310	327	435	500	506	#
1920	2550.68	26	44	175	#
1921	10422.9	5	16	92	130	137	154	156	158	170	197	199	239	256	287	311	315	329	356	367	378	389	405	422	426	431	462	465	481	511	#
1922	8224.87	72	91	149	162	171	203	218	220	312	363	404	424	475	482	#
1923	6055.89	12	14	58	65	82	192	250	299	391	#
1924	3581.21	123	219	347	383	455	#
1925	484.045	282	#
1926	3802	32	51	64	81	133	135	154	219	226	260	268	312	360	367	387	392	442	480	509	#
1927	266.526	109	447	#
1928	3811.42	31	114	282	314	357	395	452	#
1929	5532.43	5	14	71	77	94	179	181	197	299	460	469	#
1930	450.31	192	201	#
1931	2493.81	44	217	380	#
1932	504.062	387	#
1933	2197.25	67	84	350	474	494	#
1934	3273.2	18	29	35	71	79	127	135	343	#
1935	2274.94	51	55	113	185	252	313	326	#
1936	4319.69	84	94	382	420	432	#
1937	2183.45	51	292	391	#
1938	97.9834	88	190	#
1939	1916.27	12	28	59	124	162	167	206	210	215	285	286	352	365	369	380	389	400	508	#
1940	1340.49	81	140	143	445	495	500	#
1941	10342.5	22	64	82	107	136	333	344	364	403	442	467	#
1942	967.708	269	398	#
1943	3879.62	53	91	206	489	499	#
1944	4561.12	14	140	171	186	189	258	277	349	388	426	501	#
1945	832.841	231	#
1946	1457.16	258	315	#
1947	3747.31	73	301	414	429	#
1948	140.557	142	#
1949	1262.42	88	428	#
1950	2833.67	24	167	358	433	490	#
1951	5729.31	222	294	303	317	342	442	502	510	#
1952	4020.79	74	76	82	96	281	287	342	383	#
1953	2721.94	74	144	201	210	411	#
1954	1462.02	113	495	#
1955	2535.97	9	93	128	334	492	499	#
1956	1855.79	210	367	#
1957	6079.67	14	37	40	81	226	431	446	476	#
1958	1863.44	7	20	216	447	475	502	#
1959	3966.48	285	291	311	447	#
1960	1735.96	98	160	#
1961	2383.28	117	264	404	#
1962	1339.37	210	284	#
1963	2329.98	85	117	161	303	365	420	#
1964	3517.93	113	185	217	261	423	446	#
1965	957.216	2	214	#
1966	1307.43	8	44	223	#
1967	1729.59	79	84	216	#
1968	1614	180	325	#
1969	1698.08	12	89	456	#
1970	652.719	95	100	#
1971	292.077	112	128	372	#
1972	8358.99	10	55	226	248	298	379	388	409	476	482	#
1973	2670.77	163	306	422	#
1974	7400.42	26	91	124	130	134	200	221	276	282	331	366	377	389	#
1975	4037.24	2	35	93	175	192	361	364	445	446	#
1976	4360.46	101	105	123	245	440	458	#
1977	2455.43	226	421	424	442	#
1978	1691.71	98	340	#
1979	17569.8	0	3	33	50	151	156	162	197	225	256	297	322	326	338	357	364	407	428	438	483	#
1980	2738.56	188	336	474	#
1981	805.036	12	393	#
1982	1050.06	50	213	#
1983	2368.45	82	151	229	#
1984	7921.44	26	54	157	209	279	287	342	405	#
1985	11504.9	2	90	127	154	240	267	286	294	310	383	412	413	#
1986	7926.4	43	57	132	146	191	243	285	304	366	385	390	429	473	486	490	494	500	503	505	#
1987	456.732	134	502	#
1988	9422.66	0	96	97	131	154	266	310	322	333	350	367	387	431	447	449	450	485	#
1989	7018.77	3	98	180	215	236	240	277	299	307	357	360	401	451	459	#
1990	214.298	277	297	#
1991	1640.91	37	451	#
1992	5531.23	11	34	44	47	137	183	276	292	320	353	372	375	428	451	500	#
1993	2796.97	186	251	510	#
1994	187.688	182	#
1995	6248.25	56	144	214	319	374	376	485	#
1996	1003.92	163	413	#
1997	912.767	172	415	#
1998	1199.24	40	109	437	489	#
1999	4100.8	27	52	141	233	276	332	450	463	#
