%% File generated by CATS v.2.1Wed Jun 29 17:25:14 2011

%% The CATS webpage is http://robotics.stanford.edu/CATS

%% PARAMETER SETTINGS:
% Goods: 50; Bids: 400; Distribution: L6; Runs: 1; Seed: 1309388769
% Legacy distribution parameters:
% Number of goods chosen according to Exponential distribution (q = 5).
% Price chosen according to Linear Random distribution (low_linearly = 1, high_linearly = 1000).


goods 50
bids 400
dummy 0

0	956.804	21	#
1	987.977	8	9	#
2	8653.03	0	4	26	27	30	32	34	38	41	46	#
3	738.415	12	16	#
4	1835.08	15	22	47	#
5	5532.58	7	17	21	43	44	45	#
6	775.652	9	#
7	4698.85	4	12	13	17	20	21	38	39	41	42	48	49	#
8	9157.9	2	4	7	11	14	19	22	24	25	26	30	36	39	40	#
9	1081.04	13	24	#
10	5022.14	7	10	11	15	16	25	26	28	30	31	34	36	39	42	46	#
11	4187.9	8	23	25	33	34	35	40	43	#
12	6510.83	2	9	15	19	31	32	33	37	45	#
13	891.716	13	#
14	17354.1	3	4	6	7	8	17	19	21	22	27	28	30	33	37	38	39	40	45	48	#
15	3015.03	10	24	27	28	38	43	47	#
16	2645.14	0	18	22	43	46	#
17	2223.73	7	12	18	23	33	35	#
18	712.597	1	#
19	10690.9	3	6	11	21	27	31	34	35	39	40	41	49	#
20	4182.85	2	3	13	17	18	28	29	35	#
21	2879.17	10	28	37	45	47	48	49	#
22	1969.59	10	36	#
23	5002.92	0	2	15	21	30	37	38	44	48	#
24	729.938	32	#
25	1233.11	12	19	39	#
26	862.145	26	#
27	3220.9	16	17	19	20	36	41	46	#
28	5614.63	15	20	31	33	42	45	47	#
29	3675.29	0	7	24	27	38	#
30	12808.3	1	4	13	14	15	16	24	31	35	41	42	45	48	#
31	1993.26	11	27	36	#
32	1350.51	2	29	#
33	991.39	44	#
34	2614.11	5	6	29	#
35	1049.93	8	28	34	#
36	987.907	41	#
37	9900.27	12	13	15	19	20	33	34	41	42	48	#
38	6520.86	12	21	23	25	26	36	38	39	44	48	49	#
39	4377.77	1	2	4	8	9	12	13	16	18	26	32	33	37	41	44	46	47	48	#
40	1521.86	18	22	27	29	#
41	897.896	3	#
42	696.748	29	#
43	5982.25	1	5	13	16	24	47	#
44	4116.08	18	20	21	35	38	42	#
45	993.874	42	#
46	2284.32	10	30	40	#
47	4363.28	4	5	6	8	10	12	17	19	20	21	23	28	32	34	38	44	49	#
48	941.511	8	#
49	1731.34	5	18	30	#
50	18355.8	1	3	4	7	10	11	13	16	17	18	22	24	26	33	37	38	39	40	42	44	49	#
51	871.522	1	16	#
52	1674.99	0	7	#
53	1185.65	4	35	#
54	362.594	5	#
55	4652.67	15	17	26	27	28	40	#
56	822.238	33	#
57	530.536	24	#
58	4700.31	0	10	11	12	14	32	38	45	46	#
59	2244.3	15	27	32	41	#
60	1954.32	27	41	#
61	374.579	47	#
62	5164.42	2	13	37	42	45	48	#
63	551.818	24	37	#
64	4759.13	5	15	17	25	27	29	30	31	43	45	#
65	626.012	39	#
66	1419.96	14	37	43	#
67	3736.25	0	20	22	28	29	38	39	41	42	#
68	2492.05	4	6	10	11	26	#
69	1588.2	5	46	#
70	1000.06	15	18	25	#
71	256.496	25	#
72	6372.49	4	12	16	23	31	35	39	#
73	844.357	0	#
74	10753.1	0	2	10	11	13	18	31	32	33	34	41	44	45	46	#
75	3463.59	13	15	16	17	19	48	#
76	6346.99	4	6	7	9	12	14	15	16	18	22	23	32	33	48	#
77	2354.04	10	15	21	#
78	3912.2	21	28	33	35	39	#
79	2657.12	5	6	8	20	30	41	#
80	768.448	28	#
81	7324.39	12	27	28	29	33	40	43	48	#
82	1070.03	10	38	#
83	20083.8	0	3	4	6	7	8	9	10	11	13	14	16	21	25	28	32	35	36	39	47	48	49	#
84	2555.36	8	24	28	29	45	#
85	562.917	23	#
86	2752.86	18	22	28	#
87	13020.2	0	1	8	9	20	23	24	29	32	36	39	40	41	42	46	#
88	3086.21	6	7	11	19	25	44	#
89	1763.86	19	40	#
90	2083.64	3	39	42	#
91	1646.83	47	49	#
92	2016.71	3	6	28	#
93	3508.17	19	26	41	46	#
94	838.315	20	#
95	6662.92	2	9	25	28	33	35	43	48	#
96	1150.36	25	42	#
97	1560.48	23	37	#
98	1729.95	10	37	#
99	2363.38	1	5	9	26	49	#
100	2285.35	16	20	24	26	34	35	43	#
101	4660.56	7	9	17	18	26	29	40	41	44	47	#
102	1665.81	1	25	33	#
103	1611.56	18	48	#
104	1908.52	7	37	39	43	#
105	341.578	27	#
106	1965.77	38	45	#
107	2880.57	12	14	15	22	27	37	#
108	13852.1	9	10	11	12	16	17	21	27	29	35	38	41	44	45	#
109	7632.88	0	11	19	23	24	27	37	38	39	#
110	3236.9	7	19	41	42	45	#
111	3935.85	3	13	14	18	20	39	48	#
112	2327.62	11	14	27	43	44	47	#
113	1631.86	18	41	44	48	#
114	1252.87	28	48	#
115	2637.79	7	8	32	34	46	#
116	3894.99	1	8	9	18	19	25	35	41	45	#
117	710.384	2	#
118	462.429	4	#
119	848.994	30	#
120	3299.25	6	13	16	17	19	24	44	45	#
121	9341.33	1	4	5	8	10	13	17	23	36	39	46	#
122	5423.76	4	11	17	23	31	36	41	#
123	7550.83	0	3	6	7	9	15	16	18	19	33	35	39	40	41	42	44	46	#
124	872.643	12	36	#
125	6297.96	0	2	12	15	28	32	35	41	42	46	#
126	906.122	10	#
127	14025.1	2	4	11	12	13	17	23	24	29	30	32	34	39	41	42	43	45	46	47	49	#
128	222.753	18	#
129	4550.98	4	5	14	16	20	44	45	#
130	5994.07	8	18	20	21	33	35	43	#
131	6396.47	0	5	11	15	16	30	44	#
132	22338.7	0	1	5	6	7	12	14	16	18	19	21	22	23	24	26	28	30	33	35	41	42	43	45	46	49	#
133	1682.35	1	6	32	36	40	#
134	1892.36	21	26	29	44	#
135	625.926	22	#
136	3626.86	5	12	13	16	17	29	30	32	#
137	3188.42	1	5	16	18	20	22	24	27	33	#
138	2783.27	1	3	9	11	23	34	36	40	48	#
139	4395.58	10	13	15	34	37	41	44	47	#
140	3776.91	2	14	31	39	#
141	1206.58	45	46	#
142	10487.9	4	5	7	8	11	17	20	21	25	28	36	38	42	45	#
143	9907.41	5	6	8	9	23	32	34	37	42	43	45	47	#
144	4026.75	10	14	15	19	27	35	45	48	49	#
145	3610.84	4	14	15	16	#
146	4995.45	7	8	17	19	20	30	41	47	#
147	3335.04	2	7	9	19	23	#
148	2337.04	11	18	30	#
149	2906.77	29	31	37	39	#
150	4800.26	6	12	19	28	36	#
151	2199.03	5	18	19	30	46	#
152	1263.48	17	23	27	29	38	40	43	#
153	936.589	22	27	37	#
154	1912.84	44	45	#
155	1601.83	2	22	#
156	2291.05	7	8	14	16	19	22	36	43	44	#
157	17730.7	0	1	2	3	7	8	9	10	11	12	14	16	17	18	19	21	22	25	26	28	32	33	35	36	37	38	39	40	42	43	44	46	48	#
158	1550.25	6	16	#
159	2790.08	35	36	48	#
160	4133.81	18	30	33	40	42	48	#
161	3659.09	2	3	8	13	26	29	31	39	#
162	4905.7	1	18	31	36	44	#
163	1988.25	15	24	38	#
164	1384.35	3	33	#
165	2999.36	14	40	42	#
166	3458.94	0	22	26	28	42	#
167	902.521	3	5	24	29	32	49	#
168	859.684	7	#
169	4305.77	14	16	18	20	23	28	29	34	39	46	48	#
170	285.512	49	#
171	10734	8	11	12	19	26	32	33	35	38	40	49	#
172	716.522	12	#
173	1892.42	41	42	43	#
174	819.472	17	#
175	899.48	15	#
176	5023.78	0	12	26	33	35	37	#
177	1317.07	30	33	49	#
178	3986.72	7	13	14	15	25	26	37	39	45	48	#
179	1471.73	16	24	#
180	2911.02	7	19	31	#
181	831.536	11	#
182	980.215	38	#
183	1839.65	35	37	#
184	2206.93	19	24	42	#
185	4162.31	0	4	6	8	9	10	12	16	18	21	23	25	29	31	32	33	35	37	38	42	43	45	48	#
186	6098.82	2	9	11	18	22	25	35	41	43	#
187	2703.17	2	4	44	#
188	4359.13	13	17	29	37	45	#
189	233.63	14	#
190	3728.79	0	6	16	31	44	#
191	5577.77	6	10	19	27	28	35	39	40	#
192	1946.39	19	33	#
193	1583.71	16	39	#
194	131.138	19	#
195	1854.87	7	49	#
196	5622.71	0	1	8	10	13	18	27	30	32	34	#
197	3030.82	1	11	14	25	34	48	#
198	84.3551	16	#
199	1737.41	26	29	30	35	46	#
200	3051.89	5	10	39	43	#
201	2946.16	0	10	16	17	21	23	28	29	32	35	38	#
202	1126.97	40	45	#
203	773.408	36	40	#
204	2825.8	11	36	37	#
205	6907.69	0	2	9	16	19	23	24	29	30	31	32	36	41	44	45	#
206	2034.58	7	10	22	#
207	16682.6	4	5	9	10	11	18	19	24	26	28	30	36	37	40	41	47	49	#
208	5138.71	1	12	25	29	32	38	39	40	#
209	2446.8	16	22	24	27	34	40	42	#
210	1434.53	33	44	#
211	1490.85	30	34	#
212	8407.33	8	18	20	21	24	29	30	43	45	49	#
213	3993.25	0	2	19	27	34	48	#
214	1435.29	6	7	#
215	14560.3	1	5	8	9	14	19	22	25	32	33	35	37	40	44	45	#
216	853.858	14	19	24	#
217	446.368	35	49	#
218	8367.22	3	4	11	14	15	16	17	21	22	25	26	27	34	41	42	45	48	#
219	1567.77	0	37	#
220	4051.91	10	18	22	34	37	38	48	49	#
221	12455.8	0	12	14	16	17	23	26	27	32	36	39	45	48	49	#
222	2171.21	5	16	20	22	30	37	49	#
223	1825.9	12	24	44	#
224	572.503	45	#
225	5475.64	0	7	12	23	40	43	#
226	2728.52	1	19	21	23	29	30	34	48	#
227	3127.17	2	4	12	20	22	28	33	36	37	42	49	#
228	3374.64	12	26	27	35	#
229	401.568	34	#
230	1071.85	5	7	#
231	1819.63	14	18	40	#
232	2718.83	11	14	18	#
233	1670.89	6	9	10	14	30	35	46	#
234	3317.78	14	26	32	46	#
235	2944.77	13	43	49	#
236	7498.09	1	8	11	15	16	24	25	38	39	43	44	#
237	10979	0	4	6	11	12	14	28	39	41	47	48	#
238	1700.02	16	31	32	#
239	3043.57	16	34	42	45	#
240	512.468	6	#
241	574.25	46	#
242	1807.09	22	28	#
243	2721.78	14	28	38	#
244	5659.13	7	14	19	27	36	39	48	#
245	4036.8	11	13	15	18	20	42	#
246	7077.1	0	1	3	5	6	8	12	20	26	29	33	36	39	40	41	44	47	49	#
247	1015.59	17	19	23	#
248	4359.17	2	7	15	26	34	36	39	40	45	#
249	3190.85	2	12	16	20	22	28	38	#
250	2617.96	6	20	41	#
251	2336.71	5	17	41	#
252	973.33	43	#
253	1607.49	0	1	3	17	36	42	43	#
254	2919.91	1	7	37	#
255	1794.42	29	41	#
256	10902.4	1	3	9	13	20	25	26	27	33	38	42	45	49	#
257	1552.51	2	9	20	32	#
258	12098.7	2	6	10	12	15	16	19	20	21	24	27	28	34	37	#
259	1985.61	4	7	14	22	45	#
260	3730.81	8	12	14	16	20	21	22	32	#
261	5049.71	0	12	24	29	36	40	#
262	1370.7	31	37	49	#
263	2611.88	5	6	9	11	13	16	19	22	25	33	35	38	47	48	#
264	1799.75	10	13	19	22	32	37	#
265	3102.95	11	14	18	23	26	41	#
266	2938.17	16	23	35	#
267	5424.12	9	12	23	25	37	41	45	#
268	3843.12	5	30	34	49	#
269	4377.97	5	9	14	15	18	21	35	44	46	#
270	1997.57	13	26	33	35	#
271	1243.39	30	36	#
272	1980.88	20	28	#
273	3220.34	6	9	23	42	43	#
274	5134.28	15	16	17	22	27	32	33	#
275	3180.98	1	3	6	9	14	17	19	21	30	35	36	40	43	#
276	1823.49	9	13	#
277	10923.4	0	4	7	9	11	13	17	18	20	32	35	45	48	#
278	990.014	0	32	#
279	3735.05	13	23	34	48	#
280	2249.76	14	26	42	#
281	1772.88	8	14	#
282	4554.77	1	7	12	13	44	46	#
283	1232.83	33	37	#
284	2639.91	16	19	22	26	30	42	44	#
285	6701.22	7	11	24	27	31	36	40	43	45	#
286	2607.82	3	13	25	38	#
287	2452.07	38	39	43	#
288	12498.4	0	1	2	7	9	11	13	15	18	19	20	24	25	27	30	34	37	38	40	42	43	45	#
289	2601.98	12	18	30	34	40	#
290	6441.09	0	3	5	9	18	28	30	31	34	38	40	41	#
291	1458.61	6	17	#
292	7317.54	6	7	11	16	18	26	37	39	40	43	44	#
293	22234.9	0	1	2	3	4	5	7	12	17	18	20	21	22	25	28	29	31	33	36	38	40	44	48	49	#
294	3727.49	0	1	3	4	11	14	18	20	22	27	32	35	36	45	#
295	2213.98	0	3	11	44	47	#
296	3484.47	7	8	16	20	36	39	41	#
297	70.0291	36	#
298	2408.51	0	7	36	#
299	4588.97	4	6	7	11	21	23	29	30	#
300	732.547	16	22	40	#
301	857.398	12	19	#
302	3364.65	12	16	17	31	32	33	34	38	39	42	43	46	#
303	10307.3	4	5	6	9	10	11	19	24	29	30	32	35	43	44	48	#
304	1767.29	31	35	#
305	3668.31	7	13	19	21	26	40	49	#
306	7036.45	4	12	19	21	33	34	37	45	#
307	1887.06	5	15	17	20	25	29	30	42	47	48	#
308	6910.43	0	1	4	26	28	31	32	39	42	#
309	17858.3	0	6	7	11	12	17	21	23	24	28	29	30	32	37	41	46	47	49	#
310	2673.85	3	17	18	23	36	#
311	10628.7	3	5	6	14	15	19	23	26	30	31	35	36	44	#
312	1398.19	5	16	49	#
313	8892.01	1	4	7	10	15	21	26	33	44	#
314	4523.08	5	10	17	30	43	#
315	5441.41	8	17	19	32	35	42	43	44	#
316	1033.5	4	19	#
317	1095.73	12	31	#
318	4082.38	4	5	10	13	20	22	41	48	#
319	2750.56	0	1	45	46	47	49	#
320	4059.71	2	7	13	22	38	#
321	3131.05	0	4	14	30	46	#
322	3801.8	10	17	22	48	#
323	372.365	48	#
324	4396.05	10	11	17	44	47	#
325	6110.07	5	6	11	12	15	22	28	30	39	45	#
326	14871.1	0	2	8	12	16	25	26	27	32	34	37	39	41	42	43	44	46	#
327	6914.75	1	9	13	19	21	22	24	30	32	36	38	40	43	46	49	#
328	2937.99	18	24	28	48	#
329	4930.37	8	22	30	33	45	49	#
330	1605.55	9	11	14	27	#
331	1835.52	3	25	#
332	1743.91	8	22	#
333	1306.54	10	22	23	38	41	#
334	4776.73	8	12	24	35	36	43	#
335	13539.5	0	3	4	5	6	8	15	16	17	21	23	25	26	27	28	33	34	41	42	43	49	#
336	1890.67	12	19	26	27	#
337	2656.81	2	24	35	#
338	8808.35	0	3	8	9	10	14	18	35	41	49	#
339	1046.01	15	20	25	26	29	43	47	48	#
340	2240.5	19	27	29	38	40	#
341	2228.49	0	19	20	22	30	34	38	40	42	49	#
342	25121.1	46	3	43	0	26	25	15	35	4	8	44	17	5	16	32	28	48	2	6	33	36	20	27	29	30	10	38	22	49	42	24	34	1	12	31	#
343	3172.09	1	22	23	31	34	#
344	3415.66	6	14	17	26	34	43	48	#
345	4810.12	9	14	16	28	39	43	#
346	1890.74	37	44	#
347	2988.25	0	20	27	45	#
348	2383.52	2	15	26	39	#
349	5702.22	3	5	11	18	26	35	49	#
350	1186.52	6	29	#
351	3042.05	2	6	31	41	#
352	9602.38	0	2	4	14	19	20	21	22	23	24	27	33	36	39	44	47	49	#
353	1708.47	8	9	28	30	48	#
354	3584.01	7	8	10	11	16	21	22	25	29	36	37	38	44	#
355	1690.03	9	26	37	38	47	#
356	7723.25	13	18	20	34	39	41	44	48	49	#
357	3612.77	18	19	25	48	#
358	3235.54	3	13	22	28	34	35	36	40	43	49	#
359	1642.26	20	21	36	43	#
360	6741.53	14	21	22	25	27	30	31	34	35	36	37	41	43	49	#
361	1763.73	7	18	25	26	#
362	3589.36	4	5	6	8	14	16	20	29	32	49	#
363	11594.2	0	9	16	17	27	29	30	32	33	37	38	40	44	49	#
364	3706.16	2	12	20	24	27	28	29	33	35	43	49	#
365	1308.04	2	15	21	#
366	6799.4	3	8	20	24	29	32	43	#
367	1413.36	1	39	40	41	#
368	1886.98	20	33	42	#
369	2217.03	2	17	32	40	#
370	1884.61	9	41	#
371	3854.19	23	36	38	49	#
372	2660.96	0	10	29	#
373	8714.4	2	6	15	21	22	23	25	34	38	44	48	#
374	1400.39	19	46	#
375	1813.42	13	15	19	37	48	#
376	6985.7	9	16	19	42	45	46	47	#
377	4854.05	10	13	17	21	26	34	36	40	47	#
378	5349.82	8	17	21	26	40	48	#
379	2100.2	2	27	49	#
380	4087.23	0	18	36	45	48	#
381	1176.54	33	36	49	#
382	2527.77	9	22	29	#
383	2077.26	4	7	14	18	29	38	39	#
384	6780.89	1	5	9	10	12	16	21	26	27	29	33	38	43	47	48	#
385	1516.37	5	13	38	#
386	3922.85	12	14	30	34	#
387	7277.12	0	6	9	25	28	33	39	40	#
388	2226.86	2	10	22	34	47	#
389	2241.73	3	16	23	29	31	32	33	38	39	42	48	#
390	3097.05	4	17	26	27	#
391	3030.04	1	6	9	10	12	16	19	26	34	35	42	43	#
392	7027.99	6	7	12	22	24	30	34	35	37	#
393	752.222	22	45	#
394	7973.47	3	16	21	26	31	34	38	45	46	48	#
395	1425.29	12	15	34	35	43	44	#
396	3886.72	10	11	24	36	37	46	47	#
397	3747.59	15	17	37	46	#
398	3425.85	5	13	14	45	46	47	48	#
399	362.024	37	#
