%% File generated by CATS v.2.1Wed Jun 29 17:25:14 2011

%% The CATS webpage is http://robotics.stanford.edu/CATS

%% PARAMETER SETTINGS:
% Goods: 50; Bids: 400; Distribution: L6; Runs: 1; Seed: 1309388766
% Legacy distribution parameters:
% Number of goods chosen according to Exponential distribution (q = 5).
% Price chosen according to Linear Random distribution (low_linearly = 1, high_linearly = 1000).


goods 50
bids 400
dummy 0

0	1698.62	3	11	#
1	2967.53	13	23	37	#
2	6913.4	0	1	19	26	28	35	40	41	43	#
3	5475.11	2	7	16	29	30	35	44	#
4	3919.5	8	23	24	35	43	45	#
5	2098.57	7	22	47	#
6	709.953	18	#
7	10384.4	1	3	7	9	11	15	16	17	21	22	24	27	30	34	36	46	#
8	966.507	12	#
9	808.663	33	#
10	672.726	2	#
11	406.614	5	#
12	305.024	38	#
13	1267.12	3	13	14	26	#
14	2862.73	2	6	14	22	31	38	39	41	#
15	778.27	20	#
16	557.759	13	45	#
17	3460.95	3	6	7	10	12	27	33	#
18	896.257	11	41	#
19	2263.57	1	3	8	13	26	34	#
20	8749.11	5	9	19	23	28	35	37	39	42	44	46	#
21	4230.22	3	4	20	25	29	32	44	46	#
22	920.535	1	#
23	543.898	11	#
24	3428.07	1	2	11	15	17	21	36	#
25	1731.42	9	27	#
26	3812.89	19	34	39	46	#
27	12551.5	1	4	5	10	11	12	28	32	35	37	38	40	44	45	#
28	1398.19	17	26	#
29	1263.47	23	36	40	#
30	5999.99	12	16	24	33	44	47	#
31	967.834	17	46	#
32	1879.99	22	36	#
33	2850.87	12	25	34	43	46	#
34	1386.75	2	6	#
35	2004.85	12	18	28	43	45	#
36	3274.3	2	8	19	39	#
37	1559.36	1	16	28	30	37	#
38	4260.07	2	5	14	24	37	41	47	49	#
39	2494.97	2	25	32	#
40	910.826	10	#
41	13589.9	3	4	5	6	16	18	29	30	31	35	37	44	47	49	#
42	825.763	28	#
43	1074.63	2	12	20	36	#
44	6357.2	1	2	7	9	11	25	28	29	30	31	34	38	#
45	553.539	14	#
46	2922.14	21	39	44	49	#
47	1524.34	5	16	32	37	40	#
48	12015.1	5	13	15	20	23	25	31	33	37	38	40	42	47	#
49	1030.35	28	45	#
50	1516.37	0	26	30	33	41	#
51	1167.83	22	31	#
52	2381.07	27	30	31	#
53	986.692	16	#
54	5673.52	8	13	17	21	23	44	47	#
55	5035.24	0	1	2	6	10	15	26	38	48	#
56	5712.69	12	18	22	38	39	45	48	#
57	3224	4	22	24	44	46	#
58	3243.21	21	23	25	32	#
59	3565.7	1	13	20	25	#
60	2535.36	4	24	29	30	35	36	37	39	42	46	#
61	9790.08	0	2	5	9	10	14	19	21	31	33	34	35	38	39	42	43	44	#
62	5057.59	14	25	32	35	44	46	#
63	8796.29	6	10	16	19	25	28	30	31	38	46	#
64	1362.2	10	20	42	#
65	782.355	40	#
66	1249.36	11	12	16	29	31	32	36	#
67	4948.86	0	16	26	27	32	36	42	49	#
68	7009.84	1	10	17	22	24	29	33	46	#
69	2657.48	1	13	19	28	36	37	46	#
70	1468.49	11	44	#
71	6747.79	5	7	16	25	37	46	47	#
72	1766.07	11	47	#
73	823.633	24	46	#
74	1606.19	37	41	#
75	23719.6	0	5	7	8	10	12	14	19	22	25	27	28	37	38	39	40	41	43	44	45	46	47	48	49	#
76	8866.49	4	7	8	14	15	28	30	31	37	41	#
77	519.638	39	#
78	4511.11	2	24	29	36	40	44	#
79	341.32	6	#
80	5287.34	1	3	7	10	12	14	17	18	21	26	28	33	35	38	43	45	47	#
81	6136.85	3	7	9	10	12	13	19	21	26	30	34	35	40	41	44	#
82	2303.81	10	11	20	27	47	#
83	2597.49	28	34	35	#
84	3838.35	4	14	27	31	39	#
85	3835.79	10	12	20	27	32	39	46	49	#
86	2700.56	13	28	38	#
87	797.671	24	39	#
88	5723.05	6	19	20	23	31	36	41	45	46	47	49	#
89	1399.49	1	4	5	19	35	40	41	47	#
90	937.968	3	27	32	#
91	7154.17	4	12	22	23	26	28	34	38	47	48	#
92	931.637	32	#
93	2796.31	1	2	4	29	31	36	#
94	1690.75	6	12	23	39	#
95	6363.28	9	13	21	23	27	29	31	37	39	42	45	49	#
96	5924.86	1	13	20	28	31	44	46	#
97	1563.32	6	11	33	38	40	41	#
98	6240.88	4	15	18	21	24	25	27	31	32	34	35	41	46	47	48	#
99	8845.49	10	12	14	16	20	30	32	36	47	#
100	806.313	34	#
101	572.662	31	#
102	2244.16	12	28	30	#
103	3318.96	2	29	34	47	#
104	1683.24	4	38	43	#
105	978.184	8	#
106	17882.9	1	8	14	15	20	21	26	27	30	31	33	34	36	38	39	41	43	48	#
107	1796.41	1	39	#
108	7273.51	0	7	8	12	15	27	33	36	41	45	#
109	488.1	24	#
110	662.042	15	#
111	2734.26	3	10	23	31	43	#
112	944.55	15	32	40	#
113	834.539	9	#
114	846.573	27	#
115	2167.73	3	7	16	21	#
116	10232.4	0	3	4	13	15	18	26	27	28	29	34	45	#
117	6416.21	6	8	12	13	21	22	23	25	28	30	36	39	40	46	#
118	277.748	46	#
119	1873.39	7	9	19	#
120	9078.48	0	2	5	9	10	13	14	17	18	21	22	23	24	25	27	32	33	38	39	41	42	43	46	48	49	#
121	2632.72	8	22	25	#
122	2108.46	3	6	8	9	13	16	21	36	39	45	#
123	997.243	26	28	29	32	36	49	#
124	769.252	3	41	46	49	#
125	1770.01	27	35	39	#
126	5817.19	5	6	15	22	23	32	40	42	43	46	#
127	1285.99	27	48	#
128	4634.96	6	8	19	26	27	31	40	#
129	7067.38	9	13	14	21	30	31	37	39	43	46	47	#
130	14323.1	0	3	7	13	16	17	20	23	26	28	29	30	32	36	40	44	48	#
131	948.271	7	45	#
132	8279.43	2	5	6	8	10	11	15	17	29	30	32	44	46	47	#
133	6391	0	13	14	18	24	32	36	37	41	42	44	#
134	1419.41	8	25	27	35	43	#
135	10415.6	0	3	5	7	9	10	15	19	22	23	27	29	31	32	33	34	37	40	42	43	44	#
136	8057.03	0	2	8	9	13	15	20	21	25	35	36	42	43	48	#
137	3479.02	5	9	14	39	44	45	#
138	963.834	4	13	21	46	#
139	2484.66	0	11	40	#
140	2953.5	6	27	35	#
141	2148.52	3	16	20	#
142	797.942	22	40	47	#
143	2190.03	14	20	37	#
144	2795.26	5	8	10	11	15	18	20	22	23	28	32	33	40	42	44	#
145	2259.84	8	13	17	19	22	39	40	45	#
146	921.327	30	#
147	5512.61	1	8	9	10	29	33	34	45	#
148	13201.4	3	5	12	19	21	23	24	31	37	39	40	41	43	45	49	#
149	2826.32	0	2	30	38	#
150	6083.01	0	8	20	22	24	26	31	#
151	780.683	21	48	#
152	1339.95	8	35	41	#
153	1768.96	15	42	#
154	5857.63	6	9	22	28	37	43	#
155	7962.78	2	4	6	12	13	15	23	27	29	32	41	49	#
156	4665.04	4	7	15	20	22	26	35	37	#
157	104.398	37	#
158	6918.34	8	14	16	19	20	35	45	#
159	2691.54	11	27	33	42	#
160	1761.56	12	18	23	32	#
161	13715.2	5	9	13	18	22	23	30	38	39	43	44	45	46	47	#
162	397.881	35	#
163	2690.9	4	8	9	13	24	#
164	10377.9	7	9	11	13	21	22	25	26	29	37	38	43	#
165	791.163	43	44	#
166	7418.46	1	6	12	13	16	20	27	28	31	32	35	37	38	39	49	#
167	844.485	21	47	#
168	9926.98	7	14	18	24	25	28	29	30	34	35	39	#
169	716.794	23	#
170	1083.16	11	19	46	#
171	1945.14	16	27	#
172	3632.5	8	20	26	34	#
173	10687.9	0	8	10	11	20	29	31	33	34	36	37	39	44	46	#
174	8879.52	3	4	5	13	15	33	34	36	49	#
175	10582.7	1	5	9	10	20	21	27	30	31	34	37	#
176	739.365	19	#
177	6115.29	1	3	4	9	13	19	20	26	27	30	31	34	42	46	#
178	9468.9	1	2	12	19	20	21	29	33	38	41	#
179	1605.22	12	20	36	45	#
180	2910.48	27	31	49	#
181	46.0846	49	#
182	2372.59	1	3	6	23	35	41	#
183	4087.75	2	5	6	8	12	16	27	29	33	37	45	#
184	870.489	36	#
185	2015.89	21	34	43	46	#
186	3070.65	1	8	20	23	32	38	#
187	5150.97	7	15	25	30	36	46	#
188	372.912	0	#
189	1043.29	9	29	40	#
190	1345.62	3	40	#
191	1294.16	10	14	26	27	32	47	#
192	1108.88	18	22	#
193	1099.47	4	10	41	#
194	3566.93	0	1	5	8	11	14	24	36	41	46	48	#
195	1633.15	2	34	#
196	3748.45	16	29	32	33	37	40	#
197	1975.37	3	22	28	#
198	2861.24	22	37	43	#
199	419.498	41	#
200	69.8066	44	#
201	432.065	43	49	#
202	898.711	4	#
203	3363.29	8	12	16	19	21	24	35	43	#
204	13207	1	2	6	15	17	18	19	22	25	34	36	43	47	48	#
205	944.513	4	6	19	26	#
206	1943.54	4	7	9	14	15	25	28	31	41	48	#
207	713.766	25	#
208	1677.41	10	16	#
209	10193.7	4	7	11	15	16	21	22	23	24	26	34	36	44	49	#
210	3581.71	0	2	5	12	14	19	21	25	31	32	36	37	39	40	41	43	46	#
211	1304.2	14	18	37	#
212	432.978	0	22	#
213	2964.96	1	3	17	39	#
214	1302.68	4	36	45	#
215	1060.04	37	48	#
216	9413.13	1	2	3	5	8	12	13	14	17	18	23	25	28	29	30	34	42	43	47	#
217	1770.82	37	39	41	#
218	11122.5	0	1	3	6	8	10	13	16	17	18	20	22	24	27	33	37	42	45	#
219	2649.38	1	5	13	14	21	33	36	40	48	#
220	667.11	6	26	#
221	2558.64	4	13	14	17	18	19	21	23	27	33	36	39	47	#
222	10707.9	1	2	5	14	16	18	21	26	34	40	41	42	43	44	49	#
223	8317.16	1	4	5	16	18	22	31	34	35	44	#
224	17418	1	3	4	5	7	12	13	15	17	20	21	23	26	30	31	33	35	37	38	39	42	43	45	46	48	#
225	3085.29	27	32	44	48	49	#
226	2003.19	0	13	16	23	30	49	#
227	3975.84	1	6	9	11	22	42	48	#
228	8469.1	4	5	11	12	15	18	19	23	26	31	34	#
229	772.373	7	#
230	3728.13	7	8	10	18	36	37	46	49	#
231	3259.36	1	9	45	47	#
232	5171.08	0	6	17	28	29	32	#
233	1086.16	9	11	16	21	26	32	46	#
234	10721	0	2	4	10	12	15	16	25	30	34	37	46	48	49	#
235	5796.84	3	5	6	11	14	17	32	35	39	42	44	48	49	#
236	3822.54	8	11	14	18	43	46	47	#
237	2073.84	1	18	48	#
238	1714.79	1	14	#
239	2637.32	1	7	43	#
240	1394.69	21	29	38	#
241	933.92	3	44	#
242	3453.58	0	1	8	13	20	24	#
243	8101.25	6	14	16	18	19	25	29	31	33	37	41	45	46	48	49	#
244	19918.1	2	4	6	7	12	13	14	18	19	21	23	24	25	26	27	28	30	34	35	38	39	41	43	44	45	46	48	#
245	529.735	24	42	#
246	9245.91	0	2	11	17	18	20	21	23	28	37	44	#
247	1567.35	3	18	#
248	1759.57	4	5	8	12	13	15	37	38	#
249	1666.74	1	48	#
250	817.057	6	48	#
251	4387.25	5	11	13	21	44	#
252	2801.74	0	21	38	42	#
253	2955.57	19	21	28	48	#
254	1855.9	7	28	46	#
255	3841.52	1	6	7	12	15	44	46	49	#
256	6841.09	4	27	29	31	36	42	48	#
257	6911.28	1	2	3	8	10	14	17	19	30	34	38	44	48	#
258	8861.3	0	4	5	7	9	13	18	27	28	32	34	39	42	47	49	#
259	5992	3	18	19	22	26	27	28	31	33	36	41	47	#
260	1594.26	25	49	#
261	745.965	21	#
262	1653.92	19	21	22	34	47	#
263	2651.09	17	25	26	27	41	#
264	6548.05	4	7	8	19	23	33	36	39	#
265	2222.83	2	7	10	31	45	#
266	4594.26	0	6	8	9	11	25	32	37	44	#
267	1155.61	14	44	#
268	3697.02	5	9	31	32	#
269	631.033	14	24	#
270	1997.49	5	11	17	35	39	48	#
271	7679.06	9	20	22	25	27	30	31	32	37	38	46	47	48	#
272	7347.39	6	23	25	32	34	36	48	49	#
273	1049.6	8	43	49	#
274	2859.03	0	13	18	22	32	46	#
275	2320.58	9	13	38	#
276	1099.37	4	13	17	18	32	34	37	#
277	5831.97	19	20	22	25	26	28	#
278	2308.68	4	17	22	31	36	#
279	14128.7	2	4	6	18	21	22	23	24	25	26	31	35	36	40	42	#
280	10680.1	7	8	9	15	21	23	28	34	35	36	39	46	49	#
281	1365.8	20	25	#
282	2551.3	28	35	36	#
283	2230.31	10	15	27	34	36	#
284	1723.13	18	20	#
285	2218.87	1	11	24	37	#
286	853.179	17	40	#
287	4099.85	7	9	12	22	26	42	43	45	46	#
288	7589.35	12	16	23	39	40	43	45	46	#
289	3103.04	1	16	22	34	36	40	46	#
290	1115.64	33	35	#
291	6778.8	7	11	15	21	39	45	46	49	#
292	8805.82	0	1	5	17	18	19	26	28	29	34	35	40	42	44	#
293	1048.51	16	19	20	30	31	34	39	41	45	#
294	1213.73	6	7	#
295	2008.29	1	6	15	16	29	37	42	#
296	3341.46	6	7	8	22	40	#
297	9396.23	0	1	2	6	8	9	13	15	18	22	23	26	30	34	38	41	#
298	2960.87	0	1	4	10	17	19	20	22	23	36	49	#
299	1822.79	14	17	24	28	30	32	48	#
300	4543.38	4	6	8	9	13	16	21	22	27	30	35	#
301	5196.51	4	27	32	36	38	46	47	#
302	1396.2	2	14	15	23	44	46	#
303	6241.01	19	26	27	28	35	36	49	#
304	923.598	3	20	21	#
305	506.864	26	38	#
306	1708.82	17	20	38	#
307	4612.55	9	11	16	18	22	45	#
308	1619.02	0	3	21	41	#
309	956.476	1	34	35	#
310	9997.74	0	8	11	14	23	25	27	29	33	49	#
311	4926	0	11	12	17	22	42	#
312	263.009	37	45	#
313	4317.46	0	10	13	15	16	29	30	36	38	46	49	#
314	1573.93	13	36	#
315	6330	0	5	7	20	22	26	31	35	40	41	42	45	47	#
316	1490.06	22	30	#
317	735.381	5	29	#
318	5405.58	3	17	19	21	26	33	37	38	39	#
319	3502.18	1	17	21	44	47	#
320	2399.42	4	40	46	49	#
321	4238.04	0	2	4	16	29	32	#
322	3328.28	1	14	31	36	38	#
323	1032.89	5	12	13	16	17	45	48	#
324	2327.06	1	4	8	10	26	31	34	40	#
325	3915.64	9	14	26	29	43	#
326	1691.03	5	21	#
327	1356.85	3	14	26	39	41	44	#
328	2457.27	0	14	22	26	#
329	6261.16	0	3	6	26	27	40	42	47	#
330	817.38	13	15	#
331	11508.3	8	9	10	12	19	26	32	33	39	42	44	46	#
332	2511.7	29	32	33	47	#
333	2696.81	0	4	6	12	#
334	4344.48	0	1	3	14	22	24	28	30	32	39	#
335	1480.5	8	15	39	#
336	2679.83	2	7	42	47	#
337	2508.69	10	14	19	#
338	238.48	3	#
339	2226	8	12	14	18	19	21	38	#
340	48.1901	17	#
341	905.379	6	45	49	#
342	8228.25	1	7	8	10	13	17	19	24	30	31	34	35	37	38	39	40	44	45	46	49	#
343	1315.62	14	17	22	42	43	44	#
344	1867.12	19	21	22	42	#
345	1315.11	35	48	#
346	1910.63	0	4	5	6	8	13	15	18	20	38	46	49	#
347	6828.99	2	5	6	10	24	29	30	31	34	37	45	#
348	1788.9	28	46	#
349	1131.13	7	40	43	45	#
350	1541.3	2	38	#
351	2892.66	0	3	16	17	36	37	43	#
352	783.118	26	44	#
353	4895.01	2	11	32	34	37	38	41	46	48	#
354	2989.19	2	27	28	36	37	48	#
355	1166.11	4	11	18	29	40	#
356	7467.15	9	22	25	26	29	32	35	39	42	45	46	47	49	#
357	274.332	3	48	49	#
358	9995.64	2	8	9	10	13	17	19	27	31	39	49	#
359	1784.09	7	9	26	45	46	#
360	6797.76	3	4	9	11	14	17	18	26	30	32	33	35	39	43	44	48	#
361	4502.69	1	10	19	28	31	35	36	46	#
362	798.401	19	44	#
363	13489	5	6	7	8	9	10	11	26	28	32	36	39	47	49	#
364	1738.22	9	21	38	46	#
365	13408	1	4	7	12	14	15	17	19	20	23	26	28	29	31	33	35	37	40	48	#
366	764.503	19	31	35	#
367	1036.29	1	3	4	#
368	4409.09	5	6	8	11	12	13	18	24	25	38	39	40	43	48	#
369	1613.52	20	24	#
370	1004.71	9	40	#
371	2413.65	3	17	21	#
372	4909.76	3	17	24	28	49	#
373	1332.67	2	8	#
374	3312.77	6	31	35	37	39	#
375	3135.52	2	3	4	14	24	29	33	37	40	48	49	#
376	5045.42	2	7	12	18	20	24	32	35	42	#
377	3532.75	0	10	37	42	49	#
378	2386.96	0	9	11	32	33	36	48	#
379	438.416	5	6	13	42	#
380	340.495	26	#
381	4789.63	13	18	22	24	27	29	31	44	45	#
382	1562.23	17	19	21	23	25	26	27	31	34	37	#
383	2789.13	13	19	32	#
384	8851.36	4	7	8	10	18	32	35	45	49	#
385	2208.35	4	7	8	9	11	16	25	29	41	49	#
386	2101.1	2	8	9	18	26	#
387	12343.5	0	5	9	14	16	18	19	21	25	33	38	45	49	#
388	1366.32	19	20	42	44	#
389	3701.34	14	24	26	27	48	#
390	1673.14	12	30	32	#
391	2764.64	0	36	40	43	48	#
392	1866.43	9	14	32	48	#
393	928.05	13	33	#
394	4606.47	7	10	17	18	22	29	36	39	#
395	3824.72	0	5	6	7	9	11	14	15	16	17	19	21	27	29	30	45	47	49	#
396	3589.44	31	33	38	43	47	#
397	2080.12	2	7	24	38	45	#
398	12582.7	5	6	7	8	10	11	12	14	19	22	23	25	29	35	36	40	44	45	46	#
399	7377.92	0	3	6	19	20	26	30	33	37	#
