%% File generated by CATS v.2.1Mon Jul  4 15:32:48 2011

%% The CATS webpage is http://robotics.stanford.edu/CATS

%% PARAMETER SETTINGS:
% Goods: 256; Bids: 1000; Distribution: L6; Runs: 1; Parameters generated from distribution in file "qpstuff/L6-qp.txt".; Problems generated from distribution over features in files: qpstuff/cass-qp.txt, qpstuff/cplex-qp.txt, qpstuff/lehman-qp.txt; Seed: 1309826589
% Legacy distribution parameters:
% Number of goods chosen according to Exponential distribution (q = 0.906322).
% Price chosen according to Linear Random distribution (low_linearly = 0.156769, high_linearly = 1.84323).


goods 256
bids 1000
dummy 0

0	1.58434	69	#
1	3.43665	13	247	#
2	1.72991	2	#
3	1.83277	66	#
4	1.76628	19	#
5	1.8152	230	#
6	1.81554	124	#
7	1.44249	75	#
8	1.73928	52	#
9	1.77461	83	#
10	4.90753	34	149	231	#
11	1.59504	158	#
12	1.80342	157	#
13	1.6079	207	#
14	1.76323	142	#
15	1.8291	127	#
16	1.61849	252	#
17	2.32887	121	246	#
18	1.50313	96	#
19	1.57773	112	#
20	1.82167	126	#
21	4.90185	133	172	235	#
22	1.75148	232	#
23	2.89406	46	76	#
24	1.78264	87	#
25	1.75356	100	#
26	4.41125	53	65	111	186	218	#
27	1.77106	215	#
28	3.09037	43	64	#
29	1.67181	25	#
30	1.7422	156	#
31	1.82477	181	#
32	1.75038	97	#
33	1.78751	141	#
34	2.83989	14	105	178	#
35	1.83464	247	#
36	1.60657	177	#
37	2.73992	76	80	222	#
38	1.82647	174	#
39	2.6981	82	219	#
40	2.99077	29	67	#
41	2.00475	91	229	#
42	1.82011	240	#
43	2.85553	191	213	#
44	3.00727	139	192	#
45	1.78065	221	#
46	1.93882	40	193	#
47	1.73386	169	#
48	1.75255	111	#
49	1.71909	191	#
50	1.48072	211	#
51	1.79079	183	#
52	1.84312	15	#
53	1.83536	93	#
54	1.83393	16	#
55	2.51905	70	93	#
56	1.64185	94	#
57	1.75685	27	#
58	1.81179	195	#
59	1.69968	108	#
60	1.76178	168	#
61	1.80465	121	#
62	1.69141	136	#
63	1.71443	132	#
64	2.75581	72	74	#
65	1.5953	39	#
66	2.62525	125	212	#
67	1.7686	137	#
68	1.63801	133	#
69	2.60438	36	233	247	#
70	5.18454	15	91	174	229	#
71	1.84087	9	#
72	2.02322	12	216	#
73	1.82175	91	#
74	1.81221	154	#
75	1.71663	0	#
76	1.69694	118	#
77	1.70907	28	#
78	1.83692	38	#
79	1.63668	208	#
80	1.60608	244	#
81	1.81953	86	#
82	1.79947	149	#
83	1.74981	204	#
84	1.43671	143	#
85	5.45976	53	207	228	#
86	1.46377	255	#
87	3.80329	20	33	193	#
88	1.29409	172	#
89	1.78618	21	#
90	1.91835	27	162	#
91	1.47239	6	#
92	1.40554	225	#
93	1.80762	145	#
94	1.7591	224	#
95	1.68663	89	#
96	1.74139	238	#
97	1.5971	76	#
98	1.60884	55	#
99	2.58737	121	194	#
100	1.70135	143	241	251	#
101	3.18071	196	204	#
102	1.63569	26	#
103	1.72128	166	#
104	1.50744	200	#
105	2.38324	209	244	#
106	3.37472	166	242	#
107	1.82793	129	#
108	1.37934	234	#
109	1.20417	65	#
110	1.57188	72	#
111	2.79045	68	108	181	#
112	1.77339	23	#
113	4.53964	136	151	171	242	#
114	1.80018	212	#
115	1.44767	45	#
116	2.85121	33	112	#
117	1.75079	218	#
118	1.72386	113	#
119	1.76661	119	#
120	2.60447	8	51	#
121	1.73377	3	#
122	1.82186	175	#
123	1.59901	193	#
124	1.86823	1	100	#
125	1.77615	70	#
126	3.42953	63	80	174	226	#
127	1.63899	114	#
128	2.78693	105	165	#
129	1.80645	57	#
130	1.52449	153	#
131	1.8241	4	#
132	2.8144	176	190	#
133	1.81386	43	#
134	1.75447	253	#
135	1.71934	239	#
136	1.82867	184	#
137	1.81802	125	#
138	1.74859	128	#
139	3.70459	86	109	232	#
140	12.3105	12	36	111	136	185	232	246	#
141	1.74299	88	#
142	1.72929	1	#
143	1.03747	196	#
144	1.53829	194	#
145	1.7681	186	#
146	1.71904	14	#
147	2.78149	132	145	#
148	1.70725	246	#
149	1.63438	131	#
150	1.78992	60	#
151	4.7993	10	80	152	158	188	198	219	220	#
152	2.2485	245	247	#
153	1.75711	29	#
154	1.79467	205	#
155	1.77095	150	#
156	3.32634	24	33	89	#
157	3.05287	59	112	#
158	3.0284	84	193	#
159	1.85068	46	91	#
160	1.7348	228	#
161	1.40527	227	#
162	1.7314	160	#
163	2.06549	6	150	#
164	1.60171	40	#
165	1.64978	144	#
166	2.79464	110	152	#
167	1.8019	107	#
168	1.7554	58	#
169	1.59291	163	#
170	3.9955	91	113	177	224	#
171	1.77066	22	#
172	1.80904	73	#
173	1.60586	134	#
174	1.72779	243	#
175	3.7198	64	101	120	#
176	1.36799	161	#
177	1.59328	249	#
178	1.69038	176	#
179	1.82652	99	#
180	3.14878	57	153	#
181	1.7289	180	#
182	1.83467	24	#
183	3.941	11	116	130	#
184	3.41323	50	214	#
185	1.65272	85	#
186	1.80678	7	#
187	3.90431	115	169	215	#
188	1.69227	170	#
189	1.67617	64	#
190	3.35036	170	242	#
191	1.78019	190	#
192	1.54986	197	#
193	1.26882	80	#
194	1.74757	92	#
195	2.35506	12	21	169	#
196	1.8081	250	#
197	3.15643	21	42	82	#
198	1.85045	208	219	#
199	1.6632	5	#
200	1.73379	30	#
201	3.61504	77	107	#
202	1.80344	49	#
203	1.58627	235	#
204	1.54295	223	#
205	4.29539	37	158	207	#
206	2.33432	239	241	#
207	1.78774	31	#
208	1.47691	115	#
209	1.27065	13	#
210	1.48	102	#
211	3.68027	158	253	#
212	1.73346	187	#
213	2.20093	77	105	#
214	1.48789	117	#
215	1.6929	146	#
216	1.69452	48	#
217	1.22761	37	#
218	2.6356	5	103	147	#
219	1.83403	152	#
220	2.3052	68	204	#
221	2.99903	238	247	#
222	2.70514	32	187	193	#
223	2.42838	107	137	#
224	1.63685	11	#
225	3.98442	8	47	134	#
226	6.84057	150	151	183	230	240	#
227	1.44757	35	#
228	1.71959	165	#
229	1.49779	103	#
230	4.46228	89	150	192	#
231	1.54569	210	#
232	5.25698	64	182	191	#
233	7.61047	0	10	66	137	172	177	199	#
234	1.66505	241	#
235	5.78644	17	89	137	142	235	#
236	1.72076	130	#
237	3.26843	32	86	119	171	#
238	5.37449	45	48	203	#
239	1.80951	101	#
240	1.40198	203	#
241	3.18776	2	119	#
242	1.65704	179	#
243	1.84692	47	202	#
244	2.48767	99	198	#
245	3.54988	214	250	#
246	1.69086	199	#
247	1.46173	222	#
248	2.75183	133	231	#
249	1.68269	242	#
250	5.10147	1	107	149	230	234	#
251	1.39624	237	#
252	6.71601	34	115	235	255	#
253	1.258	185	#
254	2.42599	71	112	#
255	1.54066	236	#
256	1.75334	82	#
257	1.73674	173	#
258	2.08263	77	181	#
259	5.23231	139	193	219	#
260	1.48586	251	#
261	1.48459	78	#
262	1.23906	209	#
263	1.72355	81	#
264	3.15567	83	196	#
265	1.71611	226	#
266	1.83484	84	#
267	1.77878	220	#
268	2.58207	130	215	248	#
269	2.62381	130	138	#
270	1.73666	213	#
271	1.64439	110	#
272	1.83987	17	#
273	2.30216	6	46	128	182	#
274	2.04123	124	203	#
275	3.11893	125	237	#
276	1.80039	56	#
277	3.32285	205	225	#
278	1.7193	90	#
279	1.64082	8	#
280	2.3918	8	79	108	#
281	3.03826	89	187	#
282	1.77007	20	#
283	3.21373	124	221	#
284	1.44315	159	#
285	2.72794	54	143	#
286	1.58628	104	#
287	2.48072	34	65	#
288	2.97415	74	204	#
289	3.20417	18	182	#
290	1.83833	164	#
291	1.77093	41	#
292	1.84151	54	#
293	1.96643	151	222	#
294	2.50124	12	150	171	#
295	1.63533	62	#
296	4.42645	17	85	99	106	183	#
297	1.81023	74	#
298	1.34307	116	#
299	1.7268	214	#
300	1.698	32	#
301	1.78534	140	#
302	3.61991	26	90	#
303	1.55475	188	#
304	2.77783	33	189	#
305	3.54474	148	158	238	#
306	1.6623	202	#
307	2.07078	118	169	#
308	1.7851	206	#
309	2.38716	3	121	185	#
310	3.0346	164	199	218	#
311	1.84315	148	#
312	3.86931	199	215	253	#
313	1.55921	67	#
314	1.50052	51	#
315	2.08226	95	154	#
316	3.918	15	63	129	152	183	#
317	1.91376	42	153	#
318	2.45873	20	249	#
319	1.51489	123	#
320	1.78762	216	#
321	2.11051	24	128	#
322	4.40646	37	61	242	#
323	3.42128	56	226	#
324	2.08238	19	123	#
325	3.05051	40	122	125	131	166	227	#
326	1.97074	65	123	161	#
327	5.63661	53	58	155	250	#
328	2.17316	140	208	#
329	2.01779	46	236	#
330	8.86932	12	57	71	109	212	#
331	3.07867	150	217	#
332	3.43589	101	135	#
333	1.48744	109	#
334	1.34142	122	#
335	1.42123	219	#
336	3.10686	8	190	#
337	1.2879	36	#
338	3.40479	6	22	#
339	3.59522	21	199	#
340	2.22602	23	113	#
341	1.75566	233	#
342	2.69022	132	164	#
343	3.15794	230	236	#
344	2.00956	29	97	208	#
345	1.99645	33	83	#
346	1.82566	47	#
347	2.10989	171	247	#
348	2.79642	56	158	#
349	1.74713	155	#
350	1.8381	138	#
351	2.71862	47	186	#
352	5.47386	66	103	249	#
353	2.93702	221	252	#
354	1.82576	63	#
355	6.05115	73	136	151	211	#
356	4.04184	53	196	247	#
357	1.71374	106	#
358	7.32002	41	66	71	186	#
359	1.82793	3	30	#
360	1.24551	33	#
361	2.30486	98	187	#
362	1.97657	53	67	#
363	4.32002	73	176	205	#
364	3.93075	82	134	149	#
365	5.34217	52	87	204	#
366	2.35056	187	201	#
367	2.53576	131	136	#
368	2.94147	208	217	#
369	2.15761	24	43	#
370	2.65065	72	204	#
371	1.68528	248	#
372	4.05236	51	240	250	#
373	1.07836	71	#
374	3.23204	97	131	#
375	1.88123	63	218	#
376	2.57988	151	211	#
377	3.38455	94	210	#
378	3.35704	93	102	#
379	7.53936	57	162	184	238	254	#
380	1.66624	189	#
381	4.10002	152	168	194	#
382	1.82275	229	#
383	2.63906	18	57	198	#
384	2.95818	35	68	227	#
385	1.79676	146	198	206	#
386	1.80538	98	#
387	5.13176	74	95	112	#
388	1.74732	245	#
389	4.15952	17	217	247	#
390	1.89568	14	248	#
391	1.84815	54	66	#
392	2.66429	98	225	#
393	1.72031	34	#
394	1.83698	66	147	#
395	1.02589	77	#
396	1.7984	59	#
397	2.92952	9	126	#
398	1.79978	18	#
399	3.33852	123	222	#
400	3.65014	119	139	#
401	5.59297	15	50	233	254	#
402	2.98312	10	157	#
403	3.52961	117	225	238	#
404	1.77147	44	#
405	3.44428	50	62	252	#
406	1.7659	53	#
407	2.59811	88	185	#
408	1.59389	68	#
409	3.44138	38	234	#
410	3.56789	72	80	#
411	2.62707	16	94	#
412	1.73423	10	#
413	1.67478	217	#
414	2.84459	29	120	#
415	3.03363	32	83	227	#
416	4.02023	86	88	143	#
417	1.89017	32	181	#
418	2.40021	65	174	#
419	1.69808	171	#
420	1.74353	79	#
421	2.94992	4	121	#
422	5.21909	34	159	222	#
423	3.55263	27	191	213	#
424	2.2843	133	147	#
425	5.22728	50	100	151	213	#
426	4.36054	74	175	253	#
427	5.81059	44	46	180	204	#
428	1.93181	20	74	#
429	2.20834	147	165	#
430	3.269	54	241	#
431	3.20922	90	170	#
432	1.87255	107	215	#
433	2.72476	136	154	#
434	2.88879	76	165	189	#
435	3.27059	38	63	68	227	#
436	2.55434	23	106	#
437	3.27195	15	234	#
438	2.81899	12	70	#
439	2.96049	18	94	125	197	#
440	3.61602	4	39	#
441	3.16818	77	129	184	194	#
442	3.4284	92	220	#
443	2.33508	52	211	#
444	1.65949	135	#
445	3.79311	48	58	62	#
446	2.55535	140	253	#
447	5.12191	103	127	138	241	#
448	2.49733	236	245	#
449	3.52275	45	130	#
450	4.71627	33	113	174	#
451	4.2705	56	126	223	#
452	2.38681	101	205	#
453	3.40984	115	139	#
454	2.00523	140	213	#
455	6.05788	28	37	79	144	215	230	231	#
456	3.59647	12	225	#
457	2.28682	220	236	#
458	3.64545	20	151	#
459	2.94303	158	218	#
460	3.13581	62	67	#
461	3.54161	83	198	#
462	3.66728	63	136	167	#
463	1.79421	42	#
464	1.62096	192	#
465	2.8884	40	152	#
466	1.93686	139	176	#
467	3.47617	65	208	#
468	3.62923	40	197	#
469	2.47347	164	196	206	246	#
470	6.31279	60	75	80	211	#
471	4.10692	49	208	238	#
472	2.7975	106	144	170	#
473	2.71947	100	228	#
474	2.54074	57	187	#
475	1.62688	231	#
476	4.10078	139	162	187	#
477	5.54094	14	198	204	248	#
478	2.87201	21	40	#
479	4.21513	75	137	181	200	#
480	3.05308	164	255	#
481	1.80981	50	#
482	2.27222	69	201	#
483	3.30436	181	215	#
484	2.32857	10	86	188	#
485	1.68573	61	#
486	1.77129	198	#
487	4.73585	33	96	154	#
488	1.53473	120	#
489	2.51393	149	174	236	#
490	5.53547	178	189	195	224	#
491	2.29062	78	211	#
492	3.58084	84	108	#
493	2.58876	87	251	#
494	6.34799	17	138	176	234	#
495	2.78478	78	147	#
496	4.94667	0	87	105	226	#
497	2.84218	7	45	205	#
498	2.55558	96	145	#
499	3.4982	110	172	#
500	2.78828	145	225	#
501	3.3435	140	209	#
502	1.71429	12	#
503	5.22664	171	176	243	#
504	2.70334	22	102	#
505	2.07485	153	185	#
506	2.53408	143	228	#
507	2.27532	24	28	#
508	1.90837	146	169	#
509	3.21769	10	165	#
510	2.96763	32	214	#
511	2.36243	174	204	#
512	3.38646	73	83	#
513	2.10349	98	220	#
514	1.79811	182	#
515	2.36105	181	197	#
516	3.36801	155	196	#
517	8.19382	13	28	30	57	228	#
518	1.93992	86	157	#
519	3.44497	42	61	#
520	1.78312	159	179	#
521	4.92205	31	62	100	191	236	#
522	3.38993	69	126	#
523	3.06806	172	241	#
524	2.61354	15	179	194	196	#
525	2.66668	2	60	137	#
526	2.86161	96	101	232	#
527	2.64002	19	146	#
528	2.55789	38	141	231	#
529	3.29548	44	58	#
530	1.68737	178	#
531	4.5452	16	62	113	#
532	3.28932	18	190	#
533	4.16885	101	143	231	#
534	2.15868	37	182	#
535	3.49385	161	235	#
536	2.41212	147	158	#
537	2.16287	66	72	201	#
538	2.17578	48	117	186	#
539	3.39994	105	133	#
540	2.27919	72	87	#
541	3.43773	5	236	#
542	2.92363	143	164	246	#
543	3.26313	40	75	#
544	2.56732	122	139	147	#
545	1.55483	139	#
546	7.60182	69	176	178	190	234	#
547	1.81397	151	#
548	6.26551	2	54	215	255	#
549	2.15422	3	224	#
550	1.80675	36	222	#
551	1.29385	147	#
552	4.26013	58	87	241	#
553	4.15099	68	200	223	#
554	3.03222	67	88	108	#
555	1.73277	131	196	#
556	3.57147	14	181	#
557	1.67343	46	#
558	1.82301	201	#
559	2.39818	173	218	#
560	3.22755	72	113	247	#
561	2.06764	19	78	222	#
562	2.603	80	235	#
563	3.47217	174	245	#
564	3.36251	38	110	136	#
565	3.95288	23	146	155	#
566	2.56355	154	216	#
567	2.14619	143	221	#
568	3.30806	11	150	#
569	2.29222	73	86	#
570	2.34735	54	170	#
571	3.11855	117	174	#
572	9.04014	117	168	190	202	243	253	#
573	2.68982	32	161	#
574	2.63981	192	215	#
575	3.65469	128	217	250	#
576	3.22465	0	115	123	#
577	6.74793	72	118	219	235	#
578	3.26027	80	152	#
579	1.86742	59	178	#
580	2.11165	42	77	#
581	1.81265	167	#
582	3.01252	182	185	#
583	4.51075	97	166	241	254	#
584	1.67752	95	#
585	1.71396	162	#
586	1.82216	195	198	#
587	7.17716	7	27	152	236	#
588	2.13881	66	132	233	#
589	5.00222	94	103	161	#
590	5.06721	103	120	144	192	#
591	1.99071	52	102	131	162	#
592	2.59912	43	131	#
593	1.99821	168	178	#
594	2.31466	150	151	#
595	3.07727	97	136	#
596	3.47929	18	68	#
597	3.01371	57	144	#
598	2.76636	104	122	#
599	1.86069	16	140	174	#
600	1.91002	70	252	#
601	2.09098	20	142	#
602	3.76866	26	72	141	212	#
603	2.66354	130	253	#
604	2.27456	227	245	#
605	3.44657	37	90	#
606	2.07833	81	175	#
607	1.61476	122	236	#
608	2.44709	62	150	#
609	3.0556	146	183	#
610	3.09516	25	104	#
611	3.07275	48	110	208	#
612	2.54175	23	161	#
613	2.43279	21	36	224	#
614	5.22918	14	22	238	#
615	3.52804	101	219	232	251	#
616	1.7904	105	#
617	3.4457	33	243	#
618	2.95607	15	195	#
619	1.79922	80	142	#
620	3.10123	57	248	#
621	5.92514	15	98	123	240	253	#
622	8.93313	24	107	117	180	200	#
623	5.33622	30	131	191	#
624	3.08407	85	236	#
625	5.40376	23	167	176	247	#
626	4.42999	44	82	151	199	#
627	2.91165	125	177	194	#
628	5.07623	83	133	141	142	#
629	5.02713	21	37	141	154	#
630	4.19554	17	148	233	#
631	2.50924	163	242	#
632	3.67004	100	120	#
633	4.75835	98	184	217	#
634	3.46302	72	102	141	#
635	3.61906	28	67	#
636	3.7172	35	83	247	#
637	2.04656	7	251	#
638	3.08471	35	42	#
639	3.19908	151	158	#
640	2.69227	29	180	#
641	2.19239	154	164	#
642	3.65906	14	166	#
643	3.43354	79	128	#
644	3.01052	170	204	#
645	2.25732	5	28	#
646	2.95372	44	92	155	#
647	4.92657	16	42	104	#
648	2.77271	86	171	240	#
649	1.78913	61	173	#
650	3.61559	7	95	#
651	2.40162	39	102	123	195	#
652	3.28791	12	160	191	#
653	2.14436	31	90	108	#
654	3.93029	56	148	231	#
655	5.00749	154	200	217	#
656	2.39579	21	113	#
657	2.33322	122	227	#
658	3.60022	60	174	176	#
659	2.65643	31	111	#
660	4.70151	153	174	189	#
661	2.77424	171	200	#
662	5.22754	19	80	218	#
663	1.44517	254	#
664	8.6731	8	17	76	78	105	106	177	#
665	3.21286	10	21	#
666	3.51792	64	155	#
667	1.96666	139	196	#
668	3.45097	104	159	#
669	2.28282	50	117	#
670	3.94372	92	106	177	#
671	3.30285	98	230	#
672	2.00325	139	227	#
673	3.36261	20	33	116	216	#
674	4.7852	1	96	112	#
675	2.15719	10	242	252	#
676	4.62252	178	211	241	#
677	2.68649	24	99	222	#
678	3.38493	80	170	#
679	3.04449	31	161	255	#
680	5.41259	38	58	94	#
681	3.58791	87	155	180	#
682	4.04078	102	135	167	#
683	2.15165	146	224	#
684	3.3615	18	208	#
685	2.9025	119	170	#
686	8.32538	35	79	109	167	236	#
687	2.70586	141	179	#
688	5.38612	68	102	181	#
689	3.67216	167	187	#
690	3.51653	205	215	#
691	2.79092	13	32	#
692	3.58079	85	126	220	#
693	2.66344	42	83	162	240	#
694	2.39566	61	105	147	#
695	1.93525	29	85	#
696	2.20328	44	136	#
697	3.22454	64	187	#
698	3.58788	38	251	#
699	5.64051	76	98	187	214	216	#
700	7.04278	52	131	177	181	#
701	2.32357	117	191	#
702	2.11701	73	100	251	#
703	3.51558	128	139	#
704	2.74058	45	46	#
705	2.93136	39	86	#
706	6.6	92	116	135	222	#
707	3.36599	49	193	200	242	#
708	2.64764	140	181	#
709	1.91922	184	212	#
710	4.70712	45	53	80	#
711	3.33503	73	210	#
712	2.42517	59	152	#
713	2.99972	177	180	182	246	#
714	2.89436	40	88	#
715	2.9035	5	19	241	#
716	2.25075	40	202	203	#
717	1.90253	12	44	#
718	3.2462	2	55	#
719	2.28584	18	247	#
720	4.46627	2	39	173	#
721	2.88113	97	245	#
722	2.45478	27	106	#
723	2.20024	134	214	234	#
724	1.83138	82	126	#
725	2.4798	103	172	#
726	2.29077	14	128	#
727	2.77794	209	246	#
728	3.24105	29	115	#
729	2.54317	14	147	#
730	2.66106	14	165	#
731	4.24194	26	166	230	#
732	4.62935	112	131	220	#
733	2.2097	0	36	135	#
734	2.76849	126	190	#
735	2.56468	142	194	#
736	3.9634	20	170	181	#
737	6.43702	10	24	51	65	#
738	2.27862	45	175	#
739	2.10682	15	127	#
740	2.04395	17	187	#
741	3.0877	165	221	#
742	1.92324	53	65	#
743	4.32279	62	131	223	242	#
744	2.31886	85	178	247	#
745	2.09517	81	209	#
746	2.26407	42	54	#
747	3.33666	82	125	#
748	2.06705	126	234	#
749	3.55028	107	163	#
750	1.91109	90	220	#
751	2.32246	0	171	211	#
752	3.35749	139	247	#
753	3.34939	213	223	#
754	2.7511	141	178	#
755	1.86398	149	162	#
756	5.3501	33	143	205	#
757	2.65916	247	248	#
758	3.10581	73	241	#
759	1.95941	175	234	#
760	1.92913	106	150	181	248	#
761	2.40331	138	213	#
762	3.40423	15	108	123	#
763	2.66556	0	68	#
764	2.20733	22	121	#
765	4.55793	11	140	158	180	#
766	3.16176	102	189	#
767	4.73138	18	31	201	#
768	3.33897	117	131	249	#
769	3.24601	6	93	#
770	4.87392	4	44	183	#
771	3.10258	46	175	#
772	2.03603	11	111	#
773	4.52767	78	136	175	#
774	3.15949	3	170	211	225	#
775	2.79724	152	208	#
776	2.44211	50	233	#
777	2.03814	68	240	#
778	2.27663	13	180	#
779	3.6533	170	177	#
780	3.11321	92	169	#
781	4.28234	55	80	93	#
782	2.86774	9	250	#
783	3.17866	149	240	#
784	3.11755	51	223	#
785	3.54509	39	67	112	#
786	2.83067	41	212	#
787	1.82701	65	142	#
788	2.80913	49	89	#
789	5.29147	125	178	220	#
790	2.20769	75	204	#
791	2.05376	105	153	#
792	2.23205	85	158	#
793	7.141	81	98	128	164	#
794	3.08896	42	158	221	247	#
795	2.12979	235	255	#
796	2.22103	136	159	#
797	3.55815	231	249	#
798	3.01686	33	57	#
799	5.40483	38	85	101	#
800	1.88012	26	163	#
801	3.61973	20	59	#
802	2.88916	89	253	#
803	3.20569	162	220	#
804	1.78335	0	162	166	185	193	239	245	#
805	3.07987	30	143	148	#
806	2.78937	10	208	#
807	1.80884	42	255	#
808	3.20382	3	163	#
809	3.21715	101	131	#
810	2.42741	57	249	#
811	4.05149	131	182	223	#
812	3.27471	181	255	#
813	6.00626	24	55	141	191	220	244	#
814	2.40173	2	165	212	#
815	4.26386	145	177	216	#
816	7.47752	46	114	140	170	217	#
817	4.92674	70	73	231	#
818	3.39005	87	165	183	#
819	3.62133	148	180	#
820	3.27191	3	53	73	#
821	2.86775	51	55	#
822	2.85989	153	161	#
823	3.64785	99	157	#
824	2.39023	45	187	196	#
825	3.58831	163	168	#
826	4.90795	0	30	229	#
827	3.46642	157	207	208	#
828	2.49201	98	224	#
829	3.50206	158	190	#
830	4.12862	121	176	195	#
831	3.16601	83	215	#
832	2.50926	43	249	#
833	2.56669	7	31	146	#
834	3.46655	3	146	#
835	3.22387	173	195	#
836	3.05509	126	149	#
837	3.01944	184	189	#
838	3.51332	210	230	#
839	3.34873	39	174	#
840	2.9301	116	142	227	#
841	2.24328	169	184	#
842	2.70746	77	138	#
843	1.93862	106	108	#
844	2.95674	38	205	#
845	2.6906	28	162	#
846	3.81088	8	230	249	#
847	1.88455	195	250	#
848	3.5896	89	220	#
849	1.86579	63	236	247	#
850	4.92925	1	80	198	#
851	2.56971	86	102	210	#
852	2.92784	0	70	#
853	1.95632	182	214	#
854	3.4469	196	240	#
855	2.87178	23	220	#
856	2.06722	93	101	174	#
857	3.59934	162	192	227	#
858	2.34215	87	107	#
859	2.27034	152	247	#
860	2.98451	37	64	#
861	3.77668	90	172	221	238	#
862	3.79199	23	51	251	#
863	1.85942	170	248	#
864	3.45013	44	117	#
865	2.85848	30	98	#
866	3.3486	181	189	197	#
867	2.51977	12	30	#
868	2.75252	66	154	#
869	2.74729	66	101	#
870	2.86889	14	59	#
871	5.08558	103	124	150	#
872	5.02261	44	145	248	#
873	3.11396	182	197	#
874	4.03334	108	195	216	247	#
875	5.02601	102	207	218	#
876	2.43473	147	236	#
877	2.27708	73	134	#
878	3.35263	155	239	#
879	3.55703	8	217	#
880	4.42423	138	146	245	#
881	2.93583	47	84	243	#
882	4.43435	70	98	205	#
883	3.54247	19	227	#
884	2.80317	32	160	163	#
885	2.67802	50	78	168	199	231	#
886	1.80713	71	114	#
887	5.27179	34	54	133	#
888	3.51402	27	225	#
889	2.56129	123	151	#
890	2.12489	66	237	#
891	2.73056	57	199	#
892	3.6576	17	88	192	#
893	6.96411	88	108	111	130	221	#
894	1.7856	166	244	#
895	1.99705	78	150	186	212	#
896	7.13141	0	66	210	227	#
897	3.46161	79	91	159	238	#
898	2.37643	104	182	#
899	4.60527	183	218	242	#
900	1.78245	27	89	188	203	#
901	2.31829	54	111	#
902	3.49016	184	223	#
903	4.54896	59	143	148	151	#
904	2.1527	209	232	#
905	1.86834	59	253	#
906	2.60153	193	210	228	231	#
907	2.24305	51	61	#
908	2.5336	121	239	#
909	7.06387	21	54	107	128	228	#
910	3.38005	68	110	#
911	2.19854	23	100	121	218	#
912	2.66173	145	224	#
913	3.10469	109	149	#
914	3.48559	112	238	#
915	3.35757	90	132	#
916	4.89268	0	32	49	#
917	3.17378	99	251	#
918	2.08476	73	125	#
919	2.22287	13	81	121	#
920	4.90378	77	117	140	#
921	3.473	114	156	#
922	3.67182	50	155	169	196	#
923	4.08093	19	70	218	#
924	2.42104	19	183	#
925	5.18383	80	125	148	#
926	2.30651	158	222	#
927	3.07315	139	140	#
928	3.46118	42	92	#
929	2.93499	2	188	#
930	3.65563	120	123	#
931	5.31513	66	99	128	#
932	2.76644	49	59	199	#
933	3.13453	40	151	237	#
934	3.53808	60	193	#
935	3.51401	64	107	#
936	4.62922	52	76	128	#
937	2.64989	27	56	#
938	1.90487	9	133	186	187	#
939	2.93739	0	43	#
940	4.50986	87	205	234	#
941	6.69401	181	200	202	204	222	#
942	3.07397	74	187	#
943	1.86037	67	176	#
944	2.88574	11	158	#
945	2.10065	54	56	#
946	2.48517	2	195	#
947	2.56086	14	192	#
948	2.52606	65	86	#
949	2.28266	109	167	#
950	2.72778	30	68	94	#
951	5.22369	94	223	240	#
952	5.71556	33	42	100	126	#
953	3.25751	74	171	#
954	3.35134	18	81	204	224	#
955	4.9405	108	193	223	#
956	3.02748	46	136	#
957	3.88357	0	58	149	167	#
958	2.57093	64	193	#
959	2.4034	63	108	121	#
960	3.77103	47	93	113	#
961	4.85033	25	81	133	#
962	3.26045	55	114	#
963	2.91912	79	85	#
964	4.58018	111	123	145	#
965	3.13232	14	186	#
966	1.86342	103	108	#
967	5.84894	134	207	208	213	#
968	3.39732	102	230	#
969	3.72493	21	31	247	#
970	3.15664	38	137	188	233	#
971	2.53215	28	233	#
972	4.84206	40	105	120	#
973	2.33792	203	231	#
974	2.89422	31	217	229	#
975	1.67804	68	236	#
976	3.65771	74	193	211	#
977	2.28384	10	20	#
978	3.53401	1	217	#
979	3.37521	3	80	222	#
980	1.75394	33	67	#
981	3.42355	50	177	#
982	2.71321	59	164	#
983	3.00801	74	169	#
984	4.5306	108	133	179	234	#
985	3.50379	29	41	199	#
986	6.72588	139	186	203	236	#
987	1.78574	140	202	#
988	2.46071	10	74	101	158	#
989	3.17085	186	214	#
990	7.19594	39	61	114	198	#
991	3.03805	69	176	#
992	2.52666	193	215	#
993	3.55816	26	110	#
994	2.56869	42	129	#
995	3.30475	81	184	191	#
996	2.14685	37	192	#
997	2.52661	11	75	#
998	3.66808	178	179	#
999	2.22045	53	226	#
