%% File generated by CATS v.2.1Mon Jul  4 15:29:32 2011

%% The CATS webpage is http://robotics.stanford.edu/CATS

%% PARAMETER SETTINGS:
% Goods: 256; Bids: 1000; Distribution: L6; Runs: 1; Parameters generated from distribution in file "qpstuff/L6-qp.txt".; Problems generated from distribution over features in files: qpstuff/cass-qp.txt, qpstuff/cplex-qp.txt, qpstuff/lehman-qp.txt; Seed: 1309826242
% Legacy distribution parameters:
% Number of goods chosen according to Exponential distribution (q = 0.821073).
% Price chosen according to Linear Random distribution (low_linearly = 0.655182, high_linearly = 1.34482).


goods 256
bids 1000
dummy 0

0	1.33896	237	#
1	1.34311	47	167	#
2	0.933345	204	#
3	1.23043	111	#
4	1.26303	138	#
5	1.70896	82	175	#
6	1.19461	103	#
7	1.30933	165	#
8	1.31241	80	#
9	1.34316	105	#
10	1.29167	164	#
11	1.30559	133	#
12	1.33925	67	#
13	1.28375	63	#
14	1.31106	40	#
15	1.25512	11	#
16	1.28994	149	#
17	1.25778	75	#
18	1.17932	96	#
19	1.20491	7	#
20	2.47776	36	135	#
21	1.24667	79	#
22	1.18176	31	#
23	1.31295	221	#
24	1.9849	9	13	#
25	1.63491	78	158	#
26	1.33291	240	#
27	1.30404	154	#
28	1.89073	138	149	#
29	1.26428	46	#
30	1.29689	231	#
31	1.08608	156	#
32	3.73721	15	163	255	#
33	2.2951	19	192	#
34	2.51467	118	125	203	#
35	1.29935	174	#
36	2.56219	108	160	250	#
37	1.24501	216	#
38	1.33616	236	#
39	1.28126	97	#
40	2.62602	27	89	#
41	1.83009	221	238	#
42	1.3236	200	#
43	3.84398	81	99	230	#
44	1.21414	249	#
45	1.24994	245	#
46	1.24661	92	#
47	1.30416	235	#
48	1.25476	42	#
49	1.21403	230	#
50	1.32331	181	#
51	1.21576	208	#
52	1.14101	104	#
53	2.92717	108	138	168	#
54	1.32522	43	#
55	1.25267	183	#
56	1.7249	21	78	#
57	1.31877	132	#
58	1.69764	10	78	#
59	1.7828	100	154	#
60	1.32523	82	#
61	1.31758	93	#
62	1.31535	224	#
63	1.31239	228	#
64	1.34445	148	#
65	1.95144	113	120	#
66	1.33884	233	#
67	1.28014	199	#
68	1.34372	130	#
69	1.33002	194	#
70	1.95715	119	248	#
71	3.22059	115	228	230	#
72	2.35708	148	189	#
73	1.33467	36	#
74	1.33477	225	#
75	1.93267	57	199	#
76	1.21808	116	#
77	2.25577	29	170	#
78	2.12925	29	179	#
79	1.24852	76	#
80	1.31578	2	#
81	2.15113	68	197	230	#
82	2.36326	141	175	#
83	1.31781	234	#
84	3.08284	128	191	212	#
85	3.73909	33	62	209	#
86	1.28413	37	#
87	1.25156	90	#
88	1.33771	48	#
89	1.28367	161	#
90	4.4183	69	85	121	250	#
91	1.18863	28	#
92	1.2408	201	#
93	2.53755	166	254	#
94	1.31979	135	#
95	1.25771	12	#
96	1.33217	56	#
97	1.23535	10	#
98	1.22546	102	#
99	1.10974	217	#
100	2.07463	13	39	116	#
101	1.31901	255	#
102	1.17814	88	#
103	1.12081	227	#
104	1.8791	27	28	#
105	2.21469	26	143	#
106	2.85254	31	119	216	254	#
107	1.31647	65	#
108	1.31002	142	#
109	3.98	79	144	252	#
110	1.1935	186	#
111	1.17191	0	#
112	1.77694	199	255	#
113	1.97334	111	216	#
114	1.30312	191	#
115	3.47085	26	80	140	230	#
116	1.11208	113	#
117	1.28188	140	#
118	1.28627	212	#
119	1.35289	56	100	#
120	1.29477	120	#
121	3.22884	60	136	138	188	#
122	1.2612	239	#
123	1.33013	238	#
124	1.27265	27	#
125	3.07377	68	174	184	#
126	1.32691	223	#
127	2.06553	150	194	#
128	4.02896	100	150	172	#
129	2.35785	135	238	#
130	2.36051	120	217	#
131	1.32648	16	#
132	1.31308	190	#
133	1.30425	127	#
134	1.67689	104	165	#
135	1.30621	187	#
136	1.33731	198	#
137	3.50946	59	102	156	167	#
138	5.1096	14	124	144	220	#
139	2.47395	34	59	#
140	1.24321	160	#
141	1.2851	78	#
142	1.24646	126	#
143	1.20021	53	#
144	1.19572	247	#
145	1.20469	210	#
146	1.55224	66	72	#
147	1.27538	52	#
148	1.33132	202	#
149	1.28868	21	#
150	3.28974	5	171	208	#
151	1.33518	254	#
152	1.99001	133	218	240	#
153	1.28958	25	#
154	1.33036	170	#
155	2.13525	117	129	#
156	2.13182	20	29	#
157	1.32294	211	#
158	1.26214	123	#
159	2.28707	14	204	#
160	1.33362	182	#
161	1.38886	107	217	#
162	1.28723	108	#
163	1.21969	167	#
164	2.50574	146	235	#
165	1.29731	100	#
166	1.44899	69	111	#
167	1.46466	0	251	#
168	2.47547	188	223	#
169	1.3176	218	#
170	1.30116	145	#
171	1.31329	73	#
172	1.26988	220	#
173	1.16909	20	#
174	2.30471	104	131	170	#
175	1.32586	169	#
176	2.55934	89	111	#
177	1.31259	177	#
178	1.30874	178	#
179	2.24612	202	218	#
180	1.13764	205	#
181	1.34226	74	#
182	1.28452	115	#
183	1.32665	51	#
184	1.32875	141	#
185	2.55589	11	177	#
186	1.27443	83	#
187	2.97219	110	145	228	#
188	6.67919	16	93	101	209	215	227	#
189	1.27079	162	#
190	1.56252	104	185	#
191	1.1836	110	#
192	1.287	180	#
193	1.25906	55	#
194	1.31587	176	#
195	1.26867	85	#
196	1.4253	114	169	#
197	1.30764	188	#
198	2.04098	29	92	#
199	1.99617	29	52	#
200	2.61639	82	123	#
201	2.12573	180	214	#
202	3.8418	32	131	220	#
203	3.00422	26	53	102	#
204	1.77674	15	101	#
205	1.31654	33	#
206	1.21215	136	#
207	1.32867	57	#
208	3.28918	77	197	255	#
209	2.62365	105	119	#
210	1.32775	99	#
211	1.27607	129	#
212	2.12559	35	67	#
213	1.11632	84	#
214	1.32925	151	#
215	1.34274	244	#
216	2.03274	50	116	#
217	2.4674	66	237	#
218	1.32066	59	#
219	2.6983	110	214	224	#
220	1.31404	146	#
221	1.3284	26	#
222	2.45325	5	183	#
223	2.44687	155	214	#
224	1.34043	134	#
225	5.10281	0	4	65	98	#
226	3.67793	11	94	128	219	#
227	1.75498	117	215	#
228	1.23692	196	#
229	1.30821	195	#
230	1.30992	124	#
231	1.74485	15	127	#
232	3.44194	60	142	253	#
233	1.14441	158	#
234	1.66156	131	231	#
235	1.29994	157	#
236	1.89948	77	176	#
237	1.26398	143	#
238	2.40151	157	161	#
239	1.12408	243	#
240	1.33711	29	#
241	1.32574	23	#
242	1.31909	222	#
243	1.32905	82	141	#
244	1.3373	150	#
245	1.21795	68	#
246	1.94132	2	142	#
247	1.31972	58	#
248	2.62313	103	166	245	#
249	1.97188	100	150	188	#
250	1.37199	26	208	#
251	4.3504	37	110	132	160	#
252	2.55784	30	63	140	#
253	2.2427	194	216	#
254	5.04849	5	39	166	247	#
255	1.27825	107	#
256	2.31095	63	126	#
257	1.34206	246	#
258	2.27807	69	228	#
259	1.95816	163	238	#
260	1.19157	248	#
261	1.22781	1	#
262	3.53117	168	220	234	#
263	1.31973	112	#
264	1.30552	5	#
265	2.44675	111	134	159	#
266	2.26943	67	196	#
267	2.56661	10	206	224	#
268	1.31753	171	#
269	2.49499	3	111	#
270	4.46185	106	120	230	238	243	#
271	1.68976	38	77	#
272	1.32316	109	#
273	1.85127	111	255	#
274	1.29615	168	#
275	2.6119	88	95	#
276	4.63141	101	115	162	213	#
277	1.33885	206	#
278	1.33284	41	#
279	1.37965	98	244	#
280	1.2717	50	#
281	1.30432	6	#
282	1.42113	40	124	#
283	1.36699	62	235	#
284	2.1137	68	186	#
285	5.12844	28	104	105	167	#
286	1.29602	197	#
287	1.33587	122	#
288	1.2918	139	#
289	1.21827	3	#
290	1.32204	147	#
291	2.53052	30	250	#
292	2.41196	169	203	#
293	3.25835	44	87	97	145	#
294	1.39585	50	93	#
295	1.28716	14	#
296	1.31268	153	#
297	1.69499	133	169	#
298	1.33333	44	#
299	3.71088	70	146	183	#
300	1.40033	8	28	#
301	1.88274	82	212	#
302	1.58758	37	74	#
303	3.91201	54	189	246	#
304	0.908134	175	#
305	1.29163	144	#
306	1.32605	70	#
307	1.58053	2	172	#
308	2.17825	107	135	#
309	1.30696	69	#
310	2.37185	111	172	#
311	2.20414	111	218	#
312	1.26561	251	#
313	2.56212	127	190	#
314	1.32715	214	#
315	1.38668	103	175	#
316	2.74199	81	150	152	#
317	2.29763	18	105	#
318	1.26165	118	#
319	1.28212	60	#
320	1.18677	193	#
321	1.24893	173	#
322	2.03915	23	89	213	#
323	1.32004	91	#
324	1.27675	232	#
325	3.88836	63	200	209	228	#
326	1.86224	182	232	#
327	1.3349	117	#
328	1.78318	85	94	#
329	2.33662	33	73	75	#
330	1.835	193	200	#
331	1.97988	0	74	#
332	1.16088	192	#
333	1.31431	163	#
334	1.82561	183	224	#
335	1.16666	203	#
336	1.28808	54	#
337	6.26938	0	162	189	198	212	#
338	1.63895	13	212	#
339	1.27099	22	#
340	1.23101	189	#
341	1.63878	73	200	#
342	1.43557	25	90	#
343	1.02669	155	#
344	3.12959	42	81	152	209	#
345	1.31471	30	#
346	1.12383	172	#
347	2.02378	50	60	#
348	1.27013	19	#
349	2.36981	13	15	92	#
350	1.09241	125	#
351	1.72571	204	219	#
352	1.32035	15	#
353	3.51275	21	94	215	#
354	1.19105	4	#
355	1.57908	93	184	#
356	5.99956	32	141	167	190	201	219	#
357	3.58532	7	160	254	#
358	1.27021	241	#
359	4.23099	110	111	170	202	#
360	1.14981	152	#
361	1.34397	3	212	#
362	2.05493	199	211	#
363	2.38723	90	207	#
364	1.98807	10	26	211	#
365	2.68562	34	84	130	#
366	2.04094	16	195	#
367	1.33428	94	#
368	2.17342	18	55	#
369	2.3019	122	238	#
370	2.45995	55	189	#
371	1.21914	34	#
372	1.27822	131	#
373	1.39344	77	173	#
374	1.3384	64	#
375	2.86206	38	167	242	#
376	2.35678	93	136	#
377	6.1453	21	43	92	143	155	#
378	1.28391	89	#
379	1.7669	106	142	#
380	1.34679	20	154	#
381	1.24744	8	#
382	1.22682	207	#
383	1.972	174	215	#
384	2.51272	40	203	#
385	1.03366	47	#
386	1.23354	209	#
387	1.30371	215	#
388	1.21063	9	#
389	1.58378	130	205	#
390	2.28102	119	251	#
391	3.85718	111	183	204	#
392	1.33887	184	#
393	1.24571	61	#
394	1.20961	39	#
395	2.04792	44	56	62	#
396	1.28105	72	#
397	3.92565	24	109	235	#
398	2.13136	45	163	202	#
399	2.96335	44	161	255	#
400	2.68876	13	76	133	#
401	2.04633	217	243	#
402	1.52187	136	239	#
403	1.3288	45	#
404	2.74877	64	100	201	#
405	5.68463	38	45	117	142	218	#
406	2.03087	40	209	#
407	2.05892	71	140	226	#
408	3.67087	78	164	199	#
409	1.10482	229	#
410	2.2684	13	92	#
411	1.67457	45	97	#
412	1.70956	194	200	#
413	1.31049	252	#
414	3.05965	139	211	236	#
415	1.66562	62	203	#
416	2.61564	19	253	#
417	1.2099	250	#
418	2.09791	127	214	#
419	1.27615	62	#
420	1.42176	38	65	#
421	1.37603	99	251	#
422	4.69654	57	58	125	222	#
423	1.8325	12	204	#
424	1.18611	179	#
425	4.06919	56	166	210	227	229	#
426	1.22093	17	#
427	1.68327	78	106	#
428	2.09202	77	181	229	#
429	1.44145	29	105	#
430	1.33398	128	#
431	1.07047	242	#
432	3.31671	111	182	197	#
433	1.72407	86	234	#
434	2.62015	77	135	#
435	1.84874	16	53	#
436	1.05117	38	#
437	1.97719	69	208	#
438	2.34813	180	193	#
439	1.70804	139	220	#
440	3.491	23	32	207	#
441	1.62684	85	219	#
442	2.79027	77	125	252	#
443	1.44945	81	234	#
444	1.25868	159	#
445	2.63824	42	178	#
446	1.36384	168	207	#
447	2.19908	145	190	#
448	2.00922	170	187	#
449	2.09955	119	209	#
450	1.53815	38	113	#
451	3.54989	24	94	210	#
452	1.32166	98	110	#
453	3.76658	45	62	77	#
454	2.00367	47	170	#
455	4.95207	96	110	155	183	#
456	3.07491	34	105	148	#
457	1.31379	226	#
458	1.26503	106	#
459	2.18696	12	109	#
460	2.99898	42	176	182	#
461	1.26457	95	#
462	1.51626	8	30	#
463	1.70218	120	227	#
464	1.90772	87	175	#
465	2.06239	167	205	#
466	2.5918	31	181	#
467	3.99018	56	95	208	#
468	3.80964	21	112	119	164	#
469	1.25877	24	#
470	1.83256	201	218	#
471	1.63158	154	219	#
472	3.07178	11	51	101	#
473	1.47356	89	225	#
474	2.09357	3	18	#
475	2.52734	1	154	#
476	3.29294	18	126	200	226	#
477	1.29159	18	#
478	1.28841	13	#
479	2.27194	82	113	120	#
480	2.27912	139	247	#
481	2.39135	48	69	#
482	2.36107	30	191	#
483	2.29193	0	182	#
484	1.54445	75	207	#
485	2.24533	15	106	#
486	4.31444	99	118	145	148	231	#
487	2.28314	58	93	#
488	2.92536	94	103	232	#
489	2.19323	114	200	#
490	2.68527	1	209	219	#
491	3.36124	9	89	181	210	#
492	3.74266	11	224	250	#
493	2.03329	124	128	#
494	1.22923	101	#
495	2.46584	18	94	#
496	1.68081	9	199	#
497	2.72619	87	103	125	#
498	2.55805	5	167	#
499	2.61385	11	21	#
500	2.48753	157	235	#
501	2.03942	124	222	#
502	2.57212	77	115	#
503	4.77058	100	156	165	174	#
504	1.94405	39	243	#
505	2.09084	126	190	#
506	2.43121	99	230	#
507	1.70395	223	235	#
508	1.13609	114	#
509	2.68487	104	146	#
510	2.34444	11	90	#
511	2.65133	40	144	202	#
512	2.25143	220	223	#
513	2.16479	23	229	#
514	3.09167	112	184	196	#
515	1.87795	80	126	#
516	5.12231	8	23	41	195	#
517	1.2694	32	#
518	1.26654	137	#
519	2.15472	165	179	#
520	1.70795	145	154	#
521	1.43056	128	130	#
522	2.38233	12	73	94	#
523	1.38149	172	212	#
524	1.92717	81	221	#
525	3.13277	62	124	196	#
526	1.61632	76	254	#
527	1.3559	13	242	#
528	1.30566	121	#
529	1.83429	118	126	#
530	3.83355	113	120	179	#
531	1.28876	71	#
532	2.63843	34	144	195	#
533	1.44069	145	237	#
534	2.42682	192	203	#
535	1.43603	146	163	#
536	2.37816	69	103	#
537	6.23717	17	25	55	167	244	#
538	1.55505	33	186	#
539	1.87826	36	232	#
540	1.7263	9	118	#
541	2.56707	59	99	#
542	2.12667	168	177	#
543	2.15088	138	228	#
544	2.20523	27	186	189	#
545	2.98151	19	48	145	#
546	4.32911	78	201	220	243	#
547	4.17108	36	46	116	175	#
548	2.33385	102	126	176	#
549	1.73543	70	116	#
550	2.33213	54	59	177	#
551	3.38487	11	121	153	#
552	1.79967	147	152	#
553	3.16394	10	35	209	251	#
554	1.28764	98	#
555	2.38297	49	59	#
556	1.42854	100	219	#
557	1.51736	44	224	#
558	1.4826	112	216	#
559	2.2813	183	225	#
560	1.51727	115	232	#
561	2.54152	85	122	198	#
562	1.69191	143	187	#
563	2.5458	36	237	#
564	4.26098	1	26	39	119	#
565	2.78371	59	104	129	#
566	3.89368	30	40	213	#
567	1.60222	90	242	#
568	1.32807	87	#
569	2.65808	60	73	#
570	1.31766	86	#
571	3.69156	152	160	219	#
572	2.59964	158	194	#
573	2.55396	218	221	#
574	1.33489	35	#
575	1.64177	21	93	#
576	2.78319	63	111	169	214	#
577	1.35376	25	255	#
578	1.32327	47	230	#
579	1.79402	8	173	#
580	1.88422	128	177	#
581	1.56029	16	156	#
582	2.07396	166	230	#
583	1.6122	27	78	#
584	4.00641	93	165	198	#
585	3.2511	70	87	171	#
586	2.43676	111	161	#
587	2.08691	139	187	#
588	2.007	215	227	#
589	3.44566	153	214	229	#
590	1.6111	217	244	#
591	2.38335	4	163	#
592	3.81834	82	86	109	#
593	1.47935	158	227	#
594	2.64175	84	131	#
595	1.33593	11	57	#
596	2.5339	123	169	#
597	2.43893	5	16	#
598	2.15215	45	114	#
599	3.21196	41	107	140	#
600	1.94725	84	195	#
601	1.40844	25	230	#
602	2.38073	147	212	#
603	1.58265	119	191	#
604	1.52576	188	211	#
605	2.68159	153	201	#
606	1.31157	213	#
607	1.78656	81	157	#
608	3.51138	109	174	191	#
609	2.61791	1	95	#
610	3.22761	1	224	234	#
611	3.41172	81	153	211	#
612	1.33255	156	232	#
613	3.31405	10	92	230	#
614	2.12602	100	152	170	#
615	2.27647	104	117	#
616	2.24887	183	231	#
617	3.18928	42	81	110	232	#
618	3.39535	55	149	214	255	#
619	2.74912	0	56	57	#
620	2.05381	6	47	#
621	3.34306	16	88	192	#
622	2.26976	62	64	79	#
623	2.24256	136	138	#
624	2.03175	47	55	167	#
625	3.1066	87	111	124	#
626	3.71798	135	160	201	214	#
627	1.96521	49	98	#
628	2.09013	134	220	#
629	2.2241	58	225	#
630	3.94852	0	97	212	#
631	2.04729	155	179	#
632	2.5354	15	151	#
633	1.65531	19	102	#
634	3.02815	34	132	153	#
635	3.93742	43	82	113	#
636	2.1184	34	78	#
637	1.16978	119	#
638	2.07474	65	119	#
639	1.37024	84	243	#
640	2.67584	58	97	105	#
641	1.70737	61	82	#
642	5.05333	13	32	119	206	212	216	#
643	1.86799	171	206	#
644	2.03252	50	134	#
645	3.96365	93	142	162	#
646	1.87452	115	121	#
647	1.30465	253	#
648	2.53905	139	222	#
649	1.57342	190	192	#
650	3.894	134	138	210	232	#
651	2.42394	53	125	#
652	1.76094	50	203	#
653	1.10445	81	#
654	3.9378	12	78	235	#
655	2.4562	15	178	#
656	2.40165	4	74	#
657	2.51867	50	222	#
658	1.46106	26	219	#
659	6.90107	36	76	124	143	188	243	#
660	2.49305	121	237	#
661	2.30375	131	156	#
662	1.42861	90	182	#
663	1.72316	10	92	#
664	1.26451	166	#
665	2.95422	49	191	247	#
666	1.64909	141	209	#
667	1.9098	213	254	#
668	3.94015	77	153	174	#
669	2.02111	90	136	#
670	3.38882	61	182	246	#
671	1.48514	59	237	#
672	1.21217	185	#
673	1.68808	126	219	#
674	1.30792	49	#
675	1.51157	130	242	#
676	2.6272	101	138	#
677	2.12958	70	252	#
678	2.65467	88	133	#
679	1.34473	128	231	#
680	1.33626	65	177	#
681	2.67279	50	79	#
682	1.74811	62	125	#
683	3.53892	101	134	167	#
684	3.22136	59	136	231	#
685	3.55408	9	44	250	#
686	2.52848	103	249	#
687	3.6789	68	88	126	#
688	2.32462	25	173	#
689	1.39995	14	217	#
690	1.45001	182	190	#
691	2.41769	49	201	#
692	1.81151	51	133	#
693	2.60597	19	106	#
694	3.18994	32	112	146	#
695	2.59153	129	176	#
696	1.32398	113	213	#
697	3.46705	61	151	169	#
698	3.65504	18	60	160	240	#
699	1.77313	69	98	#
700	2.34378	178	221	#
701	3.37451	6	51	126	#
702	1.64929	107	136	#
703	3.45162	73	86	219	#
704	1.49815	53	162	#
705	2.03368	43	180	#
706	2.638	14	206	#
707	2.83969	28	185	218	#
708	2.48695	151	194	#
709	2.06929	2	202	#
710	2.93126	9	15	110	#
711	1.77287	55	59	#
712	2.40173	20	211	#
713	2.33688	219	252	#
714	2.44624	39	63	#
715	2.20921	52	113	#
716	2.57484	31	44	#
717	3.65528	29	123	218	#
718	0.812617	219	#
719	4.2779	7	98	115	241	#
720	1.75501	10	55	#
721	1.46998	119	234	#
722	2.61736	57	75	121	#
723	2.64366	56	69	#
724	2.65293	107	137	#
725	2.576	200	217	#
726	3.40183	72	167	214	#
727	2.69662	22	60	70	#
728	2.0263	51	123	#
729	2.90422	194	233	254	#
730	2.38905	10	156	#
731	2.57284	140	248	#
732	2.10626	148	177	230	#
733	2.50124	131	158	#
734	2.57951	3	159	#
735	1.81523	64	167	#
736	2.05963	116	187	206	#
737	2.14001	0	167	#
738	2.33461	8	144	#
739	1.90713	121	227	#
740	3.86424	42	94	131	#
741	3.015	30	84	198	#
742	2.96878	76	109	251	#
743	1.44129	102	220	#
744	2.00557	31	88	236	#
745	5.23648	68	87	158	198	#
746	1.74635	115	225	#
747	2.87536	143	178	253	#
748	2.44295	46	64	#
749	2.63554	67	246	#
750	2.3955	1	76	#
751	1.79701	130	155	#
752	2.53558	102	120	#
753	1.4311	27	130	#
754	2.23708	19	39	#
755	2.16763	97	125	#
756	1.54563	122	209	#
757	1.46945	129	151	#
758	3.33306	61	90	152	#
759	1.61431	130	140	#
760	1.48254	9	102	#
761	2.60817	65	222	#
762	1.15797	66	#
763	5.66197	53	73	177	205	244	#
764	3.31648	129	214	245	#
765	3.90388	43	58	188	#
766	1.74186	124	162	#
767	1.82315	220	233	#
768	2.20425	23	70	#
769	2.32373	23	51	#
770	2.43417	4	116	#
771	3.5662	137	154	221	#
772	1.49688	129	253	#
773	2.31335	41	251	#
774	4.43422	5	61	88	231	#
775	3.66182	79	245	253	#
776	2.14449	164	253	#
777	1.8135	115	167	#
778	1.75587	4	223	#
779	2.22064	21	77	#
780	1.99335	2	203	#
781	2.04736	163	222	#
782	2.55375	151	231	#
783	3.86619	108	151	232	#
784	2.51776	89	197	#
785	2.33683	4	194	#
786	2.59224	20	52	#
787	2.11402	137	155	#
788	2.39416	19	244	#
789	1.55318	55	121	#
790	2.34916	26	101	#
791	1.91035	101	193	#
792	2.05536	222	237	#
793	2.19454	54	247	#
794	3.43746	87	123	135	#
795	2.48653	75	154	#
796	1.89426	12	25	#
797	1.46044	133	168	#
798	1.89335	30	218	#
799	2.86925	18	19	134	#
800	2.58717	45	106	#
801	2.19454	127	188	#
802	2.55955	97	236	#
803	2.54505	35	81	190	#
804	2.60926	76	141	184	#
805	4.77049	52	79	176	197	#
806	2.26581	87	137	142	#
807	2.20438	160	247	#
808	2.20271	71	84	223	#
809	2.58103	29	67	#
810	1.41738	87	184	#
811	1.8549	16	137	#
812	3.47109	129	228	252	#
813	2.59045	150	218	#
814	3.12923	21	164	165	#
815	3.24718	23	48	50	#
816	2.54857	30	211	#
817	2.20862	208	255	#
818	2.51365	64	187	#
819	2.60015	36	190	#
820	1.49336	187	200	#
821	1.90764	140	206	#
822	1.94771	90	158	#
823	1.50549	125	139	#
824	1.38287	171	245	#
825	1.92838	7	36	#
826	2.77073	40	76	154	214	#
827	2.33592	169	182	#
828	2.68173	69	186	#
829	2.39373	3	239	#
830	2.28543	181	193	#
831	3.75192	29	151	237	#
832	3.02901	127	222	241	#
833	1.79152	58	224	#
834	2.55617	105	123	196	#
835	3.7609	29	50	192	#
836	2.06357	44	142	#
837	4.66202	8	50	81	177	181	247	#
838	1.40539	136	157	#
839	2.03294	45	138	#
840	3.41047	26	51	211	#
841	1.66395	218	237	#
842	2.01543	44	177	#
843	2.0006	158	211	#
844	2.34662	107	246	#
845	1.66164	36	95	#
846	4.004	11	37	51	154	#
847	2.30421	103	122	#
848	2.99338	25	167	213	#
849	1.82848	99	196	#
850	1.81093	144	224	#
851	1.99996	37	148	#
852	1.80049	128	204	#
853	1.42516	155	156	#
854	2.47274	123	253	#
855	3.74925	1	180	190	#
856	1.88153	118	210	#
857	2.60713	110	133	#
858	1.84254	1	4	#
859	1.96125	38	240	#
860	2.28918	225	236	#
861	2.38568	32	222	#
862	2.14388	212	230	#
863	3.63533	59	221	225	252	#
864	2.10842	59	80	146	#
865	1.84779	202	206	#
866	1.65974	38	175	#
867	1.54681	118	216	#
868	3.37509	88	201	252	#
869	2.59064	74	238	#
870	2.04191	78	185	#
871	3.07117	66	105	135	#
872	5.47785	35	143	180	212	218	#
873	2.46861	28	49	134	#
874	1.45967	80	209	#
875	1.87776	153	184	#
876	3.95079	81	168	192	#
877	2.55581	90	144	251	#
878	2.44642	133	181	187	#
879	1.38098	166	183	#
880	1.92507	26	189	#
881	1.44536	54	64	#
882	2.64134	26	206	#
883	1.57828	29	155	#
884	2.10199	140	164	#
885	1.60318	61	192	#
886	5.09044	0	51	168	191	#
887	2.86873	161	192	193	#
888	2.24928	50	239	#
889	2.64604	15	55	#
890	1.52974	152	161	#
891	2.4423	43	189	#
892	2.50735	32	58	244	#
893	5.82725	48	55	108	112	193	226	#
894	1.5693	3	96	#
895	1.44852	37	39	#
896	1.54535	122	199	#
897	2.30927	110	111	#
898	2.53674	22	163	#
899	1.87892	51	97	#
900	1.60176	9	80	#
901	1.99374	102	123	226	#
902	1.65584	52	96	#
903	1.89295	35	198	#
904	3.33687	36	128	203	#
905	1.74819	153	185	#
906	1.73451	47	60	#
907	1.64873	5	69	#
908	1.3975	203	234	#
909	2.01674	132	252	#
910	1.89029	47	121	#
911	2.22282	4	77	195	#
912	2.99058	93	155	176	208	#
913	2.47603	138	161	#
914	1.39606	28	214	#
915	1.40711	12	72	#
916	1.08736	77	#
917	2.25833	38	55	#
918	2.05949	105	112	#
919	2.67495	129	152	#
920	2.14972	2	178	232	#
921	2.39929	51	197	#
922	3.27632	150	180	210	#
923	3.64779	33	50	58	#
924	2.93022	32	102	185	#
925	2.57169	131	163	172	#
926	2.47533	28	77	#
927	1.81742	35	61	#
928	1.61956	4	100	#
929	2.94397	14	61	109	136	#
930	1.95537	77	130	#
931	2.62836	12	238	#
932	3.46979	34	39	158	#
933	2.16754	148	173	211	#
934	2.17274	118	127	177	#
935	1.77297	148	162	#
936	2.43843	122	249	#
937	3.92582	68	102	107	114	#
938	1.58596	26	247	#
939	2.61635	224	249	#
940	2.60544	148	203	#
941	1.91589	59	140	#
942	2.27565	32	168	#
943	2.22112	3	74	#
944	2.06113	98	227	#
945	2.16818	22	90	#
946	1.78504	64	149	#
947	1.56735	27	119	#
948	2.56428	130	243	#
949	2.52898	32	78	#
950	3.69713	64	115	202	#
951	3.97228	58	67	187	#
952	1.62947	63	220	#
953	1.99163	85	246	#
954	1.87526	4	170	#
955	3.44987	0	225	230	#
956	2.33132	166	255	#
957	4.62205	2	16	124	250	#
958	2.57036	183	208	#
959	1.79716	182	245	#
960	3.88619	69	85	237	#
961	1.99988	161	166	#
962	2.13606	61	149	#
963	2.8455	39	116	173	#
964	2.58935	114	184	#
965	2.25302	187	255	#
966	2.56974	76	171	#
967	2.62645	126	211	254	#
968	2.79461	9	144	224	#
969	1.93973	18	25	#
970	1.87992	87	172	#
971	5.10642	34	61	237	242	#
972	3.51715	3	23	173	#
973	1.57009	19	154	#
974	2.24671	90	134	#
975	2.43136	96	103	#
976	3.6784	80	89	161	#
977	6.32448	25	47	55	95	232	#
978	2.29202	25	219	#
979	5.36685	1	21	143	151	197	#
980	3.45883	198	238	252	#
981	1.93202	0	213	#
982	1.75035	134	160	#
983	2.26769	46	57	#
984	2.22961	65	128	#
985	2.36914	79	222	#
986	2.49848	116	118	#
987	2.10692	44	157	#
988	1.68831	9	151	#
989	1.64859	177	241	#
990	1.83042	42	210	#
991	1.54279	27	36	#
992	1.54938	11	249	#
993	1.7829	7	200	#
994	2.33355	86	205	#
995	2.01842	176	235	#
996	2.79649	10	45	227	#
997	1.57701	29	114	#
998	1.89352	78	203	#
999	2.19342	58	254	#
