%% File generated by CATS v.2.1Wed Jun 29 17:34:58 2011

%% The CATS webpage is http://robotics.stanford.edu/CATS

%% PARAMETER SETTINGS:
% Goods: 50; Bids: 400; Distribution: L7; Runs: 1; Seed: 1309389852
% Legacy distribution parameters:
% Number of goods chosen according to Binomial distribution (binom_cutoff = 0.2).
% Price chosen according to Linear Random distribution (low_linearly = 1, high_linearly = 1000).


goods 50
bids 400
dummy 0

0	2662.62	0	8	13	26	30	32	46	#
1	181.643	5	12	14	16	17	30	32	38	43	46	#
2	310.759	6	8	9	13	26	28	33	34	42	48	49	#
3	2405.9	24	25	31	33	49	#
4	2853.31	6	7	20	23	25	35	37	39	41	47	#
5	6452.07	4	5	12	20	21	22	24	29	30	33	35	#
6	9521.61	3	5	20	23	26	31	32	35	39	45	#
7	4361.24	0	1	4	5	10	11	16	18	26	30	31	33	42	45	49	#
8	4669.05	5	12	14	15	22	25	39	42	44	49	#
9	12218.8	0	2	3	5	8	10	11	15	18	20	22	36	44	45	46	#
10	4104.47	2	12	20	21	22	25	26	30	#
11	5335	2	14	22	26	30	40	43	46	#
12	6319.96	0	6	7	8	9	16	22	25	28	33	38	40	43	#
13	9905.69	0	4	7	12	13	15	28	32	33	34	43	45	47	#
14	4117.53	1	22	31	34	36	44	46	#
15	4932.56	4	7	17	19	26	33	34	45	46	#
16	7628.1	5	10	11	12	16	19	24	25	27	30	37	42	#
17	2103.86	5	6	15	21	36	45	46	47	49	#
18	7008.28	4	9	14	17	21	27	28	34	43	#
19	7039.16	9	13	18	19	22	31	35	37	39	#
20	5839.54	9	14	16	20	24	34	37	38	47	#
21	5797.26	3	8	11	24	28	47	#
22	2361.74	0	13	14	26	28	31	47	#
23	10966.5	1	4	7	10	11	15	17	19	25	32	39	40	44	#
24	1546.79	0	11	12	15	30	35	41	46	#
25	5744.66	17	19	23	36	40	44	#
26	8008.47	3	6	11	12	18	19	20	25	28	32	36	37	45	48	#
27	8610.76	2	3	13	18	19	38	41	42	45	#
28	2895.71	2	3	9	18	26	27	43	46	47	#
29	2793.3	0	6	11	14	18	20	27	29	34	42	45	48	#
30	6939.24	3	7	11	12	14	24	25	30	35	36	45	48	49	#
31	4042.69	3	9	12	14	15	17	22	26	29	32	38	39	40	41	47	#
32	452.49	6	15	24	33	39	47	#
33	12632.2	0	1	4	5	7	8	9	12	13	20	23	26	31	32	34	35	37	39	43	47	#
34	5576.82	1	5	11	12	14	16	18	21	23	37	39	44	47	#
35	5024.49	3	4	5	15	21	22	27	33	47	#
36	6152.29	0	2	3	7	27	34	36	43	47	#
37	6032.62	1	2	4	13	14	25	40	#
38	6031.17	1	5	12	18	23	27	28	30	32	38	44	49	#
39	1166.07	2	10	25	31	45	49	#
40	442.39	14	26	36	38	39	44	47	#
41	1570.17	12	23	24	35	40	#
42	608.362	6	8	11	12	22	23	28	33	34	42	#
43	9707.57	5	13	19	21	25	30	31	34	36	38	41	42	45	#
44	1940.72	0	1	17	20	21	24	28	29	39	47	49	#
45	4172.64	0	8	9	15	16	19	26	29	34	35	#
46	443.936	3	4	7	12	13	16	25	35	41	42	45	#
47	1127.14	5	10	11	15	18	28	30	32	33	41	47	48	#
48	5486.62	3	6	16	17	19	26	39	41	#
49	9853.38	7	12	15	19	21	29	32	38	39	46	#
50	6766.79	1	2	4	7	9	10	16	19	20	22	26	30	35	38	39	#
51	1747.58	0	14	17	25	26	29	31	33	40	#
52	2958.64	4	9	11	14	18	22	27	33	37	45	#
53	818.476	4	5	10	17	33	37	42	43	45	#
54	4436.6	6	7	15	20	28	41	#
55	11900.8	1	7	12	13	17	28	29	38	40	44	45	49	#
56	9463.96	4	5	8	9	17	23	32	36	37	42	44	46	#
57	554.001	0	3	14	15	16	35	39	44	45	#
58	6142.31	0	2	4	8	9	11	13	16	21	36	38	40	42	#
59	8741.5	18	20	21	24	25	27	29	42	49	#
60	7534.37	0	2	3	9	12	13	20	21	28	31	33	34	36	45	#
61	3258.26	18	19	20	22	25	26	33	38	40	#
62	5285.68	3	4	14	16	17	20	24	34	42	45	#
63	4124.62	7	23	24	37	39	41	46	48	#
64	3310.48	3	5	6	7	11	14	15	17	20	25	35	36	43	45	47	#
65	6944.49	5	6	9	14	15	24	27	29	32	34	36	37	46	#
66	5560.59	0	4	8	9	13	17	28	31	35	37	40	41	42	43	44	48	#
67	1758.72	5	12	13	14	27	29	32	35	43	#
68	7548.71	0	2	6	9	15	16	20	22	25	29	30	32	33	35	37	38	43	47	#
69	3340.3	0	5	7	14	15	18	22	34	35	42	43	48	#
70	6309.77	3	5	8	15	33	42	45	#
71	5207.8	5	6	9	13	15	19	22	36	39	40	47	48	#
72	3203.03	30	38	44	48	49	#
73	6626.18	1	12	26	34	35	37	38	42	43	47	#
74	7937.8	1	5	8	12	17	21	24	30	32	35	43	49	#
75	1840.36	3	6	9	16	23	25	30	44	46	#
76	6798.76	5	7	8	13	18	19	20	24	33	42	46	#
77	5764.04	6	14	15	21	24	26	31	36	39	49	#
78	6669.99	5	7	14	17	18	27	37	41	44	48	#
79	6681.76	10	14	15	21	24	27	31	47	49	#
80	11351.2	1	9	16	18	23	24	25	27	28	29	34	36	39	40	46	49	#
81	7088.71	1	2	8	19	20	40	43	45	48	#
82	6873.87	0	2	6	13	14	15	20	25	33	39	48	#
83	15400.1	3	8	10	11	12	14	18	20	24	25	27	31	34	36	37	42	43	#
84	4926.23	3	9	32	34	35	38	42	46	#
85	2050.68	5	19	28	32	33	34	37	41	42	44	45	#
86	7500.43	6	9	13	16	25	33	35	37	42	47	#
87	9111.37	3	10	11	12	13	21	25	26	27	36	37	#
88	2964.09	0	1	9	11	13	16	23	25	26	30	43	46	#
89	6744.07	3	10	15	20	21	23	29	37	45	49	#
90	518.508	2	6	19	27	28	33	45	48	#
91	1423.01	0	3	18	21	33	43	44	47	49	#
92	4291.14	1	6	8	19	28	38	48	#
93	3700.69	2	15	17	24	29	30	33	36	44	45	46	#
94	173.637	1	5	11	19	35	40	41	44	#
95	5546.66	3	4	10	12	18	25	27	28	38	42	45	46	48	49	#
96	9063.86	3	4	5	14	19	26	33	41	42	49	#
97	1199.6	7	16	33	36	38	39	49	#
98	5848.24	4	10	12	13	19	25	34	36	47	#
99	3084.69	3	6	7	10	17	22	32	33	36	45	#
100	9963.31	5	6	19	24	25	26	27	32	35	37	40	45	47	#
101	3827.12	1	3	5	12	15	20	23	25	28	30	37	40	41	42	48	#
102	7142.27	1	2	5	23	32	35	36	37	48	#
103	2108.68	1	3	12	15	19	28	31	33	35	37	40	42	43	49	#
104	1872.91	0	2	9	12	13	14	17	18	19	21	24	26	31	39	40	#
105	9050.65	0	18	20	28	32	33	36	38	39	41	#
106	2712.13	18	25	31	45	#
107	1857.05	0	1	3	9	13	21	26	30	32	33	34	39	40	#
108	4173	1	3	16	22	24	25	28	30	34	35	37	46	48	#
109	8103.46	0	2	3	4	7	19	21	33	46	#
110	7291.85	9	11	19	25	35	39	40	42	#
111	3132.72	1	2	4	7	12	15	17	18	21	29	36	37	47	#
112	3363.18	2	16	17	18	#
113	9897.37	3	7	9	11	16	22	24	25	26	28	29	30	34	38	#
114	2532.32	10	21	22	37	44	#
115	5142.6	4	7	10	14	15	31	34	35	41	45	49	#
116	2136.81	6	10	13	18	23	24	40	#
117	6296.16	1	4	15	22	23	27	31	35	42	45	46	#
118	4944.81	1	3	7	23	30	37	42	#
119	8648.03	0	10	16	17	20	21	22	23	24	35	36	#
120	1293	8	9	42	46	#
121	482.432	4	5	7	13	17	41	47	#
122	8914.76	0	3	10	12	15	19	20	31	39	40	42	#
123	8505.67	1	10	17	19	25	30	34	38	47	#
124	544.363	18	19	33	47	49	#
125	7202.5	1	6	10	12	13	19	23	26	28	30	35	#
126	5023.17	8	12	24	38	41	43	49	#
127	14890.1	0	2	3	7	9	10	19	21	22	26	27	30	34	36	37	43	45	#
128	2637.81	2	9	17	18	32	35	37	41	44	#
129	850.495	4	7	17	37	41	43	45	#
130	2822.73	7	12	18	26	34	37	38	39	40	41	#
131	1164.5	17	25	28	29	32	37	39	41	49	#
132	4872.09	7	9	17	19	20	22	25	31	33	39	41	45	46	#
133	2163.03	0	1	5	6	14	20	39	40	45	48	#
134	13863.2	0	2	15	16	17	24	25	26	30	33	39	41	43	45	#
135	4814.43	13	14	17	20	34	37	42	48	#
136	2419.65	1	7	9	11	14	17	19	25	34	35	42	44	48	49	#
137	5033.41	1	2	4	11	13	14	24	31	45	46	#
138	7207.05	0	8	12	15	21	32	33	35	39	#
139	6454.97	6	13	20	21	22	27	28	37	40	41	42	48	49	#
140	5554.05	8	16	20	26	29	32	39	42	#
141	6570.01	1	7	11	13	15	23	25	31	41	46	48	#
142	1987.7	1	3	23	27	45	#
143	6850.64	6	9	22	26	27	29	31	46	#
144	13481.9	2	3	4	5	6	8	11	16	17	26	33	36	39	43	46	#
145	4976.33	5	7	8	12	18	26	30	38	#
146	1323.1	1	10	14	17	21	22	33	35	37	48	#
147	4923.21	2	7	12	13	17	28	31	33	34	35	38	39	41	43	45	46	47	48	#
148	6160.69	1	4	8	12	19	28	30	43	44	48	#
149	10044.1	8	9	10	16	18	23	24	27	38	40	41	48	49	#
150	8106.54	7	11	15	18	19	22	23	28	34	39	#
151	10002.7	0	4	9	10	12	15	19	29	32	41	43	49	#
152	5756.64	0	13	14	25	29	31	32	36	38	#
153	916.484	11	16	18	23	24	28	33	34	40	43	#
154	5705.78	0	2	4	9	12	15	18	32	38	40	42	45	49	#
155	1027.3	1	5	6	7	12	19	24	25	28	30	32	41	43	#
156	1628.69	0	5	7	11	14	15	25	29	34	41	46	49	#
157	4803.11	4	13	14	15	16	17	20	45	47	#
158	8308.6	1	3	5	6	7	19	20	22	24	28	29	34	40	43	#
159	5092.7	2	4	8	14	20	26	29	32	33	35	42	#
160	6077.72	0	8	13	14	28	29	30	35	37	38	42	45	47	#
161	2853.73	8	12	21	24	28	32	34	35	36	37	40	44	48	#
162	1660.07	4	13	19	26	30	37	47	48	#
163	6402.01	1	4	5	8	15	21	22	30	36	38	40	41	47	#
164	11587.9	3	5	6	13	16	18	25	32	35	41	44	46	47	#
165	2740.89	5	18	21	23	28	37	39	40	47	48	#
166	1342.16	4	10	14	33	35	42	45	46	#
167	6960.62	17	22	23	28	33	34	38	41	42	#
168	6719.58	5	10	12	16	23	43	49	#
169	15391.5	2	3	9	12	15	17	18	20	21	22	23	29	31	32	41	45	#
170	4612.06	0	2	8	16	28	32	34	41	48	#
171	9444.98	0	3	4	8	10	11	19	22	23	25	#
172	4801.71	0	7	18	22	24	25	28	40	#
173	6630.2	0	3	4	7	8	11	16	24	25	30	40	42	47	#
174	1681.65	0	12	18	19	36	38	45	#
175	2681.11	2	5	12	23	25	30	31	36	43	49	#
176	5250.44	2	16	27	39	42	47	49	#
177	4076.82	1	11	16	21	23	25	26	28	#
178	3986.21	5	8	18	19	22	25	41	#
179	9235.84	1	5	19	24	29	32	38	43	44	49	#
180	587.112	2	9	10	28	37	#
181	5345.74	12	20	26	28	33	34	49	#
182	5482.1	15	19	25	34	36	41	43	44	48	#
183	462.501	0	6	11	12	16	21	30	32	40	44	47	#
184	1683.56	2	8	10	20	22	23	32	37	42	44	49	#
185	1042.87	5	7	15	18	25	30	39	42	47	48	#
186	2365.17	7	13	16	17	40	44	46	47	#
187	1718.67	2	10	20	21	23	37	43	49	#
188	5655.31	3	9	10	13	17	29	48	#
189	4982.74	3	7	17	20	30	33	39	45	48	#
190	2282.3	4	6	15	19	20	23	26	27	31	33	44	49	#
191	3034.55	2	3	14	24	29	31	35	37	43	48	#
192	5708.59	7	27	29	34	35	41	42	47	49	#
193	2014.42	1	8	14	24	#
194	1353.79	10	20	23	27	36	38	41	47	#
195	7108.21	2	7	19	24	25	29	45	48	#
196	9566.66	0	6	14	21	22	35	39	42	45	48	#
197	6588.2	10	12	13	16	19	20	22	23	27	33	40	47	48	#
198	2767.93	1	4	9	13	15	43	#
199	474.048	3	4	6	7	16	19	27	32	33	34	38	39	42	48	#
200	4382.69	4	13	19	31	37	44	47	#
201	9787.76	0	4	5	13	16	17	20	21	28	29	30	35	39	44	#
202	2601.65	3	4	13	21	22	#
203	9774.98	1	2	6	15	17	29	30	31	35	37	43	45	47	#
204	3261.89	3	12	13	16	18	24	26	30	31	32	35	38	40	44	#
205	8632.68	0	1	6	9	11	15	19	24	35	37	39	40	#
206	5643.14	11	18	20	24	30	37	39	44	#
207	696.519	4	5	15	20	25	29	33	38	41	48	#
208	2669.41	0	3	6	13	20	22	24	31	32	36	42	48	#
209	311.135	3	6	9	10	16	31	34	40	#
210	573.249	2	6	9	13	17	21	26	29	30	32	33	35	41	49	#
211	6591.15	10	14	15	16	17	22	23	25	27	28	35	38	#
212	9163.81	0	7	17	18	21	38	39	45	47	49	#
213	1590.94	8	29	33	38	44	47	48	#
214	7759.03	1	4	9	13	15	16	18	23	24	30	36	42	43	46	49	#
215	3272.26	11	21	31	37	#
216	2824.53	12	23	29	30	33	42	49	#
217	4108.68	7	8	9	12	15	17	18	21	24	27	38	#
218	2131.36	0	4	5	13	16	24	27	36	39	45	#
219	1005.41	0	4	5	9	22	28	38	#
220	5844.11	2	10	12	22	30	34	#
221	8761.82	0	4	6	9	11	14	16	18	25	30	32	33	45	#
222	8863.18	17	18	21	26	29	31	37	41	47	#
223	12849	1	3	4	7	9	11	14	17	18	29	32	35	40	42	44	#
224	5808.99	0	10	24	26	30	39	40	42	46	#
225	2978.83	1	18	22	28	29	37	43	48	#
226	676.402	3	5	8	18	20	24	28	30	32	34	38	40	41	48	#
227	210.81	14	16	17	22	24	41	45	46	#
228	8987.1	1	9	15	17	25	26	29	34	45	#
229	8904.45	0	3	8	10	18	38	39	40	43	45	#
230	4609.65	1	5	6	9	13	14	18	24	26	29	32	33	34	40	#
231	1593.71	4	6	12	27	28	31	32	33	34	36	39	41	42	47	48	#
232	7020.98	0	17	23	24	25	27	28	29	30	31	33	35	37	38	40	#
233	4457.41	1	3	4	16	19	24	25	26	30	32	40	48	49	#
234	7862.78	6	9	12	14	15	19	20	25	36	#
235	3914.34	12	20	22	30	34	37	44	#
236	5032.84	5	12	18	20	22	27	28	32	35	37	40	42	#
237	4408.5	0	13	15	16	26	35	38	41	42	#
238	1038.57	0	3	8	13	21	23	27	35	37	43	#
239	2809.82	2	3	17	30	35	42	48	49	#
240	4589.29	2	19	20	21	22	23	25	27	32	#
241	6373.16	2	6	7	8	11	14	22	24	34	45	47	49	#
242	7684.68	7	10	14	17	37	46	48	49	#
243	1645.92	13	22	23	26	35	38	39	41	44	#
244	6443.35	2	4	6	12	20	21	27	29	31	36	37	38	44	46	#
245	1958.78	2	4	8	9	22	24	27	29	37	44	47	48	#
246	1526.84	0	2	6	26	27	43	46	#
247	5319.15	2	3	4	6	13	24	28	35	39	41	45	48	#
248	6430.13	9	14	26	27	28	29	34	42	#
249	4302.32	3	4	10	12	13	20	21	26	29	30	32	35	49	#
250	3474.19	0	1	2	9	10	13	19	25	26	32	34	44	#
251	2537.49	8	10	13	19	20	24	25	32	34	40	49	#
252	11726.9	0	6	10	13	15	17	19	20	27	29	30	36	38	44	#
253	7344.58	1	3	4	9	22	23	29	30	32	33	39	47	48	#
254	3961.34	1	4	11	30	35	41	48	#
255	2347.38	5	7	10	11	20	29	35	40	44	45	#
256	1288.22	1	7	12	24	25	32	40	41	43	44	47	#
257	238.003	0	1	5	10	19	29	45	49	#
258	7809.88	7	9	16	21	24	26	30	43	45	#
259	4938.05	0	1	3	6	14	24	40	47	49	#
260	4093.51	8	10	17	19	26	29	30	34	41	44	46	#
261	531.104	0	1	3	8	10	12	24	27	42	44	46	48	#
262	26.9596	1	5	18	25	29	#
263	4885.28	7	15	16	20	21	25	30	32	33	49	#
264	7888.61	2	4	7	9	12	28	30	44	#
265	5789.76	2	6	7	10	12	22	29	38	47	#
266	2279.9	2	3	7	9	21	24	27	33	35	37	40	43	#
267	2266.58	1	12	18	25	36	37	43	49	#
268	9032.54	2	10	12	14	15	16	24	26	29	30	31	37	41	42	43	45	#
269	11629.4	8	9	11	16	17	19	24	28	31	32	33	35	37	38	#
270	5861.68	2	3	4	7	9	20	24	25	30	47	#
271	1732.03	13	16	21	25	26	31	34	36	37	39	#
272	10169.6	0	6	7	9	12	16	25	27	38	40	42	44	#
273	10705.5	0	5	7	12	17	18	30	31	32	41	45	47	48	#
274	4973.45	2	16	21	22	24	33	43	47	#
275	136.639	4	10	11	20	26	30	32	#
276	5154.55	0	9	11	14	16	19	31	36	39	40	#
277	434.141	1	3	9	19	21	24	33	39	#
278	4583.42	6	10	18	20	26	30	47	#
279	2591.64	0	16	18	25	29	40	41	47	49	#
280	4755.24	12	21	23	25	27	32	33	38	39	41	47	#
281	670.586	3	25	28	36	40	46	#
282	4369.25	0	4	8	10	14	22	23	26	27	29	30	33	40	#
283	7277.79	1	11	18	20	21	25	33	40	48	#
284	3334.63	11	13	17	18	20	38	44	#
285	4438.72	8	12	20	23	25	32	35	42	47	#
286	6681.04	2	3	6	26	30	33	39	42	49	#
287	9434.39	1	9	10	16	17	20	21	22	25	32	33	39	40	46	#
288	5135.01	1	2	7	11	12	15	16	17	20	22	28	29	31	36	#
289	2059.85	6	7	18	25	30	41	46	#
290	2795.01	1	7	12	24	28	29	31	32	36	39	#
291	11048.3	1	4	8	25	26	28	30	31	35	40	41	44	46	48	#
292	321.411	4	19	23	24	26	28	33	37	40	45	#
293	351.528	0	9	12	15	16	27	32	44	45	#
294	1118.27	1	3	11	19	32	42	48	#
295	3110.24	5	32	34	35	41	43	#
296	2110.26	3	12	15	16	18	26	27	36	40	#
297	18.2468	0	5	7	15	29	31	37	39	46	48	#
298	1290.66	3	9	11	17	23	38	#
299	4295.98	0	1	2	5	16	18	20	22	23	27	30	39	43	#
300	12933.5	5	6	7	9	14	16	19	21	23	26	27	31	33	35	45	#
301	5500.81	0	1	4	7	21	23	40	#
302	5868.95	3	7	15	17	23	24	29	30	33	36	40	46	49	#
303	3971.64	1	7	10	11	13	14	15	16	22	30	34	38	43	47	49	#
304	1639.5	3	9	10	25	31	37	42	43	45	47	#
305	3424.55	0	1	4	6	12	19	30	33	37	39	41	46	49	#
306	5915.64	3	7	12	14	21	23	40	44	45	#
307	3764.77	9	16	20	26	42	43	#
308	34.2176	1	2	7	9	20	22	26	29	35	36	#
309	4389.57	9	15	16	28	31	33	34	39	43	45	#
310	2920.3	7	10	23	33	38	39	42	44	47	#
311	4074.54	1	3	4	15	17	19	25	31	33	37	41	43	45	#
312	1226.25	15	17	22	24	35	36	44	45	#
313	6996.07	7	9	11	16	20	26	30	36	38	#
314	6204.55	3	9	10	23	24	28	33	41	47	#
315	4163.27	3	17	23	26	29	41	44	#
316	5199.63	1	3	5	6	11	14	25	30	43	46	47	#
317	3502.78	5	8	19	27	32	35	36	44	48	#
318	6923.36	2	9	12	22	26	28	34	35	#
319	5179.07	0	2	7	8	33	35	#
320	2638.3	0	1	4	5	16	18	25	38	41	43	#
321	2052.35	8	10	16	23	28	30	33	37	41	43	44	46	#
322	2164.57	3	4	5	13	22	23	24	25	32	34	#
323	3540.78	2	16	27	30	33	#
324	60.4643	6	15	16	18	21	34	37	40	42	43	#
325	5435.58	7	10	12	18	30	36	37	41	#
326	834.981	15	19	37	38	#
327	4037.55	14	20	21	24	26	27	29	30	31	#
328	5836.63	4	7	12	22	24	25	30	39	#
329	9665.62	0	3	9	12	18	23	28	31	34	35	44	#
330	2852.83	2	19	24	33	#
331	8815.52	1	3	19	21	24	28	30	33	35	39	46	#
332	2567.62	0	2	9	22	34	35	39	46	#
333	8400.16	6	7	11	17	19	22	24	26	29	33	35	45	#
334	420.292	2	7	9	11	12	20	27	38	41	#
335	1237.15	0	2	8	25	33	36	43	45	48	#
336	4027.07	2	6	10	11	29	30	33	34	36	#
337	2676.18	14	18	19	25	32	36	#
338	6029.95	4	11	22	23	36	38	42	44	#
339	3721.12	3	13	16	18	22	30	33	34	46	47	48	#
340	5279.3	0	18	33	36	37	43	49	#
341	6178.17	1	5	9	10	11	20	29	32	36	45	49	#
342	1385.68	2	4	18	20	38	40	47	48	#
343	2050.11	2	9	14	18	23	24	27	#
344	1032.69	2	8	10	16	25	29	32	34	38	#
345	5070.35	0	8	34	36	41	44	47	49	#
346	7143.15	4	5	11	25	35	40	41	46	#
347	3042.76	0	8	15	17	18	30	34	38	40	48	#
348	11498.9	0	7	9	11	13	19	20	23	26	27	36	37	38	39	40	45	47	#
349	5488.09	0	1	14	19	25	36	39	45	#
350	4299.44	2	3	7	14	15	17	21	26	32	37	43	#
351	8911.41	1	6	16	25	27	32	36	38	41	43	#
352	11716.1	1	4	17	20	22	25	28	31	32	35	36	43	46	47	#
353	4722.99	5	6	11	14	16	20	26	46	#
354	3453.36	17	29	38	40	#
355	5045.76	7	9	12	26	27	37	39	42	44	49	#
356	2154.91	5	7	8	13	17	18	24	33	34	35	37	#
357	4770.28	3	7	8	10	12	14	22	26	32	35	39	42	#
358	1604.01	5	25	26	37	42	#
359	11460.6	3	12	13	17	25	34	37	38	39	41	45	49	#
360	6366.89	0	2	7	9	16	22	23	24	25	27	33	38	42	43	#
361	1006.99	2	6	9	14	15	16	17	21	28	30	36	38	40	46	47	49	#
362	7547.11	1	3	7	11	16	18	28	29	31	37	41	42	46	#
363	9295.65	0	11	15	17	21	29	30	32	37	43	48	#
364	3244.45	0	2	6	18	20	38	#
365	1040.92	5	6	8	28	33	37	45	48	49	#
366	3490.58	2	3	5	18	25	28	30	38	44	49	#
367	4484.22	2	3	4	9	10	12	17	18	20	21	24	30	32	41	45	47	49	#
368	2887.99	0	1	4	10	14	16	21	25	26	29	31	39	40	45	49	#
369	1462.14	2	3	8	21	22	28	46	#
370	12946.3	0	2	4	5	6	17	22	23	29	30	31	40	44	45	#
371	1676.18	0	3	8	9	18	26	28	30	33	36	42	#
372	5902.22	1	12	15	23	24	29	31	32	#
373	2279.03	2	20	23	27	39	#
374	460.952	5	9	12	21	23	30	36	40	45	#
375	6126.57	2	8	26	27	33	41	43	#
376	2254.36	3	19	20	30	48	#
377	3344.77	0	6	9	11	12	15	16	18	25	35	42	#
378	9444.24	0	2	3	4	5	11	20	21	29	32	38	43	44	49	#
379	4512.18	2	6	7	40	43	44	48	49	#
380	7458.95	0	1	4	8	12	17	18	29	36	37	49	#
381	6649.94	0	2	3	4	17	19	30	#
382	11539.6	3	5	7	8	10	15	16	18	24	28	32	37	39	43	#
383	292.236	10	13	23	25	27	31	32	35	39	43	45	48	49	#
384	6227.85	0	2	3	4	6	9	19	21	28	30	36	38	41	47	#
385	9817.61	10	12	17	18	25	32	38	43	44	48	#
386	2976.31	5	6	10	22	28	29	40	49	#
387	4342	1	4	10	12	17	20	29	34	46	#
388	2178.26	2	4	8	20	25	27	32	36	37	39	40	43	#
389	646.867	2	18	19	21	24	31	36	37	46	49	#
390	9842.39	0	4	8	9	11	18	19	29	34	38	40	42	44	46	#
391	5368.81	0	6	8	9	12	18	22	25	33	34	46	#
392	3531.9	8	9	15	36	43	46	#
393	6518.92	5	6	9	13	14	20	21	22	25	28	33	43	46	#
394	4737.17	1	2	4	5	8	15	22	45	47	#
395	5329.06	0	4	6	9	11	12	13	15	26	45	49	#
396	1887.03	0	7	14	24	27	31	39	46	#
397	3466.77	3	15	16	17	26	34	37	38	39	40	#
398	681.606	3	13	15	20	29	42	#
399	5263.75	12	17	25	26	34	40	#
