%% File generated by CATS v.2.1Wed Jun 29 17:34:58 2011

%% The CATS webpage is http://robotics.stanford.edu/CATS

%% PARAMETER SETTINGS:
% Goods: 50; Bids: 400; Distribution: L7; Runs: 1; Seed: 1309389846
% Legacy distribution parameters:
% Number of goods chosen according to Binomial distribution (binom_cutoff = 0.2).
% Price chosen according to Linear Random distribution (low_linearly = 1, high_linearly = 1000).


goods 50
bids 400
dummy 0

0	9601.34	10	13	17	21	24	28	29	36	37	41	43	#
1	8829.15	16	21	22	33	35	38	39	43	46	#
2	3882.56	7	13	18	30	33	37	48	#
3	9492.35	2	4	5	6	7	10	21	22	24	25	26	28	41	49	#
4	3885.35	3	9	21	28	#
5	2214.78	0	1	9	13	16	30	31	37	41	48	#
6	11680.8	1	6	11	12	16	17	21	31	33	34	38	43	44	45	#
7	1305.58	0	5	12	15	19	26	40	43	#
8	12421.8	0	6	7	9	10	18	26	29	30	38	39	41	42	43	44	48	#
9	813.486	3	10	20	22	26	31	47	#
10	6402.46	4	9	13	19	20	26	27	45	#
11	14793.2	4	9	13	16	17	24	25	26	29	30	31	38	40	44	46	#
12	3614.88	6	7	13	14	17	19	20	21	26	27	34	36	42	43	44	46	#
13	6001.21	0	4	8	12	32	36	37	38	46	47	#
14	1988.15	4	18	26	27	33	36	45	48	#
15	9556.28	2	5	8	9	14	25	33	45	46	48	#
16	5167.32	10	11	13	23	24	27	31	37	41	46	#
17	6896.55	1	3	12	14	24	26	38	41	#
18	5006.06	5	9	11	20	27	43	45	47	48	49	#
19	1864.93	0	1	3	16	19	23	35	#
20	2740.43	2	7	8	14	18	21	27	28	29	30	35	47	49	#
21	2359.54	0	2	10	17	18	22	24	32	35	43	44	46	47	#
22	5586.29	1	11	19	21	26	27	30	40	#
23	6465.08	2	5	7	8	11	17	18	22	30	43	#
24	8791.74	0	2	4	5	9	11	20	22	31	34	41	49	#
25	3221.22	2	14	15	16	26	28	34	37	38	43	48	#
26	696.892	18	25	27	37	#
27	7547.89	0	11	12	16	20	29	37	46	47	#
28	2758.47	0	2	7	9	17	19	26	29	35	40	46	47	48	#
29	1310.55	1	3	9	23	24	28	40	43	44	47	#
30	2300.85	5	9	12	13	33	#
31	871.901	4	10	11	12	19	42	45	48	#
32	3978.65	10	12	19	28	31	44	46	49	#
33	7340.58	1	3	5	6	7	8	11	26	27	30	34	43	46	#
34	4275.26	16	18	22	27	30	32	#
35	1034.78	0	16	19	23	25	29	32	34	39	40	42	#
36	11113.6	4	5	12	15	19	22	23	24	26	29	30	32	33	36	46	49	#
37	3952.65	0	10	15	21	30	36	37	39	45	#
38	6514.75	2	6	10	19	33	35	38	42	49	#
39	209.078	6	8	14	25	26	36	38	41	42	49	#
40	958.459	3	10	14	17	22	23	26	28	31	33	39	40	48	#
41	4601.22	2	3	13	14	16	21	22	25	27	32	43	49	#
42	2949.9	1	12	14	15	16	19	23	24	37	40	45	47	#
43	5691.59	7	16	24	37	39	45	47	#
44	3802.04	0	1	4	7	9	13	16	18	27	28	29	30	47	49	#
45	8939.92	1	2	13	15	25	26	29	30	32	35	48	49	#
46	2846.18	9	17	18	20	22	29	37	#
47	3325.8	1	2	5	8	9	10	11	20	22	27	37	41	49	#
48	7967.97	4	7	13	17	20	25	27	34	35	43	49	#
49	5260.61	6	11	13	17	25	26	30	34	39	44	47	#
50	14369.7	1	5	7	8	10	11	18	19	20	25	29	35	41	45	47	#
51	1417.34	2	6	8	12	13	18	31	33	36	38	39	40	46	49	#
52	5303.25	0	7	8	9	12	15	26	27	32	36	41	42	48	#
53	4856.28	1	3	25	26	39	45	#
54	5431.57	0	1	2	3	19	21	23	25	26	38	40	41	#
55	5741.71	0	5	7	10	13	15	17	32	34	41	#
56	7983.29	2	8	12	26	33	34	36	41	48	#
57	13859.8	3	6	8	12	14	16	17	18	19	21	22	24	26	31	39	45	46	49	#
58	5008.25	6	9	11	19	20	23	28	35	43	46	#
59	5250.39	0	12	13	18	20	43	#
60	3812.22	6	10	14	29	34	44	46	#
61	6529.78	2	4	17	25	27	34	35	39	42	47	#
62	3621.94	6	15	22	29	36	49	#
63	9756.2	0	1	6	11	12	19	21	28	41	42	#
64	9876.64	1	23	25	26	29	30	41	44	45	46	#
65	505.004	4	9	21	31	38	39	43	46	48	#
66	1921.29	2	8	16	25	32	39	#
67	5900.19	1	6	8	16	22	26	34	39	41	45	48	#
68	8504.81	2	4	6	9	10	15	19	33	34	39	42	45	49	#
69	5677.8	5	16	27	37	42	43	44	#
70	7351.47	0	13	16	18	20	22	29	30	31	41	#
71	1506.9	8	14	15	17	22	32	36	47	48	#
72	7105.59	0	1	2	12	15	25	27	30	33	40	#
73	4279.35	2	3	12	16	20	#
74	9231.95	1	9	11	20	23	31	37	38	44	45	#
75	1379.21	13	19	21	30	45	46	#
76	135.58	7	8	14	40	41	#
77	5008.76	5	9	13	17	25	26	27	34	38	41	#
78	9880.33	2	4	7	10	15	21	25	34	36	41	45	48	#
79	2367.32	6	10	12	18	32	34	38	40	47	48	#
80	4176.38	8	9	14	30	39	40	49	#
81	7737.17	9	11	14	23	34	43	45	49	#
82	7750.87	9	10	11	12	16	20	22	23	26	31	42	44	#
83	8101.45	14	17	21	25	32	35	40	45	49	#
84	4721.49	0	6	15	28	31	33	35	36	39	40	43	45	#
85	2751.92	9	10	12	14	15	21	24	25	28	39	45	#
86	1406.62	9	11	16	17	22	28	40	#
87	2253.83	0	5	22	24	26	34	40	41	47	#
88	2481.22	12	30	41	#
89	7384.17	7	9	10	12	15	18	19	22	26	33	35	41	42	43	#
90	6141	0	6	8	10	11	12	20	34	36	37	42	43	#
91	7076.4	0	1	9	11	17	24	37	42	43	44	45	48	49	#
92	1305.43	0	1	5	9	11	23	28	34	44	47	#
93	2746.05	6	12	20	22	25	27	31	36	37	#
94	9612.6	1	3	9	21	23	26	32	39	43	44	46	#
95	1303.2	4	6	17	23	34	45	46	#
96	8870.56	5	8	10	13	18	21	24	36	37	#
97	3792.64	11	12	19	22	29	32	40	44	#
98	14699.3	0	10	14	17	21	23	24	26	29	34	35	41	44	47	48	#
99	243.334	8	12	17	23	26	37	38	39	41	44	#
100	8043.29	3	4	5	6	11	15	18	21	22	24	34	35	44	46	48	#
101	2608.63	2	20	28	42	44	47	#
102	1592.26	4	12	29	32	36	38	39	41	45	#
103	1031.37	1	3	5	10	16	20	22	26	41	42	45	#
104	5796.08	9	14	21	31	35	38	46	#
105	2127.99	3	4	7	9	10	13	14	18	20	24	27	29	48	#
106	5712.73	9	17	30	37	44	48	#
107	6467.09	9	10	16	20	26	37	40	41	42	46	#
108	8941.7	9	11	15	17	21	23	29	32	34	36	#
109	2955.71	1	4	9	13	17	19	24	35	40	49	#
110	1609.78	0	1	4	17	21	22	24	25	26	31	32	35	36	38	42	48	#
111	6216.71	0	7	32	40	41	42	48	#
112	321.108	4	5	10	23	25	30	45	47	48	#
113	3162.69	3	9	17	27	35	37	44	#
114	5492.67	12	13	32	34	38	39	42	#
115	5324.83	0	13	17	18	23	26	33	38	41	42	46	49	#
116	5146.29	5	14	18	25	34	40	41	42	44	45	46	#
117	1178.77	7	14	19	23	28	30	33	47	#
118	7866.18	1	9	10	14	16	25	26	30	#
119	5143.38	9	17	19	23	24	27	32	37	49	#
120	8150.62	3	12	15	17	24	25	28	30	32	#
121	926.957	0	2	3	23	30	32	36	44	47	#
122	14771.3	2	4	5	6	10	11	12	14	17	21	30	34	37	39	45	46	#
123	7031.63	10	13	14	18	21	22	28	29	33	34	37	38	39	42	43	44	49	#
124	5522.82	2	8	17	32	33	35	36	37	40	41	42	44	46	#
125	1062.15	15	21	39	46	49	#
126	2472.71	1	8	11	12	17	25	31	35	36	44	48	#
127	2525.85	1	5	6	10	15	18	23	29	33	38	40	48	#
128	3972.72	2	4	12	17	20	21	23	29	32	33	40	46	#
129	791.825	2	6	7	8	9	10	16	20	22	48	#
130	8392.46	13	25	31	33	36	38	42	43	49	#
131	1208.11	0	3	14	16	19	29	32	35	39	44	#
132	871.577	0	11	12	15	17	20	26	29	34	36	41	43	#
133	1978.28	0	18	23	33	37	40	42	45	48	#
134	7341.05	1	3	4	23	29	31	35	38	40	48	#
135	5143.4	5	13	14	22	34	40	49	#
136	3014.56	1	22	37	40	44	45	48	49	#
137	1976.2	3	12	15	18	26	34	39	41	47	#
138	159.492	3	12	16	27	30	42	45	47	49	#
139	5605.68	1	2	14	16	17	18	19	23	24	26	33	38	39	44	49	#
140	1446.54	5	10	16	18	39	47	48	49	#
141	12948.6	6	10	13	14	16	22	27	30	31	32	34	35	42	46	47	#
142	8255.76	1	11	17	25	33	38	40	41	44	47	49	#
143	4413.98	5	7	8	14	15	21	35	#
144	1717.45	6	13	18	21	26	29	31	#
145	8226.96	1	5	8	10	19	20	24	29	30	36	41	45	46	#
146	3265.39	0	3	4	6	22	26	36	39	40	42	45	47	#
147	278.641	6	20	28	36	47	#
148	707.061	1	8	9	10	21	32	34	40	43	#
149	9409.37	2	7	8	10	12	13	14	17	18	21	27	37	49	#
150	2095.86	3	5	11	19	27	34	42	45	49	#
151	6534.5	2	4	5	19	28	30	32	35	38	43	44	#
152	10788.9	3	4	11	19	21	30	34	35	38	41	43	48	#
153	5266.95	3	6	9	10	25	28	33	34	40	45	46	47	49	#
154	3259.25	2	23	32	33	38	41	46	#
155	6408.15	6	22	30	32	35	37	40	43	#
156	8527.6	1	2	5	8	9	11	13	22	26	32	36	43	#
157	5884.12	3	11	13	24	25	28	41	43	49	#
158	2233.64	16	20	22	24	27	29	41	49	#
159	6991	2	6	13	21	22	27	28	36	37	46	#
160	1269.19	1	19	21	30	31	33	34	42	48	#
161	3914.73	9	16	24	30	32	44	49	#
162	8146.01	1	3	5	10	16	17	29	31	32	40	46	#
163	3849.78	9	16	20	21	26	33	49	#
164	3230.08	7	17	23	27	31	43	#
165	6403.56	1	9	17	22	25	36	41	#
166	1383.94	0	10	14	25	27	29	45	46	49	#
167	5114.39	0	4	7	17	25	31	35	39	43	45	48	#
168	3789.9	0	3	7	9	15	21	24	39	49	#
169	4442.16	2	4	24	31	36	#
170	1427.79	3	6	7	26	28	38	47	48	49	#
171	3923.77	1	8	13	14	16	19	22	25	26	31	34	36	37	47	#
172	539.602	0	1	8	11	14	15	21	22	23	27	32	46	49	#
173	6670.42	1	4	12	27	29	34	38	43	44	49	#
174	227.484	3	33	44	#
175	4874.87	17	22	26	30	31	34	49	#
176	6989.55	2	12	18	25	38	41	45	#
177	1314.5	1	3	9	19	23	28	32	35	42	45	47	#
178	838.985	7	8	22	24	30	34	44	45	#
179	657.043	15	27	34	37	40	42	44	45	49	#
180	6528.32	0	2	4	5	22	23	26	27	28	32	#
181	6132.1	3	21	26	30	31	33	43	#
182	869.7	0	1	25	40	43	47	49	#
183	7209.86	6	8	10	14	19	21	24	27	29	38	42	44	47	#
184	7464.49	3	4	8	20	25	27	29	35	39	43	#
185	8435.33	3	5	11	12	13	27	29	35	37	40	#
186	183.306	19	22	26	36	40	41	43	45	#
187	3594.56	12	14	23	36	37	40	49	#
188	4899.18	3	5	34	44	46	49	#
189	7002.77	10	23	26	31	32	34	45	49	#
190	1009.47	1	20	23	28	37	40	49	#
191	1669.84	1	5	15	17	19	26	30	31	36	38	41	#
192	838.703	1	5	9	18	28	40	43	46	48	#
193	7551.78	3	4	11	16	18	25	37	38	#
194	4332.35	2	6	8	15	20	34	44	46	#
195	114.589	0	4	7	12	21	39	41	44	48	#
196	7385.25	1	5	8	14	25	38	44	46	48	#
197	5076.77	1	9	13	14	18	20	22	33	41	44	45	#
198	7762.99	1	8	19	21	23	25	30	44	48	#
199	6184.21	2	8	10	12	13	16	28	30	32	35	37	40	49	#
200	409.827	0	6	19	24	39	43	45	#
201	4681.09	0	14	17	23	25	29	32	33	37	39	40	#
202	3178.43	4	18	20	30	39	41	#
203	686.732	6	8	19	26	34	37	41	46	49	#
204	6291.52	8	13	30	34	40	41	42	#
205	9210.66	1	10	11	12	13	17	19	23	28	31	33	43	47	#
206	2257.01	4	25	28	34	40	42	44	48	#
207	10147.2	4	7	9	10	11	12	15	20	30	37	38	48	#
208	4537.13	8	11	19	22	26	34	#
209	7651.51	2	6	9	11	13	17	28	40	45	#
210	12067.8	0	3	6	8	9	14	23	28	35	40	43	45	48	#
211	9009.23	1	4	7	10	12	13	14	25	27	29	36	42	45	47	#
212	7366.29	5	11	12	14	18	22	27	29	30	34	38	#
213	298.302	11	13	23	24	28	29	34	43	#
214	5466.27	0	4	7	9	12	16	20	23	27	48	#
215	1012.63	1	12	20	29	40	41	#
216	163.258	4	5	13	21	39	40	43	46	#
217	3852.51	0	4	5	6	12	19	27	31	33	36	37	46	48	#
218	10968.6	0	2	5	15	16	20	27	29	30	33	35	42	44	45	#
219	2238.07	1	2	13	14	16	18	27	28	#
220	4973.34	2	4	9	18	23	25	42	#
221	2506.96	0	5	11	22	28	34	36	40	42	43	#
222	2554.19	9	13	18	25	26	28	38	44	49	#
223	12296.6	1	3	4	11	16	18	19	20	22	23	27	31	32	#
224	4716.84	0	20	23	28	38	40	41	45	#
225	3005.41	0	25	32	36	38	40	41	48	49	#
226	183.82	1	4	5	9	11	12	30	#
227	4790	8	19	22	32	40	43	46	47	#
228	3454.08	9	12	15	16	22	34	42	#
229	5326.39	2	6	8	9	10	11	21	35	42	46	#
230	674.004	5	6	8	17	30	31	35	40	48	#
231	4363.92	3	7	14	17	29	37	39	43	#
232	2916.32	3	10	14	15	16	21	29	42	44	#
233	5775.94	4	5	17	19	22	24	33	36	37	39	45	49	#
234	2912.03	2	3	4	5	9	19	20	29	32	#
235	13070.4	7	8	15	18	19	20	21	25	27	28	38	39	41	42	#
236	8948.64	2	4	5	9	13	14	19	37	47	#
237	3262.3	2	4	7	23	24	27	30	31	49	#
238	12843.5	0	1	5	6	7	13	19	26	28	37	43	45	46	#
239	5938.18	3	10	11	25	26	28	30	32	35	44	47	#
240	7219.32	0	2	4	8	10	18	26	32	39	44	#
241	6876.28	2	3	13	15	21	25	38	40	42	46	#
242	5103.83	9	18	19	26	34	38	39	40	46	47	#
243	10789.7	3	7	9	15	16	17	18	22	27	29	31	33	38	#
244	5855.09	3	5	12	14	17	19	22	23	28	31	32	33	35	39	#
245	7404.21	14	20	21	23	29	30	31	46	#
246	6107.49	9	10	15	16	28	32	33	34	36	49	#
247	4973.35	2	5	6	7	22	23	24	25	27	29	31	41	44	#
248	11574	5	11	15	23	32	33	34	35	36	37	42	44	48	#
249	2185.04	0	37	41	#
250	3019.78	2	3	7	14	21	30	32	35	#
251	9099.68	0	1	6	8	13	15	20	22	37	42	44	45	#
252	8256.98	5	10	12	14	18	19	22	23	37	41	43	46	48	#
253	5006.82	7	14	17	18	22	26	35	40	48	#
254	3691.61	0	4	14	15	16	20	28	29	35	36	39	46	48	#
255	4551.55	0	8	9	14	22	32	34	43	44	45	#
256	1329.3	3	8	9	12	41	44	#
257	2248.7	1	2	6	9	11	12	21	26	27	33	40	42	45	#
258	12805.3	2	7	9	10	11	12	16	17	21	22	30	38	43	47	#
259	11055.3	4	8	21	22	25	27	28	35	36	37	38	39	#
260	3529.07	5	7	9	20	21	31	33	40	44	#
261	8504.72	1	2	13	14	17	19	25	27	33	42	46	#
262	16588.9	0	2	5	19	20	21	22	23	24	26	29	30	37	40	42	48	49	#
263	9311.36	5	15	16	22	26	29	31	32	40	43	48	#
264	12838.3	0	1	7	14	15	20	23	24	30	36	39	43	48	#
265	924.59	16	18	20	24	26	31	42	47	#
266	3834.8	9	12	14	19	20	#
267	7782.7	0	5	8	10	18	31	37	45	#
268	3238.93	3	5	21	32	35	37	#
269	151.046	2	15	20	32	34	39	49	#
270	2210.07	5	6	13	15	23	26	31	32	35	40	46	49	#
271	6390.09	5	12	18	21	25	26	30	36	37	39	40	44	#
272	2633.82	0	3	7	9	13	15	20	21	32	39	44	48	#
273	4433.43	2	8	9	11	24	31	45	46	#
274	4319.43	2	4	5	9	21	28	35	40	#
275	366.697	6	9	17	19	27	30	43	45	#
276	427.001	11	29	40	42	47	#
277	4918.5	4	12	13	24	26	27	28	38	41	44	47	#
278	5655.15	0	11	29	31	33	35	42	#
279	1840.68	2	4	11	31	41	43	#
280	7081.7	3	11	12	17	20	26	30	36	47	49	#
281	1815.19	3	9	11	13	15	27	28	31	36	40	45	47	48	#
282	5450.61	5	13	17	23	24	27	29	#
283	10443.1	1	12	13	18	20	24	28	29	30	43	45	47	#
284	12165.7	4	7	20	27	30	31	33	34	38	43	44	46	49	#
285	1758.11	0	5	14	20	35	39	43	#
286	3618.4	3	16	18	23	30	42	#
287	8262.66	3	8	9	11	16	18	22	24	25	45	#
288	3992.46	0	11	20	29	31	46	#
289	2672.74	14	16	20	23	25	29	34	38	44	46	#
290	2573.52	1	5	7	9	24	26	30	33	35	37	40	#
291	9355.19	3	8	11	13	14	16	22	23	28	33	34	37	47	#
292	10644.2	19	22	23	27	30	37	39	40	41	42	49	#
293	5451.15	11	14	21	23	30	32	37	39	#
294	6739.37	0	2	10	19	26	36	40	41	46	#
295	2344.81	4	6	12	17	24	31	33	34	42	46	48	#
296	9247.64	0	2	5	9	23	27	35	36	39	43	45	49	#
297	7920.1	2	23	26	31	34	36	37	38	40	42	47	#
298	8207.2	10	12	28	36	41	42	44	45	48	#
299	5132.2	0	5	6	9	17	18	23	30	33	38	49	#
300	11313.9	3	4	10	12	14	21	22	24	28	30	33	34	#
301	6850.11	1	21	23	28	29	30	42	#
302	3499.77	3	14	15	18	27	30	31	33	34	36	38	40	43	49	#
303	4033.26	0	1	4	8	28	31	33	43	#
304	3535.9	1	11	12	16	20	25	34	45	#
305	1117.3	18	21	28	34	36	45	48	#
306	1520.59	1	2	22	23	26	31	33	42	46	49	#
307	9103.02	8	15	21	22	27	28	32	33	36	37	38	44	47	#
308	9938.84	4	6	17	19	24	34	36	38	39	49	#
309	3579.88	2	18	25	40	42	43	#
310	9900.43	2	5	6	14	15	24	34	36	41	47	#
311	2967.61	5	8	11	30	31	42	46	#
312	3270.94	14	18	28	30	37	49	#
313	9872.02	7	12	13	17	27	30	31	33	36	44	46	#
314	11741.5	5	12	13	14	16	24	27	35	37	41	42	49	#
315	9585.62	0	7	9	14	15	16	21	23	24	33	42	44	47	#
316	12343.9	0	3	6	8	10	12	15	27	33	36	41	43	44	46	#
317	6993.03	12	21	27	28	31	34	38	40	49	#
318	4653.6	1	5	8	12	13	28	29	32	36	37	#
319	28.7141	1	11	25	26	31	34	38	41	42	#
320	2358.46	1	12	22	24	35	#
321	9213.17	2	3	4	12	15	16	18	30	36	37	39	44	49	#
322	6710.7	1	2	8	11	19	22	23	41	42	#
323	3377.35	2	7	16	17	21	28	29	31	40	41	42	#
324	4545.86	12	13	29	31	35	44	49	#
325	1951.73	0	10	18	26	36	#
326	9122.89	0	1	6	8	10	11	23	31	34	37	47	#
327	3117.59	7	12	16	18	23	30	32	38	41	49	#
328	9243.75	6	7	9	10	16	18	22	23	27	31	34	45	46	#
329	6951.97	1	17	18	19	21	29	32	35	#
330	5621.7	2	4	7	12	28	32	35	40	#
331	3249.16	0	4	17	18	22	29	#
332	564.352	2	6	7	10	15	28	30	38	40	42	47	#
333	5052.58	0	4	14	15	16	29	44	#
334	5166.91	0	1	2	3	5	7	9	10	17	21	22	23	27	28	34	35	39	40	43	#
335	6170.17	3	8	16	20	21	23	30	35	36	#
336	9064.58	1	2	5	7	8	9	10	18	21	26	#
337	8924	4	6	9	15	21	25	31	35	36	37	42	43	#
338	8808.68	0	12	26	27	28	31	34	36	38	43	49	#
339	8832.97	4	6	11	12	18	19	26	33	41	#
340	375.085	15	21	32	34	35	43	45	46	#
341	10034.5	4	11	12	17	18	20	28	29	32	38	39	43	47	#
342	10828	1	2	7	14	24	26	30	33	42	43	47	#
343	202.499	12	17	27	28	35	36	#
344	3887.74	9	18	19	26	28	29	38	45	#
345	7536.4	0	6	15	38	39	43	48	49	#
346	8173.88	0	2	11	16	22	27	29	34	39	42	44	46	#
347	4583.8	1	2	4	5	14	22	26	36	38	41	46	#
348	4525.85	11	14	15	27	28	39	42	49	#
349	3269.55	2	5	6	7	8	20	24	28	29	30	40	46	49	#
350	1844.66	7	11	19	25	27	31	37	41	42	49	#
351	2733.1	11	21	22	23	40	#
352	2516.57	26	28	41	43	#
353	6307.23	1	2	18	29	31	34	37	40	41	44	46	48	#
354	7067.36	1	2	9	14	16	18	33	36	38	43	46	47	#
355	7863.38	4	8	11	13	16	32	35	36	46	47	49	#
356	726.437	9	11	13	21	28	29	33	44	47	#
357	2311.82	5	6	18	22	33	49	#
358	5293.17	1	18	21	22	23	27	40	44	48	#
359	12390.2	1	3	8	9	13	16	17	24	27	33	41	42	43	#
360	1585.29	0	1	9	10	16	21	29	33	35	#
361	5243.98	2	4	13	14	17	21	25	33	35	43	47	#
362	7658.45	1	6	12	21	22	24	31	34	38	46	#
363	3413.64	1	4	7	8	21	27	38	40	44	46	48	#
364	4233.34	1	4	8	9	11	41	48	#
365	2195.54	1	5	13	23	34	40	43	46	48	49	#
366	3470.96	15	21	23	24	26	30	32	36	38	42	45	#
367	5093.21	9	11	16	17	19	26	31	46	#
368	2298.17	8	11	13	19	32	34	39	41	43	46	48	#
369	6932.96	0	2	7	8	24	26	29	48	49	#
370	7191.07	1	11	12	21	28	31	32	36	39	43	45	#
371	1063.9	1	10	17	23	24	26	28	29	35	36	#
372	4908.25	9	17	22	27	33	34	43	44	46	#
373	1306.82	1	4	5	10	16	19	21	25	30	37	41	45	47	49	#
374	355.012	0	7	8	10	16	17	28	35	37	49	#
375	3759.07	19	27	28	35	45	#
376	6353.11	9	10	14	15	18	20	27	30	31	36	43	47	#
377	6209.99	0	3	8	9	15	19	33	34	38	40	45	#
378	3737.07	0	3	7	13	16	18	43	49	#
379	4185.21	1	7	10	25	27	36	42	47	#
380	11705.9	2	3	5	11	14	16	21	32	33	36	37	39	49	#
381	9641.88	2	9	11	12	26	37	38	39	43	47	#
382	72.2153	11	15	30	#
383	2028.64	8	15	16	28	35	#
384	6390	4	5	8	14	20	23	25	27	31	34	38	41	46	48	#
385	2433.86	0	4	7	18	23	26	27	33	34	42	43	#
386	1240.84	1	3	4	7	12	13	17	20	30	42	43	47	#
387	1933.61	0	2	7	8	10	12	17	21	25	29	31	35	36	38	42	#
388	2976.1	11	33	36	37	41	44	47	#
389	10431.8	1	7	12	13	14	16	18	19	26	30	37	38	40	43	47	#
390	3036.51	0	1	7	9	12	23	34	35	37	40	#
391	2779.5	3	10	12	25	29	30	33	47	#
392	7883.1	3	14	28	29	33	34	36	44	47	#
393	3835.78	1	4	6	7	11	34	38	39	49	#
394	535.936	2	9	32	44	46	#
395	8541.96	0	18	25	30	34	35	36	37	42	43	47	49	#
396	2867.1	0	2	5	9	28	29	33	38	46	49	#
397	7701.71	8	10	13	18	24	27	28	38	39	43	46	#
398	517.074	3	15	17	18	19	20	28	32	35	47	#
399	13084.6	2	7	14	21	22	26	27	28	31	32	33	34	35	39	47	49	#
