%% File generated by CATS v.2.1Mon Jul  4 15:44:55 2011

%% The CATS webpage is http://robotics.stanford.edu/CATS

%% PARAMETER SETTINGS:
% Goods: 256; Bids: 1000; Distribution: L7; Runs: 1; Parameters generated from distribution in file "qpstuff/L7-qp.txt".; Problems generated from distribution over features in files: qpstuff/cass-qp.txt, qpstuff/cplex-qp.txt, qpstuff/lehman-qp.txt; Seed: 1309827730
% Legacy distribution parameters:
% Number of goods chosen according to Binomial distribution (binom_cutoff = 0.0363035).
% Price chosen according to Linear Random distribution (low_linearly = 0.325483, high_linearly = 1.67452).


goods 256
bids 1000
dummy 0

0	7.14798	25	50	57	68	78	105	156	170	183	204	226	240	#
1	5.83952	10	177	208	214	255	#
2	5.79749	1	11	66	127	135	171	240	#
3	13.8948	35	52	81	83	91	162	224	227	253	#
4	11.0003	83	85	125	141	145	168	175	192	#
5	5.23121	11	54	58	72	77	100	113	144	173	179	186	203	208	216	234	#
6	10.2988	2	21	63	98	121	150	202	221	228	#
7	10.3251	28	128	134	137	162	226	232	#
8	9.47153	1	7	159	174	175	243	#
9	2.78878	4	14	56	59	118	145	222	#
10	4.32067	16	36	95	108	124	172	226	#
11	10.3706	4	71	116	117	121	126	134	199	#
12	5.48182	25	39	68	80	85	103	122	124	146	173	184	230	#
13	5.16702	26	32	69	171	215	234	247	#
14	6.47684	20	39	77	119	142	155	168	209	232	#
15	6.69199	11	65	86	135	145	165	192	196	213	#
16	10.067	29	65	79	101	107	129	140	145	147	158	161	225	226	#
17	13.6292	53	77	97	98	118	140	200	218	221	#
18	13.2445	23	40	86	89	102	138	143	163	187	199	222	252	#
19	15.5266	15	103	112	134	157	173	176	194	197	235	238	#
20	12.2129	34	35	74	112	180	193	195	210	250	252	#
21	10.7726	21	29	85	93	107	128	136	146	152	225	239	#
22	5.87491	7	27	41	42	49	93	100	191	195	217	#
23	5.62153	10	69	96	145	154	200	#
24	5.37647	19	30	108	141	206	224	#
25	12.9349	57	64	65	70	72	80	99	118	145	176	226	234	244	247	#
26	10.8952	0	36	127	142	155	160	167	199	#
27	4.12418	14	30	111	145	181	#
28	23.4904	9	26	48	58	92	118	121	126	144	146	156	161	180	195	210	223	238	#
29	9.09408	45	73	77	80	131	153	154	197	199	207	226	232	243	253	#
30	21.5613	62	72	120	138	156	168	177	184	189	197	209	221	243	#
31	4.03235	15	56	104	154	179	241	251	#
32	8.00245	17	31	33	56	97	105	109	185	195	232	#
33	9.75404	8	26	79	90	96	111	139	149	211	219	#
34	3.89078	31	39	62	65	70	151	246	#
35	21.7839	10	15	18	22	44	56	62	65	78	138	144	162	164	214	254	#
36	6.39583	11	100	107	122	129	140	161	184	185	210	214	252	#
37	2.90187	16	22	123	175	176	205	#
38	10.0544	1	17	73	84	146	201	204	233	#
39	11.2691	34	61	70	71	163	179	184	201	215	#
40	9.75802	126	152	174	180	185	220	246	#
41	9.76597	78	225	226	233	247	251	#
42	10.6034	22	32	34	62	107	206	241	#
43	19.7806	12	28	96	138	139	147	159	160	163	193	212	251	#
44	2.39112	107	230	#
45	4.89984	116	121	173	220	#
46	10.8539	49	65	90	92	144	193	205	222	225	233	#
47	3.29009	18	34	39	115	206	254	#
48	4.26178	75	131	194	229	232	#
49	5.41709	40	48	106	229	#
50	4.55052	32	38	50	79	148	162	#
51	14.3161	9	39	41	50	78	126	141	200	221	236	#
52	15.1824	0	5	85	111	140	147	163	174	228	244	#
53	7.10022	42	51	163	165	193	236	252	#
54	9.05104	37	82	113	124	162	165	178	214	223	230	249	#
55	6.83346	56	73	127	149	182	206	#
56	7.48961	41	134	175	198	210	214	245	#
57	13.2702	6	39	89	91	138	141	164	180	200	206	212	235	242	247	#
58	13.2826	6	25	32	51	87	150	178	206	210	222	226	251	#
59	4.44958	47	53	84	88	138	#
60	13.7895	13	16	49	97	103	112	184	186	201	245	#
61	12.5386	5	40	43	60	96	123	132	212	221	228	#
62	2.92665	28	125	130	148	199	228	234	#
63	11.6511	36	41	60	120	123	183	185	197	205	226	246	#
64	3.99362	41	45	73	144	176	#
65	2.92196	26	35	120	160	188	225	233	246	#
66	7.28745	44	114	158	174	175	177	182	#
67	3.51975	60	114	156	216	231	251	252	#
68	15.4911	13	18	56	103	115	128	131	150	161	184	210	#
69	14.448	37	41	47	57	94	140	145	181	189	226	232	#
70	19.3193	13	20	47	75	78	86	124	130	175	209	211	227	#
71	4.05012	1	25	38	43	110	141	186	191	201	207	#
72	8.44444	24	27	57	59	191	221	231	251	#
73	3.81687	0	14	46	53	62	79	127	223	254	#
74	11.6626	9	52	70	141	155	177	196	212	220	248	#
75	18.2881	62	66	74	105	114	122	126	130	134	142	153	156	169	223	254	#
76	6.12362	47	74	98	114	124	145	152	162	172	225	248	#
77	9.05784	31	32	69	77	98	145	#
78	13.4923	6	50	80	82	89	155	194	204	227	231	241	247	#
79	12.7737	25	29	31	62	91	97	111	184	211	235	#
80	6.20679	4	35	49	58	72	159	161	179	221	227	237	252	#
81	5.67288	9	54	98	108	110	141	143	212	#
82	5.87476	4	10	16	47	144	156	163	#
83	14.8294	17	34	48	124	143	144	156	175	186	206	225	#
84	14.9237	0	38	42	46	48	77	109	116	145	186	191	192	225	234	247	#
85	10.7886	9	38	46	49	124	138	187	206	219	#
86	5.51845	32	137	144	150	175	187	218	#
87	9.27181	49	128	140	181	216	229	#
88	13.2945	15	31	58	120	130	165	166	176	181	239	246	#
89	6.28392	41	82	102	111	129	189	233	#
90	7.53773	15	16	30	37	100	135	143	145	148	159	#
91	9.69368	23	47	81	103	165	224	233	#
92	15.022	2	34	71	83	117	133	140	143	225	#
93	14.1721	26	38	68	88	96	103	112	120	161	163	194	199	#
94	12.2307	43	72	133	144	145	146	156	172	227	237	#
95	7.0146	12	17	73	100	147	169	#
96	2.91298	20	34	63	88	156	195	216	229	#
97	5.50836	28	42	58	149	215	248	#
98	4.99272	25	29	40	122	146	198	217	#
99	21.9776	17	28	95	111	116	125	126	138	148	176	201	213	223	250	#
100	21.8581	6	9	32	94	101	118	138	164	167	176	177	213	219	221	251	#
101	19.5832	3	4	12	62	64	66	87	107	127	181	224	233	#
102	19.2324	22	24	110	115	122	140	164	178	209	227	252	253	#
103	15.4574	20	25	31	34	85	118	141	243	246	253	#
104	11.5789	23	26	76	89	101	134	135	136	164	188	198	#
105	5.09562	69	82	151	161	163	195	204	213	229	#
106	14.953	10	30	55	64	69	90	106	111	134	189	210	#
107	7.82309	18	38	79	99	191	211	220	241	248	252	#
108	13.9461	36	52	61	162	164	190	203	212	238	#
109	3.46074	58	112	131	140	144	197	224	#
110	6.98028	11	28	30	73	93	141	178	191	#
111	11.8217	6	11	33	74	94	105	106	111	150	164	184	200	215	224	234	250	#
112	3.73661	16	17	59	78	144	156	187	205	233	243	#
113	7.47001	13	24	45	62	74	86	141	142	144	182	183	192	211	220	221	224	#
114	4.5465	47	57	90	91	149	179	210	#
115	6.3881	25	29	76	189	241	248	252	#
116	5.07199	37	47	63	82	90	98	121	147	176	179	223	236	244	#
117	14.719	10	24	46	150	186	214	220	221	228	#
118	18.0201	13	16	39	49	70	75	82	110	139	176	206	238	#
119	12.9051	20	37	39	57	61	83	129	139	173	206	219	220	241	#
120	11.4639	11	28	72	74	85	105	110	127	165	233	245	254	#
121	11.4099	54	72	89	109	112	179	180	185	237	#
122	7.46589	18	29	41	61	106	131	132	174	190	250	#
123	3.38655	0	18	89	117	189	220	221	#
124	7.07972	66	75	84	98	143	145	164	209	223	251	#
125	8.04268	4	98	137	219	254	#
126	9.15223	14	51	94	112	117	121	137	177	200	202	#
127	13.2736	22	72	144	161	165	200	205	246	#
128	7.55792	19	25	33	47	98	132	157	201	240	#
129	2.92271	24	67	89	125	166	168	186	251	#
130	2.43438	19	51	144	146	219	237	#
131	9.63737	0	40	84	96	110	119	213	217	251	#
132	6.99517	3	30	32	112	144	181	208	#
133	4.73083	16	24	99	146	148	165	167	169	207	233	#
134	4.60814	38	89	112	118	168	202	221	237	240	#
135	7.90379	3	6	46	51	78	86	170	218	232	#
136	11.2339	61	103	116	130	175	202	219	226	251	#
137	13.4969	79	134	141	142	158	160	178	183	191	195	#
138	14.7722	55	71	91	96	138	151	176	179	216	223	#
139	3.53289	7	22	44	54	63	105	133	157	190	#
140	16.0766	69	81	102	158	161	209	210	225	234	250	#
141	7.7849	33	42	75	97	98	111	133	251	254	#
142	15.8429	94	97	105	202	205	223	226	237	242	249	#
143	7.30561	30	54	64	76	96	101	105	142	255	#
144	6.4643	40	90	101	105	107	115	135	141	170	232	239	#
145	2.66722	64	107	153	186	#
146	11.9259	41	44	67	80	84	113	139	194	200	228	236	238	#
147	8.54754	19	78	115	141	144	174	214	217	230	240	249	#
148	17.5834	14	19	42	99	127	129	158	166	187	195	206	222	227	252	#
149	6.99797	22	91	109	113	131	240	#
150	10.7233	1	9	46	96	106	124	134	137	233	#
151	12.797	50	57	75	123	171	196	207	214	222	255	#
152	15.9956	30	35	102	113	117	130	132	147	180	207	212	218	#
153	24.0673	11	16	38	67	78	87	91	118	134	135	136	140	146	169	205	224	243	#
154	3.65211	2	50	116	159	#
155	15.1322	17	107	117	135	137	144	151	171	173	194	204	#
156	6.04935	16	30	59	123	124	126	#
157	5.70394	16	79	86	114	122	152	201	205	209	224	225	227	230	241	245	253	#
158	13.9098	3	15	19	59	62	70	87	90	164	168	201	226	236	#
159	2.37729	81	117	143	194	201	226	238	#
160	14.4936	25	31	78	107	128	159	170	226	254	#
161	17.6106	13	15	38	49	56	62	71	78	102	144	179	191	193	242	255	#
162	7.37085	36	61	92	145	174	199	218	227	228	237	#
163	4.84256	16	45	56	68	76	94	153	189	194	222	#
164	3.82713	1	14	21	114	117	120	177	219	243	#
165	7.82203	16	20	36	53	97	101	111	112	136	198	213	223	242	244	#
166	3.97319	102	110	127	190	228	#
167	11.5393	19	24	43	83	138	172	239	#
168	11.8508	42	57	136	197	198	212	214	245	#
169	7.36494	9	52	125	160	166	174	221	#
170	12.2895	15	19	81	82	90	115	154	163	254	#
171	10.4713	24	64	67	82	124	133	175	177	211	226	240	243	#
172	4.42162	7	35	60	100	116	125	130	160	226	#
173	12.458	30	33	38	68	115	128	132	134	144	153	189	#
174	2.25522	12	53	61	165	179	196	#
175	13.9232	4	27	56	60	71	112	156	201	206	216	234	#
176	8.42185	0	4	115	134	163	179	192	206	#
177	9.41684	10	41	56	61	88	148	165	200	202	215	#
178	8.26808	6	18	26	39	46	76	120	140	170	217	#
179	11.9194	44	48	80	98	100	127	134	142	171	197	205	250	252	#
180	6.67322	11	46	60	108	168	186	209	246	#
181	10.9254	39	44	72	91	104	201	217	#
182	2.54671	48	55	83	100	125	161	221	#
183	12.5745	28	30	42	64	67	86	150	152	170	205	206	208	#
184	9.05216	18	48	53	70	86	101	187	#
185	10.9824	6	9	22	43	46	51	103	118	138	144	183	185	192	210	223	#
186	7.68276	61	73	76	123	138	161	184	193	254	#
187	10.9024	30	53	74	105	109	192	212	221	#
188	3.66957	11	23	39	44	50	64	107	125	183	185	244	#
189	18.4405	10	14	15	44	45	83	92	119	135	146	159	214	218	#
190	7.51998	0	50	76	83	87	137	155	228	229	251	#
191	7.11624	33	69	85	161	196	206	#
192	11.0087	9	53	80	92	116	130	142	180	#
193	7.90008	31	33	72	77	105	166	190	237	#
194	2.01766	121	150	158	#
195	11.4191	39	89	135	144	148	149	186	204	207	216	231	#
196	13.0055	16	29	89	107	131	217	222	238	246	#
197	4.79984	0	8	30	47	91	193	214	252	#
198	8.44043	0	12	36	39	98	112	125	214	#
199	23.3216	1	8	23	30	41	60	62	118	162	165	173	176	205	215	#
200	14.5943	17	23	103	104	106	118	128	143	185	217	#
201	12.7318	14	17	21	42	45	49	77	146	171	173	#
202	7.3073	2	13	30	55	56	78	94	102	107	121	186	198	220	222	245	252	#
203	11.2442	9	45	59	76	130	166	167	201	223	#
204	5.97691	11	33	62	98	106	143	165	196	198	220	234	240	#
205	3.63076	7	66	108	114	120	172	188	215	#
206	6.95175	21	93	117	138	225	#
207	7.66268	26	76	102	128	145	196	232	239	#
208	15.4299	12	31	36	84	91	133	173	201	223	252	#
209	8.00437	5	35	45	57	65	73	78	90	92	121	137	204	209	225	#
210	5.56695	27	37	79	128	135	179	180	246	#
211	6.78303	6	7	79	91	100	219	228	249	#
212	4.84313	25	39	60	142	175	180	195	#
213	5.33947	18	32	33	42	75	105	124	207	216	#
214	10.9917	8	11	45	74	96	104	151	169	172	202	252	#
215	3.18758	72	121	160	171	238	248	249	#
216	8.82842	111	173	174	205	216	223	#
217	14.479	48	60	65	66	71	106	122	160	191	193	201	238	#
218	5.88649	2	34	38	75	82	94	124	145	147	149	173	237	243	#
219	3.97901	5	12	23	43	80	100	122	244	245	247	#
220	7.09332	18	26	68	90	98	108	122	150	165	166	225	235	#
221	4.63441	127	128	177	243	249	#
222	9.73114	5	15	20	85	109	157	204	219	#
223	5.92772	134	135	171	239	#
224	17.3503	1	31	35	45	82	100	115	135	162	208	241	254	#
225	7.08846	19	38	42	50	57	95	104	117	148	151	152	191	243	#
226	2.57829	20	138	172	#
227	4.40119	133	186	218	222	230	#
228	1.89387	173	247	#
229	18.7174	23	47	55	85	87	88	97	104	112	133	138	170	214	224	#
230	11.9052	28	60	62	80	89	96	115	158	180	182	220	228	252	#
231	5.57269	71	82	148	157	214	238	#
232	10.5194	15	30	72	117	132	136	143	157	163	210	225	226	#
233	6.12654	14	47	71	79	172	#
234	13.7233	3	60	69	114	118	133	146	161	250	#
235	14.6435	33	75	137	144	145	189	197	213	221	232	242	#
236	2.06158	66	125	240	242	250	253	#
237	12.278	28	37	52	80	97	125	223	227	235	246	#
238	5.08179	52	69	99	115	137	198	218	245	251	#
239	14.6502	2	4	10	27	43	44	90	119	149	150	158	166	205	254	#
240	17.8533	34	53	88	101	113	115	124	156	158	195	200	252	#
241	5.43801	32	106	141	149	#
242	8.59764	53	55	132	143	146	220	244	#
243	20.3185	13	15	17	47	81	90	96	107	124	133	139	198	202	213	233	255	#
244	17.2517	1	3	37	56	76	95	97	109	123	126	136	148	177	250	254	#
245	12.1797	11	15	18	30	52	53	86	90	91	113	115	171	172	209	234	#
246	4.65577	0	44	60	68	69	95	129	142	155	158	240	#
247	11.019	9	39	56	66	89	99	122	130	141	156	195	#
248	7.86227	2	38	101	103	132	164	224	#
249	5.839	1	23	47	49	61	142	156	172	177	194	214	215	216	221	#
250	13.229	6	24	28	70	76	85	90	126	162	181	187	190	191	#
251	10.0772	2	10	51	52	82	91	101	146	173	#
252	18.4497	0	57	62	85	91	99	100	142	148	150	191	235	#
253	3.85574	46	124	168	213	222	235	248	#
254	9.32291	38	68	203	206	208	240	#
255	10.1403	62	84	93	139	151	154	171	210	222	225	#
256	5.80116	27	64	70	82	102	105	131	146	200	248	#
257	4.42893	94	102	109	139	158	168	180	192	#
258	20.1616	0	15	32	34	49	90	97	101	119	138	141	229	246	#
259	4.62456	48	119	148	162	168	208	244	246	#
260	6.54926	24	206	217	230	#
261	6.74873	10	20	43	92	180	221	#
262	5.74693	38	52	102	157	194	203	#
263	16.4923	2	36	63	98	117	151	189	202	206	207	216	#
264	13.1488	22	46	88	89	92	138	165	172	186	191	220	246	#
265	2.1933	42	111	225	244	#
266	10.8657	2	13	17	33	35	56	66	116	117	118	135	247	#
267	4.75472	25	39	73	115	174	180	193	204	229	#
268	7.66222	44	103	107	163	198	207	#
269	1.0243	35	159	176	#
270	9.55442	7	26	71	112	132	142	155	168	182	240	#
271	5.15058	51	101	123	196	210	219	#
272	14.1515	51	54	80	92	120	122	130	146	156	160	163	185	198	240	#
273	11.4853	12	41	44	51	65	78	128	166	234	#
274	7.25549	3	35	39	40	51	87	123	228	235	239	#
275	10.4104	1	8	15	91	120	183	227	233	#
276	21.3148	19	90	104	115	124	131	148	181	182	185	203	205	208	#
277	8.64506	31	33	92	101	104	114	138	146	185	207	218	244	254	#
278	7.45614	29	66	114	117	129	132	134	207	213	230	#
279	12.0267	2	24	28	37	69	73	95	107	117	127	178	244	#
280	7.44379	11	12	41	58	72	112	172	214	224	233	236	#
281	5.5039	33	46	59	140	176	#
282	7.10247	27	38	57	89	175	179	202	#
283	13.6712	2	30	56	97	120	126	150	152	210	229	#
284	13.2064	40	43	59	89	100	135	142	157	200	#
285	4.42791	35	140	146	237	241	#
286	8.56236	27	43	52	61	67	72	86	134	160	180	195	#
287	22.4382	4	23	27	48	50	53	60	66	89	161	176	189	234	244	255	#
288	8.7295	3	67	79	105	147	158	162	#
289	2.43763	6	58	76	125	164	221	249	#
290	3.81529	12	109	123	130	141	228	238	#
291	21.9487	0	10	16	54	71	143	157	160	187	205	211	238	246	250	#
292	8.59229	76	78	80	90	125	146	166	185	195	203	242	#
293	14.2249	22	51	77	128	144	154	174	208	226	250	#
294	13.2312	42	52	58	73	83	86	109	218	221	235	251	#
295	15.6371	33	39	42	69	80	85	86	104	129	134	144	163	208	232	#
296	15.4532	8	80	88	112	113	143	168	180	213	244	#
297	6.91171	5	52	70	100	133	159	164	168	183	206	236	#
298	9.19205	18	48	84	93	151	166	197	238	#
299	2.0025	60	129	143	185	208	#
300	7.58246	10	12	40	63	65	73	83	147	178	227	240	#
301	17.0572	2	23	31	43	58	62	127	139	206	226	239	#
302	7.3359	3	71	84	122	170	172	180	182	226	#
303	17.5526	14	26	33	110	141	173	191	228	235	236	239	#
304	6.13493	7	12	22	24	46	71	84	108	147	165	#
305	13.4343	18	26	37	87	102	202	220	241	248	#
306	7.3305	40	52	68	81	144	225	229	248	#
307	11.9857	13	34	37	80	85	131	139	202	232	#
308	7.75003	30	39	91	127	173	194	#
309	4.03483	26	118	152	195	217	246	#
310	4.26341	174	188	189	212	239	#
311	19.8771	3	37	42	55	60	78	112	151	174	183	200	210	213	217	247	248	#
312	9.7783	45	61	113	134	140	226	#
313	15.0022	35	78	106	122	132	137	188	195	223	224	#
314	4.4339	6	18	56	63	77	117	137	175	#
315	5.39614	77	86	89	122	131	147	150	154	160	164	172	188	190	191	254	#
316	14.5655	22	35	41	55	100	166	172	183	237	#
317	9.35683	10	95	105	140	159	248	#
318	16.4626	19	37	44	46	56	65	75	113	135	201	212	215	216	#
319	18.5521	2	24	48	56	68	155	196	216	231	235	238	250	#
320	8.53242	39	53	88	157	170	175	254	255	#
321	11.3499	36	62	86	107	126	138	153	175	195	197	#
322	6.44641	9	17	20	60	66	85	102	128	164	203	212	216	220	232	#
323	15.3383	48	97	124	136	150	163	174	181	210	215	236	#
324	8.28974	10	15	29	53	140	146	148	155	177	196	221	230	#
325	7.8548	1	17	76	79	132	136	153	166	178	179	198	232	#
326	18.2865	6	32	41	53	65	69	209	219	227	229	237	#
327	8.91768	9	21	24	58	63	64	142	145	159	186	199	203	#
328	7.77874	19	24	55	62	79	81	86	133	221	#
329	6.10411	21	42	102	157	169	190	227	241	250	#
330	15.5753	20	39	49	52	71	80	91	97	152	157	171	241	246	#
331	6.50605	4	13	30	58	118	123	153	167	168	177	181	188	206	229	236	246	251	255	#
332	3.69876	80	125	140	151	181	200	220	242	#
333	4.46165	31	34	51	121	157	164	189	#
334	10.7259	3	15	43	67	102	120	143	160	210	211	233	238	#
335	13.4228	0	25	56	75	94	98	150	162	165	175	190	226	235	250	#
336	3.92667	65	77	109	164	167	173	204	234	242	#
337	2.99245	17	49	103	166	187	205	240	#
338	4.7498	28	33	100	119	148	173	188	219	#
339	6.65175	6	59	66	71	75	80	81	95	128	171	227	#
340	14.654	19	56	92	95	101	106	123	131	162	163	185	244	#
341	9.28508	14	36	47	99	157	183	203	209	217	237	#
342	6.23439	43	76	92	123	150	152	200	235	#
343	8.42819	49	61	72	93	114	124	157	170	#
344	10.166	3	26	53	64	89	116	138	151	205	214	#
345	8.3688	30	56	60	91	142	148	151	194	195	201	#
346	9.42458	12	17	23	25	118	141	205	207	238	#
347	16.3331	2	50	51	68	92	111	123	130	131	147	163	194	200	230	#
348	4.10089	11	44	46	47	124	154	161	#
349	13.2608	9	19	93	96	204	226	240	247	#
350	6.46878	42	86	143	169	200	#
351	7.09166	17	24	38	41	44	142	150	245	253	#
352	20.6128	2	38	42	83	88	119	121	124	129	133	148	156	171	196	205	206	247	#
353	7.83125	14	32	72	86	94	101	122	172	202	237	#
354	6.60697	9	16	39	83	87	139	248	#
355	10.955	7	8	28	57	76	89	94	98	109	114	140	141	162	166	173	181	183	188	207	245	#
356	11.9273	16	85	86	89	113	164	177	190	207	#
357	9.50464	50	72	79	96	98	144	152	220	231	238	241	244	248	#
358	9.49472	19	74	86	92	94	138	175	179	235	#
359	8.45679	7	43	58	76	193	194	228	#
360	12.987	27	74	79	125	164	176	184	203	230	#
361	5.57676	24	53	73	82	99	120	138	227	#
362	8.56048	20	31	138	150	170	206	240	255	#
363	10.6587	52	61	96	123	137	155	161	182	186	225	226	#
364	2.62562	19	94	107	179	189	209	230	237	#
365	13.3737	18	58	64	89	117	146	172	250	#
366	10.599	7	25	36	64	65	69	72	112	137	139	151	156	167	168	182	196	206	211	251	#
367	9.28426	7	56	100	103	112	186	200	236	#
368	4.84905	18	50	61	90	112	122	164	168	187	234	#
369	6.14331	0	17	24	205	226	#
370	3.76842	45	52	54	56	62	210	253	#
371	6.5321	13	213	237	247	#
372	7.86868	54	72	90	110	184	229	#
373	8.72887	3	71	79	81	82	98	101	217	#
374	9.52699	47	65	84	89	97	124	125	207	220	226	#
375	21.3985	7	13	42	56	84	130	138	153	161	164	173	188	192	217	238	244	245	#
376	4.17045	94	104	106	117	133	150	154	172	190	253	#
377	7.24641	8	34	44	62	76	114	117	121	202	244	#
378	6.16544	6	20	25	42	50	103	185	202	#
379	21.2409	7	38	39	45	56	74	101	104	108	143	176	243	253	#
380	21.0488	25	57	76	77	94	99	105	123	128	182	190	193	208	215	#
381	8.28617	24	35	93	100	181	190	199	#
382	6.67839	38	117	123	151	196	202	213	215	224	#
383	7.42411	9	10	29	42	114	154	207	247	#
384	10.479	89	137	163	169	194	196	230	#
385	5.92336	20	40	65	75	92	121	132	163	175	178	195	#
386	13.3102	58	65	74	92	138	162	191	251	253	#
387	9.9472	0	19	40	45	64	79	93	94	137	140	177	191	239	#
388	5.39806	8	65	69	92	120	155	182	211	#
389	16.5344	2	9	16	22	52	60	116	141	144	182	184	206	216	221	#
390	8.17344	79	124	131	168	188	#
391	19.94	34	35	40	44	60	81	88	125	129	130	139	141	148	154	156	159	173	184	193	195	202	247	249	#
392	12.3021	30	50	56	125	164	195	209	223	232	239	#
393	13.8679	17	65	71	88	99	121	180	192	203	237	#
394	7.47594	62	90	111	141	170	186	253	#
395	6.26119	11	47	55	82	106	122	128	164	207	225	245	247	#
396	14.3589	14	19	54	64	72	167	182	194	214	218	242	#
397	14.2314	66	75	82	125	142	164	184	204	213	228	232	239	#
398	10.6764	5	10	115	137	145	182	189	#
399	20.2631	16	29	42	49	74	116	126	127	134	181	205	232	234	244	#
400	7.5299	9	15	20	26	37	137	164	188	#
401	16.786	52	76	77	108	112	114	120	178	185	225	247	#
402	7.13123	16	33	59	83	152	#
403	12.283	3	51	57	75	90	98	120	138	196	206	208	234	248	#
404	10.116	94	106	175	180	207	225	255	#
405	11.3298	23	24	39	50	65	79	99	120	148	156	221	222	223	228	#
406	7.30283	2	111	135	163	182	230	236	#
407	15.3185	22	58	67	70	114	115	131	143	145	193	214	222	229	241	255	#
408	11.6787	22	27	78	90	92	103	113	136	163	176	190	234	236	247	#
409	11.2769	0	7	14	15	28	46	67	70	73	88	91	150	168	228	242	247	#
410	12.0534	4	5	6	13	60	104	136	153	154	185	187	188	209	214	226	247	#
411	6.91263	99	129	131	211	228	#
412	5.77858	129	140	166	176	240	241	250	#
413	4.12105	7	90	142	143	#
414	5.59734	33	53	96	99	103	171	189	#
415	10.4255	6	10	14	85	104	126	164	165	209	221	250	252	#
416	12.0385	20	21	35	37	47	51	127	183	#
417	8.90613	23	38	48	79	137	160	190	#
418	12.6279	11	36	55	72	106	145	150	251	#
419	5.17729	148	169	200	203	206	254	#
420	4.05129	1	7	39	69	115	158	166	171	209	#
421	13.4907	9	12	13	27	66	95	99	128	134	147	159	184	211	#
422	16.617	21	26	76	91	92	116	146	157	160	187	211	229	#
423	14.7684	8	14	16	41	74	175	178	199	210	213	#
424	11.9402	12	17	62	71	75	79	123	129	142	143	180	184	195	211	#
425	6.9708	20	25	59	136	138	145	156	221	238	#
426	5.5453	0	12	44	211	222	239	#
427	9.65501	13	26	50	75	136	141	161	#
428	13.4878	13	24	31	44	67	99	101	136	138	204	217	246	#
429	16.4689	18	32	75	77	90	93	95	101	158	174	181	217	252	#
430	17.425	12	42	44	51	91	124	134	150	188	199	211	226	252	#
431	12.6177	52	59	65	147	150	174	183	239	#
432	14.8855	13	29	79	147	187	192	223	229	245	247	#
433	19.2753	19	43	53	86	101	104	127	132	137	158	187	213	233	253	#
434	13.0103	52	62	98	103	125	135	144	185	187	232	247	#
435	10.3543	0	5	12	16	17	93	109	138	149	150	194	213	#
436	9.26187	1	26	92	150	206	214	215	#
437	11.8437	0	39	68	71	76	107	136	148	155	169	181	253	255	#
438	5.87568	7	58	97	118	141	229	232	#
439	11.6925	24	75	87	178	196	201	251	254	#
440	3.5837	13	31	170	196	253	#
441	16.6316	19	34	49	62	63	64	93	113	173	199	253	#
442	11.5484	49	71	78	148	164	192	206	229	#
443	12.2257	21	103	119	120	130	131	158	178	227	252	#
444	8.12814	43	52	86	116	119	143	154	240	249	#
445	6.22468	11	19	31	77	87	119	163	194	195	196	234	246	253	#
446	13.6508	32	55	118	133	144	163	185	227	255	#
447	4.11614	28	41	77	141	219	#
448	7.44001	33	72	114	160	163	247	249	#
449	16.1732	11	27	42	43	50	53	106	108	122	132	136	154	170	178	205	233	#
450	2.29483	1	124	#
451	9.84215	5	27	28	34	41	65	67	104	124	141	152	180	209	#
452	4.28518	42	56	86	119	136	151	192	195	#
453	10.2468	4	9	49	52	63	67	82	94	163	208	227	231	232	234	#
454	14.2712	12	34	57	76	113	149	167	186	229	230	247	#
455	15.6589	18	30	93	118	119	124	149	168	181	212	229	240	#
456	9.89382	18	22	28	61	112	140	144	154	155	163	217	234	237	243	#
457	6.41945	1	23	36	72	110	125	144	148	169	172	199	212	#
458	11.0073	57	74	85	86	117	159	176	185	252	254	#
459	11.6374	29	71	73	122	126	142	229	242	254	#
460	5.98945	16	31	34	86	87	88	93	94	102	109	129	166	177	228	239	#
461	19.0745	11	19	75	84	120	124	179	202	208	209	222	231	248	#
462	11.5097	6	26	58	65	105	116	157	223	226	228	255	#
463	7.48248	34	58	98	120	126	137	144	175	191	208	215	228	252	#
464	9.50418	8	112	129	134	185	209	217	250	#
465	4.8408	26	38	40	64	73	89	149	237	#
466	7.6984	34	54	57	69	72	95	118	157	201	214	#
467	4.12612	5	109	119	137	241	250	#
468	11.1593	19	51	84	91	137	155	212	#
469	6.53053	11	54	70	76	98	100	106	107	115	119	152	162	220	241	243	#
470	13.1169	10	23	60	103	138	198	221	250	#
471	9.58762	44	55	62	91	142	161	180	213	249	#
472	5.15355	12	34	58	62	123	141	161	230	#
473	9.08294	9	21	53	54	62	155	226	247	#
474	14.0626	50	63	108	168	175	190	198	203	244	#
475	8.41031	6	38	93	140	144	204	216	#
476	8.88442	12	36	134	137	164	170	189	200	#
477	3.3221	20	96	97	107	126	140	156	#
478	8.26765	51	109	122	138	167	194	229	233	252	#
479	13.5574	43	47	56	76	82	95	167	173	204	241	#
480	8.34791	4	6	58	71	88	147	166	180	238	#
481	14.1615	9	12	42	47	54	105	142	180	209	238	245	#
482	8.45839	11	85	112	150	154	180	184	212	#
483	21.5697	1	12	13	19	24	34	38	59	66	75	139	169	177	186	225	249	#
484	12.3706	27	56	59	161	166	207	211	221	233	242	#
485	10.5933	37	54	95	120	177	189	248	#
486	8.2499	100	160	162	164	249	#
487	3.9621	40	54	71	73	136	159	180	253	#
488	6.16758	25	73	99	120	157	240	#
489	17.1542	39	64	77	96	115	130	133	166	176	183	187	204	224	226	235	241	248	#
490	13.1209	18	20	33	41	69	87	190	229	#
491	17.871	2	14	23	54	86	97	110	146	156	158	177	184	187	209	#
492	7.39548	55	87	135	138	217	219	226	#
493	6.28701	0	6	79	145	229	#
494	8.64278	43	61	78	83	102	122	183	211	234	#
495	7.37543	8	10	27	56	86	145	161	162	181	182	208	235	#
496	3.11722	114	162	177	179	229	#
497	17.4568	5	8	13	25	26	31	57	60	107	142	157	237	242	#
498	13.2261	74	81	104	105	146	147	151	167	208	211	225	#
499	15.8448	21	44	69	99	133	138	158	159	167	227	#
500	3.28781	21	99	103	127	132	148	164	192	207	239	#
501	11.8622	60	98	188	195	206	233	237	240	#
502	7.07895	73	84	91	143	224	252	#
503	7.47513	18	20	33	63	66	138	146	165	230	248	#
504	12.0769	24	26	82	88	131	133	147	152	162	177	229	#
505	10.6859	3	6	61	89	113	199	203	209	245	248	#
506	6.00765	2	14	52	55	89	122	145	200	208	217	221	227	#
507	3.52107	68	81	135	171	194	247	#
508	6.83252	42	44	124	150	151	174	239	#
509	10.7296	21	22	55	63	160	193	238	#
510	8.40181	19	43	48	71	87	173	179	238	241	#
511	19.479	28	60	61	62	74	137	141	155	184	190	213	236	#
512	19.6265	4	41	49	80	84	139	140	151	158	173	181	215	242	#
513	7.35455	16	41	44	56	123	159	202	245	248	251	#
514	2.68972	43	97	212	225	#
515	6.55388	2	101	184	204	#
516	1.44912	55	147	196	#
517	11.1285	22	67	123	186	202	219	238	250	#
518	13.2895	36	47	48	65	71	81	127	141	197	251	#
519	10.6224	3	15	168	169	174	218	229	237	243	#
520	12.1339	42	73	82	95	132	170	196	206	#
521	1.64117	87	168	#
522	9.38901	8	151	153	162	216	240	241	252	#
523	2.91604	24	25	39	64	135	192	207	241	#
524	7.8134	35	82	115	146	188	246	254	#
525	10.3823	19	66	80	82	89	117	119	141	156	183	198	225	#
526	6.22909	9	28	62	78	83	105	134	202	211	217	232	239	#
527	8.82218	4	117	123	136	139	161	226	#
528	4.35414	20	100	143	154	189	253	#
529	7.0134	86	99	115	196	203	220	#
530	3.34246	0	17	73	99	126	163	225	#
531	5.78361	33	39	46	107	114	145	172	#
532	3.22144	16	38	68	72	76	91	116	126	211	#
533	12.0372	21	45	60	61	124	159	167	191	222	243	#
534	7.45854	5	128	144	151	243	#
535	17.8563	6	18	19	23	35	54	103	154	179	223	253	#
536	10.0398	62	96	117	195	226	238	#
537	15.0607	16	43	107	108	144	193	196	197	209	255	#
538	5.65297	23	52	94	99	102	#
539	12.4872	10	38	70	76	84	107	120	159	174	176	177	184	197	239	#
540	13.4248	0	59	62	82	86	92	122	197	233	241	#
541	4.19067	40	59	125	193	206	235	#
542	2.996	2	105	107	163	168	241	#
543	6.49336	31	56	69	119	211	#
544	8.93436	5	26	60	63	135	224	255	#
545	2.28452	22	111	115	176	197	227	255	#
546	1.78226	50	105	127	#
547	9.88551	15	29	56	67	135	195	227	#
548	3.09668	122	162	180	213	225	229	#
549	6.90927	23	28	56	60	88	97	118	122	127	134	162	178	225	229	#
550	3.63208	24	33	77	78	79	124	134	247	#
551	11.7376	5	18	19	105	184	205	208	213	235	252	#
552	13.8476	4	17	25	103	131	146	160	181	193	207	223	#
553	5.31505	36	133	154	209	253	#
554	14.1229	76	122	126	138	145	175	189	210	214	221	234	242	243	#
555	15.9553	7	20	23	65	93	97	152	203	206	207	#
556	5.23624	17	31	66	93	130	155	189	211	213	#
557	1.54372	135	171	212	248	#
558	7.24869	106	167	204	209	211	#
559	20.6737	11	13	57	58	72	73	129	138	143	165	178	194	228	238	251	#
560	4.38055	20	58	123	241	#
561	17.1921	5	13	30	82	87	132	175	209	215	226	244	#
562	7.49136	21	47	64	71	157	167	191	231	238	#
563	7.04214	14	21	35	40	157	159	190	198	241	#
564	2.19077	28	47	182	185	216	#
565	9.58085	30	45	95	115	127	147	153	208	227	233	235	249	#
566	4.95671	9	34	50	138	254	#
567	6.51819	7	11	36	45	64	75	98	118	123	142	162	193	210	222	#
568	7.80728	109	156	174	203	209	229	232	#
569	12.3537	122	130	132	134	142	155	158	173	197	210	215	#
570	9.24785	17	94	116	177	184	188	204	232	250	#
571	4.61872	25	42	53	68	119	140	141	158	240	245	#
572	10.1672	19	41	83	98	152	195	200	#
573	5.29476	69	72	106	136	165	247	#
574	5.13562	21	48	60	64	113	#
575	9.34153	11	17	22	31	46	57	66	91	110	129	214	#
576	14.2539	8	14	66	105	136	145	176	186	213	215	232	245	251	#
577	8.24597	18	32	38	70	129	241	#
578	6.54793	78	135	192	209	#
579	5.416	21	64	66	81	104	116	117	162	164	194	255	#
580	4.73312	90	144	146	171	205	219	#
581	3.3531	60	105	163	192	197	232	235	239	248	#
582	4.75711	27	38	43	70	106	123	134	144	203	231	#
583	4.65081	55	58	76	146	200	217	#
584	3.13274	49	54	131	195	204	207	#
585	3.72902	10	19	29	45	64	150	164	174	248	#
586	16.9678	9	23	49	72	73	108	113	115	127	138	144	#
587	9.51988	2	20	23	29	44	71	111	160	188	239	248	#
588	5.10034	29	72	89	119	154	180	182	205	233	255	#
589	4.08682	24	45	74	201	220	228	232	#
590	4.15758	15	102	105	119	172	196	248	#
591	11.694	8	18	85	109	165	195	221	229	239	245	#
592	3.69226	0	10	37	96	104	128	172	181	188	#
593	21.8416	14	20	39	43	79	94	117	120	129	146	151	185	201	223	#
594	10.0446	22	29	98	106	122	142	148	154	175	176	177	232	#
595	12.6441	19	28	52	77	88	136	180	186	194	226	246	#
596	5.49168	4	14	16	25	60	91	95	120	144	196	201	205	213	218	#
597	9.46074	75	123	137	144	152	168	191	198	205	227	#
598	6.20706	8	29	80	131	143	144	150	156	183	192	240	242	#
599	23.2619	1	53	58	81	82	88	116	122	126	136	140	237	240	247	#
600	13.3343	12	21	23	75	230	234	249	255	#
601	7.90499	4	25	63	84	221	239	#
602	7.91475	5	25	27	48	127	164	166	192	219	229	238	242	#
603	6.41166	13	22	66	89	146	196	215	231	#
604	15.6992	45	59	66	84	106	133	142	174	177	232	#
605	8.13403	39	44	68	124	126	224	239	#
606	6.22011	25	48	50	64	95	106	110	136	143	189	205	246	248	#
607	14.6361	21	24	54	96	119	195	197	217	230	#
608	3.29328	62	102	200	202	215	#
609	10.8133	48	58	110	148	161	201	205	216	221	245	254	#
610	7.27614	28	68	85	86	98	148	177	219	238	252	#
611	6.73704	12	17	60	86	140	151	156	178	189	209	212	229	255	#
612	10.3549	38	73	110	112	122	132	156	176	#
613	9.87582	12	53	161	219	220	234	#
614	7.47221	21	59	128	201	224	225	241	242	#
615	5.2894	24	82	90	100	129	178	183	187	217	241	#
616	13.1679	5	45	86	110	119	125	179	245	#
617	12.2772	14	46	58	82	98	159	166	182	191	195	231	240	250	#
618	17.861	10	44	47	67	98	114	180	182	209	224	250	#
619	4.48638	32	37	92	120	133	201	204	205	254	#
620	12.8917	49	51	61	70	162	167	171	173	198	#
621	25.9346	4	14	28	29	32	53	57	69	74	81	82	107	133	156	175	181	188	244	#
622	14.408	20	81	136	142	151	203	213	235	252	#
623	7.15849	5	34	71	143	162	176	182	#
624	3.18702	96	101	#
625	9.3598	38	86	115	150	187	235	#
626	4.73556	48	157	228	254	#
627	6.21181	10	49	61	80	100	138	217	245	255	#
628	6.16266	41	56	64	100	139	148	154	158	240	247	#
629	4.75862	40	44	87	90	152	159	177	216	222	224	#
630	15.9914	47	53	60	70	81	93	110	132	136	144	145	200	227	234	248	#
631	5.79699	18	21	63	103	226	234	#
632	7.246	57	64	77	115	131	150	154	185	210	#
633	4.57297	130	133	156	179	238	#
634	7.85013	2	6	7	70	124	133	136	172	221	231	#
635	8.14885	16	78	136	142	152	156	159	199	204	233	249	#
636	12.5938	18	50	57	60	74	101	110	131	134	148	#
637	17.2035	10	19	37	64	93	103	136	144	151	169	198	202	206	#
638	6.54891	28	32	117	121	150	157	170	224	227	243	#
639	6.48068	4	31	42	74	99	109	118	150	#
640	23.4244	34	41	67	68	90	93	133	135	160	179	184	186	220	228	#
641	7.31124	6	19	89	97	134	175	242	#
642	9.81956	35	62	74	96	134	150	211	216	225	#
643	4.93073	29	39	50	146	169	191	219	239	244	245	#
644	11.8773	11	37	77	82	84	94	125	126	146	148	188	230	251	255	#
645	8.19518	9	21	60	99	113	129	181	201	209	#
646	2.18578	38	131	#
647	9.917	30	35	105	129	189	200	214	220	238	241	#
648	5.08687	6	17	26	108	186	228	235	246	250	#
649	8.4796	40	69	127	151	166	194	241	#
650	5.23727	26	36	87	89	95	106	109	142	150	178	180	224	237	252	#
651	6.43239	14	18	33	43	112	130	142	146	173	176	235	238	249	#
652	8.35432	45	48	175	200	205	215	#
653	12.4342	45	73	87	119	120	143	226	234	#
654	17.0646	34	51	57	62	63	94	107	122	188	198	238	248	#
655	14.467	24	28	53	115	121	140	164	165	169	177	181	199	219	232	#
656	9.99221	34	58	61	66	71	104	110	142	144	145	153	213	#
657	8.11232	16	42	44	109	120	202	#
658	2.85848	6	51	98	114	122	189	216	228	#
659	14.941	3	30	39	53	62	74	114	147	156	190	211	215	218	#
660	5.55137	2	36	51	182	217	#
661	11.873	49	52	61	77	118	176	179	187	189	230	232	237	#
662	9.35448	43	56	90	142	192	200	241	245	#
663	8.24144	12	25	65	124	125	149	162	187	206	#
664	3.05565	80	152	204	226	#
665	7.94277	15	17	18	68	107	134	154	155	170	207	216	255	#
666	5.85377	5	16	31	50	67	137	153	200	214	224	251	#
667	6.44574	0	52	96	176	245	#
668	6.89806	35	67	77	83	87	112	117	140	159	201	243	#
669	9.3154	44	75	92	93	197	201	209	220	223	228	253	#
670	10.3493	13	27	34	66	100	116	142	152	247	#
671	11.3455	50	83	180	200	215	226	227	250	#
672	3.60644	0	39	41	88	114	171	186	206	#
673	8.18396	27	77	131	133	172	207	#
674	20.2369	26	29	36	75	99	120	126	161	165	225	232	240	241	#
675	15.236	45	48	67	102	138	169	200	207	229	235	240	244	#
676	8.13101	2	35	113	145	237	239	#
677	11.6107	1	43	44	114	137	222	240	251	#
678	9.2772	36	38	74	87	94	97	152	157	161	188	197	211	#
679	7.72609	14	25	46	53	88	97	106	135	172	180	194	198	234	236	#
680	8.47217	4	26	38	67	134	144	156	180	196	204	210	228	245	#
681	5.35598	61	96	101	124	127	230	#
682	9.70481	30	34	41	137	174	208	229	248	#
683	8.6696	19	56	73	85	97	195	204	216	241	#
684	5.62219	49	75	87	127	134	143	#
685	4.99453	73	135	177	214	#
686	9.64673	86	92	103	156	220	223	#
687	10.6251	91	105	109	129	135	140	157	204	214	225	#
688	7.85902	11	73	76	78	125	163	199	244	#
689	11.1971	48	54	76	85	87	239	242	245	#
690	16.6826	2	13	50	60	64	85	147	156	164	224	243	#
691	11.1553	18	24	52	53	71	75	85	127	140	167	168	178	182	#
692	9.5002	75	87	126	135	146	152	231	253	#
693	4.35806	4	6	26	47	100	135	213	218	219	236	237	#
694	11.3226	19	69	83	89	141	154	165	230	#
695	7.4725	25	37	56	68	149	154	156	164	175	178	187	218	234	239	#
696	8.28917	14	41	86	108	122	129	156	185	186	222	240	248	#
697	6.76295	4	23	58	83	161	195	242	#
698	5.64934	5	10	28	48	58	79	146	164	193	207	219	#
699	9.29292	92	96	103	110	126	184	200	208	223	253	#
700	6.87779	10	94	126	149	155	178	181	188	207	216	#
701	4.29939	26	31	71	73	118	123	141	187	211	#
702	14.4937	26	27	31	32	39	58	114	174	197	198	#
703	16.9023	32	88	95	98	104	109	113	176	182	190	221	#
704	6.96792	18	66	67	85	133	142	164	205	#
705	3.45494	4	49	61	67	92	100	218	231	232	249	#
706	12.0767	19	27	80	181	186	215	240	252	#
707	9.16062	8	54	75	107	112	125	202	#
708	9.9085	31	38	104	119	236	248	#
709	11.6078	8	52	170	181	191	244	255	#
710	10.0281	43	54	79	93	172	176	189	198	204	223	#
711	5.14094	11	58	103	115	161	177	179	222	#
712	20.5723	4	8	12	32	52	117	125	129	131	196	197	203	241	#
713	9.60262	59	70	96	132	135	183	225	238	#
714	7.42164	20	51	97	114	137	139	141	195	209	241	250	#
715	11.0287	4	10	50	53	89	141	170	187	211	216	#
716	8.84485	30	36	78	120	174	191	196	202	250	#
717	6.51383	46	50	59	93	101	108	124	142	161	163	178	193	231	233	#
718	6.00215	35	122	152	163	195	236	#
719	8.36369	5	46	49	58	95	122	129	162	168	199	210	222	250	#
720	14.7905	22	36	82	91	103	120	183	198	234	#
721	15.6893	25	44	119	121	147	155	171	178	210	211	221	254	#
722	4.53867	41	97	105	113	123	125	188	246	#
723	3.99372	2	63	75	134	135	195	242	#
724	16.5577	6	8	22	54	76	80	124	148	160	188	201	237	#
725	14.0914	2	6	40	89	94	96	100	136	169	180	201	209	216	224	#
726	4.19023	45	81	90	94	129	161	225	245	#
727	6.8011	29	34	38	47	70	85	95	160	165	168	179	185	191	215	#
728	18.8511	6	14	49	63	76	113	131	185	187	207	230	242	249	#
729	20.639	2	32	42	52	59	112	132	150	161	182	195	210	214	239	#
730	3.46407	0	32	58	60	95	101	127	242	252	#
731	4.64323	91	125	189	203	221	249	#
732	9.0637	15	92	155	209	217	225	228	#
733	5.27955	15	85	151	182	245	#
734	5.63188	120	195	202	246	#
735	16.0428	24	53	58	59	97	100	145	172	174	183	212	214	#
736	6.52719	40	88	104	128	148	192	#
737	13.8763	50	85	91	96	138	193	207	226	234	#
738	4.33172	1	14	58	75	76	110	126	130	166	174	209	#
739	3.56123	35	62	72	79	114	176	184	216	234	#
740	6.29694	51	62	110	154	171	175	202	204	213	222	234	#
741	14.7446	36	42	44	48	58	87	119	148	168	177	210	#
742	12.2345	3	4	53	96	122	133	164	197	212	239	#
743	12.9757	4	54	55	61	94	106	128	160	#
744	14.2954	22	28	49	72	81	105	111	121	136	143	160	211	234	242	#
745	3.85274	10	20	33	42	60	99	139	160	185	204	244	#
746	6.25035	12	15	43	45	51	74	82	97	98	105	108	124	154	163	237	#
747	4.96803	10	34	78	98	119	143	145	150	159	166	186	205	221	222	239	#
748	10.0808	18	20	113	193	209	242	248	#
749	5.55605	31	64	67	77	98	106	115	178	193	208	213	217	#
750	13.8157	6	54	62	97	125	137	150	159	202	227	#
751	13.3253	7	40	54	68	136	152	153	162	190	219	251	252	#
752	16.1161	16	25	66	76	81	93	153	156	200	234	236	245	#
753	5.07579	11	51	74	90	94	118	141	#
754	12.8453	14	22	45	54	74	100	109	116	130	132	254	#
755	3.72461	19	142	238	240	#
756	9.60421	19	78	85	87	111	145	148	193	245	#
757	9.09677	8	53	79	85	95	164	184	193	200	#
758	8.84468	50	98	193	214	215	230	234	#
759	10.4565	40	84	108	172	186	200	211	#
760	4.6812	24	92	116	134	149	150	178	239	243	#
761	14.2354	74	77	92	120	137	157	160	215	243	#
762	14.4273	20	67	94	106	139	172	181	249	253	#
763	6.30864	21	41	79	114	133	147	218	#
764	23.1485	1	9	26	28	40	110	143	152	154	179	188	219	220	250	#
765	3.78654	36	58	60	147	150	154	160	230	#
766	16.3307	73	91	163	178	200	220	225	229	249	251	252	#
767	6.15867	32	119	136	171	214	#
768	7.03865	22	53	59	99	118	156	222	#
769	3.72739	32	41	44	106	120	126	200	229	#
770	17.7179	16	21	28	52	94	118	122	155	156	168	230	#
771	17.8302	8	12	53	84	124	156	202	218	227	245	248	251	#
772	7.46481	82	106	111	198	217	224	250	#
773	10.1447	67	106	122	126	136	189	196	253	#
774	7.26356	14	20	49	93	104	166	172	249	#
775	13.2564	11	56	60	71	73	141	193	218	255	#
776	3.3932	97	103	125	228	254	#
777	4.55308	10	87	103	164	174	179	183	221	225	236	254	#
778	3.70919	2	12	83	105	113	131	205	222	233	240	242	#
779	4.40848	90	168	177	185	210	216	246	#
780	10.525	31	54	66	95	113	172	178	212	223	245	#
781	20.9904	13	31	58	65	69	104	107	116	133	163	168	213	222	#
782	5.61647	6	81	99	108	139	148	172	215	223	#
783	2.27699	76	91	144	180	#
784	10.9634	13	25	32	53	55	101	102	111	137	152	178	222	#
785	4.68713	11	26	38	114	176	184	188	197	#
786	8.60627	13	20	23	85	105	127	132	135	153	171	177	179	190	206	#
787	5.99675	18	67	154	158	209	#
788	3.3301	9	62	80	108	126	173	179	213	#
789	13.196	3	29	43	132	145	188	192	195	196	218	#
790	3.70783	52	96	126	140	167	168	178	191	237	#
791	5.9765	4	8	42	52	69	82	88	111	164	172	214	230	#
792	4.9053	30	62	89	104	139	158	162	216	#
793	3.69934	58	75	174	#
794	8.04994	61	103	120	138	162	203	208	226	229	#
795	12.4062	39	73	83	91	94	111	237	242	246	#
796	13.8253	8	11	22	33	40	114	157	190	216	#
797	2.38491	41	66	77	123	232	#
798	11.8529	40	43	67	83	125	126	152	175	198	206	215	235	#
799	6.32326	31	58	79	89	122	133	240	255	#
800	7.67553	3	4	65	68	77	83	172	185	192	255	#
801	14.8077	8	25	51	52	76	93	99	114	173	232	#
802	9.24084	1	22	23	85	138	166	184	226	227	254	#
803	3.25674	33	35	40	111	123	202	#
804	15.0055	8	76	80	88	113	116	134	160	191	195	196	202	247	#
805	14.6401	4	30	42	51	66	76	79	169	252	#
806	9.68636	67	69	92	122	200	209	219	224	251	#
807	4.96506	1	6	64	151	152	160	172	188	205	251	#
808	14.4547	23	56	60	73	91	98	105	111	139	152	161	180	246	#
809	10.6566	1	76	102	115	117	145	162	#
810	5.0919	45	104	121	126	157	207	#
811	9.50983	5	70	72	74	91	116	171	195	209	239	247	#
812	6.61623	18	22	25	63	86	104	128	138	182	#
813	11.5988	5	22	46	61	84	131	169	170	182	240	#
814	4.56402	3	53	70	79	89	110	114	131	206	224	#
815	3.63638	21	63	64	77	89	91	137	147	159	187	238	#
816	9.29776	2	4	31	76	77	220	224	#
817	3.78634	64	123	194	217	229	#
818	10.9198	35	41	97	180	210	225	232	238	240	#
819	18.8619	10	28	41	55	74	109	135	149	168	187	216	219	#
820	11.1012	25	56	134	144	199	210	250	253	#
821	7.30105	50	58	84	119	161	172	186	190	225	226	240	#
822	10.5534	5	18	27	67	139	147	181	184	210	221	#
823	6.72011	2	104	108	109	127	160	164	182	213	#
824	14.4406	114	122	133	158	170	205	212	245	250	#
825	19.344	7	16	22	26	31	32	41	102	122	190	201	231	#
826	6.15258	31	84	144	171	184	246	#
827	3.25865	86	99	116	155	#
828	14.0127	13	36	56	84	85	154	157	162	228	233	#
829	2.50453	58	99	113	115	181	184	#
830	10.1483	85	133	182	212	224	228	250	253	#
831	16.6002	9	25	60	79	84	87	95	119	162	177	220	#
832	4.6462	52	54	69	142	195	196	#
833	13.3887	32	67	99	116	135	148	188	216	248	#
834	3.02203	8	17	30	112	142	163	191	193	#
835	10.9455	23	67	91	97	138	141	173	179	191	231	235	#
836	6.27948	17	70	101	104	124	223	229	#
837	9.28448	50	62	68	106	116	133	146	177	198	241	254	#
838	4.2686	82	114	117	128	195	255	#
839	17.8947	11	16	25	33	115	144	185	205	207	215	238	#
840	13.6425	13	15	70	85	107	108	113	130	135	#
841	16.7546	54	74	77	79	104	144	156	187	224	239	240	#
842	4.22596	12	21	24	33	#
843	3.10673	24	84	173	184	205	209	214	#
844	11.1344	22	44	50	108	111	114	141	152	238	249	#
845	14.8118	39	75	102	108	126	135	140	157	204	212	225	237	239	243	251	#
846	12.4064	6	11	27	39	64	72	78	105	123	228	235	244	#
847	7.96731	1	80	84	122	145	190	209	210	228	237	#
848	3.72271	47	66	122	248	#
849	5.67919	17	64	81	92	168	177	230	#
850	9.19908	21	173	177	183	204	216	236	#
851	20.352	2	22	70	80	95	129	142	150	167	177	196	224	232	247	#
852	6.21117	4	20	205	255	#
853	6.31025	25	38	45	201	#
854	3.82542	9	37	56	75	88	91	158	218	221	251	#
855	1.68434	34	159	181	207	212	#
856	3.06849	64	68	74	102	152	163	218	219	255	#
857	8.00045	1	33	39	59	70	77	95	242	#
858	5.39042	33	37	51	61	78	172	180	181	222	241	#
859	5.62255	23	44	47	70	87	111	135	186	240	#
860	18.9754	35	37	50	75	93	131	144	181	186	195	221	227	231	#
861	12.8677	11	77	81	88	99	156	178	189	233	254	#
862	20.0464	20	26	28	54	87	144	148	177	195	210	223	241	249	#
863	13.1122	14	85	90	103	105	161	169	185	196	241	#
864	4.5442	11	17	67	212	#
865	9.33664	39	47	50	67	69	77	119	125	#
866	9.02648	27	182	190	210	215	242	#
867	14.9984	30	33	50	54	63	64	65	82	85	137	139	198	220	#
868	3.26875	50	110	#
869	13.6159	33	66	69	76	113	123	127	158	163	166	197	221	255	#
870	6.87256	11	32	35	60	93	134	203	223	233	#
871	16.5802	7	20	29	43	49	52	68	106	108	118	123	153	211	213	254	#
872	1.76696	3	130	188	#
873	10.9536	7	12	58	64	69	108	135	170	218	246	247	250	#
874	17.3605	0	13	26	61	64	96	98	100	107	227	233	250	#
875	8.36117	15	28	51	54	91	176	207	#
876	5.35598	7	13	41	58	70	95	112	155	158	190	215	#
877	19.5679	24	53	76	80	82	85	101	103	145	164	213	230	#
878	11.2975	5	20	30	47	62	108	126	155	233	#
879	8.60609	29	30	60	72	121	168	174	176	207	241	248	#
880	4.91791	32	49	79	87	129	132	180	190	197	206	#
881	2.94023	47	67	178	202	225	#
882	15.15	25	33	57	64	129	132	178	181	198	227	232	248	#
883	1.93011	55	187	215	219	#
884	6.85357	4	122	140	152	156	178	195	250	#
885	12.3869	40	64	83	112	118	143	162	189	205	231	#
886	4.87215	134	170	179	183	203	246	254	#
887	11.4459	33	49	87	94	133	185	193	218	241	255	#
888	7.04822	13	17	23	66	67	121	166	209	210	227	#
889	8.34728	150	164	190	206	254	#
890	2.29116	42	52	65	128	163	236	#
891	6.35575	58	124	138	221	237	#
892	6.27912	45	99	194	196	#
893	5.2662	1	60	74	93	166	181	227	231	#
894	6.65956	10	14	73	150	212	233	246	#
895	18.7926	0	5	13	64	125	151	166	207	215	219	250	254	#
896	2.42478	15	30	32	91	127	#
897	6.23155	0	36	44	143	244	#
898	1.47873	41	61	131	197	#
899	10.2342	8	104	116	139	175	205	208	210	214	229	235	251	#
900	10.645	29	155	163	171	174	224	234	#
901	4.9773	24	27	29	79	121	170	220	232	249	#
902	4.27964	67	131	195	221	#
903	4.83147	8	15	36	97	125	130	167	218	#
904	11.6994	25	29	53	92	96	107	178	201	#
905	16.4701	20	30	90	100	112	126	129	148	153	168	199	200	#
906	6.45496	38	168	169	202	230	#
907	8.83486	19	20	29	61	88	117	139	158	170	202	212	228	252	#
908	11.5167	56	98	120	156	158	160	233	#
909	14.9728	34	71	113	143	148	192	195	218	221	231	232	#
910	2.28422	20	48	126	149	184	236	237	#
911	12.3381	7	71	86	141	153	157	176	204	214	#
912	6.97005	13	53	61	160	167	171	180	201	206	216	227	#
913	16.6791	11	62	64	103	108	110	116	143	164	171	173	178	206	240	241	#
914	8.78543	27	48	49	59	76	88	115	116	132	150	153	157	211	246	#
915	5.19551	137	151	159	193	244	#
916	17.561	6	12	15	84	85	91	99	142	151	199	218	224	245	250	#
917	7.15959	19	24	30	31	41	45	55	125	137	140	209	233	#
918	8.31986	22	27	59	69	86	105	109	123	221	#
919	2.22832	0	20	55	107	180	236	#
920	9.16792	58	60	78	94	115	151	181	184	194	#
921	5.24266	59	143	182	241	#
922	3.65881	61	77	95	155	158	168	204	222	#
923	7.93354	12	95	96	162	202	203	232	#
924	6.60735	10	18	25	74	78	84	89	158	164	174	212	#
925	5.53659	20	25	31	70	76	160	192	221	246	#
926	6.7282	3	17	25	35	48	49	55	87	147	169	184	214	#
927	2.47225	48	81	113	252	#
928	6.09022	53	60	65	89	92	104	245	246	#
929	5.1959	9	21	53	105	126	169	172	174	194	197	214	253	#
930	8.73528	1	100	162	217	225	232	#
931	5.89416	5	29	71	93	107	130	136	186	192	215	#
932	10.4352	17	25	43	76	77	116	170	180	223	#
933	17.7296	15	25	32	55	74	104	141	147	177	201	225	236	237	#
934	6.7965	82	103	150	165	177	252	#
935	16.9872	5	33	87	99	109	155	165	167	190	213	234	#
936	8.65435	10	17	84	160	196	204	207	225	238	241	#
937	13.5494	37	54	120	135	157	193	198	207	213	228	#
938	6.44688	28	122	135	141	225	240	#
939	10.5636	5	10	63	84	97	115	124	175	208	214	228	232	243	#
940	7.60993	0	32	36	70	106	158	195	201	216	223	#
941	1.46643	92	95	197	236	#
942	5.47526	4	42	87	91	135	137	179	184	252	#
943	8.08661	16	35	40	155	175	#
944	5.38304	5	65	97	124	175	176	204	229	255	#
945	9.96053	36	85	127	163	164	206	216	228	234	#
946	14.4927	0	11	55	96	151	168	206	227	233	#
947	4.80074	13	25	48	63	86	151	170	205	250	#
948	5.8045	17	25	149	157	210	233	235	#
949	2.97334	2	22	75	96	150	168	173	174	#
950	7.03218	17	22	140	157	193	195	215	253	#
951	6.99692	2	3	22	33	106	200	203	218	248	#
952	9.96007	24	144	150	214	216	249	#
953	10.6302	23	42	51	86	115	125	126	145	171	189	214	250	#
954	20.6441	1	5	80	87	100	118	122	131	180	200	248	250	253	#
955	4.32032	58	79	172	222	239	243	#
956	27.516	2	23	27	47	52	55	71	98	115	117	137	171	175	183	192	193	214	215	243	#
957	10.606	22	24	52	59	81	84	91	101	122	136	171	231	240	246	#
958	13.3716	24	27	39	55	61	76	98	113	162	167	176	190	208	247	#
959	17.9334	2	4	19	25	58	61	84	131	141	157	169	235	252	#
960	16.9752	0	27	40	54	97	104	112	129	135	142	143	178	189	234	#
961	8.15663	9	19	48	96	202	205	218	227	237	#
962	3.77455	71	94	96	102	194	220	#
963	5.13773	33	57	72	101	134	135	138	196	220	253	#
964	13.3055	33	36	67	69	154	167	174	192	219	233	245	246	253	#
965	9.09945	8	54	93	104	107	114	196	246	#
966	7.7981	83	112	147	218	250	#
967	3.44681	11	109	140	230	#
968	3.66264	37	40	92	122	136	167	#
969	21.099	11	44	52	58	71	75	76	86	99	116	146	153	162	166	#
970	9.17564	23	46	71	146	156	183	197	206	211	237	#
971	9.14205	9	23	46	64	71	89	95	113	157	162	211	227	229	230	#
972	8.21263	23	50	77	88	160	191	254	#
973	17.6679	33	92	105	114	116	127	131	145	162	205	247	#
974	10.6749	24	44	82	98	134	186	193	219	228	240	250	#
975	5.20871	8	19	25	42	82	174	178	190	#
976	12.686	9	28	71	83	92	158	176	248	#
977	8.5993	21	43	56	57	81	86	109	209	#
978	7.01879	4	29	35	46	88	103	184	199	#
979	7.54355	7	55	58	61	68	84	154	183	254	#
980	25.0002	10	12	28	31	43	63	64	65	90	101	106	119	156	180	190	204	213	247	#
981	4.22902	50	85	88	92	100	115	170	179	182	187	196	#
982	7.91674	47	79	107	121	175	186	189	191	216	240	#
983	19.1869	24	46	51	88	123	158	169	170	181	188	205	219	234	240	244	#
984	3.8074	9	44	81	119	135	210	238	#
985	2.39182	117	133	156	212	218	#
986	3.65239	84	162	169	232	#
987	6.15642	56	77	124	151	211	233	#
988	7.0139	1	20	55	134	135	255	#
989	3.73616	10	65	75	82	166	186	196	251	#
990	11.6961	4	51	113	139	142	218	221	232	239	#
991	10.6015	0	16	59	77	107	141	149	163	254	#
992	5.35458	62	63	94	146	157	160	210	225	#
993	2.38503	26	40	52	53	235	#
994	9.19425	25	83	119	135	206	209	248	#
995	8.46522	104	130	148	175	190	215	#
996	14.7966	19	33	47	63	75	155	175	182	232	246	#
997	18.9713	0	16	41	46	95	162	169	174	175	202	216	229	236	242	249	#
998	5.47123	19	57	94	102	105	109	191	206	217	225	#
999	4.07141	5	23	104	192	205	206	219	#
