%% File generated by CATS v.2.1Mon Jul  4 15:36:50 2011

%% The CATS webpage is http://robotics.stanford.edu/CATS

%% PARAMETER SETTINGS:
% Goods: 256; Bids: 1000; Distribution: L7; Runs: 1; Parameters generated from distribution in file "qpstuff/L7-qp.txt".; Problems generated from distribution over features in files: qpstuff/cass-qp.txt, qpstuff/cplex-qp.txt, qpstuff/lehman-qp.txt; Seed: 1309826938
% Legacy distribution parameters:
% Number of goods chosen according to Binomial distribution (binom_cutoff = 0.0625212).
% Price chosen according to Linear Random distribution (low_linearly = 0.0359268, high_linearly = 1.96407).


goods 256
bids 1000
dummy 0

0	24.5643	6	18	20	39	54	79	87	97	129	143	145	158	161	173	201	215	223	231	238	#
1	28.2678	1	48	52	58	69	85	93	96	103	104	116	130	181	193	199	230	233	248	#
2	29.3765	3	15	64	65	66	71	93	104	117	141	172	192	232	245	246	255	#
3	22.804	51	54	62	65	68	77	93	160	163	166	220	224	230	238	#
4	8.30185	0	53	56	68	80	136	153	163	164	182	191	252	#
5	16.6976	14	16	25	30	42	57	91	94	136	164	172	180	202	219	243	#
6	29.6041	29	43	52	61	85	97	126	130	144	155	157	160	195	207	211	223	239	250	#
7	9.29854	7	55	69	72	76	85	91	92	100	118	136	157	171	179	205	220	242	#
8	3.64621	4	6	16	36	38	42	54	57	70	110	142	152	164	188	238	#
9	8.80002	9	15	44	118	122	155	182	186	190	192	197	199	203	214	250	#
10	37.9856	32	68	76	84	87	137	138	150	151	160	161	168	190	191	196	197	208	218	219	244	245	#
11	21.8533	4	13	39	43	55	57	84	98	101	142	175	185	245	#
12	27.0279	41	53	68	77	97	119	129	157	173	181	195	218	229	235	239	255	#
13	14.4791	8	12	23	30	46	52	93	124	140	147	176	194	215	251	#
14	9.54794	1	23	62	74	82	113	159	165	171	172	174	175	209	#
15	3.86546	27	45	52	87	91	104	109	122	129	138	202	213	228	244	253	#
16	27.1492	32	94	98	100	125	133	137	144	164	166	197	216	241	244	251	#
17	35.0161	0	7	37	55	59	103	113	121	122	132	139	156	158	160	174	177	203	220	237	#
18	23.62	15	35	42	49	74	144	157	167	180	182	190	200	204	217	218	220	221	230	231	240	#
19	21.6492	14	23	33	56	85	97	108	122	140	147	163	222	228	230	245	247	249	251	#
20	9.42835	18	121	125	154	174	201	205	206	224	230	#
21	10.8732	3	10	15	66	122	136	140	142	149	167	220	227	254	#
22	36.6905	13	24	55	58	74	98	99	107	121	144	159	163	190	201	206	208	228	231	242	246	#
23	3.02959	1	19	53	115	124	200	223	246	#
24	11.175	32	44	59	72	79	96	129	137	141	142	183	200	249	252	#
25	19.1688	17	42	54	57	63	66	95	111	116	146	147	203	208	215	217	255	#
26	16.6151	64	69	94	127	148	149	151	164	166	172	181	186	190	196	207	223	242	#
27	10.4339	2	10	14	22	44	49	68	86	91	125	145	151	175	199	216	240	246	#
28	30.9022	6	33	75	81	95	96	101	103	118	139	155	157	162	186	215	236	238	249	252	#
29	11.7572	6	8	29	37	43	59	65	70	90	143	195	217	219	220	#
30	15.6388	12	13	17	32	35	44	52	72	83	97	123	135	151	164	169	191	198	203	217	225	228	#
31	5.23819	72	81	84	102	128	139	147	185	254	#
32	3.19071	9	11	32	46	92	129	130	141	155	206	211	248	249	#
33	15.2674	25	49	57	80	85	93	94	102	103	129	148	154	155	165	221	233	244	249	#
34	22.3998	21	34	37	43	59	72	79	87	146	162	167	209	221	232	244	#
35	24.184	2	6	13	26	63	66	86	87	106	121	148	176	181	194	#
36	29.7482	16	22	23	33	36	73	78	88	96	97	99	124	130	149	176	200	202	203	231	232	246	#
37	0.654063	20	35	41	45	71	74	80	124	141	144	157	226	#
38	6.08747	1	85	174	224	230	232	233	243	248	252	#
39	24.1688	44	45	55	60	67	70	71	107	125	128	129	156	164	175	225	231	#
40	34.2151	1	4	9	36	57	82	92	93	102	112	145	155	188	211	226	227	234	246	#
41	26.1073	33	68	92	106	112	122	126	134	143	147	156	212	231	241	252	253	#
42	3.8082	44	47	54	131	145	147	164	211	237	249	#
43	3.26603	0	9	28	29	40	58	60	72	144	173	193	234	#
44	34.5361	10	23	24	36	47	54	72	76	97	105	117	138	158	159	166	170	182	225	#
45	10.7116	11	26	82	108	116	134	191	216	#
46	17.5544	0	2	33	50	68	72	78	92	98	100	107	111	159	169	175	212	219	229	232	235	237	253	#
47	17.2656	19	30	46	52	53	80	84	93	111	137	142	144	152	198	228	252	#
48	28.0197	12	28	41	54	56	102	114	131	175	181	215	220	228	231	247	#
49	14.663	38	60	62	67	96	97	107	139	146	152	161	165	167	176	205	222	224	235	#
50	7.95139	9	12	18	27	41	53	57	91	92	96	109	128	129	140	176	193	206	207	212	226	249	#
51	21.3264	16	26	67	106	120	196	206	221	229	232	235	240	#
52	8.44128	32	41	68	94	112	122	138	139	156	187	193	203	204	210	224	250	#
53	0.779327	22	30	39	46	65	76	80	89	94	120	124	156	193	195	206	218	229	240	#
54	4.49568	5	25	43	58	61	78	93	98	115	124	127	133	168	188	190	241	255	#
55	6.18878	21	33	47	57	78	91	147	163	203	211	215	222	233	252	#
56	18.9505	10	38	45	86	96	102	118	122	149	162	182	185	#
57	3.50902	2	13	27	54	66	97	98	119	133	137	140	146	198	234	#
58	17.4079	61	69	72	78	101	115	116	158	163	186	194	195	200	214	220	243	#
59	8.37142	11	13	21	43	54	80	118	123	145	181	220	222	248	#
60	20.3727	41	61	75	79	86	94	96	107	108	115	146	150	152	173	189	206	218	231	#
61	23.2611	5	21	40	50	60	66	88	90	95	102	143	159	239	#
62	0.90551	11	19	23	69	98	123	155	166	176	225	244	255	#
63	2.64019	23	24	57	62	72	83	100	106	123	157	162	169	199	#
64	19.1653	0	8	32	118	127	131	158	186	196	211	224	248	#
65	15.6911	1	26	37	40	51	113	124	143	153	177	179	193	197	232	246	251	#
66	5.94216	27	29	32	51	89	91	97	98	103	116	119	121	131	204	211	220	#
67	32.5049	4	6	25	32	34	44	56	92	98	102	126	137	160	168	201	202	218	221	226	250	#
68	28.613	8	15	44	72	75	85	100	108	112	113	128	153	169	192	211	239	#
69	9.96625	17	23	35	43	69	77	83	89	97	111	147	155	162	184	195	199	#
70	4.81052	21	29	30	47	49	58	82	114	202	203	212	227	241	#
71	2.63167	17	22	26	45	59	83	88	106	122	125	130	213	214	218	220	238	243	255	#
72	7.44203	42	59	93	114	143	161	164	185	189	198	227	243	248	251	#
73	23.0766	1	31	57	58	67	75	79	93	112	125	135	156	161	162	181	194	201	221	224	227	242	253	254	#
74	31.2927	1	20	22	31	50	86	89	91	105	136	160	173	205	245	251	254	#
75	7.14218	39	56	64	80	84	156	162	189	210	215	224	234	#
76	28.2633	1	8	26	30	31	33	50	69	72	113	122	144	193	228	241	242	243	246	#
77	30.117	2	3	12	41	80	87	96	99	111	153	166	209	213	227	239	240	241	249	#
78	36.9077	11	12	14	17	22	27	59	68	88	93	97	109	121	123	135	154	171	176	182	194	206	218	230	#
79	4.29252	49	51	63	80	114	144	159	205	207	248	#
80	21.9131	3	23	25	27	34	58	61	138	144	145	195	207	228	247	251	#
81	19.1332	8	34	55	56	57	68	71	118	124	138	151	160	204	242	248	255	#
82	12.4921	17	73	132	169	174	180	185	212	#
83	2.01831	9	15	25	79	89	113	122	132	146	182	#
84	34.5225	22	33	43	48	72	81	82	86	94	95	110	112	137	162	175	187	214	218	247	#
85	10.4461	8	31	41	47	109	114	119	127	130	146	195	196	230	248	#
86	15.9054	9	13	18	21	35	68	71	94	142	185	222	223	226	236	243	#
87	19.3847	7	10	30	44	49	51	66	67	68	94	106	111	119	124	128	149	194	198	209	245	248	252	#
88	25.0255	0	10	70	71	88	103	126	134	160	186	195	211	221	#
89	32.671	1	18	20	22	23	24	40	59	77	100	134	138	165	173	177	200	202	208	222	241	#
90	30.977	19	24	25	53	67	70	75	127	154	180	181	208	211	212	220	237	#
91	12.7668	0	12	19	34	45	55	93	110	114	117	125	161	169	184	185	213	222	233	244	#
92	23.4324	2	30	49	81	83	91	92	104	108	110	117	149	165	166	179	180	197	200	202	212	223	240	242	#
93	2.89218	4	10	15	24	29	41	76	81	84	98	114	149	155	156	165	195	205	208	221	222	223	231	246	247	#
94	3.77395	6	28	58	98	119	122	140	144	179	204	205	207	215	216	#
95	17.7677	0	15	30	43	49	53	96	100	103	105	161	173	202	204	232	247	255	#
96	2.519	32	60	69	79	99	138	153	167	178	191	232	250	#
97	27.3556	24	32	44	78	85	87	104	108	109	133	145	157	211	218	225	232	#
98	5.34118	2	43	54	62	68	78	88	107	150	188	191	198	223	236	248	249	#
99	23.751	3	14	36	40	55	81	87	91	124	146	156	159	194	224	232	244	250	252	#
100	20.4363	17	76	87	115	119	139	140	150	152	205	222	241	247	#
101	13.1033	14	16	28	34	53	67	72	100	121	126	178	188	219	252	#
102	2.25571	1	10	16	19	46	48	50	83	103	108	168	191	228	255	#
103	12.3926	58	65	82	100	107	126	139	223	249	#
104	12.0686	28	76	89	153	166	167	182	199	202	228	248	251	#
105	30.1732	2	5	39	42	56	62	69	75	77	83	85	102	112	115	124	144	151	184	201	209	210	240	#
106	5.74291	3	5	15	16	32	58	84	85	88	91	92	121	134	159	163	202	204	220	255	#
107	31.1095	12	13	30	53	54	65	77	86	114	115	132	136	140	145	165	168	186	223	232	239	#
108	18.6298	45	53	62	67	87	97	99	103	151	152	155	214	246	#
109	1.02448	0	4	35	64	71	102	116	123	156	169	170	176	215	216	241	#
110	36.4639	9	28	30	53	54	86	92	114	132	143	162	163	166	167	177	207	214	237	249	#
111	3.41192	1	29	37	44	48	89	93	115	132	143	146	185	200	219	228	#
112	13.0566	32	44	47	59	70	84	94	144	165	222	234	#
113	6.963	35	47	51	78	100	102	155	156	177	237	#
114	9.72649	33	51	61	102	133	170	197	198	238	250	251	#
115	23.009	8	21	28	37	42	56	71	117	135	143	151	189	205	232	251	#
116	7.87158	11	30	38	45	59	60	84	104	105	127	141	151	166	174	195	198	199	240	246	254	#
117	28.353	1	16	20	58	65	77	85	109	122	129	131	147	187	195	197	201	224	#
118	19.7617	22	32	62	68	81	91	146	150	173	186	215	232	242	251	#
119	7.69949	30	33	38	46	54	118	122	147	192	217	226	229	#
120	14.5467	13	27	44	68	71	76	80	83	115	121	143	198	202	206	211	214	239	248	#
121	7.0179	2	17	18	21	28	32	72	82	115	126	128	147	162	175	178	193	198	210	212	213	243	254	#
122	5.93837	12	21	23	28	40	45	77	88	116	118	121	134	139	150	174	218	220	#
123	1.09057	21	31	48	131	136	149	168	181	184	190	215	230	#
124	9.98505	7	15	64	78	81	102	105	112	116	132	145	156	170	232	#
125	20.7865	16	22	26	98	147	151	154	160	169	183	222	226	#
126	15.3349	7	18	30	33	51	72	87	117	145	167	179	183	218	231	254	#
127	2.33819	31	53	69	81	86	90	114	118	128	137	189	214	220	222	233	248	#
128	28.4478	21	24	31	90	105	109	134	147	150	152	166	173	224	238	248	#
129	17.9089	6	42	48	81	87	99	103	120	130	152	154	192	207	215	#
130	4.87422	41	62	72	81	90	91	106	117	122	169	175	204	216	220	234	248	254	#
131	21.9709	17	20	25	41	74	78	99	102	110	116	154	155	179	181	191	200	207	209	220	221	238	242	#
132	11.5581	2	16	27	35	45	102	105	128	147	159	182	240	244	#
133	3.11481	23	36	97	101	102	131	148	154	183	201	216	228	#
134	7.94733	13	14	25	27	38	42	49	53	63	67	71	93	114	129	148	153	166	187	197	198	224	238	242	247	252	#
135	27.8256	22	29	38	43	58	82	91	92	97	102	105	113	117	127	150	158	174	189	196	233	235	243	#
136	13.6408	13	27	39	41	43	54	61	64	86	131	140	148	161	164	176	204	214	237	238	239	241	#
137	39.3287	4	11	19	22	26	28	31	33	57	59	89	98	101	123	139	159	161	166	171	193	197	213	215	217	#
138	14.3015	1	37	72	93	95	136	146	159	167	170	175	180	182	205	216	233	236	237	243	#
139	3.55577	10	54	75	91	106	134	181	206	#
140	22.2296	10	24	36	83	100	108	120	130	152	162	175	188	202	235	#
141	10.1613	8	24	34	43	60	87	89	114	126	155	177	203	222	224	229	231	238	245	251	255	#
142	4.5152	0	25	29	49	95	99	100	120	165	169	204	206	207	254	#
143	25.9997	11	16	33	47	49	52	70	83	108	120	130	131	150	157	216	221	228	234	250	251	#
144	4.97672	5	41	100	119	136	145	152	169	180	189	199	242	#
145	24.8613	26	39	40	71	73	93	140	143	162	186	206	209	225	#
146	7.87402	11	24	29	30	31	73	89	101	107	149	151	175	202	204	213	227	234	255	#
147	18.9548	25	47	77	89	109	116	130	141	143	151	156	189	195	248	#
148	21.4675	12	24	80	81	108	142	152	160	171	184	188	243	249	#
149	14.4155	3	43	49	71	97	106	133	151	158	162	172	232	#
150	5.23563	16	27	62	67	74	83	148	158	178	183	198	213	220	236	247	#
151	16.6138	21	29	34	72	76	90	103	116	123	129	135	140	142	148	175	177	180	205	209	215	255	#
152	1.13911	4	9	17	28	37	54	69	118	154	184	189	194	215	222	228	253	#
153	26.9498	25	33	42	64	71	88	98	111	127	163	179	184	197	225	231	232	237	238	#
154	16.3334	37	38	53	56	116	132	157	179	180	199	241	242	250	#
155	27.9223	10	18	20	78	88	99	103	105	106	117	148	154	157	167	174	204	208	228	#
156	4.40023	28	113	122	125	156	159	175	195	200	207	235	#
157	6.35906	10	13	43	51	58	71	77	78	88	101	106	115	120	127	135	137	142	150	197	216	237	241	#
158	32.0612	1	12	36	47	50	51	83	96	101	109	124	141	160	176	219	220	229	255	#
159	21.6899	14	26	27	93	101	118	141	146	157	196	206	252	253	#
160	4.84967	62	72	122	136	149	165	167	178	222	240	#
161	1.8288	7	9	58	61	63	67	75	89	93	105	106	124	134	144	157	167	173	213	220	248	255	#
162	11.8845	0	3	4	22	36	50	53	68	77	81	114	118	125	132	152	167	194	217	225	230	248	#
163	23.517	8	11	30	58	110	113	163	178	187	197	205	216	246	#
164	6.82088	72	96	105	108	131	139	150	151	162	182	199	204	212	230	247	#
165	37.0156	10	17	23	31	34	37	61	65	66	98	112	115	124	128	169	189	196	204	218	223	239	246	#
166	14.1978	33	37	47	70	79	94	109	144	146	164	194	196	#
167	15.8078	0	7	22	76	101	114	157	181	202	244	#
168	10.4696	9	31	38	41	60	74	75	84	100	115	126	182	186	210	218	248	#
169	1.82629	1	2	20	37	47	66	84	90	133	137	159	186	189	190	202	222	227	255	#
170	24.5923	4	33	36	63	97	98	105	113	126	137	146	153	157	199	200	203	211	216	237	#
171	2.22594	1	2	18	29	38	42	44	48	58	77	82	153	158	189	195	217	255	#
172	22.8264	1	34	38	49	57	86	92	102	104	106	183	185	209	222	226	247	#
173	10.3854	45	71	74	89	90	106	113	124	159	169	178	199	212	224	230	250	#
174	8.88747	7	8	18	38	46	48	49	54	67	72	82	100	116	132	133	139	159	169	177	182	238	#
175	22.5918	7	10	16	31	38	47	74	76	85	88	98	107	114	117	119	136	183	184	185	209	213	#
176	17.6837	27	54	67	71	72	73	97	101	128	152	165	222	247	#
177	15.4245	16	17	49	59	67	81	95	112	118	145	152	160	169	175	181	186	193	234	238	244	#
178	15.27	3	26	32	74	88	157	184	226	236	242	254	#
179	14.2335	3	21	28	39	45	60	69	96	107	110	130	182	219	220	255	#
180	25.1949	33	93	96	104	129	135	154	159	163	184	208	220	225	226	246	249	#
181	8.1939	0	25	35	51	53	72	83	91	101	124	194	197	203	226	230	253	#
182	17.2348	42	58	61	80	89	93	95	141	172	173	196	200	216	#
183	26.8937	0	10	14	17	43	57	87	123	157	171	191	192	199	200	204	225	236	237	238	#
184	24.5687	2	6	18	28	40	41	50	57	79	85	88	126	135	155	158	165	169	170	174	178	203	213	215	216	224	230	#
185	2.93797	1	2	14	53	59	67	80	85	102	104	106	129	140	144	145	152	153	157	187	222	246	249	#
186	32.7634	11	27	42	48	62	69	77	105	112	132	136	141	149	168	177	180	182	212	223	227	234	235	#
187	6.10468	27	64	75	94	100	112	147	148	175	178	182	195	206	211	226	#
188	6.62794	11	20	25	51	56	73	78	88	112	127	182	199	#
189	36.3879	7	15	16	20	44	65	86	93	108	139	149	150	154	169	196	198	204	209	218	223	227	233	#
190	2.26366	45	65	66	69	72	88	95	103	105	114	133	137	146	149	217	221	230	254	#
191	10.0447	4	15	27	32	60	70	81	84	87	139	151	173	212	222	239	247	#
192	6.52163	11	28	41	46	57	61	70	99	103	127	162	163	170	176	188	211	216	235	237	243	#
193	2.596	30	37	46	74	75	81	111	133	187	217	#
194	24.1177	2	3	5	23	63	67	77	86	99	110	147	160	168	195	210	212	214	221	#
195	18.9964	10	17	59	61	70	74	84	107	111	134	148	163	165	175	176	201	227	252	#
196	8.51756	28	32	40	53	73	147	157	166	167	211	248	#
197	30.1298	0	4	33	37	55	67	75	97	101	122	124	137	139	159	197	210	238	248	251	#
198	18.2834	11	38	45	79	98	110	113	136	141	164	170	179	194	196	200	207	209	229	252	253	#
199	20.035	10	43	45	55	105	122	129	133	153	156	157	182	207	#
200	14.3979	43	131	133	139	177	197	200	235	238	250	#
201	32.1431	26	51	59	64	71	81	88	106	135	137	139	150	152	155	176	193	216	232	246	247	#
202	18.7609	13	24	34	74	110	130	131	137	147	149	171	192	194	219	223	237	238	242	247	#
203	22.8951	6	30	41	49	81	86	98	99	108	114	145	153	172	186	218	219	231	242	243	245	#
204	34.7116	76	97	103	104	111	112	113	130	132	142	144	151	167	188	192	202	204	211	212	222	#
205	14.7414	22	38	67	71	73	86	99	102	167	188	201	214	231	251	#
206	15.1293	6	86	88	110	120	151	158	183	206	219	227	228	235	#
207	3.97026	3	9	13	16	18	29	30	42	44	69	77	86	107	118	122	128	145	151	234	248	#
208	5.45868	24	29	38	42	51	57	58	63	116	119	138	155	180	194	200	216	#
209	17.4354	8	10	45	51	87	91	96	122	132	133	138	155	192	194	212	215	217	218	221	223	227	#
210	4.22747	7	18	41	68	73	79	82	119	151	212	232	249	#
211	22.2531	28	46	54	63	81	86	91	105	135	139	148	171	216	217	222	230	#
212	22.6715	43	47	77	99	100	106	112	137	138	160	181	182	188	197	198	242	245	250	#
213	33.9842	10	16	19	22	29	33	34	43	51	52	72	89	117	123	196	220	225	233	#
214	11.1806	56	67	69	74	98	105	117	123	160	177	180	210	214	218	#
215	11.6044	19	35	39	64	84	95	116	125	130	140	152	170	177	230	#
216	17.3004	17	25	34	64	72	95	112	185	207	246	247	#
217	8.03807	14	24	73	74	77	96	98	125	143	153	161	169	171	183	192	203	211	221	222	228	232	#
218	14.0364	49	81	104	122	150	163	224	233	247	#
219	2.59507	7	11	27	31	46	74	146	193	221	252	#
220	17.399	12	43	44	56	86	87	99	140	148	184	196	197	207	211	216	225	231	#
221	17.8735	17	35	64	98	100	117	124	141	160	161	163	175	182	198	228	231	244	254	#
222	9.48744	7	128	149	151	192	207	210	223	227	231	253	#
223	14.9695	3	9	41	110	112	121	129	172	174	178	186	235	253	#
224	26.8423	29	34	61	85	100	144	145	157	160	172	192	229	241	250	252	#
225	20.4137	7	18	27	51	52	60	64	74	76	126	132	142	150	153	172	192	231	#
226	18.18	4	28	46	64	74	83	89	154	158	162	173	174	182	186	193	205	217	228	240	245	#
227	6.88062	90	113	115	127	169	183	184	212	214	#
228	1.7086	6	11	17	38	52	102	107	119	152	164	173	184	188	191	195	199	201	204	229	240	252	253	255	#
229	23.1709	59	69	120	126	137	153	161	187	216	222	226	250	#
230	0.58065	5	7	18	48	55	89	104	124	127	142	158	161	182	184	207	#
231	26.2172	1	37	77	83	97	141	153	155	158	182	187	229	233	237	244	250	251	#
232	18.7225	5	8	17	21	22	64	72	74	84	94	103	184	225	#
233	31.4743	13	64	71	92	116	129	165	166	174	180	212	213	216	225	231	232	239	251	#
234	5.25831	2	13	27	57	86	88	97	99	103	110	114	131	135	158	160	216	218	236	#
235	1.1483	14	55	75	91	94	102	138	154	172	191	200	204	207	208	228	248	#
236	5.15824	18	32	47	101	102	126	144	163	200	203	239	#
237	10.1554	12	21	78	87	89	100	134	135	147	172	175	211	240	253	#
238	20.9531	25	38	68	82	119	131	155	185	194	231	233	#
239	6.31333	13	23	45	50	64	86	90	120	151	156	160	162	197	198	199	225	#
240	7.02502	1	25	30	34	38	54	84	85	134	138	159	172	232	235	238	240	#
241	2.79217	6	12	43	69	115	139	191	233	#
242	22.4961	11	18	30	71	93	96	103	104	113	116	142	160	202	224	225	226	228	252	#
243	12.6174	45	51	62	68	74	80	85	101	111	113	126	135	147	148	157	201	211	218	222	237	252	253	#
244	15.7715	4	13	23	24	42	45	65	92	109	122	125	129	161	170	175	236	250	#
245	28.0528	44	74	75	78	86	131	132	157	162	179	188	196	210	212	225	240	241	246	249	#
246	10.1673	11	17	27	30	48	54	59	62	70	81	91	107	129	145	164	180	183	200	#
247	37.4214	5	7	9	18	31	33	41	71	84	109	121	130	142	145	146	170	175	197	206	209	224	233	241	243	#
248	12.2862	2	8	12	50	59	63	83	87	142	146	167	179	184	200	207	212	#
249	14.5286	10	18	61	102	174	199	204	205	206	225	242	#
250	4.53139	18	51	53	59	93	100	109	139	160	173	177	190	208	212	253	#
251	26.3687	21	28	37	40	42	44	52	89	97	131	134	165	227	238	#
252	14.1887	3	14	32	78	101	121	140	145	161	196	202	224	226	228	244	#
253	7.62478	2	4	8	47	48	53	57	87	198	199	215	217	247	#
254	25.8489	12	24	48	50	55	83	103	106	120	142	164	167	187	190	204	225	226	235	241	253	#
255	13.9097	16	21	42	45	66	71	72	87	94	115	145	154	157	169	178	226	237	247	#
256	28.1501	5	27	28	30	44	52	53	66	84	86	113	127	129	132	136	159	166	167	170	186	197	207	241	244	245	247	249	250	253	#
257	5.30425	12	39	40	43	46	49	57	95	98	107	128	134	155	160	164	250	#
258	3.98031	7	44	74	184	194	204	220	247	#
259	5.99192	39	72	88	114	162	174	204	208	248	252	#
260	36.9137	1	26	38	41	75	113	119	120	123	127	137	138	143	146	157	175	199	232	233	243	248	#
261	3.56868	29	55	71	73	75	82	87	104	113	118	137	198	228	253	#
262	1.8989	5	33	63	92	116	118	126	133	143	158	168	169	192	197	228	229	#
263	22.5062	7	32	61	69	102	127	138	147	155	156	171	208	231	240	#
264	12.1084	20	44	68	90	95	111	173	187	191	241	243	245	#
265	32.8486	8	20	28	31	82	96	116	119	146	158	162	185	187	193	221	237	254	#
266	12.6293	7	20	22	25	32	48	52	69	89	106	119	125	154	167	179	181	211	252	254	#
267	32.4365	34	48	51	54	55	94	104	112	123	124	127	128	146	163	183	200	205	219	223	246	#
268	30.0788	9	26	27	35	37	42	71	83	92	95	98	127	153	157	172	191	225	240	#
269	5.94875	14	18	34	39	40	45	47	64	73	76	105	129	130	163	172	181	201	202	208	226	232	#
270	3.35436	10	19	40	110	123	124	150	183	194	227	234	241	#
271	20.4623	4	7	42	49	65	68	109	126	179	185	222	229	#
272	7.17097	2	9	25	30	45	64	68	89	110	124	130	177	245	#
273	9.27491	13	33	40	53	66	86	90	119	134	143	153	235	251	254	255	#
274	18.7848	10	57	84	139	174	200	203	204	244	245	252	#
275	25.3656	42	46	62	98	113	129	169	192	217	219	226	235	254	#
276	23.2089	22	30	45	74	110	145	150	158	166	190	194	252	#
277	21.8606	18	44	49	59	60	64	68	70	93	115	119	121	122	167	184	203	229	231	247	251	#
278	24.001	4	11	12	17	19	23	48	54	59	94	154	181	189	200	205	235	237	251	#
279	14.1882	30	59	93	98	111	130	131	141	157	170	187	201	204	240	#
280	18.8179	4	7	15	37	113	123	148	159	194	229	234	#
281	26.2206	15	18	21	22	50	58	65	70	100	117	119	135	138	154	169	181	186	251	#
282	21.956	11	20	54	57	87	145	150	151	167	195	204	217	218	242	#
283	33.8517	5	11	16	43	53	61	78	81	101	114	118	136	144	162	172	195	212	225	228	232	239	#
284	8.55434	12	15	61	79	89	96	98	128	147	178	197	209	247	#
285	23.7216	20	33	49	65	67	73	109	154	172	181	222	226	229	250	#
286	7.38467	2	6	33	44	57	95	116	117	154	167	171	200	#
287	29.9706	0	16	22	27	33	38	41	72	88	113	141	142	146	189	209	228	255	#
288	7.43268	2	40	55	117	124	148	158	165	179	201	214	#
289	19.1389	6	27	32	38	69	92	136	142	187	211	231	232	247	253	#
290	7.03958	4	42	67	69	73	104	173	176	198	212	218	254	#
291	19.3408	0	20	33	45	60	61	72	77	118	153	157	203	254	#
292	8.51393	43	46	49	65	98	162	182	185	190	191	203	247	#
293	8.83343	10	43	49	67	68	88	97	118	158	160	164	183	200	205	210	212	226	231	#
294	9.60125	27	42	92	98	129	143	162	170	174	187	215	223	239	#
295	17.9796	10	42	59	83	86	87	95	101	121	136	153	154	156	183	195	209	217	220	#
296	29.2694	0	17	36	77	78	89	104	122	151	160	177	181	183	200	232	234	#
297	5.82566	18	35	127	157	164	175	177	191	192	196	197	226	228	233	243	#
298	14.2017	6	10	39	57	98	113	130	138	155	156	181	198	200	213	216	222	224	#
299	6.47487	9	10	18	62	75	81	91	202	205	227	#
300	14.41	0	35	36	49	54	65	86	105	120	125	133	150	160	162	186	228	245	#
301	17.5151	25	76	90	105	111	138	174	181	186	196	212	214	225	240	252	#
302	5.48212	3	21	25	37	83	89	106	128	150	172	184	192	206	219	235	239	#
303	30.5442	16	18	50	103	105	127	160	163	174	194	209	212	221	236	245	253	#
304	23.649	12	41	79	96	117	121	129	165	167	169	176	196	201	223	#
305	4.22831	2	42	70	79	84	86	88	107	170	177	179	180	226	250	#
306	1.3044	53	55	78	95	106	199	235	246	#
307	0.995947	7	17	21	60	86	101	106	128	149	158	174	185	210	211	214	246	#
308	21.514	55	74	103	118	120	167	177	203	204	221	225	231	237	252	#
309	5.58502	2	25	29	30	36	37	39	42	59	94	107	127	136	166	173	179	190	207	227	232	239	#
310	9.10316	16	46	83	87	125	126	153	156	160	164	182	192	196	199	202	221	225	229	234	245	#
311	10.9079	41	53	99	107	114	136	147	157	158	165	241	#
312	40.2301	9	10	13	18	29	44	57	69	75	76	82	99	107	119	126	133	172	196	203	209	225	247	252	#
313	10.8664	0	9	34	38	39	64	79	131	142	158	179	196	200	221	#
314	33.9348	0	14	15	23	25	41	68	74	84	89	90	146	150	151	161	179	190	213	228	#
315	33.2655	1	3	13	67	68	74	86	115	123	129	148	175	176	185	186	218	221	224	234	245	#
316	10.0809	19	23	64	123	155	159	165	169	190	203	231	#
317	8.64994	2	12	26	29	76	98	108	113	118	128	155	173	189	206	222	250	#
318	35.5501	5	8	22	31	40	44	47	59	69	93	119	143	187	205	211	214	215	253	254	#
319	29.292	16	27	40	50	74	77	106	109	137	170	171	207	213	214	241	248	255	#
320	21.6096	0	10	14	18	22	58	68	73	83	90	122	143	151	173	178	215	253	#
321	13.8889	36	58	60	88	96	101	129	131	139	143	159	166	193	223	230	235	242	#
322	25.4063	3	38	48	52	65	85	119	123	126	134	136	138	143	149	171	181	184	197	203	204	207	208	212	226	229	#
323	3.71724	27	28	56	67	86	90	181	226	237	247	#
324	5.10824	19	32	37	45	97	109	115	232	243	#
325	17.667	16	38	66	82	84	90	99	104	111	122	137	144	157	162	170	181	189	220	234	253	#
326	6.86655	12	21	29	43	56	132	157	160	173	176	252	#
327	4.50083	51	53	55	78	111	123	144	147	167	169	203	216	222	#
328	12.6719	20	31	38	43	51	75	113	162	167	168	184	198	202	210	231	239	253	254	#
329	2.37833	26	30	44	45	47	56	68	72	100	130	150	158	174	179	192	198	204	210	224	#
330	9.51699	52	62	75	79	93	126	130	132	141	143	146	163	171	197	201	206	217	223	245	#
331	35.2072	26	30	36	65	77	96	101	121	122	130	134	140	151	174	194	197	211	231	236	243	246	251	#
332	1.18982	10	31	35	36	56	100	120	128	136	137	140	149	189	205	225	#
333	1.03274	29	41	47	48	57	136	138	147	155	185	196	202	#
334	3.4439	15	17	37	44	45	66	71	83	117	130	133	140	154	164	174	222	248	#
335	2.66086	7	19	21	27	37	56	69	88	100	170	209	212	223	250	#
336	32.315	3	5	10	13	18	31	34	37	66	67	69	70	75	106	143	191	197	205	#
337	23.5283	1	15	16	25	56	67	85	99	101	124	164	185	197	208	214	252	#
338	13.3222	3	96	124	127	137	151	155	160	166	169	171	207	222	250	#
339	6.16671	3	11	21	45	63	66	87	92	125	128	145	189	202	209	228	234	235	#
340	23.5365	2	3	12	45	57	66	79	111	151	197	198	220	226	230	239	242	#
341	31.1874	3	8	20	72	104	113	132	138	141	155	191	193	197	213	222	224	#
342	7.84738	23	26	29	34	46	54	56	97	105	106	129	132	163	166	183	186	190	220	229	238	#
343	33.2165	19	44	55	59	60	107	111	141	148	149	155	190	204	232	236	245	247	#
344	1.55177	17	22	35	62	63	122	125	144	155	180	185	188	190	206	#
345	2.33979	22	48	66	81	82	134	146	151	169	189	196	199	210	213	252	#
346	6.83803	2	95	98	119	145	173	210	217	218	242	244	#
347	5.21444	11	24	34	54	67	92	98	102	108	137	138	141	151	161	165	168	170	172	176	177	184	211	233	#
348	5.45953	14	35	41	85	128	172	220	226	253	254	#
349	7.11459	19	62	65	86	88	92	106	115	121	130	132	133	198	218	227	#
350	8.40323	19	45	50	60	61	68	69	72	91	117	119	123	140	156	173	190	203	205	208	240	248	#
351	1.66779	7	17	55	65	130	167	196	206	229	234	#
352	5.19797	29	32	80	92	100	109	126	147	161	185	205	222	245	250	#
353	28.0295	0	18	26	80	83	85	113	125	142	184	185	188	189	190	220	235	249	#
354	36.9746	38	50	53	58	75	94	95	103	115	119	143	156	165	167	170	192	193	207	213	227	234	246	251	#
355	14.9033	0	10	34	41	52	72	108	116	144	157	161	165	203	204	209	235	244	248	252	#
356	13.7965	9	33	52	68	70	71	77	94	110	126	132	153	186	190	195	197	199	247	#
357	23.0308	5	19	36	46	63	99	104	113	117	138	172	174	175	188	206	232	235	237	243	247	252	#
358	14.3648	13	21	28	32	46	57	63	68	85	101	114	126	159	192	205	225	251	#
359	0.980151	4	20	43	48	83	98	106	115	119	125	145	168	186	204	217	227	229	230	236	242	251	#
360	17.1746	52	56	72	83	91	95	98	143	145	195	213	223	238	#
361	2.92392	5	21	68	100	133	187	207	224	#
362	6.00888	3	6	16	19	36	66	76	80	95	104	105	106	109	117	123	153	168	181	189	211	215	238	#
363	6.28663	34	42	60	72	81	103	104	122	127	130	132	146	148	151	170	180	188	222	#
364	18.4	8	11	13	18	20	39	45	62	66	73	90	94	117	134	135	150	171	180	189	192	#
365	26.2529	3	16	51	74	84	104	116	131	132	141	176	196	199	234	#
366	21.6658	21	25	29	34	130	146	151	154	186	188	216	225	232	238	#
367	20.2588	1	25	47	76	79	89	92	102	164	198	204	210	225	233	#
368	11.5374	3	14	22	45	122	212	216	253	#
369	19.3587	19	26	40	49	54	70	74	76	77	79	93	128	135	156	191	218	220	#
370	25.7419	2	12	14	40	43	45	56	87	112	114	118	133	190	192	203	209	230	231	232	#
371	0.981109	7	13	20	29	49	51	52	57	58	69	92	146	161	167	168	187	209	239	247	#
372	10.9372	2	29	91	109	187	198	228	#
373	16.8072	9	11	17	27	45	46	85	107	153	196	210	213	216	250	255	#
374	30.3813	5	11	27	35	36	46	49	70	74	77	100	112	114	128	143	146	151	212	223	#
375	20.0647	26	32	40	52	53	78	90	92	101	115	127	166	178	209	234	239	247	#
376	2.44994	20	46	48	64	95	117	122	125	127	139	152	161	164	182	232	#
377	0.78762	12	31	61	70	73	100	140	199	208	225	236	250	#
378	24.0252	9	48	73	86	103	105	108	117	144	149	164	176	203	217	251	#
379	28.5576	3	12	19	35	42	94	100	102	106	117	130	137	143	165	166	170	178	199	209	214	229	241	243	#
380	12.4606	4	17	49	58	71	74	88	99	126	133	136	185	186	#
381	24.8226	26	31	32	48	53	66	67	68	80	118	134	168	175	178	187	211	216	230	#
382	9.84957	49	101	104	108	114	128	139	157	169	233	234	240	242	254	#
383	14.807	8	23	59	61	94	131	140	154	157	180	182	208	241	#
384	10.9234	1	5	12	26	38	45	87	147	160	166	168	181	224	243	#
385	15.9599	1	100	107	123	153	163	172	188	201	212	220	231	234	244	#
386	34.0198	3	18	59	75	83	100	111	113	128	142	146	156	166	193	206	212	218	246	251	#
387	14.1658	18	31	33	74	83	93	100	101	140	143	200	208	210	212	226	227	239	#
388	33.2494	3	9	20	28	36	56	63	105	106	115	117	130	148	157	205	210	218	233	234	#
389	1.3862	42	98	113	164	194	204	219	227	229	243	246	247	#
390	33.3199	1	4	8	25	31	36	65	66	82	102	106	121	125	149	171	184	233	245	249	250	#
391	28.37	0	22	25	27	51	56	65	68	76	106	115	128	145	164	165	194	218	231	#
392	3.38188	6	36	46	68	84	112	131	142	150	157	166	171	176	181	215	218	230	253	#
393	17.3838	12	31	33	42	46	48	62	69	70	80	98	105	201	218	242	248	252	#
394	20.0407	1	9	47	73	90	99	130	139	140	141	159	189	206	231	255	#
395	30.1602	18	52	69	71	78	89	93	99	104	107	132	154	195	219	239	240	#
396	23.0988	10	37	38	43	83	85	96	126	138	139	162	164	170	191	196	204	219	222	242	243	245	255	#
397	7.71384	10	18	74	84	126	140	170	174	185	221	233	234	#
398	38.0086	5	10	22	24	31	45	46	49	55	63	95	97	117	141	149	172	177	179	189	208	211	234	238	241	250	253	#
399	29.0327	16	34	39	49	52	75	81	110	131	134	151	157	185	188	202	204	213	222	#
400	12.3749	51	63	77	103	122	127	129	161	174	217	232	252	#
401	25.8294	36	48	80	90	111	130	131	133	139	172	189	226	239	242	243	248	#
402	20.0419	24	64	79	81	84	90	132	141	157	163	167	177	191	195	255	#
403	1.03656	8	11	19	26	66	74	89	93	94	139	170	178	188	232	#
404	7.25594	42	43	54	68	71	78	96	110	111	119	131	140	143	151	153	163	170	185	189	190	202	214	221	248	#
405	5.13482	48	83	87	180	206	213	218	#
406	43.5846	5	32	39	57	62	70	74	84	87	91	97	100	105	116	120	122	159	163	169	183	190	213	234	240	241	254	#
407	12.0043	37	47	69	80	111	118	122	123	133	158	165	189	233	#
408	16.9283	2	8	10	11	61	76	95	112	119	123	173	182	202	219	230	238	254	#
409	4.95946	14	22	29	52	65	67	89	110	136	138	145	183	193	196	203	229	237	#
410	8.40501	29	40	87	112	132	135	136	181	189	192	193	210	213	233	239	#
411	38.1258	15	21	28	60	68	83	92	112	114	134	142	146	174	182	188	199	204	223	227	229	#
412	42.3358	8	11	39	43	63	68	70	74	79	89	91	110	111	136	137	139	146	153	195	196	200	204	217	218	#
413	26.517	24	43	44	98	100	121	122	131	140	163	203	209	227	235	#
414	6.54341	17	26	27	41	57	63	79	100	114	116	174	195	208	210	217	245	247	248	249	#
415	30.597	29	37	45	48	56	70	80	88	108	121	125	139	162	179	197	212	237	244	247	248	#
416	4.05608	3	4	64	82	88	90	98	121	150	180	227	228	246	#
417	18.062	1	19	34	51	70	78	102	115	138	153	161	185	188	220	246	251	#
418	21.9433	31	42	56	83	85	124	130	134	142	161	201	216	227	231	246	#
419	24.4765	9	13	23	42	45	48	58	62	94	114	132	136	151	186	193	236	#
420	28.9486	6	7	59	76	84	88	134	142	161	167	178	182	190	197	205	209	217	230	238	247	255	#
421	30.2383	11	31	37	43	45	61	89	110	137	139	167	176	178	185	203	223	225	232	248	254	#
422	14.1864	16	24	28	38	45	72	77	96	100	104	124	131	150	155	181	185	189	197	219	222	251	#
423	12.406	9	15	49	61	77	111	131	140	143	145	158	168	174	180	184	204	217	240	242	#
424	8.58318	7	20	44	81	110	140	145	155	167	169	173	190	209	213	#
425	29.0742	24	37	47	53	74	75	78	96	97	100	103	111	147	151	162	178	179	229	245	#
426	13.4992	10	41	42	67	102	133	156	158	160	208	227	236	240	253	#
427	16.0276	16	19	27	36	67	72	110	127	131	142	147	201	231	246	#
428	11.9372	4	35	42	59	68	101	109	114	117	159	165	177	196	205	255	#
429	10.6411	25	34	52	70	99	111	128	159	210	220	#
430	20.6663	24	94	103	110	121	151	152	162	207	222	225	228	#
431	13.8597	9	28	31	32	39	47	53	63	67	110	125	134	140	167	168	188	208	218	231	242	243	#
432	2.315	1	4	46	51	67	82	84	96	133	146	149	154	156	178	189	192	197	202	203	222	224	243	247	248	#
433	1.4319	5	23	40	46	57	67	77	198	#
434	17.7227	1	6	64	71	72	85	111	157	165	169	170	178	201	210	212	235	239	249	#
435	5.10791	0	19	37	59	76	92	103	122	128	137	177	192	232	236	238	#
436	17.3761	7	44	59	101	113	133	165	210	216	223	227	229	#
437	3.22153	2	20	47	71	104	107	126	133	165	176	208	209	229	237	255	#
438	29.1982	11	14	15	59	64	85	104	112	128	133	144	190	204	210	216	217	220	221	231	252	#
439	18.6205	19	22	24	31	47	93	103	168	170	177	206	222	235	239	253	#
440	21.9686	25	29	36	74	96	102	134	144	149	211	228	244	#
441	2.7472	82	114	118	122	129	134	138	142	151	158	160	171	206	207	213	222	246	#
442	3.23735	63	81	87	105	115	128	131	140	176	177	185	194	217	227	228	#
443	1.66546	70	73	74	84	98	135	164	170	175	211	#
444	33.5389	23	29	41	44	60	63	66	85	88	95	97	114	133	141	146	159	184	206	209	239	#
445	22.976	2	22	25	44	56	60	63	71	79	103	120	124	157	164	192	207	208	212	240	241	#
446	20.5256	2	5	40	64	66	71	117	151	159	184	193	199	206	226	#
447	19.7883	23	33	34	36	48	72	73	78	100	110	118	119	135	153	185	235	237	242	249	254	#
448	2.16072	12	36	57	94	102	111	130	148	158	176	194	209	217	#
449	3.04666	33	53	62	96	147	159	192	201	202	223	225	227	245	255	#
450	0.474318	28	33	59	122	129	132	146	149	155	165	208	246	251	#
451	28.1314	13	61	63	64	65	96	113	131	138	163	167	170	197	203	220	222	236	248	252	#
452	8.34858	30	63	68	70	81	86	160	192	234	238	246	253	#
453	8.92239	12	43	63	71	86	91	141	147	171	173	194	235	#
454	19.8977	7	16	18	26	31	38	49	56	71	73	95	115	148	150	183	187	209	223	224	234	235	236	243	#
455	14.7526	34	51	54	62	63	100	101	102	108	113	114	195	203	204	214	231	234	251	#
456	19.9264	10	18	28	71	77	83	99	118	156	181	183	186	192	233	#
457	1.17073	6	21	23	36	53	61	81	100	103	160	170	174	177	187	194	203	210	214	224	233	#
458	13.8976	10	62	66	68	74	79	96	102	116	150	159	197	218	242	#
459	2.92473	2	11	49	55	81	163	186	209	212	219	229	231	237	#
460	16.3027	26	31	43	54	64	65	78	92	100	106	129	158	189	231	239	255	#
461	9.60029	70	85	103	143	148	180	202	214	217	244	254	#
462	8.48295	2	14	31	61	72	105	151	169	214	226	252	#
463	11.2648	8	12	45	54	70	88	93	106	115	131	169	178	204	205	208	235	237	#
464	11.0777	12	21	40	57	61	75	87	148	159	186	193	196	197	209	224	228	231	239	251	#
465	30.9102	4	18	32	37	44	49	64	115	119	123	127	129	137	139	159	164	178	184	194	233	239	251	#
466	22.3306	6	9	27	61	75	79	116	123	134	148	149	154	160	167	176	201	217	255	#
467	8.89223	19	47	51	60	108	131	142	191	217	220	244	#
468	19.0466	9	27	50	102	121	150	193	219	231	254	#
469	27.0146	3	24	60	65	73	78	91	110	116	128	138	166	185	186	187	194	196	198	211	220	225	234	249	#
470	16.3379	0	20	23	37	71	83	98	120	126	128	129	132	167	171	172	231	233	251	#
471	5.24224	29	30	70	109	149	159	160	161	164	169	183	192	194	208	232	233	243	#
472	20.7176	11	15	18	21	27	35	46	77	85	103	104	111	134	144	146	154	157	187	199	227	242	244	245	#
473	5.05404	12	13	14	15	20	26	36	79	144	157	162	214	220	224	#
474	12.5867	44	72	89	100	142	154	205	235	242	247	251	#
475	3.07549	14	22	43	62	109	125	132	138	156	161	168	178	215	237	#
476	15.6005	14	47	90	94	106	108	135	169	200	242	245	#
477	10.6832	10	42	50	57	91	110	165	187	203	207	215	231	244	246	252	#
478	18.6597	16	17	41	55	81	84	109	119	124	141	145	159	174	#
479	9.07404	4	17	59	70	125	136	141	161	179	182	192	225	#
480	15.1908	11	32	59	123	156	170	186	199	226	233	236	240	242	#
481	18.4052	28	53	61	93	96	105	111	165	171	207	241	244	#
482	23.9023	27	32	43	58	103	109	110	112	116	117	162	194	208	233	#
483	2.6993	8	27	43	48	51	65	66	79	80	97	117	125	147	151	186	195	#
484	37.0686	0	10	16	39	47	98	113	114	119	145	168	197	200	209	224	229	235	242	249	255	#
485	19.1655	12	30	36	38	49	60	108	110	124	134	149	153	155	162	175	184	185	187	200	224	#
486	14.6006	18	41	81	92	156	161	184	199	204	242	250	253	#
487	15.3097	2	35	55	63	65	95	97	120	127	139	144	182	188	212	230	238	#
488	6.58618	27	34	57	78	128	139	161	181	202	216	218	232	237	#
489	35.1116	3	21	31	48	77	79	82	83	91	98	116	153	156	167	171	199	208	214	229	231	235	237	#
490	4.41496	2	26	29	35	41	51	88	90	133	148	153	217	#
491	3.93905	28	45	81	106	107	127	142	152	153	165	167	253	#
492	24.9029	49	60	107	110	117	124	125	128	153	165	185	203	204	244	#
493	5.30069	8	233	248	#
494	3.2274	3	24	34	54	60	74	111	138	153	159	188	219	228	252	#
495	10.7865	5	27	29	41	49	77	79	110	133	151	239	240	249	250	#
496	12.0403	35	61	67	94	100	140	177	192	193	196	218	227	#
497	13.2217	10	20	33	42	48	49	52	53	60	70	89	105	181	192	213	215	233	242	#
498	22.2184	13	49	58	69	73	88	96	108	115	126	165	192	213	219	248	#
499	21.8401	7	8	10	20	34	37	41	75	77	87	103	104	109	111	130	140	166	171	209	221	224	225	237	252	#
500	1.43841	0	33	46	49	50	63	96	109	119	143	206	209	230	#
501	7.29884	16	19	30	34	79	201	209	211	226	254	#
502	0.449395	35	81	107	110	117	127	130	161	180	235	250	#
503	11.9674	16	20	52	71	102	105	122	129	132	136	186	194	244	#
504	27.3332	14	43	51	57	81	95	98	118	130	141	167	203	221	226	#
505	24.87	19	41	68	89	94	96	136	138	163	198	206	227	239	251	#
506	19.1942	29	99	114	115	147	166	177	181	232	244	250	253	#
507	12.775	23	64	79	84	89	132	144	185	190	210	224	227	238	242	249	250	#
508	8.10627	14	31	56	62	79	88	96	99	129	138	158	173	197	200	207	210	215	216	233	236	239	#
509	9.34009	22	58	70	81	116	122	141	160	181	201	203	212	225	#
510	21.7891	6	27	44	79	100	121	144	152	171	174	187	192	215	238	#
511	1.39504	7	111	136	219	245	#
512	23.6215	3	23	24	41	61	95	175	182	216	223	226	234	244	245	#
513	2.722	9	24	56	73	121	179	206	216	234	246	#
514	13.5776	4	12	42	64	82	87	111	118	167	177	222	#
515	24.0384	13	15	17	28	35	51	96	152	157	159	226	233	254	#
516	4.99692	20	52	78	79	88	89	117	139	147	159	170	#
517	39.3308	2	13	19	38	39	56	64	68	81	109	124	127	142	153	168	179	181	182	202	225	228	251	#
518	10.3851	68	101	104	129	133	146	147	156	157	161	162	174	209	213	240	242	250	253	#
519	20.0212	6	19	36	40	48	55	98	107	149	176	182	190	194	198	210	223	229	232	245	255	#
520	8.61797	5	35	70	81	97	107	114	127	139	142	158	170	186	197	214	215	222	238	243	#
521	33.9349	1	30	31	49	64	66	79	90	94	106	152	162	186	202	206	207	230	246	#
522	10.789	22	30	34	42	61	80	96	109	118	135	147	156	187	237	#
523	3.81088	20	81	101	108	115	118	123	143	151	166	175	186	187	218	223	228	236	#
524	35.3167	32	33	41	55	78	82	88	93	107	109	113	124	125	161	165	166	185	220	230	#
525	19.4389	2	20	41	51	52	57	108	155	171	175	204	209	212	236	238	#
526	15.2016	59	76	84	114	121	130	143	156	167	173	188	210	224	245	#
527	18.8891	16	74	126	136	138	151	164	189	193	201	206	241	#
528	13.4359	14	40	44	50	66	76	82	104	128	135	163	169	182	197	202	204	211	228	236	#
529	21.2364	9	50	51	53	57	67	79	119	155	200	216	219	231	233	234	#
530	21.3199	1	3	4	19	48	86	90	108	150	151	174	192	201	244	245	#
531	5.28597	15	22	47	49	88	117	158	174	182	199	242	250	251	#
532	16.568	7	12	19	31	52	84	85	95	106	107	114	164	173	212	222	226	255	#
533	9.69755	44	55	70	78	86	95	99	115	170	178	221	231	#
534	14.029	21	30	56	76	78	107	108	115	142	145	164	175	176	180	182	183	229	232	#
535	12.575	44	77	79	84	91	106	113	121	129	144	208	212	231	253	#
536	19.8753	1	6	15	23	44	45	47	61	78	82	118	120	153	167	168	187	209	250	#
537	19.9114	7	8	35	65	90	111	114	141	156	168	186	195	216	220	236	237	239	242	248	#
538	2.90288	30	79	133	134	137	143	147	148	181	234	245	#
539	20.706	1	4	12	17	25	31	42	59	68	74	78	182	206	232	238	255	#
540	17.8513	15	20	63	125	126	131	170	172	182	205	245	#
541	15.7903	25	80	87	89	117	129	131	145	169	172	174	201	212	216	238	#
542	8.54827	141	142	153	202	211	224	248	#
543	5.86068	2	40	69	70	78	101	107	110	128	131	154	155	157	217	222	232	#
544	11.6758	12	13	78	122	126	130	131	137	160	183	196	205	214	233	240	#
545	13.4935	10	27	32	41	87	117	118	143	159	168	172	173	178	180	195	#
546	43.0944	2	17	31	42	57	72	76	80	98	122	139	146	152	153	168	172	180	189	192	197	224	243	#
547	11.4564	3	30	51	59	60	61	74	85	88	97	100	101	104	115	144	168	190	214	229	231	#
548	36.3296	9	10	17	27	36	45	46	50	62	65	67	105	110	127	130	135	149	169	173	208	233	#
549	8.37395	21	22	27	42	85	113	122	136	160	161	175	184	193	197	223	228	250	#
550	13.283	10	12	35	49	95	108	109	149	160	172	202	217	247	#
551	15.0054	0	1	23	81	129	148	153	177	219	222	240	244	251	#
552	10.2793	13	26	67	76	104	115	142	191	220	225	247	#
553	3.17462	50	99	103	147	151	224	236	#
554	6.49268	17	33	52	84	87	114	120	123	124	127	140	171	253	#
555	37.0709	15	19	23	33	53	119	130	142	143	145	151	165	169	181	203	205	212	228	252	254	255	#
556	23.0599	3	30	32	34	39	66	75	85	116	133	150	160	161	189	249	252	#
557	9.31388	17	21	23	30	39	47	76	79	84	90	91	98	107	129	153	177	178	182	186	221	227	239	249	254	#
558	3.55073	0	4	9	35	38	55	71	78	91	96	109	138	150	154	162	173	198	212	229	230	254	#
559	14.17	2	31	61	62	68	77	126	187	192	236	#
560	15.943	25	28	31	34	41	42	44	56	72	75	88	102	143	151	208	211	236	243	253	#
561	36.9108	28	37	41	55	58	76	85	87	105	112	127	142	154	178	200	205	210	219	220	250	255	#
562	6.3847	31	34	35	61	88	116	131	183	184	226	230	234	244	#
563	26.535	5	6	27	41	75	86	97	99	104	106	127	133	148	166	183	188	#
564	8.82729	32	63	67	119	121	129	138	161	205	#
565	5.74955	11	16	30	40	72	73	100	144	149	192	197	218	223	241	#
566	20.5478	1	49	65	91	100	125	129	143	166	173	175	177	197	201	202	209	#
567	10.4581	8	43	46	72	81	91	97	123	127	137	161	174	223	224	#
568	11.4895	21	28	29	34	37	39	87	139	164	184	195	207	210	213	229	#
569	16.6468	82	94	114	136	144	150	199	206	213	235	243	#
570	38.9687	5	19	33	37	41	56	98	103	108	119	133	151	152	158	167	171	176	181	185	190	192	194	228	231	244	#
571	12.3082	4	12	17	33	47	95	119	176	227	230	#
572	4.33835	5	24	26	76	90	105	112	124	201	229	245	#
573	9.7883	26	56	73	100	121	135	167	179	203	#
574	21.2505	14	23	34	66	68	77	87	88	98	106	133	166	174	181	188	205	221	#
575	5.50158	22	31	53	70	78	81	91	119	188	194	198	219	221	248	#
576	7.86261	5	89	101	107	140	145	150	173	180	199	217	221	239	252	#
577	15.506	4	11	43	59	85	96	118	135	139	175	186	189	213	223	243	246	#
578	41.5625	18	27	53	60	67	68	82	84	95	99	112	130	140	146	147	155	182	184	199	210	217	233	#
579	13.9619	18	87	109	129	130	131	135	138	149	156	196	#
580	19.1796	74	105	117	121	134	186	195	215	225	232	242	253	#
581	10.338	24	36	62	120	187	188	189	202	206	221	231	233	246	#
582	19.1246	30	52	56	87	104	117	129	136	139	157	167	220	#
583	17.7171	12	15	21	37	38	41	46	53	58	64	84	90	96	99	128	130	160	188	197	204	239	244	#
584	29.619	5	12	13	21	39	48	54	55	83	105	116	129	145	159	197	210	215	217	227	248	249	#
585	2.40366	3	44	54	63	105	156	167	179	254	#
586	24.0132	21	25	29	34	89	95	97	152	187	216	218	226	228	245	#
587	23.1291	1	22	36	37	48	51	82	89	110	165	171	180	207	210	211	215	221	#
588	32.9504	7	18	36	50	65	67	71	72	77	128	137	150	160	170	187	196	232	233	244	252	#
589	12.3821	14	39	41	62	64	78	101	139	142	150	174	182	192	195	209	219	225	253	#
590	23.7549	8	14	23	57	74	82	143	144	147	153	164	166	196	204	208	240	#
591	24.0723	93	112	121	133	137	163	185	222	229	241	244	248	249	#
592	10.7229	12	23	43	58	70	98	129	145	147	148	171	172	173	174	179	187	195	205	222	244	250	#
593	14.8062	0	55	62	106	123	127	130	150	158	160	162	178	213	219	232	236	248	251	254	#
594	23.8532	3	6	32	66	78	89	98	112	117	123	127	172	188	199	233	#
595	4.5069	38	100	108	112	117	147	150	171	172	179	206	230	#
596	17.4528	44	73	89	95	102	115	129	154	164	165	169	187	233	253	#
597	34.8204	20	38	39	71	78	83	92	102	103	126	131	133	147	148	156	159	182	194	198	201	#
598	17.3987	12	22	27	34	36	55	81	104	122	127	172	176	193	196	200	224	240	244	#
599	1.46971	1	34	57	100	151	160	174	182	190	211	244	#
600	7.80867	24	68	72	76	123	134	137	143	201	212	223	228	231	244	#
601	24.8275	5	14	25	26	30	75	92	106	122	163	182	206	219	236	239	255	#
602	26.4845	18	28	38	62	77	120	123	165	168	171	173	212	214	237	250	254	#
603	32.4118	19	32	43	44	50	87	92	112	121	165	168	184	189	203	230	232	233	236	240	242	248	#
604	5.15167	10	15	32	36	56	73	75	90	102	183	202	229	230	235	250	254	#
605	32.4514	7	20	24	58	63	69	72	73	152	153	166	205	208	210	214	216	222	231	250	#
606	3.55895	4	33	45	46	56	83	90	95	99	102	134	165	168	174	198	201	224	#
607	2.05279	22	30	32	102	133	138	220	#
608	23.7249	9	16	25	27	29	50	54	70	91	93	112	113	128	148	165	198	241	242	244	250	#
609	15.9542	65	81	97	101	105	115	141	154	159	165	188	195	243	#
610	11.3061	9	36	51	54	103	124	128	210	214	225	234	#
611	11.8299	33	57	60	77	116	128	129	133	140	157	166	212	#
612	23.966	11	47	72	87	94	102	104	106	142	183	195	212	242	245	#
613	10.2235	6	15	18	61	75	81	96	123	125	151	182	193	210	#
614	4.48767	13	14	30	44	54	77	151	209	214	224	#
615	2.50682	0	9	28	45	65	97	111	152	171	188	206	223	235	#
616	21.3089	9	15	62	71	74	91	105	130	149	151	165	173	195	203	220	227	#
617	5.28881	2	31	38	39	55	56	59	85	95	118	124	150	175	184	196	216	243	247	253	#
618	40.2021	8	35	37	53	54	58	68	77	92	94	95	141	144	145	169	180	191	204	214	219	223	241	254	#
619	27.329	32	37	54	82	94	111	117	133	144	176	203	220	222	230	252	#
620	27.7845	6	38	42	43	79	89	115	121	127	135	141	154	175	211	225	227	246	248	#
621	19.3269	3	14	26	32	58	59	67	86	97	104	121	152	161	190	221	222	235	#
622	19.649	28	58	72	74	86	89	98	106	120	128	180	190	205	209	237	239	#
623	25.007	12	13	19	37	42	54	60	63	65	75	115	127	131	182	185	192	194	199	205	206	226	#
624	34.4776	10	15	32	46	51	60	88	93	106	118	143	173	184	187	189	203	219	250	#
625	26.3766	23	46	51	56	70	102	105	107	109	152	162	164	172	185	224	227	233	248	#
626	9.01057	9	21	81	95	112	117	158	192	255	#
627	13.7533	57	59	70	89	98	112	122	141	142	144	150	156	167	194	236	241	#
628	5.9735	44	64	68	72	81	89	90	138	142	206	233	#
629	27.2643	11	49	59	77	96	150	153	160	163	169	170	188	199	238	247	#
630	14.0235	4	14	31	47	48	56	93	115	118	125	131	138	141	190	201	212	213	225	237	251	252	#
631	11.973	48	53	62	84	99	104	122	194	222	241	253	#
632	25.2883	11	15	22	32	42	57	84	102	150	160	165	176	206	234	237	#
633	17.1157	14	17	30	41	53	71	90	100	101	104	124	142	161	165	167	179	194	247	#
634	4.56491	5	15	24	44	50	55	63	70	79	95	147	148	156	230	243	248	#
635	14.3875	11	76	130	164	165	172	212	219	224	235	237	#
636	2.2608	2	131	142	178	201	211	228	#
637	7.14435	3	5	29	31	63	86	89	118	125	157	175	191	213	216	229	252	#
638	14.2612	3	7	20	43	52	60	64	80	94	107	109	118	131	142	195	226	245	#
639	25.0781	0	4	10	21	25	36	46	101	122	177	194	213	220	223	231	234	240	241	#
640	16.7565	58	73	82	103	119	147	153	160	171	184	204	247	248	#
641	13.8193	1	10	14	33	36	51	58	72	91	108	114	124	126	180	228	237	250	252	#
642	13.6403	7	10	23	24	71	75	76	77	78	119	122	129	153	155	162	174	205	233	239	#
643	16.4766	69	88	104	118	146	202	203	204	207	239	#
644	15.4582	7	54	88	123	139	150	154	158	179	230	247	255	#
645	25.624	12	17	44	46	57	73	90	92	124	125	172	188	189	194	213	229	249	#
646	32.5605	2	7	17	23	27	36	49	57	102	109	126	143	179	184	188	202	219	227	233	#
647	19.2514	5	12	27	29	34	53	116	153	189	212	215	217	221	239	#
648	28.5836	11	15	22	23	36	56	96	116	139	165	194	204	209	218	249	253	#
649	12.7159	7	35	49	77	106	124	169	180	188	247	#
650	20.3268	10	11	18	20	64	70	90	108	136	138	151	190	224	229	242	247	253	#
651	9.74766	10	13	16	17	24	40	48	52	67	73	89	92	100	117	122	130	132	141	157	171	188	203	219	#
652	18.6686	0	6	14	26	27	44	50	129	145	152	178	192	208	228	231	#
653	16.8872	4	13	32	48	86	93	98	133	141	157	159	190	199	200	243	#
654	18.85	30	100	109	110	119	122	155	159	179	216	246	#
655	22.9355	5	25	36	68	80	92	93	95	97	99	118	128	132	163	186	188	190	212	227	231	234	254	#
656	6.81343	11	15	24	44	50	57	67	71	86	119	122	169	179	199	207	231	239	#
657	9.91333	61	66	88	122	123	124	132	146	181	185	189	191	200	#
658	28.6693	6	9	33	43	47	70	73	86	121	124	127	208	211	221	228	244	#
659	10.6876	3	24	38	39	75	78	109	114	117	127	148	167	173	186	202	203	208	237	247	250	#
660	12.7413	52	92	95	111	115	123	174	196	199	211	215	231	236	#
661	15.0595	22	44	46	56	63	85	92	126	180	192	226	231	#
662	16.4133	24	48	53	64	72	106	123	128	173	229	240	#
663	19.763	1	33	34	40	112	144	145	146	191	202	221	244	#
664	26.0324	14	28	41	67	81	100	109	114	115	131	167	194	231	246	#
665	2.19115	6	47	87	151	167	217	244	246	253	#
666	33.8997	5	7	16	77	82	87	100	134	141	190	193	212	213	215	238	239	243	247	248	249	#
667	22.2399	25	33	74	97	115	117	118	148	160	192	214	215	231	#
668	37.7403	12	16	25	36	41	42	65	71	107	115	168	172	180	190	194	202	203	217	219	233	236	238	#
669	6.15278	25	53	60	91	102	111	116	122	149	158	163	175	179	197	217	234	#
670	32.0713	8	17	35	52	57	66	81	113	115	124	127	132	133	188	199	222	224	228	249	#
671	33.2873	33	43	56	95	105	129	130	133	134	142	147	154	179	183	193	205	216	220	228	237	246	#
672	17.0786	9	28	46	54	61	64	114	115	116	120	138	142	153	167	199	207	228	235	#
673	19.8842	28	35	43	73	127	143	146	154	161	175	177	194	196	203	225	#
674	7.5902	9	37	88	95	103	105	109	123	148	222	#
675	18.5449	13	28	42	52	66	71	79	80	97	119	121	143	157	163	165	186	193	199	214	252	255	#
676	0.727229	9	10	27	29	69	87	100	121	129	134	158	172	180	202	211	#
677	22.9163	13	61	72	89	91	113	154	155	194	196	216	219	247	248	#
678	20.2088	10	22	37	50	86	105	113	136	141	196	207	223	238	#
679	1.08406	9	14	35	36	47	60	87	94	105	126	145	157	165	166	178	201	210	232	241	#
680	5.77203	10	47	61	69	110	111	122	123	125	127	131	142	157	159	162	200	242	251	#
681	1.97229	12	23	39	108	120	139	140	152	178	187	200	244	245	#
682	16.516	18	21	41	51	59	62	75	126	128	131	179	195	223	229	232	#
683	1.03292	16	30	32	82	114	128	129	148	174	181	204	205	210	222	#
684	30.4139	10	55	59	89	111	129	145	148	157	163	176	178	209	214	240	252	#
685	42.2981	7	11	12	28	43	74	95	99	122	125	133	134	144	158	162	184	189	191	198	207	231	238	#
686	20.1037	8	18	29	50	55	74	84	88	89	92	104	173	208	214	224	#
687	47.1256	4	12	14	36	40	41	54	59	66	69	81	110	116	119	148	150	152	161	165	167	208	213	227	248	252	#
688	15.9527	6	30	38	61	74	109	123	128	149	189	193	200	209	226	236	#
689	8.11182	14	18	40	58	75	81	85	90	102	131	133	138	141	159	163	173	177	195	206	207	213	219	239	#
690	10.6764	16	83	98	120	133	134	146	148	182	183	193	196	197	200	206	211	215	252	#
691	13.8459	16	20	23	35	43	44	50	109	130	142	156	203	222	232	245	#
692	8.34096	8	14	19	25	29	39	94	98	105	108	110	157	159	163	172	175	193	214	228	236	#
693	37.9355	5	7	10	24	55	67	76	91	93	110	118	121	128	148	173	195	207	215	225	248	249	#
694	26.8969	16	18	27	49	65	103	106	111	132	134	150	159	169	170	179	187	#
695	18.7492	3	49	55	88	114	137	150	155	158	200	201	205	216	230	238	252	#
696	25.6898	52	60	68	69	73	82	87	104	142	144	149	158	168	203	212	248	250	#
697	17.6441	7	9	26	29	49	61	103	117	148	156	166	212	#
698	36.3233	5	7	11	29	34	65	71	72	84	91	113	114	117	126	166	182	201	229	245	#
699	11.7078	6	26	32	39	75	86	91	98	134	143	145	148	155	170	172	185	208	209	225	249	#
700	19.5608	21	37	54	73	89	92	109	139	161	171	180	182	201	204	213	214	221	230	#
701	8.32974	17	52	68	71	88	112	127	131	135	141	175	196	202	213	227	229	#
702	11.0454	33	67	69	71	118	125	140	146	161	173	179	183	207	210	214	219	223	226	#
703	19.4898	6	8	9	23	27	34	41	43	49	67	73	75	76	79	81	87	100	125	134	154	182	218	246	#
704	4.11844	45	66	98	127	138	163	221	#
705	19.0587	4	5	89	116	119	134	137	144	163	181	#
706	10.2203	11	13	45	57	111	124	134	148	161	168	169	173	180	186	213	221	224	246	253	#
707	7.06577	3	14	86	98	121	141	149	181	193	229	254	#
708	12.4824	1	20	33	106	109	123	138	148	160	209	210	#
709	25.8625	6	19	36	82	94	100	119	123	130	134	155	184	197	204	217	219	222	227	236	248	#
710	9.77796	10	25	29	55	70	94	105	107	145	150	183	188	203	229	232	#
711	13.0425	24	39	42	82	110	126	174	184	196	223	227	#
712	21.0982	4	24	38	47	51	54	90	109	120	134	155	160	190	202	215	247	255	#
713	9.4435	4	17	52	60	68	77	106	108	125	145	148	154	180	200	220	226	#
714	8.96083	18	26	59	88	123	126	136	153	167	176	178	183	220	#
715	34.3585	2	7	20	51	55	74	81	102	117	120	134	142	159	186	197	211	213	214	239	255	#
716	21.9319	11	18	21	27	32	41	51	52	64	79	98	101	111	127	137	150	155	180	193	194	195	222	#
717	19.2277	2	3	8	16	18	34	64	82	132	146	149	174	179	193	211	245	248	#
718	32.2037	23	33	35	40	42	51	55	85	97	100	103	130	137	161	162	182	198	200	203	218	#
719	0.90137	0	1	25	32	43	54	75	76	78	89	93	169	183	190	191	195	200	223	#
720	12.3893	15	44	53	82	90	104	105	114	128	165	247	250	#
721	31.1328	41	73	76	79	81	103	113	132	141	166	187	202	212	221	224	237	#
722	9.26005	9	10	21	60	62	63	65	133	140	144	156	157	163	175	#
723	14.6923	27	42	70	107	114	120	121	127	128	129	146	151	164	169	175	190	245	249	#
724	9.62599	0	21	36	49	76	79	84	85	95	122	138	148	151	198	219	223	#
725	21.2398	53	62	72	83	85	86	95	135	174	191	199	204	241	#
726	10.7343	64	70	79	85	94	104	127	158	167	171	180	228	#
727	2.09011	7	14	100	106	139	141	163	194	201	209	211	214	227	240	253	#
728	12.0268	4	32	34	60	95	110	134	135	145	168	169	173	186	188	194	215	233	242	243	248	255	#
729	22.6846	13	15	43	55	76	108	110	118	139	168	177	182	184	210	214	231	232	239	242	252	#
730	12.7028	15	51	52	64	70	72	80	93	109	112	116	117	156	187	192	196	199	209	210	231	#
731	0.806384	9	25	28	60	64	71	92	112	120	123	155	158	159	167	169	179	190	193	228	239	#
732	28.3718	2	11	26	31	32	45	68	112	114	124	129	131	141	155	167	170	175	177	180	209	228	232	239	255	#
733	4.31046	14	30	46	53	88	94	100	157	160	188	192	202	230	239	#
734	9.43733	8	20	35	54	127	140	142	144	178	179	191	192	198	201	202	227	244	#
735	7.06077	4	31	34	45	69	71	73	75	78	88	110	120	124	130	139	140	143	152	168	190	198	211	215	236	239	248	#
736	18.1946	7	34	41	45	46	90	131	133	148	230	235	237	242	246	253	#
737	6.32994	3	10	31	58	85	115	133	168	176	177	199	200	207	244	250	#
738	16.973	42	64	84	91	100	114	139	147	175	179	182	193	194	247	248	#
739	16.0816	25	26	43	54	67	99	125	134	152	157	181	198	215	222	227	#
740	12.1117	2	8	28	50	62	87	104	119	122	160	183	193	201	208	226	243	#
741	13.3701	17	93	111	122	134	136	148	205	215	217	245	251	#
742	38.8819	12	14	23	32	57	59	65	83	97	103	111	116	118	157	158	165	203	224	248	252	#
743	8.68572	6	17	29	36	48	71	72	79	98	112	114	121	146	158	159	179	195	212	220	228	#
744	17.3168	25	29	35	43	56	70	71	75	95	104	134	155	174	179	184	194	221	234	#
745	0.986127	29	45	49	52	62	65	105	119	128	133	150	153	157	159	171	180	190	195	201	209	227	#
746	5.91278	35	54	77	116	117	124	125	141	153	163	186	198	209	215	243	251	#
747	1.53131	24	36	44	47	59	77	85	94	97	104	134	203	208	225	247	255	#
748	12.8836	3	20	22	46	50	77	131	140	154	160	168	176	177	198	211	217	233	253	#
749	21.9567	14	15	44	60	74	75	87	90	94	98	127	133	157	179	187	194	201	202	215	#
750	19.1247	6	22	23	26	35	44	54	65	74	92	100	106	148	151	162	169	171	182	183	222	239	#
751	19.0592	14	33	59	78	123	129	137	141	173	187	193	195	249	250	#
752	23.1828	21	38	51	60	67	93	139	140	148	166	169	211	233	#
753	5.26016	23	26	50	78	82	89	121	122	151	154	173	175	176	194	211	236	#
754	10.5468	6	11	14	30	31	52	67	97	102	146	201	203	223	228	232	240	251	#
755	6.57224	32	59	119	141	147	165	222	#
756	33.742	5	23	33	42	43	55	68	74	79	100	101	119	124	126	127	139	146	178	190	203	212	215	243	245	#
757	19.0312	1	17	23	40	52	67	75	109	142	146	148	162	172	230	#
758	0.925273	21	46	79	80	108	138	148	165	176	183	190	243	250	253	#
759	28.9492	11	17	37	39	48	82	100	103	173	184	192	204	229	244	255	#
760	33.7865	21	25	28	30	44	49	70	115	130	171	172	179	189	210	211	214	226	231	#
761	32.6931	6	22	36	37	46	52	56	69	95	143	151	152	173	174	181	187	192	231	244	#
762	19.3027	22	24	39	57	64	65	74	78	126	144	161	170	177	183	202	219	229	242	255	#
763	27.6765	2	11	34	42	47	70	73	76	101	118	121	128	153	170	172	178	#
764	11.6053	25	44	50	51	64	65	77	83	95	115	120	125	146	154	165	200	218	234	241	#
765	9.56287	13	19	41	79	91	137	139	146	147	153	156	177	196	212	214	217	#
766	19.4487	12	15	19	44	54	104	119	128	140	143	148	151	154	176	189	190	208	217	235	#
767	16.9226	28	77	86	97	101	119	142	161	179	186	218	249	#
768	9.58686	29	44	49	61	96	112	125	128	132	139	140	141	148	151	152	190	208	217	#
769	13.7966	8	56	73	75	96	100	115	121	128	147	148	163	174	178	201	204	229	235	#
770	15.4905	25	36	51	55	84	89	98	122	144	149	214	225	#
771	5.25729	21	27	31	49	61	104	193	210	212	248	249	252	#
772	36.8781	0	2	19	23	56	65	79	81	87	88	89	129	136	140	185	188	198	201	213	226	255	#
773	30.3822	6	33	47	48	59	77	88	97	136	153	162	164	168	199	211	218	235	237	242	#
774	24.8756	2	13	51	56	71	73	82	92	96	130	133	151	170	181	191	197	202	227	248	#
775	28.1613	5	12	30	43	54	65	67	72	94	106	108	123	134	158	169	170	189	230	#
776	24.3026	52	69	70	112	118	121	133	151	168	177	194	198	203	206	226	228	237	#
777	7.17767	57	61	69	80	113	148	153	162	178	183	189	194	207	224	227	238	#
778	2.18344	7	10	68	104	129	141	149	154	157	162	184	187	195	220	232	246	#
779	22.8056	11	56	64	70	100	109	121	130	159	166	170	175	191	232	241	#
780	20.5968	8	23	41	50	72	93	101	105	117	126	147	163	165	188	206	243	248	#
781	16.6517	2	17	20	112	129	132	186	188	211	213	229	231	235	239	249	250	254	#
782	23.2213	38	39	59	71	122	145	156	181	184	188	207	210	229	242	#
783	10.9334	16	24	39	63	67	108	113	129	147	148	158	179	191	209	211	234	#
784	43.658	29	30	31	58	67	74	81	101	108	111	126	132	140	143	154	179	199	210	216	225	236	246	249	#
785	16.0291	6	31	50	132	145	176	211	214	217	228	244	254	#
786	29.849	23	24	29	31	58	64	99	116	130	132	133	136	143	156	158	166	173	176	196	208	226	242	246	248	#
787	28.6624	74	82	92	94	111	130	145	148	169	176	194	211	220	239	242	255	#
788	8.84772	11	32	34	75	100	113	115	132	140	148	160	166	169	170	171	228	241	#
789	26.2206	9	10	49	100	103	140	146	166	179	189	198	207	233	239	#
790	30.027	0	3	4	13	54	68	85	97	102	105	107	116	152	160	161	163	173	192	198	223	230	254	#
791	13.366	1	8	28	30	38	55	109	116	119	120	130	133	140	142	151	188	213	225	237	244	253	#
792	22.6599	9	33	54	56	83	92	139	141	146	157	169	209	242	#
793	18.3888	2	3	11	44	59	84	90	112	129	155	175	191	197	237	#
794	8.00952	8	18	36	52	60	117	119	123	133	145	159	173	175	208	#
795	12.4153	8	12	24	37	61	62	80	85	91	103	143	156	181	198	238	246	#
796	24.2111	3	17	20	23	32	137	155	156	168	169	179	191	194	213	215	224	238	240	#
797	4.21659	55	61	65	83	94	101	184	191	214	221	233	#
798	9.01333	13	20	27	37	47	51	57	58	93	116	124	131	157	159	175	194	199	236	#
799	1.85849	33	71	136	175	179	195	219	220	#
800	12.1864	3	11	36	64	75	77	94	96	102	114	119	142	154	167	178	190	195	200	217	220	229	#
801	14.9887	6	15	47	48	70	110	149	179	190	206	215	221	245	248	#
802	17.0331	1	11	27	37	98	125	128	166	186	209	#
803	17.9663	0	44	56	67	77	83	90	91	115	135	139	150	158	170	193	203	214	217	239	240	#
804	3.12496	2	8	34	50	67	94	134	172	178	179	194	207	236	#
805	14.1311	0	6	9	41	47	54	65	67	68	69	71	85	96	103	114	119	125	161	188	219	222	245	#
806	17.0161	67	75	94	111	123	158	160	181	219	245	#
807	13.4383	16	35	47	49	60	73	78	227	231	240	#
808	11.1151	61	102	141	192	214	217	226	241	#
809	22.859	14	21	34	37	58	77	83	91	93	94	116	118	155	161	191	210	228	237	#
810	21.4907	4	5	9	14	34	37	48	56	119	121	131	137	139	148	169	176	182	184	198	244	245	247	249	#
811	17.2907	3	12	51	56	70	135	137	152	155	165	183	191	216	224	229	233	#
812	9.57553	10	35	39	57	92	94	147	195	214	217	230	235	#
813	24.4109	33	42	43	70	77	94	103	111	130	156	162	173	187	#
814	6.77584	6	11	21	27	52	65	72	96	110	119	129	130	133	136	142	149	164	174	178	230	231	232	242	#
815	8.06156	5	16	21	42	48	60	62	64	71	96	99	112	123	149	194	245	247	252	253	#
816	6.74623	19	21	23	48	65	81	98	147	149	181	214	227	247	253	#
817	6.71384	33	48	54	90	115	120	122	130	131	151	159	161	175	177	178	180	186	#
818	23.0655	0	38	49	54	55	74	78	84	87	98	106	117	122	131	137	144	245	250	#
819	22.7807	26	79	84	144	149	155	158	159	172	179	184	186	233	250	253	#
820	6.54055	3	9	32	33	36	51	61	66	74	80	81	88	112	123	173	225	#
821	12.3975	2	10	20	59	66	72	78	82	91	94	95	99	105	179	180	215	218	245	246	250	#
822	30.1733	15	33	39	51	57	71	83	92	110	135	155	159	170	192	201	205	214	243	255	#
823	20.6155	34	38	83	87	135	144	175	197	219	221	226	236	240	247	252	#
824	19.2259	7	22	24	26	40	51	53	69	71	72	78	98	150	164	180	184	189	195	204	216	227	#
825	2.3959	62	65	69	81	84	116	132	140	165	175	199	202	#
826	13.3944	32	51	59	64	69	86	93	137	145	153	201	212	241	250	#
827	1.26826	31	32	41	59	84	133	139	153	161	167	172	190	244	#
828	6.76432	17	38	122	163	190	219	234	240	254	#
829	22.2054	32	43	53	58	75	79	124	165	170	184	197	205	227	240	249	#
830	5.87369	8	16	54	99	109	117	129	162	164	184	185	212	228	247	#
831	18.8529	19	24	37	47	112	115	125	131	132	145	155	186	202	227	#
832	32.7047	11	47	61	77	80	124	132	138	145	152	160	171	178	185	187	189	192	193	195	200	203	205	206	211	214	249	250	255	#
833	26.4398	0	3	4	14	38	50	61	63	64	67	109	121	162	168	175	184	199	231	#
834	6.99311	2	15	18	26	31	45	54	59	63	71	78	86	88	90	101	117	124	126	161	168	194	#
835	14.3746	2	6	16	17	54	86	90	96	117	126	140	154	236	237	244	#
836	29.4978	2	9	15	18	33	43	78	115	129	150	151	157	184	190	192	211	219	#
837	14.3174	65	66	72	74	88	91	134	143	153	169	180	186	209	221	#
838	7.42534	12	15	45	46	86	95	109	118	139	141	146	159	163	165	179	181	201	208	210	214	229	#
839	18.3406	2	29	56	60	62	99	105	111	123	126	138	156	#
840	22.0148	7	13	50	65	66	80	85	131	139	141	164	185	188	191	195	223	227	228	236	243	#
841	17.7336	18	35	39	49	60	69	127	149	170	216	227	#
842	30.8406	3	40	54	59	60	67	98	111	114	133	136	138	147	149	166	173	202	207	210	217	219	224	228	237	252	253	#
843	27.1675	12	33	64	71	76	78	83	107	110	116	139	146	147	154	181	194	200	205	#
844	21.1464	51	53	74	79	84	103	113	124	125	131	149	153	155	174	176	182	185	202	206	213	240	#
845	9.55224	21	39	100	164	215	243	#
846	1.55362	9	10	60	66	142	163	177	178	192	211	231	236	#
847	17.4711	15	19	34	43	47	71	75	96	103	142	158	189	212	225	227	233	#
848	13.6325	11	27	39	67	83	120	123	127	131	193	222	227	242	245	247	#
849	1.99785	18	62	86	125	130	168	169	175	207	231	239	#
850	28.1849	21	31	52	61	64	80	92	106	107	119	122	150	153	159	190	216	224	226	244	247	#
851	8.50196	28	34	35	40	43	45	46	50	73	78	130	168	206	212	224	240	247	#
852	2.34458	3	9	17	47	49	61	68	72	80	96	168	175	212	232	#
853	1.82017	4	43	45	58	72	78	80	95	113	119	134	147	196	222	#
854	25.115	4	12	51	63	67	73	80	110	111	127	129	153	170	196	215	219	230	233	#
855	26.8566	6	9	26	73	127	140	156	160	164	165	169	197	200	224	#
856	11.0578	15	19	23	54	59	86	128	141	153	172	177	197	207	209	240	#
857	17.2	2	36	37	40	56	79	80	90	96	100	113	119	148	150	175	183	186	194	217	#
858	12.5052	25	29	52	58	59	109	117	157	168	193	194	206	252	#
859	15.5752	36	40	49	50	69	76	80	86	89	97	111	117	141	146	150	251	#
860	19.4775	12	23	48	54	56	76	85	91	111	121	154	167	197	224	234	240	#
861	26.3813	14	38	46	53	81	85	91	96	105	125	153	158	165	173	188	196	244	245	#
862	21.1795	35	36	43	58	67	71	75	89	97	104	110	112	177	218	219	220	226	230	233	#
863	23.973	9	16	17	36	71	141	148	170	181	188	193	197	227	254	#
864	3.54801	10	22	30	51	73	80	86	143	154	199	237	239	247	#
865	32.7748	4	21	28	63	103	109	129	135	142	173	177	178	186	210	223	238	252	#
866	7.53631	0	3	14	56	63	71	109	124	161	188	190	219	230	#
867	4.8593	7	17	26	94	98	118	198	203	209	211	#
868	32.3592	1	3	19	26	32	33	38	49	51	58	71	85	103	105	142	149	172	175	181	182	183	195	205	218	234	246	253	#
869	36.3091	41	44	46	53	119	123	125	133	135	145	154	169	174	181	182	190	198	221	253	#
870	21.5328	11	54	120	123	127	133	158	173	174	182	192	204	#
871	32.6024	1	10	43	65	69	73	85	93	100	141	152	172	175	197	198	209	215	216	231	239	245	250	#
872	36.6214	18	27	30	35	39	42	88	106	119	145	146	151	153	154	155	159	191	205	228	255	#
873	29.9891	2	8	25	37	55	76	96	97	103	104	110	142	144	148	152	164	175	187	188	196	198	201	222	247	#
874	17.8643	36	63	82	86	92	116	120	121	132	160	168	177	181	203	215	216	235	236	243	#
875	30.1806	5	17	34	37	45	46	68	88	92	102	105	122	129	138	139	154	173	197	210	230	#
876	8.15859	3	5	14	15	24	27	38	81	84	123	135	150	158	160	166	172	191	202	204	230	240	249	250	#
877	11.8631	4	5	107	155	160	172	185	192	200	206	241	#
878	0.788298	0	4	40	47	78	91	102	111	122	147	157	165	173	196	208	213	216	220	227	232	237	#
879	13.8306	13	41	49	85	112	146	149	161	191	209	249	#
880	11.6852	15	19	53	97	99	118	128	137	140	149	200	208	216	217	244	249	#
881	32.0289	0	28	38	49	93	120	121	138	141	154	169	175	178	198	207	214	238	239	240	245	249	#
882	33.953	7	8	24	46	72	101	108	127	133	142	143	169	179	191	200	214	227	250	#
883	3.95601	46	48	73	83	91	122	134	155	166	188	#
884	3.73872	3	23	27	41	46	65	88	112	124	163	176	190	195	207	223	228	248	249	251	#
885	17.9907	37	38	53	57	64	88	114	126	144	154	155	156	159	160	185	186	201	206	218	232	241	#
886	24.5684	17	24	35	42	79	85	117	120	135	143	150	166	177	184	199	216	245	255	#
887	6.4416	13	27	38	49	64	86	92	97	98	117	131	132	163	178	188	192	226	227	241	#
888	5.1028	33	42	52	54	67	72	86	205	245	255	#
889	8.66101	0	21	25	64	69	78	159	160	164	179	183	185	204	#
890	42.6761	26	37	38	49	52	63	77	94	104	120	123	128	129	141	146	149	180	183	184	228	243	248	#
891	31.0179	3	24	50	55	85	87	108	137	144	145	170	184	186	203	211	225	#
892	4.11995	30	55	66	83	90	103	111	129	137	149	175	181	188	192	210	213	218	228	235	#
893	10.5943	0	60	71	90	125	153	173	190	191	200	204	254	255	#
894	28.7813	0	9	29	36	42	46	50	51	53	61	67	82	87	88	96	143	145	150	167	199	217	#
895	38.1539	2	12	22	26	35	41	46	67	75	92	95	97	108	119	134	136	141	152	155	206	228	#
896	36.6445	32	46	62	77	85	92	95	102	110	113	122	138	147	194	225	237	239	243	254	#
897	10.2571	20	37	54	61	67	73	76	82	83	98	126	130	132	166	170	192	214	230	250	#
898	6.71124	19	33	44	80	84	102	105	115	120	137	155	163	175	193	230	238	255	#
899	21.5809	29	34	53	55	82	95	97	112	118	126	130	147	150	171	174	176	191	206	229	231	245	251	#
900	5.39488	3	17	27	44	49	53	58	65	80	84	88	98	117	156	168	195	223	249	#
901	3.95166	39	53	63	74	102	152	208	223	224	#
902	36.7104	6	10	19	53	83	84	91	97	98	127	138	146	156	165	188	195	199	201	204	229	#
903	10.24	9	18	37	52	61	73	108	116	124	129	151	201	221	223	248	#
904	14.469	21	36	81	142	147	148	160	171	195	216	229	243	251	#
905	6.48091	44	52	61	82	114	145	163	195	223	228	229	234	238	239	244	255	#
906	1.16768	2	3	56	59	63	80	89	132	137	162	165	224	229	232	244	#
907	12.8055	41	46	48	51	95	121	148	151	153	194	209	221	228	236	239	254	#
908	29.8508	5	18	28	57	62	121	126	142	152	155	175	180	184	188	194	201	217	228	231	241	250	#
909	19.4625	26	43	112	126	130	135	172	177	206	225	227	230	250	255	#
910	0.381126	44	49	58	72	119	165	182	205	230	#
911	2.11128	42	43	85	94	99	128	136	178	195	202	210	240	251	255	#
912	10.9727	27	66	100	101	113	140	143	194	198	210	247	#
913	12.7675	1	33	48	50	114	116	170	188	190	210	221	241	#
914	4.70943	0	3	35	62	74	96	153	173	217	241	251	254	#
915	10.5181	6	22	25	35	76	110	111	117	122	132	143	160	173	179	186	194	203	205	208	210	211	213	222	#
916	7.041	11	31	39	49	57	63	96	98	100	106	124	134	164	178	183	191	192	206	208	225	235	244	#
917	3.51489	0	61	96	134	144	149	153	158	162	174	211	220	247	#
918	13.0241	30	33	113	121	137	159	181	184	211	219	255	#
919	28.4286	1	6	20	28	115	118	127	158	160	165	168	169	170	209	234	245	253	254	#
920	6.16685	12	20	24	26	38	50	82	96	97	153	154	155	170	180	213	225	247	248	#
921	14.5539	9	11	13	48	115	118	128	156	189	203	218	247	253	#
922	24.8117	0	24	39	50	63	66	74	84	105	143	169	170	183	194	210	218	235	254	#
923	22.1468	25	27	32	34	78	93	99	100	102	106	139	140	187	191	194	248	#
924	3.24346	19	40	59	79	88	99	100	109	125	141	164	171	194	227	231	245	#
925	12.3448	27	36	38	89	90	112	116	154	159	166	208	211	240	252	#
926	11.9548	2	26	32	34	42	43	52	63	70	104	110	117	128	136	167	180	185	187	188	200	203	209	#
927	5.63712	1	8	51	110	111	127	128	140	143	180	183	207	211	219	#
928	27.1632	48	60	62	69	72	83	112	130	136	181	182	200	201	205	234	#
929	13.1032	50	61	81	83	116	151	153	157	164	170	179	186	195	200	212	227	254	#
930	20.3659	38	43	59	67	88	106	132	143	148	149	194	195	202	213	223	230	235	240	248	#
931	35.4238	1	32	34	54	60	78	93	95	107	111	118	135	137	147	151	153	168	178	184	185	208	219	244	252	#
932	22.6067	46	104	125	127	130	133	148	151	174	175	182	210	226	229	230	237	239	#
933	6.97728	5	19	26	37	63	64	103	123	136	211	218	#
934	21.1453	40	107	116	152	154	161	177	185	186	194	200	207	212	#
935	3.02728	6	26	28	36	44	73	116	127	129	148	198	211	212	213	216	241	253	#
936	35.8874	5	30	31	42	44	55	85	114	127	128	150	165	180	194	207	217	220	222	228	230	#
937	39.4198	5	13	17	32	43	55	74	93	94	95	104	121	159	161	172	177	184	191	199	209	218	220	223	241	#
938	1.57329	32	39	49	77	97	111	176	198	199	231	250	#
939	1.50908	8	23	31	50	53	125	137	184	185	202	207	220	#
940	42.3965	39	55	57	59	60	75	93	94	105	108	111	114	117	129	142	143	144	153	178	187	189	191	194	213	225	#
941	7.95003	13	27	39	67	95	107	112	120	121	125	128	133	147	152	153	174	175	184	191	196	218	219	226	233	#
942	19.8675	1	9	21	24	39	56	59	68	181	183	190	199	237	#
943	18.9188	24	25	79	89	111	112	124	139	141	162	178	195	208	248	#
944	19.461	1	9	10	41	48	52	66	74	77	102	125	126	137	138	166	200	246	#
945	2.41734	14	18	43	63	74	90	95	121	122	159	161	227	230	250	252	253	#
946	14.454	40	100	146	168	171	185	189	196	243	#
947	5.16083	5	12	20	53	70	81	87	91	97	111	137	165	167	168	197	213	215	224	241	243	#
948	32.8238	16	19	37	56	66	103	109	124	133	136	138	155	157	160	165	171	192	200	203	227	229	#
949	16.2144	14	78	85	99	117	137	159	179	191	196	197	216	240	245	#
950	1.27017	50	59	86	107	108	142	144	164	170	252	#
951	21.7156	21	32	34	73	78	97	137	174	178	180	200	221	#
952	25.422	15	25	37	42	84	86	119	157	167	181	194	227	251	#
953	17.2996	17	76	78	85	93	136	152	163	179	184	209	212	222	244	#
954	4.24895	53	61	65	92	106	114	136	139	150	154	187	203	211	222	225	#
955	18.8577	2	12	38	42	49	50	71	89	90	107	109	110	123	138	148	153	168	186	188	206	234	239	#
956	6.73776	1	2	7	64	77	80	94	114	131	135	174	220	#
957	16.1352	29	46	85	90	95	98	120	136	183	188	218	222	250	253	#
958	12.4346	10	17	23	69	73	78	96	111	119	128	130	175	189	199	214	237	242	#
959	2.09822	33	34	40	63	73	91	94	115	153	155	163	208	224	#
960	2.82546	6	9	11	27	35	37	38	58	60	74	105	120	123	139	160	204	221	228	233	243	247	248	253	#
961	20.1982	0	4	21	24	41	64	91	98	107	134	137	141	153	165	178	185	#
962	20.9767	1	2	19	44	53	67	99	102	122	123	132	134	166	168	169	176	187	192	210	232	237	248	#
963	14.5631	4	8	35	55	57	140	160	188	220	223	240	#
964	34.8976	6	19	41	55	58	90	115	120	151	159	164	174	179	208	218	234	238	241	#
965	23.8178	25	32	44	51	64	65	73	76	88	135	143	153	163	170	176	245	246	253	#
966	9.31372	14	32	37	40	51	86	102	108	144	156	159	175	183	228	238	#
967	16.092	7	27	28	37	54	81	93	101	109	119	151	162	220	233	236	251	#
968	6.20983	7	25	32	33	40	51	73	77	95	117	124	126	128	164	197	200	245	252	255	#
969	6.14837	22	28	53	86	93	174	180	190	236	242	#
970	11.6124	73	98	105	125	148	202	218	221	230	236	#
971	7.06723	1	16	27	64	75	87	110	113	121	145	150	197	241	243	250	#
972	16.3992	12	41	61	71	91	115	173	182	184	199	201	206	216	222	240	#
973	18.8607	0	5	46	54	62	66	146	147	163	184	222	240	#
974	22.7764	22	31	32	46	49	67	79	81	105	128	156	175	182	186	187	194	207	210	250	#
975	25.2085	22	46	47	85	114	116	120	126	135	151	166	187	188	190	191	212	222	#
976	8.93931	21	23	31	39	57	69	79	80	86	88	89	109	113	125	138	141	142	146	152	164	171	185	194	203	206	208	214	239	241	#
977	21.2148	22	30	32	39	40	43	47	53	57	68	70	95	124	150	171	208	225	241	243	#
978	1.81928	6	22	59	64	71	73	81	83	95	142	143	144	153	158	167	211	239	240	247	254	#
979	24.4992	0	8	32	89	108	139	153	154	159	175	180	200	203	221	223	234	#
980	30.1946	5	23	32	48	55	60	69	80	93	99	114	116	131	134	155	172	178	191	197	206	215	#
981	16.0214	3	30	45	58	73	76	89	100	124	136	219	223	230	#
982	16.5059	2	23	41	81	96	145	161	213	225	229	243	252	255	#
983	29.1835	31	35	42	47	71	79	80	95	99	116	118	136	167	200	214	242	#
984	11.8349	6	36	49	73	114	122	145	160	191	192	209	223	224	231	252	#
985	33.302	4	16	40	50	53	73	83	115	118	123	139	146	147	156	158	159	176	183	189	196	206	254	#
986	14.2655	20	31	99	111	136	177	186	241	242	247	#
987	7.42708	5	7	21	24	27	67	80	94	99	122	135	137	140	155	166	192	194	197	205	229	234	236	#
988	17.4952	28	58	73	102	121	137	147	155	157	176	197	200	206	214	219	231	234	243	252	#
989	22.3779	18	27	51	63	71	84	96	102	133	160	171	180	215	236	238	#
990	18.6403	2	14	20	29	32	46	51	53	58	64	89	97	116	147	149	174	188	196	199	206	216	254	#
991	6.14592	6	16	47	58	106	149	155	160	166	180	184	191	211	#
992	0.745007	10	23	33	67	72	78	83	84	137	159	173	181	182	197	205	207	212	214	226	#
993	13.5179	1	12	19	39	43	45	56	63	71	77	82	93	97	120	147	153	177	209	210	211	212	213	219	237	#
994	35.7934	49	50	65	75	76	82	89	94	102	118	131	132	172	183	190	192	202	226	242	#
995	8.50714	10	16	32	65	78	92	100	114	117	125	131	147	149	165	173	198	210	226	230	#
996	14.3461	0	14	44	94	102	119	130	146	148	149	158	166	173	179	185	198	221	#
997	4.52083	23	31	52	67	71	79	82	119	134	184	185	186	227	253	254	#
998	20.1974	0	12	14	25	26	31	60	76	81	97	101	187	214	233	234	#
999	6.45094	26	33	43	46	54	64	68	70	78	104	110	127	141	173	194	212	#
