%% File generated by CATS v.2.1Mon Jul  4 14:13:07 2011

%% The CATS webpage is http://robotics.stanford.edu/CATS

%% PARAMETER SETTINGS:
% Goods: 256; Bids: 1000; Distribution: matching; Runs: 1; Parameters generated from distribution in file "qpstuff/matching-qp.txt".; Problems generated from distribution over features in files: qpstuff/cass-qp.txt, qpstuff/cplex-qp.txt, qpstuff/lehman-qp.txt; Seed: 1309819027
% Matching Distribution Parameters:
% Max airport price       = 5
% Early takeoff deviation = 2
% Late takeoff deviation  = 0
% Early landing deviation = 1
% Late landing deviation  = 2
% Deviation               = 0.381628
% Delay coefficient       = 0.778364
% Amount late coefficient = 0.834801



goods 256
bids 1009
dummy 88

0	2.59394	17	31	256	#
1	1.68549	17	35	256	#
2	1.0952	17	39	256	#
3	0.852461	17	43	256	#
4	0.663525	17	47	256	#
5	2.16542	21	35	256	#
6	1.40705	21	39	256	#
7	1.0952	21	43	256	#
8	0.852461	21	47	256	#
9	1.8077	25	39	256	#
10	1.40705	25	43	256	#
11	1.0952	25	47	256	#
12	7.9044	19	56	257	#
13	5.13611	19	60	257	#
14	3.33734	19	64	257	#
15	2.59767	19	68	257	#
16	2.02193	19	72	257	#
17	6.5986	23	60	257	#
18	4.28763	23	64	257	#
19	3.33734	23	68	257	#
20	2.59767	23	72	257	#
21	5.50851	27	64	257	#
22	4.28763	27	68	257	#
23	3.33734	27	72	257	#
24	3.9203	155	165	258	#
25	2.54733	155	169	258	#
26	1.6552	155	173	258	#
27	1.28835	155	177	258	#
28	1.00281	155	181	258	#
29	3.27267	159	169	258	#
30	2.12651	159	173	258	#
31	1.6552	159	177	258	#
32	1.28835	159	181	258	#
33	2.73203	163	173	258	#
34	2.12651	163	177	258	#
35	1.6552	163	181	258	#
36	8.45734	143	180	259	#
37	5.4954	143	184	259	#
38	3.5708	143	188	259	#
39	2.77938	143	192	259	#
40	2.16337	143	196	259	#
41	7.06019	147	184	259	#
42	4.58756	147	188	259	#
43	3.5708	147	192	259	#
44	2.77938	147	196	259	#
45	5.89385	151	188	259	#
46	4.58756	151	192	259	#
47	3.5708	151	196	259	#
48	5.60489	14	52	260	#
49	3.64194	14	56	260	#
50	2.36646	14	60	260	#
51	1.84197	14	64	260	#
52	1.43372	14	68	260	#
53	4.67897	18	56	260	#
54	3.04029	18	60	260	#
55	2.36646	18	64	260	#
56	1.84197	18	68	260	#
57	3.906	22	60	260	#
58	3.04029	22	64	260	#
59	2.36646	22	68	260	#
60	3.57873	105	119	261	#
61	2.32538	105	123	261	#
62	1.51099	105	127	261	#
63	1.1761	105	131	261	#
64	0.915433	105	135	261	#
65	2.98753	109	123	261	#
66	1.94123	109	127	261	#
67	1.51099	109	131	261	#
68	1.1761	109	135	261	#
69	2.49399	113	127	261	#
70	1.94123	113	131	261	#
71	1.51099	113	135	261	#
72	5.46	188	230	262	#
73	3.54779	188	234	262	#
74	2.30528	188	238	262	#
75	1.79435	188	242	262	#
76	1.39666	188	246	262	#
77	4.55801	192	234	262	#
78	2.9617	192	238	262	#
79	2.30528	192	242	262	#
80	1.79435	192	246	262	#
81	3.80503	196	238	262	#
82	2.9617	196	242	262	#
83	2.30528	196	246	262	#
84	3.32679	122	160	263	#
85	2.16168	122	164	263	#
86	1.40461	122	168	263	#
87	1.0933	122	172	263	#
88	0.850986	122	176	263	#
89	2.77721	126	164	263	#
90	1.80457	126	168	263	#
91	1.40461	126	172	263	#
92	1.0933	126	176	263	#
93	2.31841	130	168	263	#
94	1.80457	130	172	263	#
95	1.40461	130	176	263	#
96	5.67608	175	185	264	#
97	3.68819	175	189	264	#
98	2.39651	175	193	264	#
99	1.86536	175	197	264	#
100	1.45193	175	201	264	#
101	4.73839	179	189	264	#
102	3.07891	179	193	264	#
103	2.39651	179	197	264	#
104	1.86536	179	201	264	#
105	3.95561	183	193	264	#
106	3.07891	183	197	264	#
107	2.39651	183	201	264	#
108	3.18266	205	236	265	#
109	2.06802	205	240	265	#
110	1.34376	205	244	265	#
111	1.04593	205	248	265	#
112	0.814117	205	252	265	#
113	2.65688	209	240	265	#
114	1.72639	209	244	265	#
115	1.34376	209	248	265	#
116	1.04593	209	252	265	#
117	2.21797	213	244	265	#
118	1.72639	213	248	265	#
119	1.34376	213	252	265	#
120	4.90676	51	61	266	#
121	3.18831	51	65	266	#
122	2.0717	51	69	266	#
123	1.61253	51	73	266	#
124	1.25514	51	77	266	#
125	4.09617	55	65	266	#
126	2.6616	55	69	266	#
127	2.0717	55	73	266	#
128	1.61253	55	77	266	#
129	3.41948	59	69	266	#
130	2.6616	59	73	266	#
131	2.0717	59	77	266	#
132	4.22593	158	196	267	#
133	2.74592	158	200	267	#
134	1.78424	158	204	267	#
135	1.38879	158	208	267	#
136	1.08098	158	212	267	#
137	3.52781	162	200	267	#
138	2.29229	162	204	267	#
139	1.78424	162	208	267	#
140	1.38879	162	212	267	#
141	2.94501	166	204	267	#
142	2.29229	166	208	267	#
143	1.78424	166	212	267	#
144	7.77648	116	159	268	#
145	5.05299	116	163	268	#
146	3.28333	116	167	268	#
147	2.55563	116	171	268	#
148	1.98921	116	175	268	#
149	6.49181	120	163	268	#
150	4.21824	120	167	268	#
151	3.28333	120	171	268	#
152	2.55563	120	175	268	#
153	5.41936	124	167	268	#
154	4.21824	124	171	268	#
155	3.28333	124	175	268	#
156	3.10912	113	127	269	#
157	2.02024	113	131	269	#
158	1.31271	113	135	269	#
159	1.02177	113	139	269	#
160	0.795306	113	143	269	#
161	2.59549	117	131	269	#
162	1.6865	117	135	269	#
163	1.31271	117	139	269	#
164	1.02177	117	143	269	#
165	2.16672	121	135	269	#
166	1.6865	121	139	269	#
167	1.31271	121	143	269	#
168	4.21416	54	92	270	#
169	2.73827	54	96	270	#
170	1.77927	54	100	270	#
171	1.38492	54	104	270	#
172	1.07797	54	108	270	#
173	3.51798	58	96	270	#
174	2.28591	58	100	270	#
175	1.77927	58	104	270	#
176	1.38492	58	108	270	#
177	2.93681	62	100	270	#
178	2.28591	62	104	270	#
179	1.77927	62	108	270	#
180	8.00656	144	187	271	#
181	5.20249	144	191	271	#
182	3.38047	144	195	271	#
183	2.63124	144	199	271	#
184	2.04806	144	203	271	#
185	6.68388	148	191	271	#
186	4.34305	148	195	271	#
187	3.38047	148	199	271	#
188	2.63124	148	203	271	#
189	5.57971	152	195	271	#
190	4.34305	152	199	271	#
191	3.38047	152	203	271	#
192	5.38238	196	238	272	#
193	3.49736	196	242	272	#
194	2.27251	196	246	272	#
195	1.76884	196	250	272	#
196	1.3768	196	254	272	#
197	4.49321	200	242	272	#
198	2.9196	200	246	272	#
199	2.27251	200	250	272	#
200	1.76884	200	254	272	#
201	3.75094	204	246	272	#
202	2.9196	204	250	272	#
203	2.27251	204	254	272	#
204	5.55095	119	129	273	#
205	3.60689	119	133	273	#
206	2.34368	119	137	273	#
207	1.82424	119	141	273	#
208	1.41992	119	145	273	#
209	4.63394	123	133	273	#
210	3.01104	123	137	273	#
211	2.34368	123	141	273	#
212	1.82424	123	145	273	#
213	3.86841	127	137	273	#
214	3.01104	127	141	273	#
215	2.34368	127	145	273	#
216	1.7652	21	34	274	#
217	1.14699	21	38	274	#
218	0.74529	21	42	274	#
219	0.580107	21	46	274	#
220	0.451535	21	50	274	#
221	1.47359	25	38	274	#
222	0.957507	25	42	274	#
223	0.74529	25	46	274	#
224	0.580107	25	50	274	#
225	1.23015	29	42	274	#
226	0.957507	29	46	274	#
227	0.74529	29	50	274	#
228	3.42367	48	90	275	#
229	2.22463	48	94	275	#
230	1.44552	48	98	275	#
231	1.12514	48	102	275	#
232	0.875767	48	106	275	#
233	2.85808	52	94	275	#
234	1.85712	52	98	275	#
235	1.44552	52	102	275	#
236	1.12514	52	106	275	#
237	2.38593	56	98	275	#
238	1.85712	56	102	275	#
239	1.44552	56	106	275	#
240	8.33845	147	184	276	#
241	5.41815	147	188	276	#
242	3.5206	147	192	276	#
243	2.74031	147	196	276	#
244	2.13296	147	200	276	#
245	6.96095	151	188	276	#
246	4.52308	151	192	276	#
247	3.5206	151	196	276	#
248	2.74031	151	200	276	#
249	5.811	155	192	276	#
250	4.52308	155	196	276	#
251	3.5206	155	200	276	#
252	4.02504	93	124	277	#
253	2.61539	93	128	277	#
254	1.69942	93	132	277	#
255	1.32277	93	136	277	#
256	1.0296	93	140	277	#
257	3.36011	97	128	277	#
258	2.18333	97	132	277	#
259	1.69942	97	136	277	#
260	1.32277	97	140	277	#
261	2.80502	101	132	277	#
262	2.18333	101	136	277	#
263	1.69942	101	140	277	#
264	2.08661	230	241	278	#
265	1.35583	230	245	278	#
266	0.880993	230	249	278	#
267	0.685734	230	253	278	#
268	1.7419	234	245	278	#
269	1.13185	234	249	278	#
270	0.880993	234	253	278	#
271	1.45414	238	249	278	#
272	1.13185	238	253	278	#
273	3.45121	80	113	279	#
274	2.24252	80	117	279	#
275	1.45714	80	121	279	#
276	1.13419	80	125	279	#
277	0.882812	80	129	279	#
278	2.88107	84	117	279	#
279	1.87206	84	121	279	#
280	1.45714	84	125	279	#
281	1.13419	84	129	279	#
282	2.40512	88	121	279	#
283	1.87206	88	125	279	#
284	1.45714	88	129	279	#
285	3.28887	227	237	280	#
286	2.13704	227	241	280	#
287	1.3886	227	245	280	#
288	1.08084	227	249	280	#
289	0.841286	227	253	280	#
290	2.74555	231	241	280	#
291	1.784	231	245	280	#
292	1.3886	231	249	280	#
293	1.08084	231	253	280	#
294	2.29198	235	245	280	#
295	1.784	235	249	280	#
296	1.3886	235	253	280	#
297	6.60329	143	180	281	#
298	4.29068	143	184	281	#
299	2.78799	143	188	281	#
300	2.17007	143	192	281	#
301	1.68911	143	196	281	#
302	5.51243	147	184	281	#
303	3.58186	147	188	281	#
304	2.78799	147	192	281	#
305	2.17007	147	196	281	#
306	4.60178	151	188	281	#
307	3.58186	151	192	281	#
308	2.78799	151	196	281	#
309	2.14977	213	226	282	#
310	1.39687	213	230	282	#
311	0.907659	213	234	282	#
312	0.70649	213	238	282	#
313	0.549906	213	242	282	#
314	1.79463	217	230	282	#
315	1.16611	217	234	282	#
316	0.907659	217	238	282	#
317	0.70649	217	242	282	#
318	1.49816	221	234	282	#
319	1.16611	221	238	282	#
320	0.907659	221	242	282	#
321	3.40336	12	54	283	#
322	2.21143	12	58	283	#
323	1.43694	12	62	283	#
324	1.11847	12	66	283	#
325	0.870574	12	70	283	#
326	2.84113	16	58	283	#
327	1.84611	16	62	283	#
328	1.43694	16	66	283	#
329	1.11847	16	70	283	#
330	2.37178	20	62	283	#
331	1.84611	20	66	283	#
332	1.43694	20	70	283	#
333	2.97061	18	56	284	#
334	1.93024	18	60	284	#
335	1.25423	18	64	284	#
336	0.976247	18	68	284	#
337	0.759876	18	72	284	#
338	2.47987	22	60	284	#
339	1.61137	22	64	284	#
340	1.25423	22	68	284	#
341	0.976247	22	72	284	#
342	2.07019	26	64	284	#
343	1.61137	26	68	284	#
344	1.25423	26	72	284	#
345	3.83516	3	40	285	#
346	2.49201	3	44	285	#
347	1.93969	3	48	285	#
348	1.50979	3	52	285	#
349	3.2016	7	44	285	#
350	2.49201	7	48	285	#
351	1.93969	7	52	285	#
352	1.11896	82	93	286	#
353	0.727078	82	97	286	#
354	0.47244	82	101	286	#
355	0.36773	82	105	286	#
356	0.286228	82	109	286	#
357	0.93411	86	97	286	#
358	0.606965	86	101	286	#
359	0.47244	86	105	286	#
360	0.36773	86	109	286	#
361	0.779795	90	101	286	#
362	0.606965	90	105	286	#
363	0.47244	90	109	286	#
364	1.5014	121	134	287	#
365	0.975581	121	138	287	#
366	0.633912	121	142	287	#
367	0.493415	121	146	287	#
368	0.384056	121	150	287	#
369	1.25337	125	138	287	#
370	0.814416	125	142	287	#
371	0.633912	125	146	287	#
372	0.493415	125	150	287	#
373	1.04632	129	142	287	#
374	0.814416	129	146	287	#
375	0.633912	129	150	287	#
376	3.00335	96	129	288	#
377	1.95151	96	133	288	#
378	1.26805	96	137	288	#
379	0.987006	96	141	288	#
380	0.76825	96	145	288	#
381	2.5072	100	133	288	#
382	1.62912	100	137	288	#
383	1.26805	100	141	288	#
384	0.987006	100	145	288	#
385	2.09301	104	137	288	#
386	1.62912	104	141	288	#
387	1.26805	104	145	288	#
388	1.20466	174	185	289	#
389	0.782765	174	189	289	#
390	0.508624	174	193	289	#
391	0.395895	174	197	289	#
392	0.308151	174	201	289	#
393	1.00565	178	189	289	#
394	0.653453	178	193	289	#
395	0.508624	178	197	289	#
396	0.395895	178	201	289	#
397	0.83952	182	193	289	#
398	0.653453	182	197	289	#
399	0.508624	182	201	289	#
400	4.22178	193	224	290	#
401	2.74323	193	228	290	#
402	1.78249	193	232	290	#
403	1.38743	193	236	290	#
404	1.07992	193	240	290	#
405	3.52435	197	228	290	#
406	2.29005	197	232	290	#
407	1.78249	197	236	290	#
408	1.38743	197	240	290	#
409	2.94213	201	232	290	#
410	2.29005	201	236	290	#
411	1.78249	201	240	290	#
412	5.01349	59	69	291	#
413	3.25766	59	73	291	#
414	2.11676	59	77	291	#
415	1.64761	59	81	291	#
416	1.28244	59	85	291	#
417	4.18526	63	73	291	#
418	2.71949	63	77	291	#
419	2.11676	63	81	291	#
420	1.64761	63	85	291	#
421	3.49386	67	77	291	#
422	2.71949	67	81	291	#
423	2.11676	67	85	291	#
424	3.0497	138	176	292	#
425	1.98163	138	180	292	#
426	1.28762	138	184	292	#
427	1.00224	138	188	292	#
428	0.780108	138	192	292	#
429	2.54589	142	180	292	#
430	1.65427	142	184	292	#
431	1.28762	142	188	292	#
432	1.00224	142	192	292	#
433	2.12531	146	184	292	#
434	1.65427	146	188	292	#
435	1.28762	146	192	292	#
436	8.35976	115	152	293	#
437	5.432	115	156	293	#
438	3.5296	115	160	293	#
439	2.74731	115	164	293	#
440	2.13841	115	168	293	#
441	6.97874	119	156	293	#
442	4.53464	119	160	293	#
443	3.5296	119	164	293	#
444	2.74731	119	168	293	#
445	5.82585	123	160	293	#
446	4.53464	123	164	293	#
447	3.5296	123	168	293	#
448	4.22566	24	66	294	#
449	2.74575	24	70	294	#
450	1.78413	24	74	294	#
451	1.3887	24	78	294	#
452	1.08092	24	82	294	#
453	3.52759	28	70	294	#
454	2.29215	28	74	294	#
455	1.78413	28	78	294	#
456	1.3887	28	82	294	#
457	2.94483	32	74	294	#
458	2.29215	32	78	294	#
459	1.78413	32	82	294	#
460	4.60488	15	52	295	#
461	2.99215	15	56	295	#
462	1.94424	15	60	295	#
463	1.51333	15	64	295	#
464	1.17792	15	68	295	#
465	3.84416	19	56	295	#
466	2.49785	19	60	295	#
467	1.94424	19	64	295	#
468	1.51333	19	68	295	#
469	3.2091	23	60	295	#
470	2.49785	23	64	295	#
471	1.94424	23	68	295	#
472	4.42224	10	48	296	#
473	2.87348	10	52	296	#
474	1.86713	10	56	296	#
475	1.4533	10	60	296	#
476	1.1312	10	64	296	#
477	3.69169	14	52	296	#
478	2.39878	14	56	296	#
479	1.86713	14	60	296	#
480	1.4533	14	64	296	#
481	3.08182	18	56	296	#
482	2.39878	18	60	296	#
483	1.86713	18	64	296	#
484	2.77317	106	144	297	#
485	1.80195	106	148	297	#
486	1.17087	106	152	297	#
487	0.911363	106	156	297	#
488	0.709373	106	160	297	#
489	2.31505	110	148	297	#
490	1.50427	110	152	297	#
491	1.17087	110	156	297	#
492	0.911363	110	160	297	#
493	1.9326	114	152	297	#
494	1.50427	114	156	297	#
495	1.17087	114	160	297	#
496	1.65484	65	78	298	#
497	1.07528	65	82	298	#
498	0.698694	65	86	298	#
499	0.543839	65	90	298	#
500	0.423305	65	94	298	#
501	1.38146	69	82	298	#
502	0.897644	69	86	298	#
503	0.698694	69	90	298	#
504	0.543839	69	94	298	#
505	1.15324	73	86	298	#
506	0.897644	73	90	298	#
507	0.698694	73	94	298	#
508	7.34378	7	44	299	#
509	4.77184	7	48	299	#
510	3.10064	7	52	299	#
511	2.41343	7	56	299	#
512	1.87853	7	60	299	#
513	6.13059	11	48	299	#
514	3.98353	11	52	299	#
515	3.10064	11	56	299	#
516	2.41343	11	60	299	#
517	5.11782	15	52	299	#
518	3.98353	15	56	299	#
519	3.10064	15	60	299	#
520	4.60237	71	81	300	#
521	2.99052	71	85	300	#
522	1.94318	71	89	300	#
523	1.5125	71	93	300	#
524	1.17728	71	97	300	#
525	3.84206	75	85	300	#
526	2.49649	75	89	300	#
527	1.94318	75	93	300	#
528	1.5125	75	97	300	#
529	3.20736	79	89	300	#
530	2.49649	79	93	300	#
531	1.94318	79	97	300	#
532	2.20078	234	245	301	#
533	1.43002	234	249	301	#
534	0.929196	234	253	301	#
535	1.83721	238	249	301	#
536	1.19378	238	253	301	#
537	1.5337	242	253	301	#
538	2.33572	194	205	302	#
539	1.5177	194	209	302	#
540	0.98617	194	213	302	#
541	0.7676	194	217	302	#
542	0.597472	194	221	302	#
543	1.94986	198	209	302	#
544	1.26698	198	213	302	#
545	0.98617	198	217	302	#
546	0.7676	198	221	302	#
547	1.62774	202	213	302	#
548	1.26698	202	217	302	#
549	0.98617	202	221	302	#
550	6.99693	35	72	303	#
551	4.54646	35	76	303	#
552	2.9542	35	80	303	#
553	2.29944	35	84	303	#
554	1.7898	35	88	303	#
555	5.84105	39	76	303	#
556	3.79539	39	80	303	#
557	2.9542	39	84	303	#
558	2.29944	39	88	303	#
559	4.87611	43	80	303	#
560	3.79539	43	84	303	#
561	2.9542	43	88	303	#
562	2.72773	144	177	304	#
563	1.77242	144	181	304	#
564	1.15168	144	185	304	#
565	0.89643	144	189	304	#
566	0.697749	144	193	304	#
567	2.27711	148	181	304	#
568	1.47962	148	185	304	#
569	1.15168	148	189	304	#
570	0.89643	148	193	304	#
571	1.90094	152	185	304	#
572	1.47962	152	189	304	#
573	1.15168	152	193	304	#
574	5.70553	235	245	305	#
575	3.70733	235	249	305	#
576	2.40895	235	253	305	#
577	4.76298	239	249	305	#
578	3.09488	239	253	305	#
579	3.97614	243	253	305	#
580	5.88131	114	152	306	#
581	3.82155	114	156	306	#
582	2.48316	114	160	306	#
583	1.93281	114	164	306	#
584	1.50443	114	168	306	#
585	4.90972	118	156	306	#
586	3.19023	118	160	306	#
587	2.48316	118	164	306	#
588	1.93281	118	168	306	#
589	4.09864	122	160	306	#
590	3.19023	122	164	306	#
591	2.48316	122	168	306	#
592	1.40864	198	209	307	#
593	0.915304	198	213	307	#
594	0.594745	198	217	307	#
595	0.462929	198	221	307	#
596	0.360327	198	225	307	#
597	1.17593	202	213	307	#
598	0.764096	202	217	307	#
599	0.594745	202	221	307	#
600	0.462929	202	225	307	#
601	0.981669	206	217	307	#
602	0.764096	206	221	307	#
603	0.594745	206	225	307	#
604	5.88627	203	240	308	#
605	3.82477	203	244	308	#
606	2.48526	203	248	308	#
607	1.93444	203	252	308	#
608	4.91386	207	244	308	#
609	3.19292	207	248	308	#
610	2.48526	207	252	308	#
611	4.10209	211	248	308	#
612	3.19292	211	252	308	#
613	4.92336	47	57	309	#
614	3.19909	47	61	309	#
615	2.0787	47	65	309	#
616	1.61799	47	69	309	#
617	1.25939	47	73	309	#
618	4.11002	51	61	309	#
619	2.67061	51	65	309	#
620	2.0787	51	69	309	#
621	1.61799	51	73	309	#
622	3.43105	55	65	309	#
623	2.67061	55	69	309	#
624	2.0787	55	73	309	#
625	4.23845	206	244	310	#
626	2.75406	206	248	310	#
627	1.78953	206	252	310	#
628	3.53826	210	248	310	#
629	2.29909	210	252	310	#
630	2.95374	214	252	310	#
631	4.65065	185	199	311	#
632	3.0219	185	203	311	#
633	1.96357	185	207	311	#
634	1.52837	185	211	311	#
635	1.18963	185	215	311	#
636	3.88237	189	203	311	#
637	2.52268	189	207	311	#
638	1.96357	189	211	311	#
639	1.52837	189	215	311	#
640	3.241	193	207	311	#
641	2.52268	193	211	311	#
642	1.96357	193	215	311	#
643	6.01883	40	82	312	#
644	3.91091	40	86	312	#
645	2.54123	40	90	312	#
646	1.978	40	94	312	#
647	1.53961	40	98	312	#
648	5.02453	44	86	312	#
649	3.26483	44	90	312	#
650	2.54123	44	94	312	#
651	1.978	44	98	312	#
652	4.19448	48	90	312	#
653	3.26483	48	94	312	#
654	2.54123	48	98	312	#
655	3.85677	205	219	313	#
656	2.50605	205	223	313	#
657	1.62838	205	227	313	#
658	1.26747	205	231	313	#
659	0.986554	205	235	313	#
660	3.21963	209	223	313	#
661	2.09205	209	227	313	#
662	1.62838	209	231	313	#
663	1.26747	209	235	313	#
664	2.68775	213	227	313	#
665	2.09205	213	231	313	#
666	1.62838	213	235	313	#
667	3.32547	28	70	314	#
668	2.16082	28	74	314	#
669	1.40405	28	78	314	#
670	1.09287	28	82	314	#
671	0.850648	28	86	314	#
672	2.7761	32	74	314	#
673	1.80385	32	78	314	#
674	1.40405	32	82	314	#
675	1.09287	32	86	314	#
676	2.31749	36	78	314	#
677	1.80385	36	82	314	#
678	1.40405	36	86	314	#
679	4.1589	98	136	315	#
680	2.70237	98	140	315	#
681	1.75594	98	144	315	#
682	1.36676	98	148	315	#
683	1.06384	98	152	315	#
684	3.47185	102	140	315	#
685	2.25594	102	144	315	#
686	1.75594	102	148	315	#
687	1.36676	102	152	315	#
688	2.89831	106	144	315	#
689	2.25594	106	148	315	#
690	1.75594	106	152	315	#
691	3.97499	140	173	316	#
692	2.58287	140	177	316	#
693	1.67829	140	181	316	#
694	1.30632	140	185	316	#
695	1.0168	140	189	316	#
696	3.31833	144	177	316	#
697	2.15618	144	181	316	#
698	1.67829	144	185	316	#
699	1.30632	144	189	316	#
700	2.77014	148	181	316	#
701	2.15618	148	185	316	#
702	1.67829	148	189	316	#
703	5.10525	19	29	317	#
704	3.31728	19	33	317	#
705	2.1555	19	37	317	#
706	1.67777	19	41	317	#
707	1.30591	19	45	317	#
708	4.26187	23	33	317	#
709	2.76927	23	37	317	#
710	2.1555	23	41	317	#
711	1.67777	23	45	317	#
712	3.55781	27	37	317	#
713	2.76927	27	41	317	#
714	2.1555	27	45	317	#
715	2.89571	88	121	318	#
716	1.88157	88	125	318	#
717	1.22261	88	129	318	#
718	0.951632	88	133	318	#
719	0.740717	88	137	318	#
720	2.41734	92	125	318	#
721	1.57074	92	129	318	#
722	1.22261	92	133	318	#
723	0.951632	92	137	318	#
724	2.018	96	129	318	#
725	1.57074	96	133	318	#
726	1.22261	96	137	318	#
727	5.39926	127	137	319	#
728	3.50833	127	141	319	#
729	2.27964	127	145	319	#
730	1.77439	127	149	319	#
731	1.38112	127	153	319	#
732	4.50731	131	141	319	#
733	2.92876	131	145	319	#
734	2.27964	131	149	319	#
735	1.77439	131	153	319	#
736	3.7627	135	145	319	#
737	2.92876	135	149	319	#
738	2.27964	135	153	319	#
739	2.39977	136	169	320	#
740	1.55932	136	173	320	#
741	1.01321	136	177	320	#
742	0.788649	136	181	320	#
743	0.613857	136	185	320	#
744	2.00333	140	173	320	#
745	1.30172	140	177	320	#
746	1.01321	140	181	320	#
747	0.788649	140	185	320	#
748	1.67238	144	177	320	#
749	1.30172	144	181	320	#
750	1.01321	144	185	320	#
751	3.69589	117	148	321	#
752	2.40151	117	152	321	#
753	1.56045	117	156	321	#
754	1.2146	117	160	321	#
755	0.945401	117	164	321	#
756	3.08533	121	152	321	#
757	2.00478	121	156	321	#
758	1.56045	121	160	321	#
759	1.2146	121	164	321	#
760	2.57564	125	156	321	#
761	2.00478	125	160	321	#
762	1.56045	125	164	321	#
763	4.44661	31	41	322	#
764	2.88932	31	45	322	#
765	1.87742	31	49	322	#
766	1.46131	31	53	322	#
767	1.13744	31	57	322	#
768	3.71204	35	45	322	#
769	2.412	35	49	322	#
770	1.87742	35	53	322	#
771	1.46131	35	57	322	#
772	3.09881	39	49	322	#
773	2.412	39	53	322	#
774	1.87742	39	57	322	#
775	6.88663	207	244	323	#
776	4.47479	207	248	323	#
777	2.90762	207	252	323	#
778	5.74897	211	248	323	#
779	3.73556	211	252	323	#
780	4.79924	215	252	323	#
781	8.06684	124	167	324	#
782	5.24166	124	171	324	#
783	3.40592	124	175	324	#
784	2.65105	124	179	324	#
785	2.06348	124	183	324	#
786	6.7342	128	171	324	#
787	4.37574	128	175	324	#
788	3.40592	128	179	324	#
789	2.65105	128	183	324	#
790	5.62172	132	175	324	#
791	4.37574	132	179	324	#
792	3.40592	132	183	324	#
793	2.98063	188	230	325	#
794	1.93675	188	234	325	#
795	1.25846	188	238	325	#
796	0.979541	188	242	325	#
797	0.76244	188	246	325	#
798	2.48823	192	234	325	#
799	1.6168	192	238	325	#
800	1.25846	192	242	325	#
801	0.979541	192	246	325	#
802	2.07718	196	238	325	#
803	1.6168	196	242	325	#
804	1.25846	196	246	325	#
805	3.06589	89	103	326	#
806	1.99215	89	107	326	#
807	1.29446	89	111	326	#
808	1.00756	89	115	326	#
809	0.784249	89	119	326	#
810	2.55941	93	107	326	#
811	1.66305	93	111	326	#
812	1.29446	93	115	326	#
813	1.00756	93	119	326	#
814	2.1366	97	111	326	#
815	1.66305	97	115	326	#
816	1.29446	97	119	326	#
817	2.22485	118	129	327	#
818	1.44566	118	133	327	#
819	0.93936	118	137	327	#
820	0.731164	118	141	327	#
821	0.569112	118	145	327	#
822	1.85731	122	133	327	#
823	1.20684	122	137	327	#
824	0.93936	122	141	327	#
825	0.731164	122	145	327	#
826	1.55048	126	137	327	#
827	1.20684	126	141	327	#
828	0.93936	126	145	327	#
829	2.17493	146	157	328	#
830	1.41323	146	161	328	#
831	0.918284	146	165	328	#
832	0.71476	146	169	328	#
833	0.556344	146	173	328	#
834	1.81563	150	161	328	#
835	1.17976	150	165	328	#
836	0.918284	150	169	328	#
837	0.71476	150	173	328	#
838	1.51569	154	165	328	#
839	1.17976	154	169	328	#
840	0.918284	154	173	328	#
841	3.97563	20	53	329	#
842	2.58328	20	57	329	#
843	1.67856	20	61	329	#
844	1.30653	20	65	329	#
845	1.01696	20	69	329	#
846	3.31886	24	57	329	#
847	2.15652	24	61	329	#
848	1.67856	24	65	329	#
849	1.30653	24	69	329	#
850	2.77058	28	61	329	#
851	2.15652	28	65	329	#
852	1.67856	28	69	329	#
853	4.31467	97	111	330	#
854	2.80358	97	115	330	#
855	1.82171	97	119	330	#
856	1.41795	97	123	330	#
857	1.10368	97	127	330	#
858	3.60189	101	115	330	#
859	2.34043	101	119	330	#
860	1.82171	101	123	330	#
861	1.41795	101	127	330	#
862	3.00686	105	119	330	#
863	2.34043	105	123	330	#
864	1.82171	105	127	330	#
865	7.62738	88	131	331	#
866	4.95611	88	135	331	#
867	3.22038	88	139	331	#
868	2.50663	88	143	331	#
869	1.95107	88	147	331	#
870	6.36734	92	135	331	#
871	4.13737	92	139	331	#
872	3.22038	92	143	331	#
873	2.50663	92	147	331	#
874	5.31546	96	139	331	#
875	4.13737	96	143	331	#
876	3.22038	96	147	331	#
877	4.01632	102	140	332	#
878	2.60972	102	144	332	#
879	1.69574	102	148	332	#
880	1.3199	102	152	332	#
881	1.02737	102	156	332	#
882	3.35283	106	144	332	#
883	2.1786	106	148	332	#
884	1.69574	106	152	332	#
885	1.3199	106	156	332	#
886	2.79894	110	148	332	#
887	2.1786	110	152	332	#
888	1.69574	110	156	332	#
889	4.92917	207	217	333	#
890	3.20287	207	221	333	#
891	2.08116	207	225	333	#
892	1.6199	207	229	333	#
893	1.26087	207	233	333	#
894	4.11488	211	221	333	#
895	2.67376	211	225	333	#
896	2.08116	211	229	333	#
897	1.6199	211	233	333	#
898	3.4351	215	225	333	#
899	2.67376	215	229	333	#
900	2.08116	215	233	333	#
901	4.70041	75	112	334	#
902	3.05423	75	116	334	#
903	1.98458	75	120	334	#
904	1.54472	75	124	334	#
905	1.20236	75	128	334	#
906	3.92391	79	116	334	#
907	2.54967	79	120	334	#
908	1.98458	79	124	334	#
909	1.54472	79	128	334	#
910	3.27568	83	120	334	#
911	2.54967	83	124	334	#
912	1.98458	83	128	334	#
913	8.46013	91	128	335	#
914	5.49722	91	132	335	#
915	3.57198	91	136	335	#
916	2.7803	91	140	335	#
917	2.16409	91	144	335	#
918	7.06252	95	132	335	#
919	4.58908	95	136	335	#
920	3.57198	95	140	335	#
921	2.7803	95	144	335	#
922	5.8958	99	136	335	#
923	4.58908	99	140	335	#
924	3.57198	99	144	335	#
925	2.22435	186	197	336	#
926	1.44533	186	201	336	#
927	0.939148	186	205	336	#
928	0.730999	186	209	336	#
929	0.568984	186	213	336	#
930	1.85689	190	201	336	#
931	1.20657	190	205	336	#
932	0.939148	190	209	336	#
933	0.730999	190	213	336	#
934	1.55013	194	205	336	#
935	1.20657	194	209	336	#
936	0.939148	194	213	336	#
937	4.02806	136	178	337	#
938	2.61735	136	182	337	#
939	1.7007	136	186	337	#
940	1.32376	136	190	337	#
941	1.03037	136	194	337	#
942	3.36263	140	182	337	#
943	2.18496	140	186	337	#
944	1.7007	140	190	337	#
945	1.32376	140	194	337	#
946	2.80712	144	186	337	#
947	2.18496	144	190	337	#
948	1.7007	144	194	337	#
949	3.16503	146	184	338	#
950	2.05657	146	188	338	#
951	1.33632	146	192	338	#
952	1.04014	146	196	338	#
953	0.809609	146	200	338	#
954	2.64217	150	188	338	#
955	1.71683	150	192	338	#
956	1.33632	150	196	338	#
957	1.04014	150	200	338	#
958	2.20569	154	192	338	#
959	1.71683	154	196	338	#
960	1.33632	154	200	338	#
961	4.22188	31	41	339	#
962	2.74329	31	45	339	#
963	1.78253	31	49	339	#
964	1.38746	31	53	339	#
965	1.07995	31	57	339	#
966	3.52443	35	45	339	#
967	2.2901	35	49	339	#
968	1.78253	35	53	339	#
969	1.38746	35	57	339	#
970	2.94219	39	49	339	#
971	2.2901	39	53	339	#
972	1.78253	39	57	339	#
973	3.1662	3	13	340	#
974	2.46446	3	17	340	#
975	1.91824	3	21	340	#
976	2.92376	16	49	341	#
977	1.8998	16	53	341	#
978	1.23445	16	57	341	#
979	0.960852	16	61	341	#
980	0.747893	16	65	341	#
981	2.44076	20	53	341	#
982	1.58595	20	57	341	#
983	1.23445	20	61	341	#
984	0.960852	20	65	341	#
985	2.03755	24	57	341	#
986	1.58595	24	61	341	#
987	1.23445	24	65	341	#
988	5.46616	231	241	342	#
989	3.5518	231	245	342	#
990	2.30788	231	249	342	#
991	1.79637	231	253	342	#
992	4.56315	235	245	342	#
993	2.96504	235	249	342	#
994	2.30788	235	253	342	#
995	3.80932	239	249	342	#
996	2.96504	239	253	342	#
997	3.41085	143	153	343	#
998	2.2163	143	157	343	#
999	1.4401	143	161	343	#
1000	1.12092	143	165	343	#
1001	0.872488	143	169	343	#
1002	2.84738	147	157	343	#
1003	1.85017	147	161	343	#
1004	1.4401	147	165	343	#
1005	1.12092	147	169	343	#
1006	2.37699	151	161	343	#
1007	1.85017	151	165	343	#
1008	1.4401	151	169	343	#
