%% File generated by CATS v.2.1Mon Jul  4 11:06:29 2011

%% The CATS webpage is http://robotics.stanford.edu/CATS

%% PARAMETER SETTINGS:
% Goods: 256; Bids: 1000; Distribution: matching; Runs: 1; Seed: 1309806465
% Matching Distribution Parameters:
% Max airport price       = 5
% Early takeoff deviation = 1
% Late takeoff deviation  = 2
% Early landing deviation = 1
% Late landing deviation  = 2
% Deviation               = 0.500000
% Delay coefficient       = 0.900000
% Amount late coefficient = 0.750000



goods 256
bids 1006
dummy 104

0	6.14718	27	64	256	#
1	4.14935	27	68	256	#
2	3.73441	27	72	256	#
3	3.36097	27	76	256	#
4	4.61038	31	68	256	#
5	4.14935	31	72	256	#
6	3.73441	31	76	256	#
7	4.61038	35	72	256	#
8	4.14935	35	76	256	#
9	4.61038	39	76	256	#
10	15.5199	84	126	257	#
11	10.4759	84	130	257	#
12	9.42831	84	134	257	#
13	8.48548	84	138	257	#
14	11.6399	88	130	257	#
15	10.4759	88	134	257	#
16	9.42831	88	138	257	#
17	11.6399	92	134	257	#
18	10.4759	92	138	257	#
19	11.6399	96	138	257	#
20	14.656	44	86	258	#
21	9.89277	44	90	258	#
22	8.90349	44	94	258	#
23	8.01314	44	98	258	#
24	10.992	48	90	258	#
25	9.89277	48	94	258	#
26	8.90349	48	98	258	#
27	10.992	52	94	258	#
28	9.89277	52	98	258	#
29	10.992	56	98	258	#
30	12.2819	227	237	259	#
31	8.29031	227	241	259	#
32	7.46128	227	245	259	#
33	6.71515	227	249	259	#
34	9.21145	231	241	259	#
35	8.29031	231	245	259	#
36	7.46128	231	249	259	#
37	9.21145	235	245	259	#
38	8.29031	235	249	259	#
39	9.21145	239	249	259	#
40	7.27253	152	194	260	#
41	4.90896	152	198	260	#
42	4.41806	152	202	260	#
43	3.97626	152	206	260	#
44	5.4544	156	198	260	#
45	4.90896	156	202	260	#
46	4.41806	156	206	260	#
47	5.4544	160	202	260	#
48	4.90896	160	206	260	#
49	5.4544	164	206	260	#
50	8.12765	1	14	261	#
51	7.31489	1	18	261	#
52	6.5834	1	22	261	#
53	8.12765	5	18	261	#
54	7.31489	5	22	261	#
55	8.12765	9	22	261	#
56	18.0227	198	209	262	#
57	12.1653	198	213	262	#
58	10.9488	198	217	262	#
59	9.8539	198	221	262	#
60	13.517	202	213	262	#
61	12.1653	202	217	262	#
62	10.9488	202	221	262	#
63	13.517	206	217	262	#
64	12.1653	206	221	262	#
65	13.517	210	221	262	#
66	13.5104	98	109	263	#
67	9.11951	98	113	263	#
68	8.20756	98	117	263	#
69	7.3868	98	121	263	#
70	10.1328	102	113	263	#
71	9.11951	102	117	263	#
72	8.20756	102	121	263	#
73	10.1328	106	117	263	#
74	9.11951	106	121	263	#
75	10.1328	110	121	263	#
76	13.1019	46	84	264	#
77	8.84378	46	88	264	#
78	7.9594	46	92	264	#
79	7.16346	46	96	264	#
80	9.82642	50	88	264	#
81	8.84378	50	92	264	#
82	7.9594	50	96	264	#
83	9.82642	54	92	264	#
84	8.84378	54	96	264	#
85	9.82642	58	96	264	#
86	4.72935	37	51	265	#
87	3.19231	37	55	265	#
88	2.87308	37	59	265	#
89	2.58577	37	63	265	#
90	3.54701	41	55	265	#
91	3.19231	41	59	265	#
92	2.87308	41	63	265	#
93	3.54701	45	59	265	#
94	3.19231	45	63	265	#
95	3.54701	49	63	265	#
96	16.1113	33	64	266	#
97	10.8751	33	68	266	#
98	9.78763	33	72	266	#
99	8.80887	33	76	266	#
100	12.0835	37	68	266	#
101	10.8751	37	72	266	#
102	9.78763	37	76	266	#
103	12.0835	41	72	266	#
104	10.8751	41	76	266	#
105	12.0835	45	76	266	#
106	4.63383	31	68	267	#
107	3.12784	31	72	267	#
108	2.81505	31	76	267	#
109	2.53355	31	80	267	#
110	3.47537	35	72	267	#
111	3.12784	35	76	267	#
112	2.81505	35	80	267	#
113	3.47537	39	76	267	#
114	3.12784	39	80	267	#
115	3.47537	43	80	267	#
116	14.6974	73	104	268	#
117	9.92073	73	108	268	#
118	8.92866	73	112	268	#
119	8.03579	73	116	268	#
120	11.023	77	108	268	#
121	9.92073	77	112	268	#
122	8.92866	77	116	268	#
123	11.023	81	112	268	#
124	9.92073	81	116	268	#
125	11.023	85	116	268	#
126	4.26358	108	151	269	#
127	2.87792	108	155	269	#
128	2.59013	108	159	269	#
129	2.33112	108	163	269	#
130	3.19769	112	155	269	#
131	2.87792	112	159	269	#
132	2.59013	112	163	269	#
133	3.19769	116	159	269	#
134	2.87792	116	163	269	#
135	3.19769	120	163	269	#
136	7.64135	2	13	270	#
137	6.87722	2	17	270	#
138	6.1895	2	21	270	#
139	7.64135	6	17	270	#
140	6.87722	6	21	270	#
141	7.64135	10	21	270	#
142	6.76237	28	61	271	#
143	4.5646	28	65	271	#
144	4.10814	28	69	271	#
145	3.69733	28	73	271	#
146	5.07178	32	65	271	#
147	4.5646	32	69	271	#
148	4.10814	32	73	271	#
149	5.07178	36	69	271	#
150	4.5646	36	73	271	#
151	5.07178	40	73	271	#
152	15.8003	210	221	272	#
153	10.6652	210	225	272	#
154	9.59869	210	229	272	#
155	8.63882	210	233	272	#
156	11.8502	214	225	272	#
157	10.6652	214	229	272	#
158	9.59869	214	233	272	#
159	11.8502	218	229	272	#
160	10.6652	218	233	272	#
161	11.8502	222	233	272	#
162	9.00793	2	40	273	#
163	6.08035	2	44	273	#
164	5.47231	2	48	273	#
165	4.92508	2	52	273	#
166	6.75594	6	44	273	#
167	6.08035	6	48	273	#
168	5.47231	6	52	273	#
169	6.75594	10	48	273	#
170	6.08035	10	52	273	#
171	6.75594	14	52	273	#
172	5.62576	164	207	274	#
173	3.79739	164	211	274	#
174	3.41765	164	215	274	#
175	3.07589	164	219	274	#
176	4.21932	168	211	274	#
177	3.79739	168	215	274	#
178	3.41765	168	219	274	#
179	4.21932	172	215	274	#
180	3.79739	172	219	274	#
181	4.21932	176	219	274	#
182	11.3486	42	80	275	#
183	7.66031	42	84	275	#
184	6.89428	42	88	275	#
185	6.20485	42	92	275	#
186	8.51146	46	84	275	#
187	7.66031	46	88	275	#
188	6.89428	46	92	275	#
189	8.51146	50	88	275	#
190	7.66031	50	92	275	#
191	8.51146	54	92	275	#
192	15.6612	10	48	276	#
193	10.5713	10	52	276	#
194	9.51417	10	56	276	#
195	8.56275	10	60	276	#
196	11.7459	14	52	276	#
197	10.5713	14	56	276	#
198	9.51417	14	60	276	#
199	11.7459	18	56	276	#
200	10.5713	18	60	276	#
201	11.7459	22	60	276	#
202	9.71624	68	111	277	#
203	6.55846	68	115	277	#
204	5.90262	68	119	277	#
205	5.31236	68	123	277	#
206	7.28718	72	115	277	#
207	6.55846	72	119	277	#
208	5.90262	72	123	277	#
209	7.28718	76	119	277	#
210	6.55846	76	123	277	#
211	7.28718	80	123	277	#
212	12.7353	49	62	278	#
213	8.59635	49	66	278	#
214	7.73672	49	70	278	#
215	6.96304	49	74	278	#
216	9.5515	53	66	278	#
217	8.59635	53	70	278	#
218	7.73672	53	74	278	#
219	9.5515	57	70	278	#
220	8.59635	57	74	278	#
221	9.5515	61	74	278	#
222	11.7371	168	201	279	#
223	7.92253	168	205	279	#
224	7.13028	168	209	279	#
225	6.41725	168	213	279	#
226	8.80281	172	205	279	#
227	7.92253	172	209	279	#
228	7.13028	172	213	279	#
229	8.80281	176	209	279	#
230	7.92253	176	213	279	#
231	8.80281	180	213	279	#
232	16.1605	161	174	280	#
233	10.9083	161	178	280	#
234	9.8175	161	182	280	#
235	8.83575	161	186	280	#
236	12.1204	165	178	280	#
237	10.9083	165	182	280	#
238	9.8175	165	186	280	#
239	12.1204	169	182	280	#
240	10.9083	169	186	280	#
241	12.1204	173	186	280	#
242	4.76379	163	173	281	#
243	3.21556	163	177	281	#
244	2.894	163	181	281	#
245	2.6046	163	185	281	#
246	3.57285	167	177	281	#
247	3.21556	167	181	281	#
248	2.894	167	185	281	#
249	3.57285	171	181	281	#
250	3.21556	171	185	281	#
251	3.57285	175	185	281	#
252	14.4704	202	213	282	#
253	9.76749	202	217	282	#
254	8.79074	202	221	282	#
255	7.91167	202	225	282	#
256	10.8528	206	217	282	#
257	9.76749	206	221	282	#
258	8.79074	206	225	282	#
259	10.8528	210	221	282	#
260	9.76749	210	225	282	#
261	10.8528	214	225	282	#
262	15.0908	125	156	283	#
263	10.1863	125	160	283	#
264	9.16769	125	164	283	#
265	8.25092	125	168	283	#
266	11.3181	129	160	283	#
267	10.1863	129	164	283	#
268	9.16769	129	168	283	#
269	11.3181	133	164	283	#
270	10.1863	133	168	283	#
271	11.3181	137	168	283	#
272	7.37584	208	241	284	#
273	4.97869	208	245	284	#
274	4.48082	208	249	284	#
275	4.03274	208	253	284	#
276	5.53188	212	245	284	#
277	4.97869	212	249	284	#
278	4.48082	212	253	284	#
279	5.53188	216	249	284	#
280	4.97869	216	253	284	#
281	5.53188	220	253	284	#
282	15.0701	121	152	285	#
283	10.1723	121	156	285	#
284	9.15507	121	160	285	#
285	8.23956	121	164	285	#
286	11.3025	125	156	285	#
287	10.1723	125	160	285	#
288	9.15507	125	164	285	#
289	11.3025	129	160	285	#
290	10.1723	129	164	285	#
291	11.3025	133	164	285	#
292	11.12	41	55	286	#
293	7.50603	41	59	286	#
294	6.75542	41	63	286	#
295	6.07988	41	67	286	#
296	8.34003	45	59	286	#
297	7.50603	45	63	286	#
298	6.75542	45	67	286	#
299	8.34003	49	63	286	#
300	7.50603	49	67	286	#
301	8.34003	53	67	286	#
302	11.0385	78	116	287	#
303	7.451	78	120	287	#
304	6.7059	78	124	287	#
305	6.03531	78	128	287	#
306	8.27889	82	120	287	#
307	7.451	82	124	287	#
308	6.7059	82	128	287	#
309	8.27889	86	124	287	#
310	7.451	86	128	287	#
311	8.27889	90	128	287	#
312	8.88555	175	212	288	#
313	5.99775	175	216	288	#
314	5.39797	175	220	288	#
315	4.85817	175	224	288	#
316	6.66416	179	216	288	#
317	5.99775	179	220	288	#
318	5.39797	179	224	288	#
319	6.66416	183	220	288	#
320	5.99775	183	224	288	#
321	6.66416	187	224	288	#
322	7.12341	128	161	289	#
323	4.8083	128	165	289	#
324	4.32747	128	169	289	#
325	3.89472	128	173	289	#
326	5.34256	132	165	289	#
327	4.8083	132	169	289	#
328	4.32747	132	173	289	#
329	5.34256	136	169	289	#
330	4.8083	136	173	289	#
331	5.34256	140	173	289	#
332	6.81546	147	157	290	#
333	4.60044	147	161	290	#
334	4.14039	147	165	290	#
335	3.72635	147	169	290	#
336	5.1116	151	161	290	#
337	4.60044	151	165	290	#
338	4.14039	151	169	290	#
339	5.1116	155	165	290	#
340	4.60044	155	169	290	#
341	5.1116	159	169	290	#
342	10.5717	45	59	291	#
343	7.13587	45	63	291	#
344	6.42228	45	67	291	#
345	5.78005	45	71	291	#
346	7.92874	49	63	291	#
347	7.13587	49	67	291	#
348	6.42228	49	71	291	#
349	7.92874	53	67	291	#
350	7.13587	53	71	291	#
351	7.92874	57	71	291	#
352	18.4851	82	93	292	#
353	12.4774	82	97	292	#
354	11.2297	82	101	292	#
355	10.1067	82	105	292	#
356	13.8638	86	97	292	#
357	12.4774	86	101	292	#
358	11.2297	86	105	292	#
359	13.8638	90	101	292	#
360	12.4774	90	105	292	#
361	13.8638	94	105	292	#
362	17.7506	234	245	293	#
363	11.9817	234	249	293	#
364	10.7835	234	253	293	#
365	13.313	238	249	293	#
366	11.9817	238	253	293	#
367	13.313	242	253	293	#
368	14.6874	162	200	294	#
369	9.914	162	204	294	#
370	8.9226	162	208	294	#
371	8.03034	162	212	294	#
372	11.0156	166	204	294	#
373	9.914	166	208	294	#
374	8.9226	166	212	294	#
375	11.0156	170	208	294	#
376	9.914	170	212	294	#
377	11.0156	174	212	294	#
378	12.5293	18	56	295	#
379	8.4573	18	60	295	#
380	7.61157	18	64	295	#
381	6.85042	18	68	295	#
382	9.397	22	60	295	#
383	8.4573	22	64	295	#
384	7.61157	22	68	295	#
385	9.397	26	64	295	#
386	8.4573	26	68	295	#
387	9.397	30	68	295	#
388	12.5044	129	160	296	#
389	8.44048	129	164	296	#
390	7.59644	129	168	296	#
391	6.83679	129	172	296	#
392	9.37832	133	164	296	#
393	8.44048	133	168	296	#
394	7.59644	133	172	296	#
395	9.37832	137	168	296	#
396	8.44048	137	172	296	#
397	9.37832	141	172	296	#
398	11.1526	208	251	297	#
399	7.52802	208	255	297	#
400	8.36446	212	255	297	#
401	12.6192	130	141	298	#
402	8.51796	130	145	298	#
403	7.66616	130	149	298	#
404	6.89955	130	153	298	#
405	9.4644	134	145	298	#
406	8.51796	134	149	298	#
407	7.66616	134	153	298	#
408	9.4644	138	149	298	#
409	8.51796	138	153	298	#
410	9.4644	142	153	298	#
411	6.93731	113	127	299	#
412	4.68268	113	131	299	#
413	4.21442	113	135	299	#
414	3.79297	113	139	299	#
415	5.20298	117	131	299	#
416	4.68268	117	135	299	#
417	4.21442	117	139	299	#
418	5.20298	121	135	299	#
419	4.68268	121	139	299	#
420	5.20298	125	139	299	#
421	5.62825	181	195	300	#
422	3.79907	181	199	300	#
423	3.41916	181	203	300	#
424	3.07725	181	207	300	#
425	4.22119	185	199	300	#
426	3.79907	185	203	300	#
427	3.41916	185	207	300	#
428	4.22119	189	203	300	#
429	3.79907	189	207	300	#
430	4.22119	193	207	300	#
431	14.1204	153	184	301	#
432	9.53129	153	188	301	#
433	8.57816	153	192	301	#
434	7.72034	153	196	301	#
435	10.5903	157	188	301	#
436	9.53129	157	192	301	#
437	8.57816	157	196	301	#
438	10.5903	161	192	301	#
439	9.53129	161	196	301	#
440	10.5903	165	196	301	#
441	14.1751	21	52	302	#
442	9.56819	21	56	302	#
443	8.61137	21	60	302	#
444	7.75023	21	64	302	#
445	10.6313	25	56	302	#
446	9.56819	25	60	302	#
447	8.61137	25	64	302	#
448	10.6313	29	60	302	#
449	9.56819	29	64	302	#
450	10.6313	33	64	302	#
451	7.62347	99	136	303	#
452	5.14584	99	140	303	#
453	4.63126	99	144	303	#
454	4.16813	99	148	303	#
455	5.7176	103	140	303	#
456	5.14584	103	144	303	#
457	4.63126	103	148	303	#
458	5.7176	107	144	303	#
459	5.14584	107	148	303	#
460	5.7176	111	148	303	#
461	12.614	183	193	304	#
462	8.51442	183	197	304	#
463	7.66297	183	201	304	#
464	6.89668	183	205	304	#
465	9.46046	187	197	304	#
466	8.51442	187	201	304	#
467	7.66297	187	205	304	#
468	9.46046	191	201	304	#
469	8.51442	191	205	304	#
470	9.46046	195	205	304	#
471	7.27898	95	132	305	#
472	4.91331	95	136	305	#
473	4.42198	95	140	305	#
474	3.97978	95	144	305	#
475	5.45923	99	136	305	#
476	4.91331	99	140	305	#
477	4.42198	99	144	305	#
478	5.45923	103	140	305	#
479	4.91331	103	144	305	#
480	5.45923	107	144	305	#
481	16.6862	118	156	306	#
482	11.2632	118	160	306	#
483	10.1369	118	164	306	#
484	9.1232	118	168	306	#
485	12.5147	122	160	306	#
486	11.2632	122	164	306	#
487	10.1369	122	168	306	#
488	12.5147	126	164	306	#
489	11.2632	126	168	306	#
490	12.5147	130	168	306	#
491	8.56127	10	21	307	#
492	5.77886	10	25	307	#
493	5.20097	10	29	307	#
494	4.68087	10	33	307	#
495	6.42095	14	25	307	#
496	5.77886	14	29	307	#
497	5.20097	14	33	307	#
498	6.42095	18	29	307	#
499	5.77886	18	33	307	#
500	6.42095	22	33	307	#
501	13.7581	124	166	308	#
502	9.28671	124	170	308	#
503	8.35804	124	174	308	#
504	7.52224	124	178	308	#
505	10.3186	128	170	308	#
506	9.28671	128	174	308	#
507	8.35804	128	178	308	#
508	10.3186	132	174	308	#
509	9.28671	132	178	308	#
510	10.3186	136	178	308	#
511	11.8801	70	81	309	#
512	8.0191	70	85	309	#
513	7.21719	70	89	309	#
514	6.49547	70	93	309	#
515	8.91011	74	85	309	#
516	8.0191	74	89	309	#
517	7.21719	74	93	309	#
518	8.91011	78	89	309	#
519	8.0191	78	93	309	#
520	8.91011	82	93	309	#
521	10.9686	96	129	310	#
522	7.4038	96	133	310	#
523	6.66342	96	137	310	#
524	5.99708	96	141	310	#
525	8.22645	100	133	310	#
526	7.4038	100	137	310	#
527	6.66342	100	141	310	#
528	8.22645	104	137	310	#
529	7.4038	104	141	310	#
530	8.22645	108	141	310	#
531	8.08339	9	23	311	#
532	5.45629	9	27	311	#
533	4.91066	9	31	311	#
534	4.41959	9	35	311	#
535	6.06254	13	27	311	#
536	5.45629	13	31	311	#
537	4.91066	13	35	311	#
538	6.06254	17	31	311	#
539	5.45629	17	35	311	#
540	6.06254	21	35	311	#
541	7.42115	74	112	312	#
542	5.00928	74	116	312	#
543	4.50835	74	120	312	#
544	4.05751	74	124	312	#
545	5.56586	78	116	312	#
546	5.00928	78	120	312	#
547	4.50835	78	124	312	#
548	5.56586	82	120	312	#
549	5.00928	82	124	312	#
550	5.56586	86	124	312	#
551	13.6052	29	43	313	#
552	9.18353	29	47	313	#
553	8.26518	29	51	313	#
554	7.43866	29	55	313	#
555	10.2039	33	47	313	#
556	9.18353	33	51	313	#
557	8.26518	33	55	313	#
558	10.2039	37	51	313	#
559	9.18353	37	55	313	#
560	10.2039	41	55	313	#
561	12.4755	19	29	314	#
562	8.42094	19	33	314	#
563	7.57884	19	37	314	#
564	6.82096	19	41	314	#
565	9.3566	23	33	314	#
566	8.42094	23	37	314	#
567	7.57884	23	41	314	#
568	9.3566	27	37	314	#
569	8.42094	27	41	314	#
570	9.3566	31	41	314	#
571	10.0834	167	177	315	#
572	6.80632	167	181	315	#
573	6.12569	167	185	315	#
574	5.51312	167	189	315	#
575	7.56258	171	181	315	#
576	6.80632	171	185	315	#
577	6.12569	171	189	315	#
578	7.56258	175	185	315	#
579	6.80632	175	189	315	#
580	7.56258	179	189	315	#
581	6.48077	4	47	316	#
582	4.37452	4	51	316	#
583	3.93707	4	55	316	#
584	3.54336	4	59	316	#
585	4.86058	8	51	316	#
586	4.37452	8	55	316	#
587	3.93707	8	59	316	#
588	4.86058	12	55	316	#
589	4.37452	12	59	316	#
590	4.86058	16	59	316	#
591	11.3123	39	76	317	#
592	7.6358	39	80	317	#
593	6.87222	39	84	317	#
594	6.185	39	88	317	#
595	8.48423	43	80	317	#
596	7.6358	43	84	317	#
597	6.87222	43	88	317	#
598	8.48423	47	84	317	#
599	7.6358	47	88	317	#
600	8.48423	51	88	317	#
601	12.9999	125	156	318	#
602	8.77495	125	160	318	#
603	7.89746	125	164	318	#
604	7.10771	125	168	318	#
605	9.74995	129	160	318	#
606	8.77495	129	164	318	#
607	7.89746	129	168	318	#
608	9.74995	133	164	318	#
609	8.77495	133	168	318	#
610	9.74995	137	168	318	#
611	13.156	25	39	319	#
612	8.88027	25	43	319	#
613	7.99225	25	47	319	#
614	7.19302	25	51	319	#
615	9.86697	29	43	319	#
616	8.88027	29	47	319	#
617	7.99225	29	51	319	#
618	9.86697	33	47	319	#
619	8.88027	33	51	319	#
620	9.86697	37	51	319	#
621	16.71	196	238	320	#
622	11.2793	196	242	320	#
623	10.1513	196	246	320	#
624	9.13621	196	250	320	#
625	12.5325	200	242	320	#
626	11.2793	200	246	320	#
627	10.1513	200	250	320	#
628	12.5325	204	246	320	#
629	11.2793	204	250	320	#
630	12.5325	208	250	320	#
631	9.43272	143	153	321	#
632	6.36709	143	157	321	#
633	5.73038	143	161	321	#
634	5.15734	143	165	321	#
635	7.07454	147	157	321	#
636	6.36709	147	161	321	#
637	5.73038	147	165	321	#
638	7.07454	151	161	321	#
639	6.36709	151	165	321	#
640	7.07454	155	165	321	#
641	10.086	176	218	322	#
642	6.80808	176	222	322	#
643	6.12727	176	226	322	#
644	5.51454	176	230	322	#
645	7.56453	180	222	322	#
646	6.80808	180	226	322	#
647	6.12727	180	230	322	#
648	7.56453	184	226	322	#
649	6.80808	184	230	322	#
650	7.56453	188	230	322	#
651	6.13542	215	225	323	#
652	4.14141	215	229	323	#
653	3.72727	215	233	323	#
654	3.35454	215	237	323	#
655	4.60157	219	229	323	#
656	4.14141	219	233	323	#
657	3.72727	219	237	323	#
658	4.60157	223	233	323	#
659	4.14141	223	237	323	#
660	4.60157	227	237	323	#
661	15.7708	117	130	324	#
662	10.6453	117	134	324	#
663	9.58075	117	138	324	#
664	8.62268	117	142	324	#
665	11.8281	121	134	324	#
666	10.6453	121	138	324	#
667	9.58075	121	142	324	#
668	11.8281	125	138	324	#
669	10.6453	125	142	324	#
670	11.8281	129	142	324	#
671	16.6564	238	249	325	#
672	11.2431	238	253	325	#
673	12.4923	242	253	325	#
674	14.1299	68	110	326	#
675	9.53766	68	114	326	#
676	8.58389	68	118	326	#
677	7.7255	68	122	326	#
678	10.5974	72	114	326	#
679	9.53766	72	118	326	#
680	8.58389	72	122	326	#
681	10.5974	76	118	326	#
682	9.53766	76	122	326	#
683	10.5974	80	122	326	#
684	15.3262	80	122	327	#
685	10.3452	80	126	327	#
686	9.31064	80	130	327	#
687	8.37957	80	134	327	#
688	11.4946	84	126	327	#
689	10.3452	84	130	327	#
690	9.31064	84	134	327	#
691	11.4946	88	130	327	#
692	10.3452	88	134	327	#
693	11.4946	92	134	327	#
694	7.38855	168	211	328	#
695	4.98727	168	215	328	#
696	4.48855	168	219	328	#
697	4.03969	168	223	328	#
698	5.54142	172	215	328	#
699	4.98727	172	219	328	#
700	4.48855	172	223	328	#
701	5.54142	176	219	328	#
702	4.98727	176	223	328	#
703	5.54142	180	223	328	#
704	11.8231	200	242	329	#
705	7.9806	200	246	329	#
706	7.18254	200	250	329	#
707	6.46428	200	254	329	#
708	8.86733	204	246	329	#
709	7.9806	204	250	329	#
710	7.18254	204	254	329	#
711	8.86733	208	250	329	#
712	7.9806	208	254	329	#
713	8.86733	212	254	329	#
714	4.5967	12	55	330	#
715	3.10277	12	59	330	#
716	2.79249	12	63	330	#
717	2.51324	12	67	330	#
718	3.44752	16	59	330	#
719	3.10277	16	63	330	#
720	2.79249	16	67	330	#
721	3.44752	20	63	330	#
722	3.10277	20	67	330	#
723	3.44752	24	67	330	#
724	5.53869	11	21	331	#
725	3.73862	11	25	331	#
726	3.36476	11	29	331	#
727	3.02828	11	33	331	#
728	4.15402	15	25	331	#
729	3.73862	15	29	331	#
730	3.36476	15	33	331	#
731	4.15402	19	29	331	#
732	3.73862	19	33	331	#
733	4.15402	23	33	331	#
734	6.66618	55	65	332	#
735	4.49967	55	69	332	#
736	4.0497	55	73	332	#
737	3.64473	55	77	332	#
738	4.99963	59	69	332	#
739	4.49967	59	73	332	#
740	4.0497	59	77	332	#
741	4.99963	63	73	332	#
742	4.49967	63	77	332	#
743	4.99963	67	77	332	#
744	9.53054	13	26	333	#
745	6.43311	13	30	333	#
746	5.7898	13	34	333	#
747	5.21082	13	38	333	#
748	7.1479	17	30	333	#
749	6.43311	17	34	333	#
750	5.7898	17	38	333	#
751	7.1479	21	34	333	#
752	6.43311	21	38	333	#
753	7.1479	25	38	333	#
754	18.2913	150	161	334	#
755	12.3466	150	165	334	#
756	11.112	150	169	334	#
757	10.0008	150	173	334	#
758	13.7185	154	165	334	#
759	12.3466	154	169	334	#
760	11.112	154	173	334	#
761	13.7185	158	169	334	#
762	12.3466	158	173	334	#
763	13.7185	162	173	334	#
764	11.8159	124	167	335	#
765	7.97576	124	171	335	#
766	7.17818	124	175	335	#
767	6.46036	124	179	335	#
768	8.86195	128	171	335	#
769	7.97576	128	175	335	#
770	7.17818	128	179	335	#
771	8.86195	132	175	335	#
772	7.97576	132	179	335	#
773	8.86195	136	179	335	#
774	8.47199	33	64	336	#
775	5.71859	33	68	336	#
776	5.14673	33	72	336	#
777	4.63206	33	76	336	#
778	6.35399	37	68	336	#
779	5.71859	37	72	336	#
780	5.14673	37	76	336	#
781	6.35399	41	72	336	#
782	5.71859	41	76	336	#
783	6.35399	45	76	336	#
784	15.7486	113	144	337	#
785	10.6303	113	148	337	#
786	9.56728	113	152	337	#
787	8.61055	113	156	337	#
788	11.8115	117	148	337	#
789	10.6303	117	152	337	#
790	9.56728	117	156	337	#
791	11.8115	121	152	337	#
792	10.6303	121	156	337	#
793	11.8115	125	156	337	#
794	17.1401	18	56	338	#
795	11.5696	18	60	338	#
796	10.4126	18	64	338	#
797	9.37136	18	68	338	#
798	12.8551	22	60	338	#
799	11.5696	22	64	338	#
800	10.4126	22	68	338	#
801	12.8551	26	64	338	#
802	11.5696	26	68	338	#
803	12.8551	30	68	338	#
804	10.9074	38	76	339	#
805	7.36247	38	80	339	#
806	6.62622	38	84	339	#
807	5.9636	38	88	339	#
808	8.18052	42	80	339	#
809	7.36247	42	84	339	#
810	6.62622	42	88	339	#
811	8.18052	46	84	339	#
812	7.36247	46	88	339	#
813	8.18052	50	88	339	#
814	5.27153	2	13	340	#
815	4.74438	2	17	340	#
816	4.26994	2	21	340	#
817	5.27153	6	17	340	#
818	4.74438	6	21	340	#
819	5.27153	10	21	340	#
820	10.5929	23	60	341	#
821	7.15022	23	64	341	#
822	6.4352	23	68	341	#
823	5.79168	23	72	341	#
824	7.94469	27	64	341	#
825	7.15022	27	68	341	#
826	6.4352	27	72	341	#
827	7.94469	31	68	341	#
828	7.15022	31	72	341	#
829	7.94469	35	72	341	#
830	19.051	170	181	342	#
831	12.8594	170	185	342	#
832	11.5735	170	189	342	#
833	10.4161	170	193	342	#
834	14.2882	174	185	342	#
835	12.8594	174	189	342	#
836	11.5735	174	193	342	#
837	14.2882	178	189	342	#
838	12.8594	178	193	342	#
839	14.2882	182	193	342	#
840	7.24201	39	49	343	#
841	4.88836	39	53	343	#
842	4.39952	39	57	343	#
843	3.95957	39	61	343	#
844	5.43151	43	53	343	#
845	4.88836	43	57	343	#
846	4.39952	43	61	343	#
847	5.43151	47	57	343	#
848	4.88836	47	61	343	#
849	5.43151	51	61	343	#
850	5.67821	43	53	344	#
851	3.83279	43	57	344	#
852	3.44951	43	61	344	#
853	3.10456	43	65	344	#
854	4.25866	47	57	344	#
855	3.83279	47	61	344	#
856	3.44951	47	65	344	#
857	4.25866	51	61	344	#
858	3.83279	51	65	344	#
859	4.25866	55	65	344	#
860	13.7963	153	167	345	#
861	9.31248	153	171	345	#
862	8.38123	153	175	345	#
863	7.54311	153	179	345	#
864	10.3472	157	171	345	#
865	9.31248	157	175	345	#
866	8.38123	157	179	345	#
867	10.3472	161	175	345	#
868	9.31248	161	179	345	#
869	10.3472	165	179	345	#
870	14.0226	10	48	346	#
871	9.46527	10	52	346	#
872	8.51875	10	56	346	#
873	7.66687	10	60	346	#
874	10.517	14	52	346	#
875	9.46527	14	56	346	#
876	8.51875	14	60	346	#
877	10.517	18	56	346	#
878	9.46527	18	60	346	#
879	10.517	22	60	346	#
880	11.378	82	93	347	#
881	7.68017	82	97	347	#
882	6.91215	82	101	347	#
883	6.22094	82	105	347	#
884	8.53352	86	97	347	#
885	7.68017	86	101	347	#
886	6.91215	86	105	347	#
887	8.53352	90	101	347	#
888	7.68017	90	105	347	#
889	8.53352	94	105	347	#
890	5.42586	28	71	348	#
891	3.66246	28	75	348	#
892	3.29621	28	79	348	#
893	2.96659	28	83	348	#
894	4.0694	32	75	348	#
895	3.66246	32	79	348	#
896	3.29621	32	83	348	#
897	4.0694	36	79	348	#
898	3.66246	36	83	348	#
899	4.0694	40	83	348	#
900	5.91482	204	246	349	#
901	3.9925	204	250	349	#
902	3.59325	204	254	349	#
903	4.43611	208	250	349	#
904	3.9925	208	254	349	#
905	4.43611	212	254	349	#
906	19.3143	33	46	350	#
907	13.0371	33	50	350	#
908	11.7334	33	54	350	#
909	10.5601	33	58	350	#
910	14.4857	37	50	350	#
911	13.0371	37	54	350	#
912	11.7334	37	58	350	#
913	14.4857	41	54	350	#
914	13.0371	41	58	350	#
915	14.4857	45	58	350	#
916	6.89695	122	160	351	#
917	4.65544	122	164	351	#
918	4.1899	122	168	351	#
919	3.77091	122	172	351	#
920	5.17271	126	164	351	#
921	4.65544	126	168	351	#
922	4.1899	126	172	351	#
923	5.17271	130	168	351	#
924	4.65544	130	172	351	#
925	5.17271	134	172	351	#
926	16.5803	162	200	352	#
927	11.1917	162	204	352	#
928	10.0725	162	208	352	#
929	9.06525	162	212	352	#
930	12.4352	166	204	352	#
931	11.1917	166	208	352	#
932	10.0725	166	212	352	#
933	12.4352	170	208	352	#
934	11.1917	170	212	352	#
935	12.4352	174	212	352	#
936	7.17131	127	164	353	#
937	4.84063	127	168	353	#
938	4.35657	127	172	353	#
939	3.92091	127	176	353	#
940	5.37848	131	168	353	#
941	4.84063	131	172	353	#
942	4.35657	131	176	353	#
943	5.37848	135	172	353	#
944	4.84063	135	176	353	#
945	5.37848	139	176	353	#
946	5.30914	39	76	354	#
947	3.58367	39	80	354	#
948	3.2253	39	84	354	#
949	2.90277	39	88	354	#
950	3.98185	43	80	354	#
951	3.58367	43	84	354	#
952	3.2253	43	88	354	#
953	3.98185	47	84	354	#
954	3.58367	47	88	354	#
955	3.98185	51	88	354	#
956	6.76183	223	233	355	#
957	4.56424	223	237	355	#
958	4.10781	223	241	355	#
959	3.69703	223	245	355	#
960	5.07137	227	237	355	#
961	4.56424	227	241	355	#
962	4.10781	227	245	355	#
963	5.07137	231	241	355	#
964	4.56424	231	245	355	#
965	5.07137	235	245	355	#
966	9.28456	2	40	356	#
967	6.26708	2	44	356	#
968	5.64037	2	48	356	#
969	5.07633	2	52	356	#
970	6.96342	6	44	356	#
971	6.26708	6	48	356	#
972	5.64037	6	52	356	#
973	6.96342	10	48	356	#
974	6.26708	10	52	356	#
975	6.96342	14	52	356	#
976	16.7317	61	74	357	#
977	11.2939	61	78	357	#
978	10.1645	61	82	357	#
979	9.14808	61	86	357	#
980	12.5488	65	78	357	#
981	11.2939	65	82	357	#
982	10.1645	65	86	357	#
983	12.5488	69	82	357	#
984	11.2939	69	86	357	#
985	12.5488	73	86	357	#
986	8.01567	160	193	358	#
987	5.41058	160	197	358	#
988	4.86952	160	201	358	#
989	4.38257	160	205	358	#
990	6.01175	164	197	358	#
991	5.41058	164	201	358	#
992	4.86952	164	205	358	#
993	6.01175	168	201	358	#
994	5.41058	168	205	358	#
995	6.01175	172	205	358	#
996	11.4894	160	202	359	#
997	7.75535	160	206	359	#
998	6.97981	160	210	359	#
999	6.28183	160	214	359	#
1000	8.61705	164	206	359	#
1001	7.75535	164	210	359	#
1002	6.97981	164	214	359	#
1003	8.61705	168	210	359	#
1004	7.75535	168	214	359	#
1005	8.61705	172	214	359	#
