%% File generated by CATS v.2.1Mon Jul  4 11:06:30 2011

%% The CATS webpage is http://robotics.stanford.edu/CATS

%% PARAMETER SETTINGS:
% Goods: 512; Bids: 2000; Distribution: matching; Runs: 1; Seed: 1309806478
% Matching Distribution Parameters:
% Max airport price       = 5
% Early takeoff deviation = 1
% Late takeoff deviation  = 2
% Early landing deviation = 1
% Late landing deviation  = 2
% Deviation               = 0.500000
% Delay coefficient       = 0.900000
% Amount late coefficient = 0.750000



goods 512
bids 2002
dummy 202

0	2.34058	315	325	512	#
1	1.57989	315	329	512	#
2	1.4219	315	333	512	#
3	1.27971	315	337	512	#
4	1.75544	319	329	512	#
5	1.57989	319	333	512	#
6	1.4219	319	337	512	#
7	1.75544	323	333	512	#
8	1.57989	323	337	512	#
9	1.75544	327	337	512	#
10	3.69325	353	367	513	#
11	2.49294	353	371	513	#
12	2.24365	353	375	513	#
13	2.01928	353	379	513	#
14	2.76994	357	371	513	#
15	2.49294	357	375	513	#
16	2.24365	357	379	513	#
17	2.76994	361	375	513	#
18	2.49294	361	379	513	#
19	2.76994	365	379	513	#
20	3.09669	366	377	514	#
21	2.09027	366	381	514	#
22	1.88124	366	385	514	#
23	1.69312	366	389	514	#
24	2.32252	370	381	514	#
25	2.09027	370	385	514	#
26	1.88124	370	389	514	#
27	2.32252	374	385	514	#
28	2.09027	374	389	514	#
29	2.32252	378	389	514	#
30	4.27269	140	183	515	#
31	2.88406	140	187	515	#
32	2.59566	140	191	515	#
33	2.33609	140	195	515	#
34	3.20452	144	187	515	#
35	2.88406	144	191	515	#
36	2.59566	144	195	515	#
37	3.20452	148	191	515	#
38	2.88406	148	195	515	#
39	3.20452	152	195	515	#
40	2.14478	204	237	516	#
41	1.44773	204	241	516	#
42	1.30295	204	245	516	#
43	1.17266	204	249	516	#
44	1.60858	208	241	516	#
45	1.44773	208	245	516	#
46	1.30295	208	249	516	#
47	1.60858	212	245	516	#
48	1.44773	212	249	516	#
49	1.60858	216	249	516	#
50	4.2098	183	220	517	#
51	2.84161	183	224	517	#
52	2.55745	183	228	517	#
53	2.30171	183	232	517	#
54	3.15735	187	224	517	#
55	2.84161	187	228	517	#
56	2.55745	187	232	517	#
57	3.15735	191	228	517	#
58	2.84161	191	232	517	#
59	3.15735	195	232	517	#
60	3.05288	218	229	518	#
61	2.06069	218	233	518	#
62	1.85462	218	237	518	#
63	1.66916	218	241	518	#
64	2.28966	222	233	518	#
65	2.06069	222	237	518	#
66	1.85462	222	241	518	#
67	2.28966	226	237	518	#
68	2.06069	226	241	518	#
69	2.28966	230	241	518	#
70	3.00512	200	243	519	#
71	2.02846	200	247	519	#
72	1.82561	200	251	519	#
73	1.64305	200	255	519	#
74	2.25384	204	247	519	#
75	2.02846	204	251	519	#
76	1.82561	204	255	519	#
77	2.25384	208	251	519	#
78	2.02846	208	255	519	#
79	2.25384	212	255	519	#
80	4.90124	367	377	520	#
81	3.30833	367	381	520	#
82	2.9775	367	385	520	#
83	2.67975	367	389	520	#
84	3.67593	371	381	520	#
85	3.30833	371	385	520	#
86	2.9775	371	389	520	#
87	3.67593	375	385	520	#
88	3.30833	375	389	520	#
89	3.67593	379	389	520	#
90	2.06585	417	448	521	#
91	1.39445	417	452	521	#
92	1.255	417	456	521	#
93	1.1295	417	460	521	#
94	1.54939	421	452	521	#
95	1.39445	421	456	521	#
96	1.255	421	460	521	#
97	1.54939	425	456	521	#
98	1.39445	425	460	521	#
99	1.54939	429	460	521	#
100	6.18183	122	133	522	#
101	4.17273	122	137	522	#
102	3.75546	122	141	522	#
103	3.37991	122	145	522	#
104	4.63637	126	137	522	#
105	4.17273	126	141	522	#
106	3.75546	126	145	522	#
107	4.63637	130	141	522	#
108	4.17273	130	145	522	#
109	4.63637	134	145	522	#
110	4.67248	457	471	523	#
111	3.15392	457	475	523	#
112	2.83853	457	479	523	#
113	2.55468	457	483	523	#
114	3.50436	461	475	523	#
115	3.15392	461	479	523	#
116	2.83853	461	483	523	#
117	3.50436	465	479	523	#
118	3.15392	465	483	523	#
119	3.50436	469	483	523	#
120	6.79417	298	309	524	#
121	4.58607	298	313	524	#
122	4.12746	298	317	524	#
123	3.71471	298	321	524	#
124	5.09563	302	313	524	#
125	4.58607	302	317	524	#
126	4.12746	302	321	524	#
127	5.09563	306	317	524	#
128	4.58607	306	321	524	#
129	5.09563	310	321	524	#
130	5.09083	53	66	525	#
131	3.43631	53	70	525	#
132	3.09268	53	74	525	#
133	2.78341	53	78	525	#
134	3.81812	57	70	525	#
135	3.43631	57	74	525	#
136	3.09268	57	78	525	#
137	3.81812	61	74	525	#
138	3.43631	61	78	525	#
139	3.81812	65	78	525	#
140	3.30396	385	398	526	#
141	2.23017	385	402	526	#
142	2.00716	385	406	526	#
143	1.80644	385	410	526	#
144	2.47797	389	402	526	#
145	2.23017	389	406	526	#
146	2.00716	389	410	526	#
147	2.47797	393	406	526	#
148	2.23017	393	410	526	#
149	2.47797	397	410	526	#
150	3.61251	106	144	527	#
151	2.43844	106	148	527	#
152	2.1946	106	152	527	#
153	1.97514	106	156	527	#
154	2.70938	110	148	527	#
155	2.43844	110	152	527	#
156	2.1946	110	156	527	#
157	2.70938	114	152	527	#
158	2.43844	114	156	527	#
159	2.70938	118	156	527	#
160	1.83637	188	221	528	#
161	1.23955	188	225	528	#
162	1.11559	188	229	528	#
163	1.00403	188	233	528	#
164	1.37727	192	225	528	#
165	1.23955	192	229	528	#
166	1.11559	192	233	528	#
167	1.37727	196	229	528	#
168	1.23955	196	233	528	#
169	1.37727	200	233	528	#
170	5.07941	319	356	529	#
171	3.4286	319	360	529	#
172	3.08574	319	364	529	#
173	2.77717	319	368	529	#
174	3.80956	323	360	529	#
175	3.4286	323	364	529	#
176	3.08574	323	368	529	#
177	3.80956	327	364	529	#
178	3.4286	327	368	529	#
179	3.80956	331	368	529	#
180	5.44668	380	423	530	#
181	3.67651	380	427	530	#
182	3.30886	380	431	530	#
183	2.97797	380	435	530	#
184	4.08501	384	427	530	#
185	3.67651	384	431	530	#
186	3.30886	384	435	530	#
187	4.08501	388	431	530	#
188	3.67651	388	435	530	#
189	4.08501	392	435	530	#
190	6.70199	438	476	531	#
191	4.52384	438	480	531	#
192	4.07146	438	484	531	#
193	3.66431	438	488	531	#
194	5.02649	442	480	531	#
195	4.52384	442	484	531	#
196	4.07146	442	488	531	#
197	5.02649	446	484	531	#
198	4.52384	446	488	531	#
199	5.02649	450	488	531	#
200	2.8995	39	76	532	#
201	1.95716	39	80	532	#
202	1.76145	39	84	532	#
203	1.5853	39	88	532	#
204	2.17463	43	80	532	#
205	1.95716	43	84	532	#
206	1.76145	43	88	532	#
207	2.17463	47	84	532	#
208	1.95716	47	88	532	#
209	2.17463	51	88	532	#
210	4.82652	244	286	533	#
211	3.2579	244	290	533	#
212	2.93211	244	294	533	#
213	2.6389	244	298	533	#
214	3.61989	248	290	533	#
215	3.2579	248	294	533	#
216	2.93211	248	298	533	#
217	3.61989	252	294	533	#
218	3.2579	252	298	533	#
219	3.61989	256	298	533	#
220	2.41705	118	129	534	#
221	1.63151	118	133	534	#
222	1.46836	118	137	534	#
223	1.32152	118	141	534	#
224	1.81279	122	133	534	#
225	1.63151	122	137	534	#
226	1.46836	122	141	534	#
227	1.81279	126	137	534	#
228	1.63151	126	141	534	#
229	1.81279	130	141	534	#
230	5.84869	406	444	535	#
231	3.94786	406	448	535	#
232	3.55308	406	452	535	#
233	3.19777	406	456	535	#
234	4.38651	410	448	535	#
235	3.94786	410	452	535	#
236	3.55308	410	456	535	#
237	4.38651	414	452	535	#
238	3.94786	414	456	535	#
239	4.38651	418	456	535	#
240	4.91079	169	183	536	#
241	3.31478	169	187	536	#
242	2.9833	169	191	536	#
243	2.68497	169	195	536	#
244	3.68309	173	187	536	#
245	3.31478	173	191	536	#
246	2.9833	173	195	536	#
247	3.68309	177	191	536	#
248	3.31478	177	195	536	#
249	3.68309	181	195	536	#
250	2.228	281	312	537	#
251	1.5039	281	316	537	#
252	1.35351	281	320	537	#
253	1.21816	281	324	537	#
254	1.671	285	316	537	#
255	1.5039	285	320	537	#
256	1.35351	285	324	537	#
257	1.671	289	320	537	#
258	1.5039	289	324	537	#
259	1.671	293	324	537	#
260	2.22343	11	48	538	#
261	1.50081	11	52	538	#
262	1.35073	11	56	538	#
263	1.21566	11	60	538	#
264	1.66757	15	52	538	#
265	1.50081	15	56	538	#
266	1.35073	15	60	538	#
267	1.66757	19	56	538	#
268	1.50081	19	60	538	#
269	1.66757	23	60	538	#
270	1.87686	52	85	539	#
271	1.26688	52	89	539	#
272	1.14019	52	93	539	#
273	1.02618	52	97	539	#
274	1.40765	56	89	539	#
275	1.26688	56	93	539	#
276	1.14019	56	97	539	#
277	1.40765	60	93	539	#
278	1.26688	60	97	539	#
279	1.40765	64	97	539	#
280	5.27219	250	288	540	#
281	3.55873	250	292	540	#
282	3.20285	250	296	540	#
283	2.88257	250	300	540	#
284	3.95414	254	292	540	#
285	3.55873	254	296	540	#
286	3.20285	254	300	540	#
287	3.95414	258	296	540	#
288	3.55873	258	300	540	#
289	3.95414	262	300	540	#
290	4.19218	194	232	541	#
291	2.82972	194	236	541	#
292	2.54675	194	240	541	#
293	2.29207	194	244	541	#
294	3.14413	198	236	541	#
295	2.82972	198	240	541	#
296	2.54675	198	244	541	#
297	3.14413	202	240	541	#
298	2.82972	202	244	541	#
299	3.14413	206	244	541	#
300	5.40677	400	443	542	#
301	3.64957	400	447	542	#
302	3.28461	400	451	542	#
303	2.95615	400	455	542	#
304	4.05508	404	447	542	#
305	3.64957	404	451	542	#
306	3.28461	404	455	542	#
307	4.05508	408	451	542	#
308	3.64957	408	455	542	#
309	4.05508	412	455	542	#
310	3.03776	458	496	543	#
311	2.05049	458	500	543	#
312	1.84544	458	504	543	#
313	1.6609	458	508	543	#
314	2.27832	462	500	543	#
315	2.05049	462	504	543	#
316	1.84544	462	508	543	#
317	2.27832	466	504	543	#
318	2.05049	466	508	543	#
319	2.27832	470	508	543	#
320	6.48074	202	213	544	#
321	4.3745	202	217	544	#
322	3.93705	202	221	544	#
323	3.54334	202	225	544	#
324	4.86055	206	217	544	#
325	4.3745	206	221	544	#
326	3.93705	206	225	544	#
327	4.86055	210	221	544	#
328	4.3745	210	225	544	#
329	4.86055	214	225	544	#
330	3.22226	467	504	545	#
331	2.17503	467	508	545	#
332	2.4167	471	508	545	#
333	2.77785	352	395	546	#
334	1.87505	352	399	546	#
335	1.68755	352	403	546	#
336	1.51879	352	407	546	#
337	2.08339	356	399	546	#
338	1.87505	356	403	546	#
339	1.68755	356	407	546	#
340	2.08339	360	403	546	#
341	1.87505	360	407	546	#
342	2.08339	364	407	546	#
343	5.56527	447	457	547	#
344	3.75656	447	461	547	#
345	3.3809	447	465	547	#
346	3.04281	447	469	547	#
347	4.17395	451	461	547	#
348	3.75656	451	465	547	#
349	3.3809	451	469	547	#
350	4.17395	455	465	547	#
351	3.75656	455	469	547	#
352	4.17395	459	469	547	#
353	4.88402	32	75	548	#
354	3.29671	32	79	548	#
355	2.96704	32	83	548	#
356	2.67034	32	87	548	#
357	3.66301	36	79	548	#
358	3.29671	36	83	548	#
359	2.96704	36	87	548	#
360	3.66301	40	83	548	#
361	3.29671	40	87	548	#
362	3.66301	44	87	548	#
363	5.30825	408	450	549	#
364	3.58307	408	454	549	#
365	3.22476	408	458	549	#
366	2.90229	408	462	549	#
367	3.98119	412	454	549	#
368	3.58307	412	458	549	#
369	3.22476	412	462	549	#
370	3.98119	416	458	549	#
371	3.58307	416	462	549	#
372	3.98119	420	462	549	#
373	2.89625	3	13	550	#
374	1.95497	3	17	550	#
375	1.75947	3	21	550	#
376	1.58353	3	25	550	#
377	2.17219	7	17	550	#
378	1.95497	7	21	550	#
379	1.75947	7	25	550	#
380	2.17219	11	21	550	#
381	1.95497	11	25	550	#
382	2.17219	15	25	550	#
383	6.64638	81	94	551	#
384	4.4863	81	98	551	#
385	4.03767	81	102	551	#
386	3.63391	81	106	551	#
387	4.98478	85	98	551	#
388	4.4863	85	102	551	#
389	4.03767	85	106	551	#
390	4.98478	89	102	551	#
391	4.4863	89	106	551	#
392	4.98478	93	106	551	#
393	6.27806	334	345	552	#
394	4.23769	334	349	552	#
395	3.81392	334	353	552	#
396	3.43253	334	357	552	#
397	4.70855	338	349	552	#
398	4.23769	338	353	552	#
399	3.81392	338	357	552	#
400	4.70855	342	353	552	#
401	4.23769	342	357	552	#
402	4.70855	346	357	552	#
403	2.76186	313	326	553	#
404	1.86426	313	330	553	#
405	1.67783	313	334	553	#
406	1.51005	313	338	553	#
407	2.0714	317	330	553	#
408	1.86426	317	334	553	#
409	1.67783	317	338	553	#
410	2.0714	321	334	553	#
411	1.86426	321	338	553	#
412	2.0714	325	338	553	#
413	2.17348	417	431	554	#
414	1.4671	417	435	554	#
415	1.32039	417	439	554	#
416	1.18835	417	443	554	#
417	1.63011	421	435	554	#
418	1.4671	421	439	554	#
419	1.32039	421	443	554	#
420	1.63011	425	439	554	#
421	1.4671	425	443	554	#
422	1.63011	429	443	554	#
423	4.02433	153	167	555	#
424	2.71643	153	171	555	#
425	2.44478	153	175	555	#
426	2.2003	153	179	555	#
427	3.01825	157	171	555	#
428	2.71643	157	175	555	#
429	2.44478	157	179	555	#
430	3.01825	161	175	555	#
431	2.71643	161	179	555	#
432	3.01825	165	179	555	#
433	4.65062	15	52	556	#
434	3.13917	15	56	556	#
435	2.82525	15	60	556	#
436	2.54273	15	64	556	#
437	3.48796	19	56	556	#
438	3.13917	19	60	556	#
439	2.82525	19	64	556	#
440	3.48796	23	60	556	#
441	3.13917	23	64	556	#
442	3.48796	27	64	556	#
443	6.77761	20	62	557	#
444	4.57488	20	66	557	#
445	4.1174	20	70	557	#
446	3.70566	20	74	557	#
447	5.0832	24	66	557	#
448	4.57488	24	70	557	#
449	4.1174	24	74	557	#
450	5.0832	28	70	557	#
451	4.57488	28	74	557	#
452	5.0832	32	74	557	#
453	6.69157	394	432	558	#
454	4.51681	394	436	558	#
455	4.06513	394	440	558	#
456	3.65862	394	444	558	#
457	5.01868	398	436	558	#
458	4.51681	398	440	558	#
459	4.06513	398	444	558	#
460	5.01868	402	440	558	#
461	4.51681	402	444	558	#
462	5.01868	406	444	558	#
463	3.67505	459	469	559	#
464	2.48066	459	473	559	#
465	2.23259	459	477	559	#
466	2.00933	459	481	559	#
467	2.75629	463	473	559	#
468	2.48066	463	477	559	#
469	2.23259	463	481	559	#
470	2.75629	467	477	559	#
471	2.48066	467	481	559	#
472	2.75629	471	481	559	#
473	6.491	20	62	560	#
474	4.38143	20	66	560	#
475	3.94329	20	70	560	#
476	3.54896	20	74	560	#
477	4.86825	24	66	560	#
478	4.38143	24	70	560	#
479	3.94329	24	74	560	#
480	4.86825	28	70	560	#
481	4.38143	28	74	560	#
482	4.86825	32	74	560	#
483	3.85344	186	224	561	#
484	2.60107	186	228	561	#
485	2.34096	186	232	561	#
486	2.10687	186	236	561	#
487	2.89008	190	228	561	#
488	2.60107	190	232	561	#
489	2.34096	190	236	561	#
490	2.89008	194	232	561	#
491	2.60107	194	236	561	#
492	2.89008	198	236	561	#
493	6.59148	42	80	562	#
494	4.44925	42	84	562	#
495	4.00432	42	88	562	#
496	3.60389	42	92	562	#
497	4.94361	46	84	562	#
498	4.44925	46	88	562	#
499	4.00432	46	92	562	#
500	4.94361	50	88	562	#
501	4.44925	50	92	562	#
502	4.94361	54	92	562	#
503	3.16362	392	434	563	#
504	2.13544	392	438	563	#
505	1.9219	392	442	563	#
506	1.72971	392	446	563	#
507	2.37272	396	438	563	#
508	2.13544	396	442	563	#
509	1.9219	396	446	563	#
510	2.37272	400	442	563	#
511	2.13544	400	446	563	#
512	2.37272	404	446	563	#
513	6.45508	294	305	564	#
514	4.35718	294	309	564	#
515	3.92146	294	313	564	#
516	3.52932	294	317	564	#
517	4.84131	298	309	564	#
518	4.35718	298	313	564	#
519	3.92146	298	317	564	#
520	4.84131	302	313	564	#
521	4.35718	302	317	564	#
522	4.84131	306	317	564	#
523	3.58766	387	424	565	#
524	2.42167	387	428	565	#
525	2.17951	387	432	565	#
526	1.96156	387	436	565	#
527	2.69075	391	428	565	#
528	2.42167	391	432	565	#
529	2.17951	391	436	565	#
530	2.69075	395	432	565	#
531	2.42167	395	436	565	#
532	2.69075	399	436	565	#
533	3.09131	262	300	566	#
534	2.08663	262	304	566	#
535	1.87797	262	308	566	#
536	1.69017	262	312	566	#
537	2.31848	266	304	566	#
538	2.08663	266	308	566	#
539	1.87797	266	312	566	#
540	2.31848	270	308	566	#
541	2.08663	270	312	566	#
542	2.31848	274	312	566	#
543	1.60668	416	449	567	#
544	1.08451	416	453	567	#
545	0.97606	416	457	567	#
546	0.878454	416	461	567	#
547	1.20501	420	453	567	#
548	1.08451	420	457	567	#
549	0.97606	420	461	567	#
550	1.20501	424	457	567	#
551	1.08451	424	461	567	#
552	1.20501	428	461	567	#
553	3.80432	106	117	568	#
554	2.56791	106	121	568	#
555	2.31112	106	125	568	#
556	2.08001	106	129	568	#
557	2.85324	110	121	568	#
558	2.56791	110	125	568	#
559	2.31112	110	129	568	#
560	2.85324	114	125	568	#
561	2.56791	114	129	568	#
562	2.85324	118	129	568	#
563	3.15159	352	395	569	#
564	2.12732	352	399	569	#
565	1.91459	352	403	569	#
566	1.72313	352	407	569	#
567	2.36369	356	399	569	#
568	2.12732	356	403	569	#
569	1.91459	356	407	569	#
570	2.36369	360	403	569	#
571	2.12732	360	407	569	#
572	2.36369	364	407	569	#
573	4.67352	233	247	570	#
574	3.15462	233	251	570	#
575	2.83916	233	255	570	#
576	2.55525	233	259	570	#
577	3.50514	237	251	570	#
578	3.15462	237	255	570	#
579	2.83916	237	259	570	#
580	3.50514	241	255	570	#
581	3.15462	241	259	570	#
582	3.50514	245	259	570	#
583	5.79614	210	248	571	#
584	3.91239	210	252	571	#
585	3.52115	210	256	571	#
586	3.16904	210	260	571	#
587	4.3471	214	252	571	#
588	3.91239	214	256	571	#
589	3.52115	214	260	571	#
590	4.3471	218	256	571	#
591	3.91239	218	260	571	#
592	4.3471	222	260	571	#
593	2.96285	345	358	572	#
594	1.99992	345	362	572	#
595	1.79993	345	366	572	#
596	1.61994	345	370	572	#
597	2.22214	349	362	572	#
598	1.99992	349	366	572	#
599	1.79993	349	370	572	#
600	2.22214	353	366	572	#
601	1.99992	353	370	572	#
602	2.22214	357	370	572	#
603	3.22955	148	191	573	#
604	2.17995	148	195	573	#
605	1.96195	148	199	573	#
606	1.76576	148	203	573	#
607	2.42216	152	195	573	#
608	2.17995	152	199	573	#
609	1.96195	152	203	573	#
610	2.42216	156	199	573	#
611	2.17995	156	203	573	#
612	2.42216	160	203	573	#
613	2.74639	444	486	574	#
614	1.85382	444	490	574	#
615	1.66843	444	494	574	#
616	1.50159	444	498	574	#
617	2.0598	448	490	574	#
618	1.85382	448	494	574	#
619	1.66843	448	498	574	#
620	2.0598	452	494	574	#
621	1.85382	452	498	574	#
622	2.0598	456	498	574	#
623	2.45312	292	334	575	#
624	1.65586	292	338	575	#
625	1.49027	292	342	575	#
626	1.34125	292	346	575	#
627	1.83984	296	338	575	#
628	1.65586	296	342	575	#
629	1.49027	296	346	575	#
630	1.83984	300	342	575	#
631	1.65586	300	346	575	#
632	1.83984	304	346	575	#
633	4.37613	184	227	576	#
634	2.95389	184	231	576	#
635	2.6585	184	235	576	#
636	2.39265	184	239	576	#
637	3.2821	188	231	576	#
638	2.95389	188	235	576	#
639	2.6585	188	239	576	#
640	3.2821	192	235	576	#
641	2.95389	192	239	576	#
642	3.2821	196	239	576	#
643	5.18181	177	191	577	#
644	3.49772	177	195	577	#
645	3.14795	177	199	577	#
646	2.83316	177	203	577	#
647	3.88636	181	195	577	#
648	3.49772	181	199	577	#
649	3.14795	181	203	577	#
650	3.88636	185	199	577	#
651	3.49772	185	203	577	#
652	3.88636	189	203	577	#
653	5.55755	429	443	578	#
654	3.75135	429	447	578	#
655	3.37621	429	451	578	#
656	3.03859	429	455	578	#
657	4.16816	433	447	578	#
658	3.75135	433	451	578	#
659	3.37621	433	455	578	#
660	4.16816	437	451	578	#
661	3.75135	437	455	578	#
662	4.16816	441	455	578	#
663	3.02567	106	117	579	#
664	2.04233	106	121	579	#
665	1.83809	106	125	579	#
666	1.65429	106	129	579	#
667	2.26925	110	121	579	#
668	2.04233	110	125	579	#
669	1.83809	110	129	579	#
670	2.26925	114	125	579	#
671	2.04233	114	129	579	#
672	2.26925	118	129	579	#
673	6.30717	430	468	580	#
674	4.25734	430	472	580	#
675	3.8316	430	476	580	#
676	3.44844	430	480	580	#
677	4.73037	434	472	580	#
678	4.25734	434	476	580	#
679	3.8316	434	480	580	#
680	4.73037	438	476	580	#
681	4.25734	438	480	580	#
682	4.73037	442	480	580	#
683	2.02543	279	316	581	#
684	1.36716	279	320	581	#
685	1.23045	279	324	581	#
686	1.1074	279	328	581	#
687	1.51907	283	320	581	#
688	1.36716	283	324	581	#
689	1.23045	283	328	581	#
690	1.51907	287	324	581	#
691	1.36716	287	328	581	#
692	1.51907	291	328	581	#
693	4.846	37	51	582	#
694	3.27105	37	55	582	#
695	2.94395	37	59	582	#
696	2.64955	37	63	582	#
697	3.6345	41	55	582	#
698	3.27105	41	59	582	#
699	2.94395	41	63	582	#
700	3.6345	45	59	582	#
701	3.27105	45	63	582	#
702	3.6345	49	63	582	#
703	5.03035	310	348	583	#
704	3.39548	310	352	583	#
705	3.05594	310	356	583	#
706	2.75034	310	360	583	#
707	3.77276	314	352	583	#
708	3.39548	314	356	583	#
709	3.05594	314	360	583	#
710	3.77276	318	356	583	#
711	3.39548	318	360	583	#
712	3.77276	322	360	583	#
713	4.10177	103	140	584	#
714	2.7687	103	144	584	#
715	2.49183	103	148	584	#
716	2.24264	103	152	584	#
717	3.07633	107	144	584	#
718	2.7687	107	148	584	#
719	2.49183	107	152	584	#
720	3.07633	111	148	584	#
721	2.7687	111	152	584	#
722	3.07633	115	152	584	#
723	2.27571	93	107	585	#
724	1.5361	93	111	585	#
725	1.38249	93	115	585	#
726	1.24424	93	119	585	#
727	1.70678	97	111	585	#
728	1.5361	97	115	585	#
729	1.38249	97	119	585	#
730	1.70678	101	115	585	#
731	1.5361	101	119	585	#
732	1.70678	105	119	585	#
733	4.47406	247	257	586	#
734	3.01999	247	261	586	#
735	2.71799	247	265	586	#
736	2.44619	247	269	586	#
737	3.35555	251	261	586	#
738	3.01999	251	265	586	#
739	2.71799	251	269	586	#
740	3.35555	255	265	586	#
741	3.01999	255	269	586	#
742	3.35555	259	269	586	#
743	4.44606	32	74	587	#
744	3.00109	32	78	587	#
745	2.70098	32	82	587	#
746	2.43088	32	86	587	#
747	3.33454	36	78	587	#
748	3.00109	36	82	587	#
749	2.70098	36	86	587	#
750	3.33454	40	82	587	#
751	3.00109	40	86	587	#
752	3.33454	44	86	587	#
753	2.60337	146	157	588	#
754	1.75728	146	161	588	#
755	1.58155	146	165	588	#
756	1.42339	146	169	588	#
757	1.95253	150	161	588	#
758	1.75728	150	165	588	#
759	1.58155	150	169	588	#
760	1.95253	154	165	588	#
761	1.75728	154	169	588	#
762	1.95253	158	169	588	#
763	7.16498	66	77	589	#
764	4.83636	66	81	589	#
765	4.35273	66	85	589	#
766	3.91745	66	89	589	#
767	5.37374	70	81	589	#
768	4.83636	70	85	589	#
769	4.35273	70	89	589	#
770	5.37374	74	85	589	#
771	4.83636	74	89	589	#
772	5.37374	78	89	589	#
773	6.40734	250	288	590	#
774	4.32496	250	292	590	#
775	3.89246	250	296	590	#
776	3.50322	250	300	590	#
777	4.80551	254	292	590	#
778	4.32496	254	296	590	#
779	3.89246	254	300	590	#
780	4.80551	258	296	590	#
781	4.32496	258	300	590	#
782	4.80551	262	300	590	#
783	0.941091	240	273	591	#
784	0.635236	240	277	591	#
785	0.571712	240	281	591	#
786	0.514541	240	285	591	#
787	0.705818	244	277	591	#
788	0.635236	244	281	591	#
789	0.571712	244	285	591	#
790	0.705818	248	281	591	#
791	0.635236	248	285	591	#
792	0.705818	252	285	591	#
793	4.77059	33	46	592	#
794	3.22015	33	50	592	#
795	2.89813	33	54	592	#
796	2.60832	33	58	592	#
797	3.57794	37	50	592	#
798	3.22015	37	54	592	#
799	2.89813	37	58	592	#
800	3.57794	41	54	592	#
801	3.22015	41	58	592	#
802	3.57794	45	58	592	#
803	3.7137	99	109	593	#
804	2.50675	99	113	593	#
805	2.25607	99	117	593	#
806	2.03046	99	121	593	#
807	2.78527	103	113	593	#
808	2.50675	103	117	593	#
809	2.25607	103	121	593	#
810	2.78527	107	117	593	#
811	2.50675	107	121	593	#
812	2.78527	111	121	593	#
813	2.64177	397	428	594	#
814	1.78319	397	432	594	#
815	1.60487	397	436	594	#
816	1.44439	397	440	594	#
817	1.98132	401	432	594	#
818	1.78319	401	436	594	#
819	1.60487	401	440	594	#
820	1.98132	405	436	594	#
821	1.78319	405	440	594	#
822	1.98132	409	440	594	#
823	1.55789	97	128	595	#
824	1.05157	97	132	595	#
825	0.946415	97	136	595	#
826	0.851774	97	140	595	#
827	1.16841	101	132	595	#
828	1.05157	101	136	595	#
829	0.946415	101	140	595	#
830	1.16841	105	136	595	#
831	1.05157	105	140	595	#
832	1.16841	109	140	595	#
833	3.16402	331	368	596	#
834	2.13572	331	372	596	#
835	1.92214	331	376	596	#
836	1.72993	331	380	596	#
837	2.37302	335	372	596	#
838	2.13572	335	376	596	#
839	1.92214	335	380	596	#
840	2.37302	339	376	596	#
841	2.13572	339	380	596	#
842	2.37302	343	380	596	#
843	3.56189	459	496	597	#
844	2.40428	459	500	597	#
845	2.16385	459	504	597	#
846	1.94746	459	508	597	#
847	2.67142	463	500	597	#
848	2.40428	463	504	597	#
849	2.16385	463	508	597	#
850	2.67142	467	504	597	#
851	2.40428	467	508	597	#
852	2.67142	471	508	597	#
853	5.66315	462	473	598	#
854	3.82263	462	477	598	#
855	3.44036	462	481	598	#
856	3.09633	462	485	598	#
857	4.24736	466	477	598	#
858	3.82263	466	481	598	#
859	3.44036	466	485	598	#
860	4.24736	470	481	598	#
861	3.82263	470	485	598	#
862	4.24736	474	485	598	#
863	1.316	25	56	599	#
864	0.8883	25	60	599	#
865	0.79947	25	64	599	#
866	0.719523	25	68	599	#
867	0.987	29	60	599	#
868	0.8883	29	64	599	#
869	0.79947	29	68	599	#
870	0.987	33	64	599	#
871	0.8883	33	68	599	#
872	0.987	37	68	599	#
873	1.59732	148	181	600	#
874	1.07819	148	185	600	#
875	0.970372	148	189	600	#
876	0.873335	148	193	600	#
877	1.19799	152	185	600	#
878	1.07819	152	189	600	#
879	0.970372	152	193	600	#
880	1.19799	156	189	600	#
881	1.07819	156	193	600	#
882	1.19799	160	193	600	#
883	4.16299	334	372	601	#
884	2.81002	334	376	601	#
885	2.52901	334	380	601	#
886	2.27611	334	384	601	#
887	3.12224	338	376	601	#
888	2.81002	338	380	601	#
889	2.52901	338	384	601	#
890	3.12224	342	380	601	#
891	2.81002	342	384	601	#
892	3.12224	346	384	601	#
893	2.62242	314	325	602	#
894	1.77013	314	329	602	#
895	1.59312	314	333	602	#
896	1.43381	314	337	602	#
897	1.96681	318	329	602	#
898	1.77013	318	333	602	#
899	1.59312	318	337	602	#
900	1.96681	322	333	602	#
901	1.77013	322	337	602	#
902	1.96681	326	337	602	#
903	1.82757	305	336	603	#
904	1.23361	305	340	603	#
905	1.11025	305	344	603	#
906	0.999224	305	348	603	#
907	1.37068	309	340	603	#
908	1.23361	309	344	603	#
909	1.11025	309	348	603	#
910	1.37068	313	344	603	#
911	1.23361	313	348	603	#
912	1.37068	317	348	603	#
913	2.79534	330	341	604	#
914	1.88685	330	345	604	#
915	1.69817	330	349	604	#
916	1.52835	330	353	604	#
917	2.0965	334	345	604	#
918	1.88685	334	349	604	#
919	1.69817	334	353	604	#
920	2.0965	338	349	604	#
921	1.88685	338	353	604	#
922	2.0965	342	353	604	#
923	2.56035	223	260	605	#
924	1.72824	223	264	605	#
925	1.55541	223	268	605	#
926	1.39987	223	272	605	#
927	1.92026	227	264	605	#
928	1.72824	227	268	605	#
929	1.55541	227	272	605	#
930	1.92026	231	268	605	#
931	1.72824	231	272	605	#
932	1.92026	235	272	605	#
933	5.34885	485	498	606	#
934	3.61047	485	502	606	#
935	3.24943	485	506	606	#
936	2.92448	485	510	606	#
937	4.01164	489	502	606	#
938	3.61047	489	506	606	#
939	3.24943	489	510	606	#
940	4.01164	493	506	606	#
941	3.61047	493	510	606	#
942	4.01164	497	510	606	#
943	2.45854	433	464	607	#
944	1.65952	433	468	607	#
945	1.49356	433	472	607	#
946	1.34421	433	476	607	#
947	1.84391	437	468	607	#
948	1.65952	437	472	607	#
949	1.49356	437	476	607	#
950	1.84391	441	472	607	#
951	1.65952	441	476	607	#
952	1.84391	445	476	607	#
953	1.93809	191	228	608	#
954	1.30821	191	232	608	#
955	1.17739	191	236	608	#
956	1.05965	191	240	608	#
957	1.45357	195	232	608	#
958	1.30821	195	236	608	#
959	1.17739	195	240	608	#
960	1.45357	199	236	608	#
961	1.30821	199	240	608	#
962	1.45357	203	240	608	#
963	2.58403	418	429	609	#
964	1.74422	418	433	609	#
965	1.5698	418	437	609	#
966	1.41282	418	441	609	#
967	1.93802	422	433	609	#
968	1.74422	422	437	609	#
969	1.5698	422	441	609	#
970	1.93802	426	437	609	#
971	1.74422	426	441	609	#
972	1.93802	430	441	609	#
973	6.1727	146	157	610	#
974	4.16657	146	161	610	#
975	3.74992	146	165	610	#
976	3.37492	146	169	610	#
977	4.62952	150	161	610	#
978	4.16657	150	165	610	#
979	3.74992	150	169	610	#
980	4.62952	154	165	610	#
981	4.16657	154	169	610	#
982	4.62952	158	169	610	#
983	2.63534	45	58	611	#
984	1.77885	45	62	611	#
985	1.60097	45	66	611	#
986	1.44087	45	70	611	#
987	1.9765	49	62	611	#
988	1.77885	49	66	611	#
989	1.60097	49	70	611	#
990	1.9765	53	66	611	#
991	1.77885	53	70	611	#
992	1.9765	57	70	611	#
993	3.15753	438	476	612	#
994	2.13133	438	480	612	#
995	1.9182	438	484	612	#
996	1.72638	438	488	612	#
997	2.36815	442	480	612	#
998	2.13133	442	484	612	#
999	1.9182	442	488	612	#
1000	2.36815	446	484	612	#
1001	2.13133	446	488	612	#
1002	2.36815	450	488	612	#
1003	5.61157	212	254	613	#
1004	3.78781	212	258	613	#
1005	3.40903	212	262	613	#
1006	3.06813	212	266	613	#
1007	4.20868	216	258	613	#
1008	3.78781	216	262	613	#
1009	3.40903	216	266	613	#
1010	4.20868	220	262	613	#
1011	3.78781	220	266	613	#
1012	4.20868	224	266	613	#
1013	2.18702	168	201	614	#
1014	1.47624	168	205	614	#
1015	1.32862	168	209	614	#
1016	1.19575	168	213	614	#
1017	1.64027	172	205	614	#
1018	1.47624	172	209	614	#
1019	1.32862	172	213	614	#
1020	1.64027	176	209	614	#
1021	1.47624	176	213	614	#
1022	1.64027	180	213	614	#
1023	4.15497	424	467	615	#
1024	2.80461	424	471	615	#
1025	2.52415	424	475	615	#
1026	2.27173	424	479	615	#
1027	3.11623	428	471	615	#
1028	2.80461	428	475	615	#
1029	2.52415	428	479	615	#
1030	3.11623	432	475	615	#
1031	2.80461	432	479	615	#
1032	3.11623	436	479	615	#
1033	2.6002	443	480	616	#
1034	1.75514	443	484	616	#
1035	1.57962	443	488	616	#
1036	1.42166	443	492	616	#
1037	1.95015	447	484	616	#
1038	1.75514	447	488	616	#
1039	1.57962	447	492	616	#
1040	1.95015	451	488	616	#
1041	1.75514	451	492	616	#
1042	1.95015	455	492	616	#
1043	2.19466	57	71	617	#
1044	1.48139	57	75	617	#
1045	1.33325	57	79	617	#
1046	1.19993	57	83	617	#
1047	1.64599	61	75	617	#
1048	1.48139	61	79	617	#
1049	1.33325	61	83	617	#
1050	1.64599	65	79	617	#
1051	1.48139	65	83	617	#
1052	1.64599	69	83	617	#
1053	3.5459	4	47	618	#
1054	2.39348	4	51	618	#
1055	2.15413	4	55	618	#
1056	1.93872	4	59	618	#
1057	2.65942	8	51	618	#
1058	2.39348	8	55	618	#
1059	2.15413	8	59	618	#
1060	2.65942	12	55	618	#
1061	2.39348	12	59	618	#
1062	2.65942	16	59	618	#
1063	2.62387	7	44	619	#
1064	1.77111	7	48	619	#
1065	1.594	7	52	619	#
1066	1.4346	7	56	619	#
1067	1.9679	11	48	619	#
1068	1.77111	11	52	619	#
1069	1.594	11	56	619	#
1070	1.9679	15	52	619	#
1071	1.77111	15	56	619	#
1072	1.9679	19	56	619	#
1073	3.81194	214	225	620	#
1074	2.57306	214	229	620	#
1075	2.31575	214	233	620	#
1076	2.08418	214	237	620	#
1077	2.85895	218	229	620	#
1078	2.57306	218	233	620	#
1079	2.31575	218	237	620	#
1080	2.85895	222	233	620	#
1081	2.57306	222	237	620	#
1082	2.85895	226	237	620	#
1083	2.33978	221	252	621	#
1084	1.57935	221	256	621	#
1085	1.42142	221	260	621	#
1086	1.27928	221	264	621	#
1087	1.75484	225	256	621	#
1088	1.57935	225	260	621	#
1089	1.42142	225	264	621	#
1090	1.75484	229	260	621	#
1091	1.57935	229	264	621	#
1092	1.75484	233	264	621	#
1093	4.36571	414	452	622	#
1094	2.94686	414	456	622	#
1095	2.65217	414	460	622	#
1096	2.38695	414	464	622	#
1097	3.27428	418	456	622	#
1098	2.94686	418	460	622	#
1099	2.65217	418	464	622	#
1100	3.27428	422	460	622	#
1101	2.94686	422	464	622	#
1102	3.27428	426	464	622	#
1103	4.92191	363	400	623	#
1104	3.32229	363	404	623	#
1105	2.99006	363	408	623	#
1106	2.69106	363	412	623	#
1107	3.69144	367	404	623	#
1108	3.32229	367	408	623	#
1109	2.99006	367	412	623	#
1110	3.69144	371	408	623	#
1111	3.32229	371	412	623	#
1112	3.69144	375	412	623	#
1113	3.46363	31	68	624	#
1114	2.33795	31	72	624	#
1115	2.10415	31	76	624	#
1116	1.89374	31	80	624	#
1117	2.59772	35	72	624	#
1118	2.33795	35	76	624	#
1119	2.10415	35	80	624	#
1120	2.59772	39	76	624	#
1121	2.33795	39	80	624	#
1122	2.59772	43	80	624	#
1123	2.32656	240	283	625	#
1124	1.57043	240	287	625	#
1125	1.41339	240	291	625	#
1126	1.27205	240	295	625	#
1127	1.74492	244	287	625	#
1128	1.57043	244	291	625	#
1129	1.41339	244	295	625	#
1130	1.74492	248	291	625	#
1131	1.57043	248	295	625	#
1132	1.74492	252	295	625	#
1133	2.56721	252	294	626	#
1134	1.73287	252	298	626	#
1135	1.55958	252	302	626	#
1136	1.40362	252	306	626	#
1137	1.92541	256	298	626	#
1138	1.73287	256	302	626	#
1139	1.55958	256	306	626	#
1140	1.92541	260	302	626	#
1141	1.73287	260	306	626	#
1142	1.92541	264	306	626	#
1143	5.04016	22	33	627	#
1144	3.40211	22	37	627	#
1145	3.0619	22	41	627	#
1146	2.75571	22	45	627	#
1147	3.78012	26	37	627	#
1148	3.40211	26	41	627	#
1149	3.0619	26	45	627	#
1150	3.78012	30	41	627	#
1151	3.40211	30	45	627	#
1152	3.78012	34	45	627	#
1153	5.95316	166	177	628	#
1154	4.01838	166	181	628	#
1155	3.61655	166	185	628	#
1156	3.25489	166	189	628	#
1157	4.46487	170	181	628	#
1158	4.01838	170	185	628	#
1159	3.61655	170	189	628	#
1160	4.46487	174	185	628	#
1161	4.01838	174	189	628	#
1162	4.46487	178	189	628	#
1163	6.15923	30	68	629	#
1164	4.15748	30	72	629	#
1165	3.74173	30	76	629	#
1166	3.36756	30	80	629	#
1167	4.61942	34	72	629	#
1168	4.15748	34	76	629	#
1169	3.74173	34	80	629	#
1170	4.61942	38	76	629	#
1171	4.15748	38	80	629	#
1172	4.61942	42	80	629	#
1173	2.58374	115	152	630	#
1174	1.74403	115	156	630	#
1175	1.56962	115	160	630	#
1176	1.41266	115	164	630	#
1177	1.93781	119	156	630	#
1178	1.74403	119	160	630	#
1179	1.56962	119	164	630	#
1180	1.93781	123	160	630	#
1181	1.74403	123	164	630	#
1182	1.93781	127	164	630	#
1183	3.19243	170	181	631	#
1184	2.15489	170	185	631	#
1185	1.9394	170	189	631	#
1186	1.74546	170	193	631	#
1187	2.39432	174	185	631	#
1188	2.15489	174	189	631	#
1189	1.9394	174	193	631	#
1190	2.39432	178	189	631	#
1191	2.15489	178	193	631	#
1192	2.39432	182	193	631	#
1193	1.91311	396	429	632	#
1194	1.29135	396	433	632	#
1195	1.16221	396	437	632	#
1196	1.04599	396	441	632	#
1197	1.43483	400	433	632	#
1198	1.29135	400	437	632	#
1199	1.16221	400	441	632	#
1200	1.43483	404	437	632	#
1201	1.29135	404	441	632	#
1202	1.43483	408	441	632	#
1203	2.64015	113	144	633	#
1204	1.7821	113	148	633	#
1205	1.60389	113	152	633	#
1206	1.4435	113	156	633	#
1207	1.98011	117	148	633	#
1208	1.7821	117	152	633	#
1209	1.60389	117	156	633	#
1210	1.98011	121	152	633	#
1211	1.7821	121	156	633	#
1212	1.98011	125	156	633	#
1213	3.61291	310	348	634	#
1214	2.43872	310	352	634	#
1215	2.19484	310	356	634	#
1216	1.97536	310	360	634	#
1217	2.70968	314	352	634	#
1218	2.43872	314	356	634	#
1219	2.19484	314	360	634	#
1220	2.70968	318	356	634	#
1221	2.43872	318	360	634	#
1222	2.70968	322	360	634	#
1223	3.14558	139	176	635	#
1224	2.12326	139	180	635	#
1225	1.91094	139	184	635	#
1226	1.71984	139	188	635	#
1227	2.35918	143	180	635	#
1228	2.12326	143	184	635	#
1229	1.91094	143	188	635	#
1230	2.35918	147	184	635	#
1231	2.12326	147	188	635	#
1232	2.35918	151	188	635	#
1233	4.16241	329	343	636	#
1234	2.80963	329	347	636	#
1235	2.52867	329	351	636	#
1236	2.2758	329	355	636	#
1237	3.12181	333	347	636	#
1238	2.80963	333	351	636	#
1239	2.52867	333	355	636	#
1240	3.12181	337	351	636	#
1241	2.80963	337	355	636	#
1242	3.12181	341	355	636	#
1243	3.79256	228	271	637	#
1244	2.55998	228	275	637	#
1245	2.30398	228	279	637	#
1246	2.07358	228	283	637	#
1247	2.84442	232	275	637	#
1248	2.55998	232	279	637	#
1249	2.30398	232	283	637	#
1250	2.84442	236	279	637	#
1251	2.55998	236	283	637	#
1252	2.84442	240	283	637	#
1253	2.53293	35	72	638	#
1254	1.70973	35	76	638	#
1255	1.53875	35	80	638	#
1256	1.38488	35	84	638	#
1257	1.8997	39	76	638	#
1258	1.70973	39	80	638	#
1259	1.53875	39	84	638	#
1260	1.8997	43	80	638	#
1261	1.70973	43	84	638	#
1262	1.8997	47	84	638	#
1263	4.43147	195	205	639	#
1264	2.99124	195	209	639	#
1265	2.69212	195	213	639	#
1266	2.42291	195	217	639	#
1267	3.3236	199	209	639	#
1268	2.99124	199	213	639	#
1269	2.69212	199	217	639	#
1270	3.3236	203	213	639	#
1271	2.99124	203	217	639	#
1272	3.3236	207	217	639	#
1273	1.84958	461	492	640	#
1274	1.24847	461	496	640	#
1275	1.12362	461	500	640	#
1276	1.01126	461	504	640	#
1277	1.38719	465	496	640	#
1278	1.24847	465	500	640	#
1279	1.12362	465	504	640	#
1280	1.38719	469	500	640	#
1281	1.24847	469	504	640	#
1282	1.38719	473	504	640	#
1283	3.98277	413	426	641	#
1284	2.68837	413	430	641	#
1285	2.41953	413	434	641	#
1286	2.17758	413	438	641	#
1287	2.98708	417	430	641	#
1288	2.68837	417	434	641	#
1289	2.41953	417	438	641	#
1290	2.98708	421	434	641	#
1291	2.68837	421	438	641	#
1292	2.98708	425	438	641	#
1293	4.79491	309	322	642	#
1294	3.23657	309	326	642	#
1295	2.91291	309	330	642	#
1296	2.62162	309	334	642	#
1297	3.59618	313	326	642	#
1298	3.23657	313	330	642	#
1299	2.91291	313	334	642	#
1300	3.59618	317	330	642	#
1301	3.23657	317	334	642	#
1302	3.59618	321	334	642	#
1303	3.7191	234	245	643	#
1304	2.51039	234	249	643	#
1305	2.25935	234	253	643	#
1306	2.03342	234	257	643	#
1307	2.78933	238	249	643	#
1308	2.51039	238	253	643	#
1309	2.25935	238	257	643	#
1310	2.78933	242	253	643	#
1311	2.51039	242	257	643	#
1312	2.78933	246	257	643	#
1313	2.82597	373	387	644	#
1314	1.90753	373	391	644	#
1315	1.71677	373	395	644	#
1316	1.5451	373	399	644	#
1317	2.11947	377	391	644	#
1318	1.90753	377	395	644	#
1319	1.71677	377	399	644	#
1320	2.11947	381	395	644	#
1321	1.90753	381	399	644	#
1322	2.11947	385	399	644	#
1323	5.86589	143	153	645	#
1324	3.95947	143	157	645	#
1325	3.56353	143	161	645	#
1326	3.20717	143	165	645	#
1327	4.39942	147	157	645	#
1328	3.95947	147	161	645	#
1329	3.56353	147	165	645	#
1330	4.39942	151	161	645	#
1331	3.95947	151	165	645	#
1332	4.39942	155	165	645	#
1333	5.59737	306	344	646	#
1334	3.77822	306	348	646	#
1335	3.4004	306	352	646	#
1336	3.06036	306	356	646	#
1337	4.19803	310	348	646	#
1338	3.77822	310	352	646	#
1339	3.4004	310	356	646	#
1340	4.19803	314	352	646	#
1341	3.77822	314	356	646	#
1342	4.19803	318	356	646	#
1343	5.49337	106	144	647	#
1344	3.70802	106	148	647	#
1345	3.33722	106	152	647	#
1346	3.0035	106	156	647	#
1347	4.12003	110	148	647	#
1348	3.70802	110	152	647	#
1349	3.33722	110	156	647	#
1350	4.12003	114	152	647	#
1351	3.70802	114	156	647	#
1352	4.12003	118	156	647	#
1353	6.25132	280	322	648	#
1354	4.21964	280	326	648	#
1355	3.79768	280	330	648	#
1356	3.41791	280	334	648	#
1357	4.68849	284	326	648	#
1358	4.21964	284	330	648	#
1359	3.79768	284	334	648	#
1360	4.68849	288	330	648	#
1361	4.21964	288	334	648	#
1362	4.68849	292	334	648	#
1363	3.99073	391	401	649	#
1364	2.69374	391	405	649	#
1365	2.42437	391	409	649	#
1366	2.18193	391	413	649	#
1367	2.99305	395	405	649	#
1368	2.69374	395	409	649	#
1369	2.42437	395	413	649	#
1370	2.99305	399	409	649	#
1371	2.69374	399	413	649	#
1372	2.99305	403	413	649	#
1373	4.80101	248	290	650	#
1374	3.24068	248	294	650	#
1375	2.91661	248	298	650	#
1376	2.62495	248	302	650	#
1377	3.60076	252	294	650	#
1378	3.24068	252	298	650	#
1379	2.91661	252	302	650	#
1380	3.60076	256	298	650	#
1381	3.24068	256	302	650	#
1382	3.60076	260	302	650	#
1383	5.31295	212	255	651	#
1384	3.58624	212	259	651	#
1385	3.22762	212	263	651	#
1386	2.90485	212	267	651	#
1387	3.98471	216	259	651	#
1388	3.58624	216	263	651	#
1389	3.22762	216	267	651	#
1390	3.98471	220	263	651	#
1391	3.58624	220	267	651	#
1392	3.98471	224	267	651	#
1393	1.69895	189	220	652	#
1394	1.14679	189	224	652	#
1395	1.03211	189	228	652	#
1396	0.928903	189	232	652	#
1397	1.27422	193	224	652	#
1398	1.14679	193	228	652	#
1399	1.03211	193	232	652	#
1400	1.27422	197	228	652	#
1401	1.14679	197	232	652	#
1402	1.27422	201	232	652	#
1403	2.91467	386	397	653	#
1404	1.9674	386	401	653	#
1405	1.77066	386	405	653	#
1406	1.5936	386	409	653	#
1407	2.186	390	401	653	#
1408	1.9674	390	405	653	#
1409	1.77066	390	409	653	#
1410	2.186	394	405	653	#
1411	1.9674	394	409	653	#
1412	2.186	398	409	653	#
1413	4.89817	403	440	654	#
1414	3.30626	403	444	654	#
1415	2.97564	403	448	654	#
1416	2.67807	403	452	654	#
1417	3.67362	407	444	654	#
1418	3.30626	407	448	654	#
1419	2.97564	407	452	654	#
1420	3.67362	411	448	654	#
1421	3.30626	411	452	654	#
1422	3.67362	415	452	654	#
1423	1.07859	344	377	655	#
1424	0.728048	344	381	655	#
1425	0.655243	344	385	655	#
1426	0.589718	344	389	655	#
1427	0.808942	348	381	655	#
1428	0.728048	348	385	655	#
1429	0.655243	348	389	655	#
1430	0.808942	352	385	655	#
1431	0.728048	352	389	655	#
1432	0.808942	356	389	655	#
1433	5.10655	3	40	656	#
1434	3.44692	3	44	656	#
1435	3.10223	3	48	656	#
1436	2.79201	3	52	656	#
1437	3.82991	7	44	656	#
1438	3.44692	7	48	656	#
1439	3.10223	7	52	656	#
1440	3.82991	11	48	656	#
1441	3.44692	11	52	656	#
1442	3.82991	15	52	656	#
1443	5.18994	99	136	657	#
1444	3.50321	99	140	657	#
1445	3.15289	99	144	657	#
1446	2.8376	99	148	657	#
1447	3.89245	103	140	657	#
1448	3.50321	103	144	657	#
1449	3.15289	103	148	657	#
1450	3.89245	107	144	657	#
1451	3.50321	107	148	657	#
1452	3.89245	111	148	657	#
1453	4.01958	277	290	658	#
1454	2.71321	277	294	658	#
1455	2.44189	277	298	658	#
1456	2.1977	277	302	658	#
1457	3.01468	281	294	658	#
1458	2.71321	281	298	658	#
1459	2.44189	281	302	658	#
1460	3.01468	285	298	658	#
1461	2.71321	285	302	658	#
1462	3.01468	289	302	658	#
1463	0.952645	9	40	659	#
1464	0.643036	9	44	659	#
1465	0.578732	9	48	659	#
1466	0.520859	9	52	659	#
1467	0.714484	13	44	659	#
1468	0.643036	13	48	659	#
1469	0.578732	13	52	659	#
1470	0.714484	17	48	659	#
1471	0.643036	17	52	659	#
1472	0.714484	21	52	659	#
1473	6.65698	26	37	660	#
1474	4.49346	26	41	660	#
1475	4.04411	26	45	660	#
1476	3.6397	26	49	660	#
1477	4.99273	30	41	660	#
1478	4.49346	30	45	660	#
1479	4.04411	30	49	660	#
1480	4.99273	34	45	660	#
1481	4.49346	34	49	660	#
1482	4.99273	38	49	660	#
1483	7.07145	65	78	661	#
1484	4.77323	65	82	661	#
1485	4.29591	65	86	661	#
1486	3.86632	65	90	661	#
1487	5.30359	69	82	661	#
1488	4.77323	69	86	661	#
1489	4.29591	69	90	661	#
1490	5.30359	73	86	661	#
1491	4.77323	73	90	661	#
1492	5.30359	77	90	661	#
1493	4.66377	77	91	662	#
1494	3.14804	77	95	662	#
1495	2.83324	77	99	662	#
1496	2.54992	77	103	662	#
1497	3.49783	81	95	662	#
1498	3.14804	81	99	662	#
1499	2.83324	81	103	662	#
1500	3.49783	85	99	662	#
1501	3.14804	85	103	662	#
1502	3.49783	89	103	662	#
1503	4.95289	285	299	663	#
1504	3.3432	285	303	663	#
1505	3.00888	285	307	663	#
1506	2.70799	285	311	663	#
1507	3.71467	289	303	663	#
1508	3.3432	289	307	663	#
1509	3.00888	289	311	663	#
1510	3.71467	293	307	663	#
1511	3.3432	293	311	663	#
1512	3.71467	297	311	663	#
1513	3.37437	140	183	664	#
1514	2.2777	140	187	664	#
1515	2.04993	140	191	664	#
1516	1.84494	140	195	664	#
1517	2.53078	144	187	664	#
1518	2.2777	144	191	664	#
1519	2.04993	144	195	664	#
1520	2.53078	148	191	664	#
1521	2.2777	148	195	664	#
1522	2.53078	152	195	664	#
1523	2.16563	363	400	665	#
1524	1.4618	363	404	665	#
1525	1.31562	363	408	665	#
1526	1.18406	363	412	665	#
1527	1.62422	367	404	665	#
1528	1.4618	367	408	665	#
1529	1.31562	367	412	665	#
1530	1.62422	371	408	665	#
1531	1.4618	371	412	665	#
1532	1.62422	375	412	665	#
1533	4.62754	458	496	666	#
1534	3.12359	458	500	666	#
1535	2.81123	458	504	666	#
1536	2.53011	458	508	666	#
1537	3.47065	462	500	666	#
1538	3.12359	462	504	666	#
1539	2.81123	462	508	666	#
1540	3.47065	466	504	666	#
1541	3.12359	466	508	666	#
1542	3.47065	470	508	666	#
1543	3.28628	47	84	667	#
1544	2.21824	47	88	667	#
1545	1.99642	47	92	667	#
1546	1.79678	47	96	667	#
1547	2.46471	51	88	667	#
1548	2.21824	51	92	667	#
1549	1.99642	51	96	667	#
1550	2.46471	55	92	667	#
1551	2.21824	55	96	667	#
1552	2.46471	59	96	667	#
1553	2.28405	164	197	668	#
1554	1.54174	164	201	668	#
1555	1.38756	164	205	668	#
1556	1.24881	164	209	668	#
1557	1.71304	168	201	668	#
1558	1.54174	168	205	668	#
1559	1.38756	168	209	668	#
1560	1.71304	172	205	668	#
1561	1.54174	172	209	668	#
1562	1.71304	176	209	668	#
1563	3.22611	432	474	669	#
1564	2.17762	432	478	669	#
1565	1.95986	432	482	669	#
1566	1.76388	432	486	669	#
1567	2.41958	436	478	669	#
1568	2.17762	436	482	669	#
1569	1.95986	436	486	669	#
1570	2.41958	440	482	669	#
1571	2.17762	440	486	669	#
1572	2.41958	444	486	669	#
1573	3.16994	439	449	670	#
1574	2.13971	439	453	670	#
1575	1.92574	439	457	670	#
1576	1.73317	439	461	670	#
1577	2.37746	443	453	670	#
1578	2.13971	443	457	670	#
1579	1.92574	443	461	670	#
1580	2.37746	447	457	670	#
1581	2.13971	447	461	670	#
1582	2.37746	451	461	670	#
1583	3.87676	107	117	671	#
1584	2.61682	107	121	671	#
1585	2.35513	107	125	671	#
1586	2.11962	107	129	671	#
1587	2.90757	111	121	671	#
1588	2.61682	111	125	671	#
1589	2.35513	111	129	671	#
1590	2.90757	115	125	671	#
1591	2.61682	115	129	671	#
1592	2.90757	119	129	671	#
1593	5.04471	278	316	672	#
1594	3.40518	278	320	672	#
1595	3.06466	278	324	672	#
1596	2.7582	278	328	672	#
1597	3.78353	282	320	672	#
1598	3.40518	282	324	672	#
1599	3.06466	282	328	672	#
1600	3.78353	286	324	672	#
1601	3.40518	286	328	672	#
1602	3.78353	290	328	672	#
1603	4.47896	327	337	673	#
1604	3.02329	327	341	673	#
1605	2.72097	327	345	673	#
1606	2.44887	327	349	673	#
1607	3.35922	331	341	673	#
1608	3.02329	331	345	673	#
1609	2.72097	331	349	673	#
1610	3.35922	335	345	673	#
1611	3.02329	335	349	673	#
1612	3.35922	339	349	673	#
1613	1.58371	3	40	674	#
1614	1.42534	3	44	674	#
1615	1.2828	3	48	674	#
1616	1.58371	7	44	674	#
1617	1.42534	7	48	674	#
1618	1.58371	11	48	674	#
1619	1.25016	92	125	675	#
1620	0.84386	92	129	675	#
1621	0.759474	92	133	675	#
1622	0.683527	92	137	675	#
1623	0.937622	96	129	675	#
1624	0.84386	96	133	675	#
1625	0.759474	96	137	675	#
1626	0.937622	100	133	675	#
1627	0.84386	100	137	675	#
1628	0.937622	104	137	675	#
1629	5.33062	427	464	676	#
1630	3.59817	427	468	676	#
1631	3.23835	427	472	676	#
1632	2.91452	427	476	676	#
1633	3.99797	431	468	676	#
1634	3.59817	431	472	676	#
1635	3.23835	431	476	676	#
1636	3.99797	435	472	676	#
1637	3.59817	435	476	676	#
1638	3.99797	439	476	676	#
1639	4.95931	447	484	677	#
1640	3.34754	447	488	677	#
1641	3.01278	447	492	677	#
1642	2.7115	447	496	677	#
1643	3.71948	451	488	677	#
1644	3.34754	451	492	677	#
1645	3.01278	451	496	677	#
1646	3.71948	455	492	677	#
1647	3.34754	455	496	677	#
1648	3.71948	459	496	677	#
1649	2.0286	269	283	678	#
1650	1.36931	269	287	678	#
1651	1.23238	269	291	678	#
1652	1.10914	269	295	678	#
1653	1.52145	273	287	678	#
1654	1.36931	273	291	678	#
1655	1.23238	273	295	678	#
1656	1.52145	277	291	678	#
1657	1.36931	277	295	678	#
1658	1.52145	281	295	678	#
1659	2.00535	353	384	679	#
1660	1.35361	353	388	679	#
1661	1.21825	353	392	679	#
1662	1.09642	353	396	679	#
1663	1.50401	357	388	679	#
1664	1.35361	357	392	679	#
1665	1.21825	357	396	679	#
1666	1.50401	361	392	679	#
1667	1.35361	361	396	679	#
1668	1.50401	365	396	679	#
1669	4.24366	143	180	680	#
1670	2.86447	143	184	680	#
1671	2.57802	143	188	680	#
1672	2.32022	143	192	680	#
1673	3.18275	147	184	680	#
1674	2.86447	147	188	680	#
1675	2.57802	147	192	680	#
1676	3.18275	151	188	680	#
1677	2.86447	151	192	680	#
1678	3.18275	155	192	680	#
1679	2.39587	75	85	681	#
1680	1.61721	75	89	681	#
1681	1.45549	75	93	681	#
1682	1.30994	75	97	681	#
1683	1.7969	79	89	681	#
1684	1.61721	79	93	681	#
1685	1.45549	79	97	681	#
1686	1.7969	83	93	681	#
1687	1.61721	83	97	681	#
1688	1.7969	87	97	681	#
1689	5.79073	2	13	682	#
1690	3.90874	2	17	682	#
1691	3.51787	2	21	682	#
1692	3.16608	2	25	682	#
1693	4.34305	6	17	682	#
1694	3.90874	6	21	682	#
1695	3.51787	6	25	682	#
1696	4.34305	10	21	682	#
1697	3.90874	10	25	682	#
1698	4.34305	14	25	682	#
1699	4.28556	445	459	683	#
1700	2.89275	445	463	683	#
1701	2.60348	445	467	683	#
1702	2.34313	445	471	683	#
1703	3.21417	449	463	683	#
1704	2.89275	449	467	683	#
1705	2.60348	449	471	683	#
1706	3.21417	453	467	683	#
1707	2.89275	453	471	683	#
1708	3.21417	457	471	683	#
1709	3.80658	437	451	684	#
1710	2.56944	437	455	684	#
1711	2.3125	437	459	684	#
1712	2.08125	437	463	684	#
1713	2.85494	441	455	684	#
1714	2.56944	441	459	684	#
1715	2.3125	441	463	684	#
1716	2.85494	445	459	684	#
1717	2.56944	445	463	684	#
1718	2.85494	449	463	684	#
1719	3.32247	275	285	685	#
1720	2.24267	275	289	685	#
1721	2.0184	275	293	685	#
1722	1.81656	275	297	685	#
1723	2.49185	279	289	685	#
1724	2.24267	279	293	685	#
1725	2.0184	279	297	685	#
1726	2.49185	283	293	685	#
1727	2.24267	283	297	685	#
1728	2.49185	287	297	685	#
1729	2.55704	423	433	686	#
1730	1.726	423	437	686	#
1731	1.5534	423	441	686	#
1732	1.39806	423	445	686	#
1733	1.91778	427	437	686	#
1734	1.726	427	441	686	#
1735	1.5534	427	445	686	#
1736	1.91778	431	441	686	#
1737	1.726	431	445	686	#
1738	1.91778	435	445	686	#
1739	4.9656	165	179	687	#
1740	3.35178	165	183	687	#
1741	3.0166	165	187	687	#
1742	2.71494	165	191	687	#
1743	3.7242	169	183	687	#
1744	3.35178	169	187	687	#
1745	3.0166	169	191	687	#
1746	3.7242	173	187	687	#
1747	3.35178	173	191	687	#
1748	3.7242	177	191	687	#
1749	2.63974	463	473	688	#
1750	1.78183	463	477	688	#
1751	1.60364	463	481	688	#
1752	1.44328	463	485	688	#
1753	1.97981	467	477	688	#
1754	1.78183	467	481	688	#
1755	1.60364	467	485	688	#
1756	1.97981	471	481	688	#
1757	1.78183	471	485	688	#
1758	1.97981	475	485	688	#
1759	2.03818	404	437	689	#
1760	1.37577	404	441	689	#
1761	1.23819	404	445	689	#
1762	1.11437	404	449	689	#
1763	1.52863	408	441	689	#
1764	1.37577	408	445	689	#
1765	1.23819	408	449	689	#
1766	1.52863	412	445	689	#
1767	1.37577	412	449	689	#
1768	1.52863	416	449	689	#
1769	4.49587	278	316	690	#
1770	3.03471	278	320	690	#
1771	2.73124	278	324	690	#
1772	2.45812	278	328	690	#
1773	3.3719	282	320	690	#
1774	3.03471	282	324	690	#
1775	2.73124	282	328	690	#
1776	3.3719	286	324	690	#
1777	3.03471	286	328	690	#
1778	3.3719	290	328	690	#
1779	3.4818	247	284	691	#
1780	2.35022	247	288	691	#
1781	2.1152	247	292	691	#
1782	1.90368	247	296	691	#
1783	2.61135	251	288	691	#
1784	2.35022	251	292	691	#
1785	2.1152	251	296	691	#
1786	2.61135	255	292	691	#
1787	2.35022	255	296	691	#
1788	2.61135	259	296	691	#
1789	4.91486	74	85	692	#
1790	3.31753	74	89	692	#
1791	2.98577	74	93	692	#
1792	2.6872	74	97	692	#
1793	3.68614	78	89	692	#
1794	3.31753	78	93	692	#
1795	2.98577	78	97	692	#
1796	3.68614	82	93	692	#
1797	3.31753	82	97	692	#
1798	3.68614	86	97	692	#
1799	5.23615	220	262	693	#
1800	3.5344	220	266	693	#
1801	3.18096	220	270	693	#
1802	2.86286	220	274	693	#
1803	3.92711	224	266	693	#
1804	3.5344	224	270	693	#
1805	3.18096	224	274	693	#
1806	3.92711	228	270	693	#
1807	3.5344	228	274	693	#
1808	3.92711	232	274	693	#
1809	4.55229	392	434	694	#
1810	3.0728	392	438	694	#
1811	2.76552	392	442	694	#
1812	2.48897	392	446	694	#
1813	3.41422	396	438	694	#
1814	3.0728	396	442	694	#
1815	2.76552	396	446	694	#
1816	3.41422	400	442	694	#
1817	3.0728	400	446	694	#
1818	3.41422	404	446	694	#
1819	2.22175	244	277	695	#
1820	1.49968	244	281	695	#
1821	1.34971	244	285	695	#
1822	1.21474	244	289	695	#
1823	1.66631	248	281	695	#
1824	1.49968	248	285	695	#
1825	1.34971	248	289	695	#
1826	1.66631	252	285	695	#
1827	1.49968	252	289	695	#
1828	1.66631	256	289	695	#
1829	5.56876	419	429	696	#
1830	3.75892	419	433	696	#
1831	3.38302	419	437	696	#
1832	3.04472	419	441	696	#
1833	4.17657	423	433	696	#
1834	3.75892	423	437	696	#
1835	3.38302	423	441	696	#
1836	4.17657	427	437	696	#
1837	3.75892	427	441	696	#
1838	4.17657	431	441	696	#
1839	2.41032	400	443	697	#
1840	1.62697	400	447	697	#
1841	1.46427	400	451	697	#
1842	1.31784	400	455	697	#
1843	1.80774	404	447	697	#
1844	1.62697	404	451	697	#
1845	1.46427	404	455	697	#
1846	1.80774	408	451	697	#
1847	1.62697	408	455	697	#
1848	1.80774	412	455	697	#
1849	3.63775	228	271	698	#
1850	2.45548	228	275	698	#
1851	2.20993	228	279	698	#
1852	1.98894	228	283	698	#
1853	2.72831	232	275	698	#
1854	2.45548	232	279	698	#
1855	2.20993	232	283	698	#
1856	2.72831	236	279	698	#
1857	2.45548	236	283	698	#
1858	2.72831	240	283	698	#
1859	2.63156	67	104	699	#
1860	1.77631	67	108	699	#
1861	1.59868	67	112	699	#
1862	1.43881	67	116	699	#
1863	1.97367	71	108	699	#
1864	1.77631	71	112	699	#
1865	1.59868	71	116	699	#
1866	1.97367	75	112	699	#
1867	1.77631	75	116	699	#
1868	1.97367	79	116	699	#
1869	5.08691	48	91	700	#
1870	3.43367	48	95	700	#
1871	3.0903	48	99	700	#
1872	2.78127	48	103	700	#
1873	3.81518	52	95	700	#
1874	3.43367	52	99	700	#
1875	3.0903	52	103	700	#
1876	3.81518	56	99	700	#
1877	3.43367	56	103	700	#
1878	3.81518	60	103	700	#
1879	2.68737	141	155	701	#
1880	1.81397	141	159	701	#
1881	1.63258	141	163	701	#
1882	1.46932	141	167	701	#
1883	2.01553	145	159	701	#
1884	1.81397	145	163	701	#
1885	1.63258	145	167	701	#
1886	2.01553	149	163	701	#
1887	1.81397	149	167	701	#
1888	2.01553	153	167	701	#
1889	5.91007	21	35	702	#
1890	3.9893	21	39	702	#
1891	3.59037	21	43	702	#
1892	3.23133	21	47	702	#
1893	4.43256	25	39	702	#
1894	3.9893	25	43	702	#
1895	3.59037	25	47	702	#
1896	4.43256	29	43	702	#
1897	3.9893	29	47	702	#
1898	4.43256	33	47	702	#
1899	1.36308	372	405	703	#
1900	0.920076	372	409	703	#
1901	0.828069	372	413	703	#
1902	0.745262	372	417	703	#
1903	1.02231	376	409	703	#
1904	0.920076	376	413	703	#
1905	0.828069	376	417	703	#
1906	1.02231	380	413	703	#
1907	0.920076	380	417	703	#
1908	1.02231	384	417	703	#
1909	3.78381	238	276	704	#
1910	2.55407	238	280	704	#
1911	2.29866	238	284	704	#
1912	2.0688	238	288	704	#
1913	2.83785	242	280	704	#
1914	2.55407	242	284	704	#
1915	2.29866	242	288	704	#
1916	2.83785	246	284	704	#
1917	2.55407	246	288	704	#
1918	2.83785	250	288	704	#
1919	3.05474	165	178	705	#
1920	2.06195	165	182	705	#
1921	1.85575	165	186	705	#
1922	1.67018	165	190	705	#
1923	2.29105	169	182	705	#
1924	2.06195	169	186	705	#
1925	1.85575	169	190	705	#
1926	2.29105	173	186	705	#
1927	2.06195	173	190	705	#
1928	2.29105	177	190	705	#
1929	4.68182	246	284	706	#
1930	3.16023	246	288	706	#
1931	2.84421	246	292	706	#
1932	2.55979	246	296	706	#
1933	3.51137	250	288	706	#
1934	3.16023	250	292	706	#
1935	2.84421	250	296	706	#
1936	3.51137	254	292	706	#
1937	3.16023	254	296	706	#
1938	3.51137	258	296	706	#
1939	5.37783	221	234	707	#
1940	3.63004	221	238	707	#
1941	3.26703	221	242	707	#
1942	2.94033	221	246	707	#
1943	4.03337	225	238	707	#
1944	3.63004	225	242	707	#
1945	3.26703	225	246	707	#
1946	4.03337	229	242	707	#
1947	3.63004	229	246	707	#
1948	4.03337	233	246	707	#
1949	4.39959	78	116	708	#
1950	2.96972	78	120	708	#
1951	2.67275	78	124	708	#
1952	2.40547	78	128	708	#
1953	3.29969	82	120	708	#
1954	2.96972	82	124	708	#
1955	2.67275	82	128	708	#
1956	3.29969	86	124	708	#
1957	2.96972	86	128	708	#
1958	3.29969	90	128	708	#
1959	5.00644	120	163	709	#
1960	3.37934	120	167	709	#
1961	3.04141	120	171	709	#
1962	2.73727	120	175	709	#
1963	3.75483	124	167	709	#
1964	3.37934	124	171	709	#
1965	3.04141	124	175	709	#
1966	3.75483	128	171	709	#
1967	3.37934	128	175	709	#
1968	3.75483	132	175	709	#
1969	5.22764	433	447	710	#
1970	3.52866	433	451	710	#
1971	3.17579	433	455	710	#
1972	2.85821	433	459	710	#
1973	3.92073	437	451	710	#
1974	3.52866	437	455	710	#
1975	3.17579	437	459	710	#
1976	3.92073	441	455	710	#
1977	3.52866	441	459	710	#
1978	3.92073	445	459	710	#
1979	4.8335	262	300	711	#
1980	3.26261	262	304	711	#
1981	2.93635	262	308	711	#
1982	2.64272	262	312	711	#
1983	3.62513	266	304	711	#
1984	3.26261	266	308	711	#
1985	2.93635	266	312	711	#
1986	3.62513	270	308	711	#
1987	3.26261	270	312	711	#
1988	3.62513	274	312	711	#
1989	5.36766	495	505	712	#
1990	3.62317	495	509	712	#
1991	4.02574	499	509	712	#
1992	3.09114	5	19	713	#
1993	2.08652	5	23	713	#
1994	1.87787	5	27	713	#
1995	1.69008	5	31	713	#
1996	2.31836	9	23	713	#
1997	2.08652	9	27	713	#
1998	1.87787	9	31	713	#
1999	2.31836	13	27	713	#
2000	2.08652	13	31	713	#
2001	2.31836	17	31	713	#
