%% File generated by CATS v.2.1Mon Jul  4 14:06:18 2011

%% The CATS webpage is http://robotics.stanford.edu/CATS

%% PARAMETER SETTINGS:
% Goods: 256; Bids: 1000; Distribution: matching; Runs: 1; Parameters generated from distribution in file "qpstuff/matching-qp.txt".; Problems generated from distribution over features in files: qpstuff/cass-qp.txt, qpstuff/cplex-qp.txt, qpstuff/lehman-qp.txt; Seed: 1309818314
% Matching Distribution Parameters:
% Max airport price       = 5
% Early takeoff deviation = 3
% Late takeoff deviation  = 4
% Early landing deviation = 2
% Late landing deviation  = 2
% Deviation               = 0.806366
% Delay coefficient       = 0.785557
% Amount late coefficient = 0.736520



goods 256
bids 1000
dummy 49

0	2.25648	64	97	256	#
1	1.30555	64	101	256	#
2	0.755365	64	105	256	#
3	0.437038	64	109	256	#
4	0.343318	64	113	256	#
5	0.269696	64	117	256	#
6	1.66194	68	101	256	#
7	0.961566	68	105	256	#
8	0.556341	68	109	256	#
9	0.437038	68	113	256	#
10	0.343318	68	117	256	#
11	1.22406	72	105	256	#
12	0.708213	72	109	256	#
13	0.556341	72	113	256	#
14	0.437038	72	117	256	#
15	0.901542	76	109	256	#
16	0.708213	76	113	256	#
17	0.556341	76	117	256	#
18	0.901542	80	113	256	#
19	0.708213	80	117	256	#
20	0.901542	84	117	256	#
21	7.48021	24	66	257	#
22	4.32789	24	70	257	#
23	2.50402	24	74	257	#
24	1.44877	24	78	257	#
25	1.13809	24	82	257	#
26	0.894038	24	86	257	#
27	5.50932	28	70	257	#
28	3.18758	28	74	257	#
29	1.84426	28	78	257	#
30	1.44877	28	82	257	#
31	1.13809	28	86	257	#
32	4.05773	32	74	257	#
33	2.34771	32	78	257	#
34	1.84426	32	82	257	#
35	1.44877	32	86	257	#
36	2.9886	36	78	257	#
37	2.34771	36	82	257	#
38	1.84426	36	86	257	#
39	2.9886	40	82	257	#
40	2.34771	40	86	257	#
41	2.9886	44	86	257	#
42	4.02946	99	109	258	#
43	2.33136	99	113	258	#
44	1.34888	99	117	258	#
45	0.780431	99	121	258	#
46	0.613073	99	125	258	#
47	0.481604	99	129	258	#
48	2.96778	103	113	258	#
49	1.71709	103	117	258	#
50	0.993474	103	121	258	#
51	0.780431	103	125	258	#
52	0.613073	103	129	258	#
53	2.18583	107	117	258	#
54	1.26467	107	121	258	#
55	0.993474	107	125	258	#
56	0.780431	107	129	258	#
57	1.60991	111	121	258	#
58	1.26467	111	125	258	#
59	0.993474	111	129	258	#
60	1.60991	115	125	258	#
61	1.26467	115	129	258	#
62	1.60991	119	129	258	#
63	2.16225	60	103	259	#
64	1.25103	60	107	259	#
65	0.72382	60	111	259	#
66	0.418787	60	115	259	#
67	0.328981	60	119	259	#
68	0.258433	60	123	259	#
69	1.59254	64	107	259	#
70	0.92141	64	111	259	#
71	0.533108	64	115	259	#
72	0.418787	64	119	259	#
73	0.328981	64	123	259	#
74	1.17294	68	111	259	#
75	0.678637	68	115	259	#
76	0.533108	68	119	259	#
77	0.418787	68	123	259	#
78	0.863893	72	115	259	#
79	0.678637	72	119	259	#
80	0.533108	72	123	259	#
81	0.863893	76	119	259	#
82	0.678637	76	123	259	#
83	0.863893	80	123	259	#
84	2.48987	111	121	260	#
85	1.44059	111	125	260	#
86	0.833493	111	129	260	#
87	0.482241	111	133	260	#
88	0.378828	111	137	260	#
89	0.297591	111	141	260	#
90	1.83384	115	125	260	#
91	1.06102	115	129	260	#
92	0.613884	115	133	260	#
93	0.482241	115	137	260	#
94	0.378828	115	141	260	#
95	1.35066	119	129	260	#
96	0.781464	119	133	260	#
97	0.613884	119	137	260	#
98	0.482241	119	141	260	#
99	0.99479	123	133	260	#
100	0.781464	123	137	260	#
101	0.613884	123	141	260	#
102	0.99479	127	137	260	#
103	0.781464	127	141	260	#
104	0.99479	131	141	260	#
105	1.79161	121	152	261	#
106	1.03658	121	156	261	#
107	0.599746	121	160	261	#
108	0.347	121	164	261	#
109	0.272588	121	168	261	#
110	0.214134	121	172	261	#
111	1.31955	125	156	261	#
112	0.763466	125	160	261	#
113	0.441725	125	164	261	#
114	0.347	125	168	261	#
115	0.272588	125	172	261	#
116	0.971878	129	160	261	#
117	0.562308	129	164	261	#
118	0.441725	129	168	261	#
119	0.347	129	172	261	#
120	0.715808	133	164	261	#
121	0.562308	133	168	261	#
122	0.441725	133	172	261	#
123	0.715808	137	168	261	#
124	0.562308	137	172	261	#
125	0.715808	141	172	261	#
126	4.81902	94	132	262	#
127	2.78818	94	136	262	#
128	1.61318	94	140	262	#
129	0.933353	94	144	262	#
130	0.733202	94	148	262	#
131	0.575972	94	152	262	#
132	3.54931	98	136	262	#
133	2.05355	98	140	262	#
134	1.18814	98	144	262	#
135	0.933353	98	148	262	#
136	0.733202	98	152	262	#
137	2.61414	102	140	262	#
138	1.51248	102	144	262	#
139	1.18814	102	148	262	#
140	0.933353	102	152	262	#
141	1.92536	106	144	262	#
142	1.51248	106	148	262	#
143	1.18814	106	152	262	#
144	1.92536	110	148	262	#
145	1.51248	110	152	262	#
146	1.92536	114	152	262	#
147	3.17298	122	133	263	#
148	1.83582	122	137	263	#
149	1.06217	122	141	263	#
150	0.614546	122	145	263	#
151	0.482761	122	149	263	#
152	0.379236	122	153	263	#
153	2.33696	126	137	263	#
154	1.35212	126	141	263	#
155	0.782306	126	145	263	#
156	0.614546	126	149	263	#
157	0.482761	126	153	263	#
158	1.72122	130	141	263	#
159	0.995862	130	145	263	#
160	0.782306	130	149	263	#
161	0.614546	130	153	263	#
162	1.26771	134	145	263	#
163	0.995862	134	149	263	#
164	0.782306	134	153	263	#
165	1.26771	138	149	263	#
166	0.995862	138	153	263	#
167	1.26771	142	153	263	#
168	2.08861	163	173	264	#
169	1.20842	163	177	264	#
170	0.699168	163	181	264	#
171	0.404524	163	185	264	#
172	0.317776	163	189	264	#
173	0.249631	163	193	264	#
174	1.5383	167	177	264	#
175	0.890028	167	181	264	#
176	0.514951	167	185	264	#
177	0.404524	167	189	264	#
178	0.317776	167	193	264	#
179	1.13299	171	181	264	#
180	0.655524	171	185	264	#
181	0.514951	171	189	264	#
182	0.404524	171	193	264	#
183	0.83447	175	185	264	#
184	0.655524	175	189	264	#
185	0.514951	175	193	264	#
186	0.83447	179	189	264	#
187	0.655524	179	193	264	#
188	0.83447	183	193	264	#
189	0.802301	68	101	265	#
190	0.464194	68	105	265	#
191	0.268573	68	109	265	#
192	0.155391	68	113	265	#
193	0.122068	68	117	265	#
194	0.0958915	68	121	265	#
195	0.590911	72	105	265	#
196	0.341889	72	109	265	#
197	0.197809	72	113	265	#
198	0.155391	72	117	265	#
199	0.122068	72	121	265	#
200	0.435218	76	109	265	#
201	0.251808	76	113	265	#
202	0.197809	76	117	265	#
203	0.155391	76	121	265	#
204	0.320547	80	113	265	#
205	0.251808	80	117	265	#
206	0.197809	80	121	265	#
207	0.320547	84	117	265	#
208	0.251808	84	121	265	#
209	0.320547	88	121	265	#
210	4.68255	47	84	266	#
211	2.70922	47	88	266	#
212	1.5675	47	92	266	#
213	0.906921	47	96	266	#
214	0.712438	47	100	266	#
215	0.559661	47	104	266	#
216	3.44879	51	88	266	#
217	1.9954	51	92	266	#
218	1.15449	51	96	266	#
219	0.906921	51	100	266	#
220	0.712438	51	104	266	#
221	2.54011	55	92	266	#
222	1.46965	55	96	266	#
223	1.15449	55	100	266	#
224	0.906921	55	104	266	#
225	1.87084	59	96	266	#
226	1.46965	59	100	266	#
227	1.15449	59	104	266	#
228	1.87084	63	100	266	#
229	1.46965	63	104	266	#
230	1.87084	67	104	266	#
231	2.11609	31	68	267	#
232	1.22432	31	72	267	#
233	0.708368	31	76	267	#
234	0.409847	31	80	267	#
235	0.321958	31	84	267	#
236	0.252916	31	88	267	#
237	1.55854	35	72	267	#
238	0.90174	35	76	267	#
239	0.521727	35	80	267	#
240	0.409847	35	84	267	#
241	0.321958	35	88	267	#
242	1.1479	39	76	267	#
243	0.66415	39	80	267	#
244	0.521727	39	84	267	#
245	0.409847	39	88	267	#
246	0.845451	43	80	267	#
247	0.66415	43	84	267	#
248	0.521727	43	88	267	#
249	0.845451	47	84	267	#
250	0.66415	47	88	267	#
251	0.845451	51	88	267	#
252	6.37765	64	106	268	#
253	3.68997	64	110	268	#
254	2.13494	64	114	268	#
255	1.23523	64	118	268	#
256	0.970344	64	122	268	#
257	0.76226	64	126	268	#
258	4.69727	68	110	268	#
259	2.71774	68	114	268	#
260	1.57243	68	118	268	#
261	1.23523	68	122	268	#
262	0.970344	68	126	268	#
263	3.45963	72	114	268	#
264	2.00167	72	118	268	#
265	1.57243	72	122	268	#
266	1.23523	72	126	268	#
267	2.54809	76	118	268	#
268	2.00167	76	122	268	#
269	1.57243	76	126	268	#
270	2.54809	80	122	268	#
271	2.00167	80	126	268	#
272	2.54809	84	126	268	#
273	1.40994	30	41	269	#
274	0.815763	30	45	269	#
275	0.471983	30	49	269	#
276	0.273079	30	53	269	#
277	0.214519	30	57	269	#
278	0.168517	30	61	269	#
279	1.03845	34	45	269	#
280	0.600826	34	49	269	#
281	0.347625	34	53	269	#
282	0.273079	34	57	269	#
283	0.214519	34	61	269	#
284	0.764841	38	49	269	#
285	0.442521	38	53	269	#
286	0.347625	38	57	269	#
287	0.273079	38	61	269	#
288	0.563321	42	53	269	#
289	0.442521	42	57	269	#
290	0.347625	42	61	269	#
291	0.563321	46	57	269	#
292	0.442521	46	61	269	#
293	0.563321	50	61	269	#
294	1.52897	189	202	270	#
295	0.884629	189	206	270	#
296	0.511828	189	210	270	#
297	0.296132	189	214	270	#
298	0.232629	189	218	270	#
299	0.182743	189	222	270	#
300	1.12612	193	206	270	#
301	0.651547	193	210	270	#
302	0.376971	193	214	270	#
303	0.296132	193	218	270	#
304	0.232629	193	222	270	#
305	0.829408	197	210	270	#
306	0.479878	197	214	270	#
307	0.376971	197	218	270	#
308	0.296132	197	222	270	#
309	0.610876	201	214	270	#
310	0.479878	201	218	270	#
311	0.376971	201	222	270	#
312	0.610876	205	218	270	#
313	0.479878	205	222	270	#
314	0.610876	209	222	270	#
315	2.85523	150	161	271	#
316	1.65197	150	165	271	#
317	0.955796	150	169	271	#
318	0.553003	150	173	271	#
319	0.434415	150	177	271	#
320	0.341258	150	181	271	#
321	2.10293	154	165	271	#
322	1.21671	154	169	271	#
323	0.703963	154	173	271	#
324	0.553003	154	177	271	#
325	0.434415	154	181	271	#
326	1.54885	158	169	271	#
327	0.896132	158	173	271	#
328	0.703963	158	177	271	#
329	0.553003	158	181	271	#
330	1.14076	162	173	271	#
331	0.896132	162	177	271	#
332	0.703963	162	181	271	#
333	1.14076	166	177	271	#
334	0.896132	166	181	271	#
335	1.14076	170	181	271	#
336	6.06876	196	238	272	#
337	3.51125	196	242	272	#
338	2.03154	196	246	272	#
339	1.1754	196	250	272	#
340	0.923346	196	254	272	#
341	4.46976	200	242	272	#
342	2.58611	200	246	272	#
343	1.49627	200	250	272	#
344	1.1754	200	254	272	#
345	3.29207	204	246	272	#
346	1.90472	204	250	272	#
347	1.49627	204	254	272	#
348	2.42468	208	250	272	#
349	1.90472	208	254	272	#
350	2.42468	212	254	272	#
351	4.11903	77	90	273	#
352	2.38318	77	94	273	#
353	1.37886	77	98	273	#
354	0.797778	77	102	273	#
355	0.6267	77	106	273	#
356	0.492309	77	110	273	#
357	3.03375	81	94	273	#
358	1.75526	81	98	273	#
359	1.01556	81	102	273	#
360	0.797778	81	106	273	#
361	0.6267	81	110	273	#
362	2.23442	85	98	273	#
363	1.29279	85	102	273	#
364	1.01556	85	106	273	#
365	0.797778	85	110	273	#
366	1.64569	89	102	273	#
367	1.29279	89	106	273	#
368	1.01556	89	110	273	#
369	1.64569	93	106	273	#
370	1.29279	93	110	273	#
371	1.64569	97	110	273	#
372	9.95569	174	212	274	#
373	5.76015	174	216	274	#
374	3.3327	174	220	274	#
375	1.92823	174	224	274	#
376	1.51473	174	228	274	#
377	1.18991	174	232	274	#
378	7.33256	178	216	274	#
379	4.24246	178	220	274	#
380	2.4546	178	224	274	#
381	1.92823	178	228	274	#
382	1.51473	178	232	274	#
383	5.40058	182	220	274	#
384	3.12466	182	224	274	#
385	2.4546	182	228	274	#
386	1.92823	182	232	274	#
387	3.97764	186	224	274	#
388	3.12466	186	228	274	#
389	2.4546	186	232	274	#
390	3.97764	190	228	274	#
391	3.12466	190	232	274	#
392	3.97764	194	232	274	#
393	4.77612	112	155	275	#
394	2.76336	112	159	275	#
395	1.59882	112	163	275	#
396	0.925044	112	167	275	#
397	0.726675	112	171	275	#
398	0.570844	112	175	275	#
399	3.51771	116	159	275	#
400	2.03527	116	163	275	#
401	1.17756	116	167	275	#
402	0.925044	116	171	275	#
403	0.726675	116	175	275	#
404	2.59086	120	163	275	#
405	1.49902	120	167	275	#
406	1.17756	120	171	275	#
407	0.925044	120	175	275	#
408	1.90822	124	167	275	#
409	1.49902	124	171	275	#
410	1.17756	124	175	275	#
411	1.90822	128	171	275	#
412	1.49902	128	175	275	#
413	1.90822	132	175	275	#
414	2.30123	68	110	276	#
415	1.33144	68	114	276	#
416	0.770344	68	118	276	#
417	0.445704	68	122	276	#
418	0.350126	68	126	276	#
419	0.275044	68	130	276	#
420	1.6949	72	114	276	#
421	0.980634	72	118	276	#
422	0.567374	72	122	276	#
423	0.445704	72	126	276	#
424	0.350126	72	130	276	#
425	1.24833	76	118	276	#
426	0.722256	76	122	276	#
427	0.567374	76	126	276	#
428	0.445704	76	130	276	#
429	0.91942	80	122	276	#
430	0.722256	80	126	276	#
431	0.567374	80	130	276	#
432	0.91942	84	126	276	#
433	0.722256	84	130	276	#
434	0.91942	88	130	276	#
435	2.78463	163	173	277	#
436	1.61113	163	177	277	#
437	0.932163	163	181	277	#
438	0.539329	163	185	277	#
439	0.423674	163	189	277	#
440	0.33282	163	193	277	#
441	2.05093	167	177	277	#
442	1.18663	167	181	277	#
443	0.686557	167	185	277	#
444	0.539329	167	189	277	#
445	0.423674	167	193	277	#
446	1.51055	171	181	277	#
447	0.873975	171	185	277	#
448	0.686557	171	189	277	#
449	0.539329	171	193	277	#
450	1.11255	175	185	277	#
451	0.873975	175	189	277	#
452	0.686557	175	193	277	#
453	1.11255	179	189	277	#
454	0.873975	179	193	277	#
455	1.11255	183	193	277	#
456	0.590095	123	133	278	#
457	0.341416	123	137	278	#
458	0.197536	123	141	278	#
459	0.11429	123	145	278	#
460	0.0897815	123	149	278	#
461	0.0705285	123	153	278	#
462	0.434617	127	137	278	#
463	0.25146	127	141	278	#
464	0.145489	127	145	278	#
465	0.11429	127	149	278	#
466	0.0897815	127	153	278	#
467	0.320104	131	141	278	#
468	0.185205	131	145	278	#
469	0.145489	131	149	278	#
470	0.11429	131	153	278	#
471	0.235763	135	145	278	#
472	0.185205	135	149	278	#
473	0.145489	135	153	278	#
474	0.235763	139	149	278	#
475	0.185205	139	153	278	#
476	0.235763	143	153	278	#
477	4.6647	14	25	279	#
478	2.6989	14	29	279	#
479	1.56152	14	33	279	#
480	0.903464	14	37	279	#
481	0.709723	14	41	279	#
482	0.557528	14	45	279	#
483	3.43565	18	29	279	#
484	1.98779	18	33	279	#
485	1.15009	18	37	279	#
486	0.903464	18	41	279	#
487	0.709723	18	45	279	#
488	2.53042	22	33	279	#
489	1.46405	22	37	279	#
490	1.15009	22	41	279	#
491	0.903464	22	45	279	#
492	1.86371	26	37	279	#
493	1.46405	26	41	279	#
494	1.15009	26	45	279	#
495	1.86371	30	41	279	#
496	1.46405	30	45	279	#
497	1.86371	34	45	279	#
498	1.31937	23	60	280	#
499	0.76336	23	64	280	#
500	0.441664	23	68	280	#
501	0.255537	23	72	280	#
502	0.200739	23	76	280	#
503	0.157692	23	80	280	#
504	0.971744	27	64	280	#
505	0.56223	27	68	280	#
506	0.325294	27	72	280	#
507	0.255537	27	76	280	#
508	0.200739	27	80	280	#
509	0.715709	31	68	280	#
510	0.414094	31	72	280	#
511	0.325294	31	76	280	#
512	0.255537	31	80	280	#
513	0.527134	35	72	280	#
514	0.414094	35	76	280	#
515	0.325294	35	80	280	#
516	0.527134	39	76	280	#
517	0.414094	39	80	280	#
518	0.527134	43	80	280	#
519	2.53157	214	225	281	#
520	1.46471	214	229	281	#
521	0.847452	214	233	281	#
522	0.490318	214	237	281	#
523	0.385172	214	241	281	#
524	0.302575	214	245	281	#
525	1.86455	218	229	281	#
526	1.07879	218	233	281	#
527	0.624166	218	237	281	#
528	0.490318	218	241	281	#
529	0.385172	218	245	281	#
530	1.37328	222	233	281	#
531	0.794552	222	237	281	#
532	0.624166	222	241	281	#
533	0.490318	222	245	281	#
534	1.01145	226	237	281	#
535	0.794552	226	241	281	#
536	0.624166	226	245	281	#
537	1.01145	230	241	281	#
538	0.794552	230	245	281	#
539	1.01145	234	245	281	#
540	2.61635	201	232	282	#
541	1.51376	201	236	282	#
542	0.87583	201	240	282	#
543	0.506737	201	244	282	#
544	0.39807	201	248	282	#
545	0.312707	201	252	282	#
546	1.92699	205	236	282	#
547	1.11492	205	240	282	#
548	0.645067	205	244	282	#
549	0.506737	205	248	282	#
550	0.39807	205	252	282	#
551	1.41927	209	240	282	#
552	0.821158	209	244	282	#
553	0.645067	209	248	282	#
554	0.506737	209	252	282	#
555	1.04532	213	244	282	#
556	0.821158	213	248	282	#
557	0.645067	213	252	282	#
558	1.04532	217	248	282	#
559	0.821158	217	252	282	#
560	1.04532	221	252	282	#
561	3.63712	45	76	283	#
562	2.10436	45	80	283	#
563	1.21754	45	84	283	#
564	0.704441	45	88	283	#
565	0.553378	45	92	283	#
566	0.43471	45	96	283	#
567	2.67881	49	80	283	#
568	1.5499	49	84	283	#
569	0.89674	49	88	283	#
570	0.704441	49	92	283	#
571	0.553378	49	96	283	#
572	1.973	53	84	283	#
573	1.14153	53	88	283	#
574	0.89674	53	92	283	#
575	0.704441	53	96	283	#
576	1.45315	57	88	283	#
577	1.14153	57	92	283	#
578	0.89674	57	96	283	#
579	1.45315	61	92	283	#
580	1.14153	61	96	283	#
581	1.45315	65	96	283	#
582	6.63062	107	144	284	#
583	3.83634	107	148	284	#
584	2.21962	107	152	284	#
585	1.28423	107	156	284	#
586	1.00883	107	160	284	#
587	0.792495	107	164	284	#
588	4.88359	111	148	284	#
589	2.82554	111	152	284	#
590	1.6348	111	156	284	#
591	1.28423	111	160	284	#
592	1.00883	111	164	284	#
593	3.59686	115	152	284	#
594	2.08107	115	156	284	#
595	1.6348	115	160	284	#
596	1.28423	115	164	284	#
597	2.64916	119	156	284	#
598	2.08107	119	160	284	#
599	1.6348	119	164	284	#
600	2.64916	123	160	284	#
601	2.08107	123	164	284	#
602	2.64916	127	164	284	#
603	2.30412	25	38	285	#
604	1.33311	25	42	285	#
605	0.771311	25	46	285	#
606	0.446264	25	50	285	#
607	0.350566	25	54	285	#
608	0.27539	25	58	285	#
609	1.69703	29	42	285	#
610	0.981865	29	46	285	#
611	0.568086	29	50	285	#
612	0.446264	29	54	285	#
613	0.350566	29	58	285	#
614	1.2499	33	46	285	#
615	0.723164	33	50	285	#
616	0.568086	33	54	285	#
617	0.446264	33	58	285	#
618	0.920575	37	50	285	#
619	0.723164	37	54	285	#
620	0.568086	37	58	285	#
621	0.920575	41	54	285	#
622	0.723164	41	58	285	#
623	0.920575	45	58	285	#
624	0.854445	39	49	286	#
625	0.494364	39	53	286	#
626	0.286028	39	57	286	#
627	0.16549	39	61	286	#
628	0.130002	39	65	286	#
629	0.102124	39	69	286	#
630	0.629316	43	53	286	#
631	0.364109	43	57	286	#
632	0.210666	43	61	286	#
633	0.16549	43	65	286	#
634	0.130002	43	69	286	#
635	0.463504	47	57	286	#
636	0.268174	47	61	286	#
637	0.210666	47	65	286	#
638	0.16549	47	69	286	#
639	0.34138	51	61	286	#
640	0.268174	51	65	286	#
641	0.210666	51	69	286	#
642	0.34138	55	65	286	#
643	0.268174	55	69	286	#
644	0.34138	59	69	286	#
645	6.21897	161	174	287	#
646	3.59816	161	178	287	#
647	2.08182	161	182	287	#
648	1.2045	161	186	287	#
649	0.946201	161	190	287	#
650	0.743295	161	194	287	#
651	4.5804	165	178	287	#
652	2.65012	165	182	287	#
653	1.5333	165	186	287	#
654	1.2045	165	190	287	#
655	0.946201	165	194	287	#
656	3.37356	169	182	287	#
657	1.95187	169	186	287	#
658	1.5333	169	190	287	#
659	1.2045	169	194	287	#
660	2.48469	173	186	287	#
661	1.95187	173	190	287	#
662	1.5333	173	194	287	#
663	2.48469	177	190	287	#
664	1.95187	177	194	287	#
665	2.48469	181	194	287	#
666	2.92747	57	88	288	#
667	1.69377	57	92	288	#
668	0.979982	57	96	288	#
669	0.566996	57	100	288	#
670	0.445408	57	104	288	#
671	0.349893	57	108	288	#
672	2.15614	61	92	288	#
673	1.2475	61	96	288	#
674	0.721776	61	100	288	#
675	0.566996	61	104	288	#
676	0.445408	61	108	288	#
677	1.58804	65	96	288	#
678	0.918808	65	100	288	#
679	0.721776	65	104	288	#
680	0.566996	65	108	288	#
681	1.16963	69	100	288	#
682	0.918808	69	104	288	#
683	0.721776	69	108	288	#
684	1.16963	73	104	288	#
685	0.918808	73	108	288	#
686	1.16963	77	108	288	#
687	1.35234	183	193	289	#
688	0.782438	183	197	289	#
689	0.452702	183	201	289	#
690	0.261924	183	205	289	#
691	0.205756	183	209	289	#
692	0.161633	183	213	289	#
693	0.996029	187	197	289	#
694	0.576281	187	201	289	#
695	0.333424	187	205	289	#
696	0.261924	187	209	289	#
697	0.205756	187	213	289	#
698	0.733596	191	201	289	#
699	0.424443	191	205	289	#
700	0.333424	191	209	289	#
701	0.261924	191	213	289	#
702	0.540308	195	205	289	#
703	0.424443	195	209	289	#
704	0.333424	195	213	289	#
705	0.540308	199	209	289	#
706	0.424443	199	213	289	#
707	0.540308	203	213	289	#
708	1.54514	1	15	290	#
709	0.893985	1	19	290	#
710	0.517241	1	23	290	#
711	0.406322	1	27	290	#
712	0.319189	1	31	290	#
713	1.13803	5	19	290	#
714	0.658438	5	23	290	#
715	0.517241	5	27	290	#
716	0.406322	5	31	290	#
717	0.83818	9	23	290	#
718	0.658438	9	27	290	#
719	0.517241	9	31	290	#
720	0.83818	13	27	290	#
721	0.658438	13	31	290	#
722	0.83818	17	31	290	#
723	1.81222	196	229	291	#
724	1.04851	196	233	291	#
725	0.606647	196	237	291	#
726	0.350993	196	241	291	#
727	0.275725	196	245	291	#
728	0.216598	196	249	291	#
729	1.33474	200	233	291	#
730	0.772251	200	237	291	#
731	0.446808	200	241	291	#
732	0.350993	200	245	291	#
733	0.275725	200	249	291	#
734	0.983062	204	237	291	#
735	0.568779	204	241	291	#
736	0.446808	204	245	291	#
737	0.350993	204	249	291	#
738	0.724045	208	241	291	#
739	0.568779	208	245	291	#
740	0.446808	208	249	291	#
741	0.724045	212	245	291	#
742	0.568779	212	249	291	#
743	0.724045	216	249	291	#
744	3.12698	208	241	292	#
745	1.80921	208	245	292	#
746	1.04677	208	249	292	#
747	0.605637	208	253	292	#
748	2.30309	212	245	292	#
749	1.33252	212	249	292	#
750	0.770966	212	253	292	#
751	1.69627	216	249	292	#
752	0.981425	216	253	292	#
753	1.24934	220	253	292	#
754	3.0158	199	236	293	#
755	1.74488	199	240	293	#
756	1.00955	199	244	293	#
757	0.584103	199	248	293	#
758	0.458847	199	252	293	#
759	2.2212	203	240	293	#
760	1.28514	203	244	293	#
761	0.743553	203	248	293	#
762	0.584103	203	252	293	#
763	1.63596	207	244	293	#
764	0.94653	207	248	293	#
765	0.743553	207	252	293	#
766	1.20492	211	248	293	#
767	0.94653	211	252	293	#
768	1.20492	215	252	293	#
769	6.50949	48	91	294	#
770	3.76625	48	95	294	#
771	2.17907	48	99	294	#
772	1.26077	48	103	294	#
773	0.990403	48	107	294	#
774	0.778018	48	111	294	#
775	4.79437	52	95	294	#
776	2.77392	52	99	294	#
777	1.60493	52	103	294	#
778	1.26077	52	107	294	#
779	0.990403	52	111	294	#
780	3.53115	56	99	294	#
781	2.04305	56	103	294	#
782	1.60493	56	107	294	#
783	1.26077	56	111	294	#
784	2.60077	60	103	294	#
785	2.04305	60	107	294	#
786	1.60493	60	111	294	#
787	2.60077	64	107	294	#
788	2.04305	64	111	294	#
789	2.60077	68	111	294	#
790	0.831905	135	172	295	#
791	0.481322	135	176	295	#
792	0.278483	135	180	295	#
793	0.161124	135	184	295	#
794	0.126572	135	188	295	#
795	0.0994297	135	192	295	#
796	0.612715	139	176	295	#
797	0.354504	139	180	295	#
798	0.205108	139	184	295	#
799	0.161124	139	188	295	#
800	0.126572	139	192	295	#
801	0.451277	143	180	295	#
802	0.261099	143	184	295	#
803	0.205108	143	188	295	#
804	0.161124	143	192	295	#
805	0.332374	147	184	295	#
806	0.261099	147	188	295	#
807	0.205108	147	192	295	#
808	0.332374	151	188	295	#
809	0.261099	151	192	295	#
810	0.332374	155	192	295	#
811	2.47837	171	181	296	#
812	1.43393	171	185	296	#
813	0.829643	171	189	296	#
814	0.480013	171	193	296	#
815	0.377078	171	197	296	#
816	0.296216	171	201	296	#
817	1.82537	175	185	296	#
818	1.05612	175	189	296	#
819	0.611049	175	193	296	#
820	0.480013	175	197	296	#
821	0.377078	175	201	296	#
822	1.34442	179	189	296	#
823	0.777854	179	193	296	#
824	0.611049	179	197	296	#
825	0.480013	179	201	296	#
826	0.990194	183	193	296	#
827	0.777854	183	197	296	#
828	0.611049	183	201	296	#
829	0.990194	187	197	296	#
830	0.777854	187	201	296	#
831	0.990194	191	201	296	#
832	2.80213	83	93	297	#
833	1.62125	83	97	297	#
834	0.938023	83	101	297	#
835	0.54272	83	105	297	#
836	0.426338	83	109	297	#
837	0.334913	83	113	297	#
838	2.06383	87	97	297	#
839	1.19409	87	101	297	#
840	0.690873	87	105	297	#
841	0.54272	87	109	297	#
842	0.426338	87	113	297	#
843	1.52005	91	101	297	#
844	0.879469	91	105	297	#
845	0.690873	91	109	297	#
846	0.54272	91	113	297	#
847	1.11955	95	105	297	#
848	0.879469	95	109	297	#
849	0.690873	95	113	297	#
850	1.11955	99	109	297	#
851	0.879469	99	113	297	#
852	1.11955	103	113	297	#
853	7.12872	29	42	298	#
854	4.12452	29	46	298	#
855	2.38636	29	50	298	#
856	1.3807	29	54	298	#
857	1.08462	29	58	298	#
858	0.852028	29	62	298	#
859	5.25044	33	46	298	#
860	3.03779	33	50	298	#
861	1.7576	33	54	298	#
862	1.3807	33	58	298	#
863	1.08462	33	62	298	#
864	3.86706	37	50	298	#
865	2.2374	37	54	298	#
866	1.7576	37	58	298	#
867	1.3807	37	62	298	#
868	2.84817	41	54	298	#
869	2.2374	41	58	298	#
870	1.7576	41	62	298	#
871	2.84817	45	58	298	#
872	2.2374	45	62	298	#
873	2.84817	49	62	298	#
874	3.90985	30	68	299	#
875	2.26216	30	72	299	#
876	1.30883	30	76	299	#
877	0.757264	30	80	299	#
878	0.594874	30	84	299	#
879	0.467307	30	88	299	#
880	2.87968	34	72	299	#
881	1.66612	34	76	299	#
882	0.963983	34	80	299	#
883	0.757264	34	84	299	#
884	0.594874	34	88	299	#
885	2.12095	38	76	299	#
886	1.22713	38	80	299	#
887	0.963983	38	84	299	#
888	0.757264	38	88	299	#
889	1.56212	42	80	299	#
890	1.22713	42	84	299	#
891	0.963983	42	88	299	#
892	1.56212	46	84	299	#
893	1.22713	46	88	299	#
894	1.56212	50	88	299	#
895	10.1826	144	186	300	#
896	5.89144	144	190	300	#
897	3.40866	144	194	300	#
898	1.97218	144	198	300	#
899	1.54926	144	202	300	#
900	1.21703	144	206	300	#
901	7.4997	148	190	300	#
902	4.33916	148	194	300	#
903	2.51055	148	198	300	#
904	1.97218	148	202	300	#
905	1.54926	148	206	300	#
906	5.52368	152	194	300	#
907	3.19588	152	198	300	#
908	2.51055	152	202	300	#
909	1.97218	152	206	300	#
910	4.0683	156	198	300	#
911	3.19588	156	202	300	#
912	2.51055	156	206	300	#
913	4.0683	160	202	300	#
914	3.19588	160	206	300	#
915	4.0683	164	206	300	#
916	3.00483	185	216	301	#
917	1.73853	185	220	301	#
918	1.00588	185	224	301	#
919	0.581979	185	228	301	#
920	0.457178	185	232	301	#
921	0.359139	185	236	301	#
922	2.21312	189	220	301	#
923	1.28046	189	224	301	#
924	0.740849	189	228	301	#
925	0.581979	189	232	301	#
926	0.457178	189	236	301	#
927	1.63001	193	224	301	#
928	0.943088	193	228	301	#
929	0.740849	193	232	301	#
930	0.581979	193	236	301	#
931	1.20053	197	228	301	#
932	0.943088	197	232	301	#
933	0.740849	197	236	301	#
934	1.20053	201	232	301	#
935	0.943088	201	236	301	#
936	1.20053	205	236	301	#
937	4.47207	11	48	302	#
938	2.58744	11	52	302	#
939	1.49704	11	56	302	#
940	0.866155	11	60	302	#
941	0.680414	11	64	302	#
942	0.534504	11	68	302	#
943	3.29377	15	52	302	#
944	1.9057	15	56	302	#
945	1.1026	15	60	302	#
946	0.866155	15	64	302	#
947	0.680414	15	68	302	#
948	2.42593	19	56	302	#
949	1.40359	19	60	302	#
950	1.1026	19	64	302	#
951	0.866155	19	68	302	#
952	1.78674	23	60	302	#
953	1.40359	23	64	302	#
954	1.1026	23	68	302	#
955	1.78674	27	64	302	#
956	1.40359	27	68	302	#
957	1.78674	31	68	302	#
958	1.79953	92	134	303	#
959	1.04117	92	138	303	#
960	0.602398	92	142	303	#
961	0.348534	92	146	303	#
962	0.273794	92	150	303	#
963	0.21508	92	154	303	#
964	1.32539	96	138	303	#
965	0.766841	96	142	303	#
966	0.443678	96	146	303	#
967	0.348534	96	150	303	#
968	0.273794	96	154	303	#
969	0.976175	100	142	303	#
970	0.564794	100	146	303	#
971	0.443678	100	150	303	#
972	0.348534	100	154	303	#
973	0.718973	104	146	303	#
974	0.564794	104	150	303	#
975	0.443678	104	154	303	#
976	0.718973	108	150	303	#
977	0.564794	108	154	303	#
978	0.718973	112	154	303	#
979	1.21099	36	69	304	#
980	0.700652	36	73	304	#
981	0.405383	36	77	304	#
982	0.234546	36	81	304	#
983	0.184249	36	85	304	#
984	0.144738	36	89	304	#
985	0.891918	40	73	304	#
986	0.516045	40	77	304	#
987	0.298572	40	81	304	#
988	0.234546	40	85	304	#
989	0.184249	40	89	304	#
990	0.656916	44	77	304	#
991	0.380077	44	81	304	#
992	0.298572	44	85	304	#
993	0.234546	44	89	304	#
994	0.483832	48	81	304	#
995	0.380077	48	85	304	#
996	0.298572	48	89	304	#
997	0.483832	52	85	304	#
998	0.380077	52	89	304	#
999	0.483832	56	89	304	#
