%% File generated by CATS v.2.1Mon Jul  4 11:06:31 2011

%% The CATS webpage is http://robotics.stanford.edu/CATS

%% PARAMETER SETTINGS:
% Goods: 512; Bids: 2000; Distribution: matching; Runs: 1; Seed: 1309806481
% Matching Distribution Parameters:
% Max airport price       = 5
% Early takeoff deviation = 1
% Late takeoff deviation  = 2
% Early landing deviation = 1
% Late landing deviation  = 2
% Deviation               = 0.500000
% Delay coefficient       = 0.900000
% Amount late coefficient = 0.750000



goods 512
bids 2000
dummy 203

0	8.39135	427	464	512	#
1	5.66416	427	468	512	#
2	5.09775	427	472	512	#
3	4.58797	427	476	512	#
4	6.29351	431	468	512	#
5	5.66416	431	472	512	#
6	5.09775	431	476	512	#
7	6.29351	435	472	512	#
8	5.66416	435	476	512	#
9	6.29351	439	476	512	#
10	7.25973	84	126	513	#
11	4.90032	84	130	513	#
12	4.41029	84	134	513	#
13	3.96926	84	138	513	#
14	5.4448	88	130	513	#
15	4.90032	88	134	513	#
16	4.41029	88	138	513	#
17	5.4448	92	134	513	#
18	4.90032	92	138	513	#
19	5.4448	96	138	513	#
20	15.1106	420	462	514	#
21	10.1996	420	466	514	#
22	9.17966	420	470	514	#
23	8.2617	420	474	514	#
24	11.3329	424	466	514	#
25	10.1996	424	470	514	#
26	9.17966	424	474	514	#
27	11.3329	428	470	514	#
28	10.1996	428	474	514	#
29	11.3329	432	474	514	#
30	6.97875	323	333	515	#
31	4.71065	323	337	515	#
32	4.23959	323	341	515	#
33	3.81563	323	345	515	#
34	5.23406	327	337	515	#
35	4.71065	327	341	515	#
36	4.23959	327	345	515	#
37	5.23406	331	341	515	#
38	4.71065	331	345	515	#
39	5.23406	335	345	515	#
40	7.24325	176	218	516	#
41	4.8892	176	222	516	#
42	4.40028	176	226	516	#
43	3.96025	176	230	516	#
44	5.43244	180	222	516	#
45	4.8892	180	226	516	#
46	4.40028	180	230	516	#
47	5.43244	184	226	516	#
48	4.8892	184	230	516	#
49	5.43244	188	230	516	#
50	3.58069	57	70	517	#
51	2.41696	57	74	517	#
52	2.17527	57	78	517	#
53	1.95774	57	82	517	#
54	2.68551	61	74	517	#
55	2.41696	61	78	517	#
56	2.17527	61	82	517	#
57	2.68551	65	78	517	#
58	2.41696	65	82	517	#
59	2.68551	69	82	517	#
60	10.307	242	253	518	#
61	6.95723	242	257	518	#
62	6.26151	242	261	518	#
63	5.63536	242	265	518	#
64	7.73026	246	257	518	#
65	6.95723	246	261	518	#
66	6.26151	246	265	518	#
67	7.73026	250	261	518	#
68	6.95723	250	265	518	#
69	7.73026	254	265	518	#
70	6.32765	430	441	519	#
71	4.27116	430	445	519	#
72	3.84405	430	449	519	#
73	3.45964	430	453	519	#
74	4.74574	434	445	519	#
75	4.27116	434	449	519	#
76	3.84405	434	453	519	#
77	4.74574	438	449	519	#
78	4.27116	438	453	519	#
79	4.74574	442	453	519	#
80	8.87169	326	364	520	#
81	5.98839	326	368	520	#
82	5.38955	326	372	520	#
83	4.8506	326	376	520	#
84	6.65377	330	368	520	#
85	5.98839	330	372	520	#
86	5.38955	330	376	520	#
87	6.65377	334	372	520	#
88	5.98839	334	376	520	#
89	6.65377	338	376	520	#
90	8.73916	177	191	521	#
91	5.89893	177	195	521	#
92	5.30904	177	199	521	#
93	4.77814	177	203	521	#
94	6.55437	181	195	521	#
95	5.89893	181	199	521	#
96	5.30904	181	203	521	#
97	6.55437	185	199	521	#
98	5.89893	185	203	521	#
99	6.55437	189	203	521	#
100	7.83054	289	320	522	#
101	5.28561	289	324	522	#
102	4.75705	289	328	522	#
103	4.28135	289	332	522	#
104	5.8729	293	324	522	#
105	5.28561	293	328	522	#
106	4.75705	293	332	522	#
107	5.8729	297	328	522	#
108	5.28561	297	332	522	#
109	5.8729	301	332	522	#
110	12.6217	383	420	523	#
111	8.51967	383	424	523	#
112	7.66771	383	428	523	#
113	6.90094	383	432	523	#
114	9.46631	387	424	523	#
115	8.51967	387	428	523	#
116	7.66771	387	432	523	#
117	9.46631	391	428	523	#
118	8.51967	391	432	523	#
119	9.46631	395	432	523	#
120	9.70354	137	168	524	#
121	6.54989	137	172	524	#
122	5.8949	137	176	524	#
123	5.30541	137	180	524	#
124	7.27765	141	172	524	#
125	6.54989	141	176	524	#
126	5.8949	141	180	524	#
127	7.27765	145	176	524	#
128	6.54989	145	180	524	#
129	7.27765	149	180	524	#
130	8.45684	108	151	525	#
131	5.70837	108	155	525	#
132	5.13753	108	159	525	#
133	4.62378	108	163	525	#
134	6.34263	112	155	525	#
135	5.70837	112	159	525	#
136	5.13753	112	163	525	#
137	6.34263	116	159	525	#
138	5.70837	116	163	525	#
139	6.34263	120	163	525	#
140	6.10087	58	69	526	#
141	4.11809	58	73	526	#
142	3.70628	58	77	526	#
143	3.33565	58	81	526	#
144	4.57565	62	73	526	#
145	4.11809	62	77	526	#
146	3.70628	62	81	526	#
147	4.57565	66	77	526	#
148	4.11809	66	81	526	#
149	4.57565	70	81	526	#
150	8.30024	220	253	527	#
151	5.60267	220	257	527	#
152	5.0424	220	261	527	#
153	4.53816	220	265	527	#
154	6.22518	224	257	527	#
155	5.60267	224	261	527	#
156	5.0424	224	265	527	#
157	6.22518	228	261	527	#
158	5.60267	228	265	527	#
159	6.22518	232	265	527	#
160	10.4631	62	73	528	#
161	7.06256	62	77	528	#
162	6.35631	62	81	528	#
163	5.72068	62	85	528	#
164	7.84729	66	77	528	#
165	7.06256	66	81	528	#
166	6.35631	66	85	528	#
167	7.84729	70	81	528	#
168	7.06256	70	85	528	#
169	7.84729	74	85	528	#
170	5.57208	370	408	529	#
171	3.76115	370	412	529	#
172	3.38504	370	416	529	#
173	3.04653	370	420	529	#
174	4.17906	374	412	529	#
175	3.76115	374	416	529	#
176	3.38504	374	420	529	#
177	4.17906	378	416	529	#
178	3.76115	378	420	529	#
179	4.17906	382	420	529	#
180	5.89519	284	327	530	#
181	3.97925	284	331	530	#
182	3.58133	284	335	530	#
183	3.2232	284	339	530	#
184	4.42139	288	331	530	#
185	3.97925	288	335	530	#
186	3.58133	288	339	530	#
187	4.42139	292	335	530	#
188	3.97925	292	339	530	#
189	4.42139	296	339	530	#
190	13.8894	226	264	531	#
191	9.37535	226	268	531	#
192	8.43781	226	272	531	#
193	7.59403	226	276	531	#
194	10.4171	230	268	531	#
195	9.37535	230	272	531	#
196	8.43781	230	276	531	#
197	10.4171	234	272	531	#
198	9.37535	234	276	531	#
199	10.4171	238	276	531	#
200	12.8011	338	376	532	#
201	8.64074	338	380	532	#
202	7.77666	338	384	532	#
203	6.999	338	388	532	#
204	9.60082	342	380	532	#
205	8.64074	342	384	532	#
206	7.77666	342	388	532	#
207	9.60082	346	384	532	#
208	8.64074	346	388	532	#
209	9.60082	350	388	532	#
210	7.87538	132	175	533	#
211	5.31588	132	179	533	#
212	4.78429	132	183	533	#
213	4.30586	132	187	533	#
214	5.90653	136	179	533	#
215	5.31588	136	183	533	#
216	4.78429	136	187	533	#
217	5.90653	140	183	533	#
218	5.31588	140	187	533	#
219	5.90653	144	187	533	#
220	6.45256	41	54	534	#
221	4.35548	41	58	534	#
222	3.91993	41	62	534	#
223	3.52794	41	66	534	#
224	4.83942	45	58	534	#
225	4.35548	45	62	534	#
226	3.91993	45	66	534	#
227	4.83942	49	62	534	#
228	4.35548	49	66	534	#
229	4.83942	53	66	534	#
230	7.92429	232	265	535	#
231	5.3489	232	269	535	#
232	4.81401	232	273	535	#
233	4.33261	232	277	535	#
234	5.94322	236	269	535	#
235	5.3489	236	273	535	#
236	4.81401	236	277	535	#
237	5.94322	240	273	535	#
238	5.3489	240	277	535	#
239	5.94322	244	277	535	#
240	7.67483	249	262	536	#
241	5.18051	249	266	536	#
242	4.66246	249	270	536	#
243	4.19622	249	274	536	#
244	5.75613	253	266	536	#
245	5.18051	253	270	536	#
246	4.66246	253	274	536	#
247	5.75613	257	270	536	#
248	5.18051	257	274	536	#
249	5.75613	261	274	536	#
250	8.70952	183	193	537	#
251	5.87892	183	197	537	#
252	5.29103	183	201	537	#
253	4.76193	183	205	537	#
254	6.53214	187	197	537	#
255	5.87892	187	201	537	#
256	5.29103	187	205	537	#
257	6.53214	191	201	537	#
258	5.87892	191	205	537	#
259	6.53214	195	205	537	#
260	4.60294	490	501	538	#
261	3.10698	490	505	538	#
262	2.79628	490	509	538	#
263	3.4522	494	505	538	#
264	3.10698	494	509	538	#
265	3.4522	498	509	538	#
266	7.50361	125	156	539	#
267	5.06494	125	160	539	#
268	4.55844	125	164	539	#
269	4.1026	125	168	539	#
270	5.62771	129	160	539	#
271	5.06494	129	164	539	#
272	4.55844	129	168	539	#
273	5.62771	133	164	539	#
274	5.06494	133	168	539	#
275	5.62771	137	168	539	#
276	4.53249	464	497	540	#
277	3.05943	464	501	540	#
278	2.75349	464	505	540	#
279	2.47814	464	509	540	#
280	3.39937	468	501	540	#
281	3.05943	468	505	540	#
282	2.75349	468	509	540	#
283	3.39937	472	505	540	#
284	3.05943	472	509	540	#
285	3.39937	476	509	540	#
286	8.54244	409	440	541	#
287	5.76614	409	444	541	#
288	5.18953	409	448	541	#
289	4.67058	409	452	541	#
290	6.40683	413	444	541	#
291	5.76614	413	448	541	#
292	5.18953	413	452	541	#
293	6.40683	417	448	541	#
294	5.76614	417	452	541	#
295	6.40683	421	452	541	#
296	4.05378	145	159	542	#
297	2.7363	145	163	542	#
298	2.46267	145	167	542	#
299	2.2164	145	171	542	#
300	3.04034	149	163	542	#
301	2.7363	149	167	542	#
302	2.46267	149	171	542	#
303	3.04034	153	167	542	#
304	2.7363	153	171	542	#
305	3.04034	157	171	542	#
306	14.2517	406	444	543	#
307	9.61988	406	448	543	#
308	8.6579	406	452	543	#
309	7.79211	406	456	543	#
310	10.6888	410	448	543	#
311	9.61988	410	452	543	#
312	8.6579	410	456	543	#
313	10.6888	414	452	543	#
314	9.61988	414	456	543	#
315	10.6888	418	456	543	#
316	6.97368	407	444	544	#
317	4.70723	407	448	544	#
318	4.23651	407	452	544	#
319	3.81286	407	456	544	#
320	5.23026	411	448	544	#
321	4.70723	411	452	544	#
322	4.23651	411	456	544	#
323	5.23026	415	452	544	#
324	4.70723	415	456	544	#
325	5.23026	419	456	544	#
326	4.64024	192	225	545	#
327	3.13217	192	229	545	#
328	2.81895	192	233	545	#
329	2.53705	192	237	545	#
330	3.48018	196	229	545	#
331	3.13217	196	233	545	#
332	2.81895	196	237	545	#
333	3.48018	200	233	545	#
334	3.13217	200	237	545	#
335	3.48018	204	237	545	#
336	5.08097	491	501	546	#
337	3.42966	491	505	546	#
338	3.08669	491	509	546	#
339	3.81073	495	505	546	#
340	3.42966	495	509	546	#
341	3.81073	499	509	546	#
342	8.57674	329	343	547	#
343	5.7893	329	347	547	#
344	5.21037	329	351	547	#
345	4.68933	329	355	547	#
346	6.43255	333	347	547	#
347	5.7893	333	351	547	#
348	5.21037	333	355	547	#
349	6.43255	337	351	547	#
350	5.7893	337	355	547	#
351	6.43255	341	355	547	#
352	9.44204	454	465	548	#
353	6.37337	454	469	548	#
354	5.73604	454	473	548	#
355	5.16243	454	477	548	#
356	7.08153	458	469	548	#
357	6.37337	458	473	548	#
358	5.73604	458	477	548	#
359	7.08153	462	473	548	#
360	6.37337	462	477	548	#
361	7.08153	466	477	548	#
362	10.3674	478	489	549	#
363	6.998	478	493	549	#
364	6.2982	478	497	549	#
365	5.66838	478	501	549	#
366	7.77555	482	493	549	#
367	6.998	482	497	549	#
368	6.2982	482	501	549	#
369	7.77555	486	497	549	#
370	6.998	486	501	549	#
371	7.77555	490	501	549	#
372	11.4995	242	280	550	#
373	7.76216	242	284	550	#
374	6.98595	242	288	550	#
375	6.28735	242	292	550	#
376	8.62463	246	284	550	#
377	7.76216	246	288	550	#
378	6.98595	246	292	550	#
379	8.62463	250	288	550	#
380	7.76216	250	292	550	#
381	8.62463	254	292	550	#
382	10.3267	186	224	551	#
383	6.97052	186	228	551	#
384	6.27347	186	232	551	#
385	5.64612	186	236	551	#
386	7.74503	190	228	551	#
387	6.97052	190	232	551	#
388	6.27347	190	236	551	#
389	7.74503	194	232	551	#
390	6.97052	194	236	551	#
391	7.74503	198	236	551	#
392	3.48129	257	288	552	#
393	2.34987	257	292	552	#
394	2.11488	257	296	552	#
395	1.9034	257	300	552	#
396	2.61097	261	292	552	#
397	2.34987	261	296	552	#
398	2.11488	261	300	552	#
399	2.61097	265	296	552	#
400	2.34987	265	300	552	#
401	2.61097	269	300	552	#
402	15.305	448	491	553	#
403	10.3309	448	495	553	#
404	9.29781	448	499	553	#
405	8.36803	448	503	553	#
406	11.4788	452	495	553	#
407	10.3309	452	499	553	#
408	9.29781	452	503	553	#
409	11.4788	456	499	553	#
410	10.3309	456	503	553	#
411	11.4788	460	503	553	#
412	8.99656	306	317	554	#
413	6.07268	306	321	554	#
414	5.46541	306	325	554	#
415	4.91887	306	329	554	#
416	6.74742	310	321	554	#
417	6.07268	310	325	554	#
418	5.46541	310	329	554	#
419	6.74742	314	325	554	#
420	6.07268	314	329	554	#
421	6.74742	318	329	554	#
422	8.86421	117	131	555	#
423	5.98334	117	135	555	#
424	5.38501	117	139	555	#
425	4.84651	117	143	555	#
426	6.64816	121	135	555	#
427	5.98334	121	139	555	#
428	5.38501	121	143	555	#
429	6.64816	125	139	555	#
430	5.98334	125	143	555	#
431	6.64816	129	143	555	#
432	5.86601	257	271	556	#
433	3.95956	257	275	556	#
434	3.5636	257	279	556	#
435	3.20724	257	283	556	#
436	4.39951	261	275	556	#
437	3.95956	261	279	556	#
438	3.5636	261	283	556	#
439	4.39951	265	279	556	#
440	3.95956	265	283	556	#
441	4.39951	269	283	556	#
442	9.8607	313	344	557	#
443	6.65597	313	348	557	#
444	5.99038	313	352	557	#
445	5.39134	313	356	557	#
446	7.39553	317	348	557	#
447	6.65597	317	352	557	#
448	5.99038	317	356	557	#
449	7.39553	321	352	557	#
450	6.65597	321	356	557	#
451	7.39553	325	356	557	#
452	5.50833	277	308	558	#
453	3.71812	277	312	558	#
454	3.34631	277	316	558	#
455	3.01168	277	320	558	#
456	4.13125	281	312	558	#
457	3.71812	281	316	558	#
458	3.34631	281	320	558	#
459	4.13125	285	316	558	#
460	3.71812	285	320	558	#
461	4.13125	289	320	558	#
462	11.6743	331	368	559	#
463	7.88012	331	372	559	#
464	7.09211	331	376	559	#
465	6.3829	331	380	559	#
466	8.75569	335	372	559	#
467	7.88012	335	376	559	#
468	7.09211	335	380	559	#
469	8.75569	339	376	559	#
470	7.88012	339	380	559	#
471	8.75569	343	380	559	#
472	7.98223	27	37	560	#
473	5.388	27	41	560	#
474	4.8492	27	45	560	#
475	4.36428	27	49	560	#
476	5.98667	31	41	560	#
477	5.388	31	45	560	#
478	4.8492	31	49	560	#
479	5.98667	35	45	560	#
480	5.388	35	49	560	#
481	5.98667	39	49	560	#
482	10.4898	223	260	561	#
483	7.08061	223	264	561	#
484	6.37255	223	268	561	#
485	5.7353	223	272	561	#
486	7.86735	227	264	561	#
487	7.08061	227	268	561	#
488	6.37255	227	272	561	#
489	7.86735	231	268	561	#
490	7.08061	231	272	561	#
491	7.86735	235	272	561	#
492	14.811	94	132	562	#
493	9.99741	94	136	562	#
494	8.99767	94	140	562	#
495	8.0979	94	144	562	#
496	11.1082	98	136	562	#
497	9.99741	98	140	562	#
498	8.99767	98	144	562	#
499	11.1082	102	140	562	#
500	9.99741	102	144	562	#
501	11.1082	106	144	562	#
502	6.96338	254	265	563	#
503	4.70028	254	269	563	#
504	4.23025	254	273	563	#
505	3.80723	254	277	563	#
506	5.22253	258	269	563	#
507	4.70028	258	273	563	#
508	4.23025	258	277	563	#
509	5.22253	262	273	563	#
510	4.70028	262	277	563	#
511	5.22253	266	277	563	#
512	5.5229	436	478	564	#
513	3.72796	436	482	564	#
514	3.35516	436	486	564	#
515	3.01965	436	490	564	#
516	4.14218	440	482	564	#
517	3.72796	440	486	564	#
518	3.35516	440	490	564	#
519	4.14218	444	486	564	#
520	3.72796	444	490	564	#
521	4.14218	448	490	564	#
522	9.24187	54	65	565	#
523	6.23826	54	69	565	#
524	5.61444	54	73	565	#
525	5.05299	54	77	565	#
526	6.9314	58	69	565	#
527	6.23826	58	73	565	#
528	5.61444	58	77	565	#
529	6.9314	62	73	565	#
530	6.23826	62	77	565	#
531	6.9314	66	77	565	#
532	9.90802	192	225	566	#
533	6.68792	192	229	566	#
534	6.01913	192	233	566	#
535	5.41721	192	237	566	#
536	7.43102	196	229	566	#
537	6.68792	196	233	566	#
538	6.01913	196	237	566	#
539	7.43102	200	233	566	#
540	6.68792	200	237	566	#
541	7.43102	204	237	566	#
542	6.83538	13	27	567	#
543	4.61388	13	31	567	#
544	4.15249	13	35	567	#
545	3.73724	13	39	567	#
546	5.12653	17	31	567	#
547	4.61388	17	35	567	#
548	4.15249	17	39	567	#
549	5.12653	21	35	567	#
550	4.61388	21	39	567	#
551	5.12653	25	39	567	#
552	10.5812	338	376	568	#
553	7.14233	338	380	568	#
554	6.42809	338	384	568	#
555	5.78528	338	388	568	#
556	7.93592	342	380	568	#
557	7.14233	342	384	568	#
558	6.42809	342	388	568	#
559	7.93592	346	384	568	#
560	7.14233	346	388	568	#
561	7.93592	350	388	568	#
562	4.53807	281	295	569	#
563	3.0632	281	299	569	#
564	2.75688	281	303	569	#
565	2.48119	281	307	569	#
566	3.40355	285	299	569	#
567	3.0632	285	303	569	#
568	2.75688	285	307	569	#
569	3.40355	289	303	569	#
570	3.0632	289	307	569	#
571	3.40355	293	307	569	#
572	5.52294	475	485	570	#
573	3.72799	475	489	570	#
574	3.35519	475	493	570	#
575	3.01967	475	497	570	#
576	4.14221	479	489	570	#
577	3.72799	479	493	570	#
578	3.35519	479	497	570	#
579	4.14221	483	493	570	#
580	3.72799	483	497	570	#
581	4.14221	487	497	570	#
582	6.15903	407	417	571	#
583	4.15735	407	421	571	#
584	3.74161	407	425	571	#
585	3.36745	407	429	571	#
586	4.61927	411	421	571	#
587	4.15735	411	425	571	#
588	3.74161	411	429	571	#
589	4.61927	415	425	571	#
590	4.15735	415	429	571	#
591	4.61927	419	429	571	#
592	14.6139	460	503	572	#
593	9.86437	460	507	572	#
594	8.87793	460	511	572	#
595	10.9604	464	507	572	#
596	9.86437	464	511	572	#
597	10.9604	468	511	572	#
598	7.45819	415	452	573	#
599	5.03428	415	456	573	#
600	4.53085	415	460	573	#
601	4.07777	415	464	573	#
602	5.59364	419	456	573	#
603	5.03428	419	460	573	#
604	4.53085	419	464	573	#
605	5.59364	423	460	573	#
606	5.03428	423	464	573	#
607	5.59364	427	464	573	#
608	5.98353	221	252	574	#
609	4.03888	221	256	574	#
610	3.635	221	260	574	#
611	3.2715	221	264	574	#
612	4.48765	225	256	574	#
613	4.03888	225	260	574	#
614	3.635	225	264	574	#
615	4.48765	229	260	574	#
616	4.03888	229	264	574	#
617	4.48765	233	264	574	#
618	9.89243	349	363	575	#
619	6.67739	349	367	575	#
620	6.00965	349	371	575	#
621	5.40869	349	375	575	#
622	7.41932	353	367	575	#
623	6.67739	353	371	575	#
624	6.00965	353	375	575	#
625	7.41932	357	371	575	#
626	6.67739	357	375	575	#
627	7.41932	361	375	575	#
628	9.59423	316	358	576	#
629	6.47611	316	362	576	#
630	5.8285	316	366	576	#
631	5.24565	316	370	576	#
632	7.19567	320	362	576	#
633	6.47611	320	366	576	#
634	5.8285	320	370	576	#
635	7.19567	324	366	576	#
636	6.47611	324	370	576	#
637	7.19567	328	370	576	#
638	9.98236	251	261	577	#
639	6.73809	251	265	577	#
640	6.06428	251	269	577	#
641	5.45785	251	273	577	#
642	7.48677	255	265	577	#
643	6.73809	255	269	577	#
644	6.06428	255	273	577	#
645	7.48677	259	269	577	#
646	6.73809	259	273	577	#
647	7.48677	263	273	577	#
648	10.2923	48	90	578	#
649	6.94732	48	94	578	#
650	6.25258	48	98	578	#
651	5.62733	48	102	578	#
652	7.71924	52	94	578	#
653	6.94732	52	98	578	#
654	6.25258	52	102	578	#
655	7.71924	56	98	578	#
656	6.94732	56	102	578	#
657	7.71924	60	102	578	#
658	4.82388	491	501	579	#
659	3.25612	491	505	579	#
660	2.93051	491	509	579	#
661	3.61791	495	505	579	#
662	3.25612	495	509	579	#
663	3.61791	499	509	579	#
664	4.43238	373	386	580	#
665	2.99186	373	390	580	#
666	2.69267	373	394	580	#
667	2.42341	373	398	580	#
668	3.32429	377	390	580	#
669	2.99186	377	394	580	#
670	2.69267	377	398	580	#
671	3.32429	381	394	580	#
672	2.99186	381	398	580	#
673	3.32429	385	398	580	#
674	10.2272	354	365	581	#
675	6.90334	354	369	581	#
676	6.213	354	373	581	#
677	5.5917	354	377	581	#
678	7.67037	358	369	581	#
679	6.90334	358	373	581	#
680	6.213	358	377	581	#
681	7.67037	362	373	581	#
682	6.90334	362	377	581	#
683	7.67037	366	377	581	#
684	8.45202	300	342	582	#
685	5.70511	300	346	582	#
686	5.1346	300	350	582	#
687	4.62114	300	354	582	#
688	6.33901	304	346	582	#
689	5.70511	304	350	582	#
690	5.1346	304	354	582	#
691	6.33901	308	350	582	#
692	5.70511	308	354	582	#
693	6.33901	312	354	582	#
694	5.62021	96	138	583	#
695	3.79364	96	142	583	#
696	3.41428	96	146	583	#
697	3.07285	96	150	583	#
698	4.21516	100	142	583	#
699	3.79364	100	146	583	#
700	3.41428	100	150	583	#
701	4.21516	104	146	583	#
702	3.79364	104	150	583	#
703	4.21516	108	150	583	#
704	8.12371	112	155	584	#
705	5.4835	112	159	584	#
706	4.93515	112	163	584	#
707	4.44164	112	167	584	#
708	6.09278	116	159	584	#
709	5.4835	116	163	584	#
710	4.93515	116	167	584	#
711	6.09278	120	163	584	#
712	5.4835	120	167	584	#
713	6.09278	124	167	584	#
714	7.66572	424	466	585	#
715	5.17436	424	470	585	#
716	4.65692	424	474	585	#
717	4.19123	424	478	585	#
718	5.74929	428	470	585	#
719	5.17436	428	474	585	#
720	4.65692	428	478	585	#
721	5.74929	432	474	585	#
722	5.17436	432	478	585	#
723	5.74929	436	478	585	#
724	10.4261	276	319	586	#
725	7.03762	276	323	586	#
726	6.33386	276	327	586	#
727	5.70047	276	331	586	#
728	7.81958	280	323	586	#
729	7.03762	280	327	586	#
730	6.33386	280	331	586	#
731	7.81958	284	327	586	#
732	7.03762	284	331	586	#
733	7.81958	288	331	586	#
734	6.25411	15	25	587	#
735	4.22152	15	29	587	#
736	3.79937	15	33	587	#
737	3.41943	15	37	587	#
738	4.69058	19	29	587	#
739	4.22152	19	33	587	#
740	3.79937	19	37	587	#
741	4.69058	23	33	587	#
742	4.22152	23	37	587	#
743	4.69058	27	37	587	#
744	9.10248	203	213	588	#
745	6.14418	203	217	588	#
746	5.52976	203	221	588	#
747	4.97678	203	225	588	#
748	6.82686	207	217	588	#
749	6.14418	207	221	588	#
750	5.52976	207	225	588	#
751	6.82686	211	221	588	#
752	6.14418	211	225	588	#
753	6.82686	215	225	588	#
754	8.30045	437	450	589	#
755	5.6028	437	454	589	#
756	5.04252	437	458	589	#
757	4.53827	437	462	589	#
758	6.22534	441	454	589	#
759	5.6028	441	458	589	#
760	5.04252	441	462	589	#
761	6.22534	445	458	589	#
762	5.6028	445	462	589	#
763	6.22534	449	462	589	#
764	7.63181	394	405	590	#
765	5.15147	394	409	590	#
766	4.63632	394	413	590	#
767	4.17269	394	417	590	#
768	5.72386	398	409	590	#
769	5.15147	398	413	590	#
770	4.63632	398	417	590	#
771	5.72386	402	413	590	#
772	5.15147	402	417	590	#
773	5.72386	406	417	590	#
774	5.71541	220	263	591	#
775	3.8579	220	267	591	#
776	3.47211	220	271	591	#
777	3.1249	220	275	591	#
778	4.28656	224	267	591	#
779	3.8579	224	271	591	#
780	3.47211	224	275	591	#
781	4.28656	228	271	591	#
782	3.8579	228	275	591	#
783	4.28656	232	275	591	#
784	9.30025	193	224	592	#
785	6.27767	193	228	592	#
786	5.6499	193	232	592	#
787	5.08491	193	236	592	#
788	6.97519	197	228	592	#
789	6.27767	197	232	592	#
790	5.6499	197	236	592	#
791	6.97519	201	232	592	#
792	6.27767	201	236	592	#
793	6.97519	205	236	592	#
794	6.65378	465	496	593	#
795	4.4913	465	500	593	#
796	4.04217	465	504	593	#
797	3.63795	465	508	593	#
798	4.99033	469	500	593	#
799	4.4913	469	504	593	#
800	4.04217	469	508	593	#
801	4.99033	473	504	593	#
802	4.4913	473	508	593	#
803	4.99033	477	508	593	#
804	14.0233	434	472	594	#
805	9.46575	434	476	594	#
806	8.51918	434	480	594	#
807	7.66726	434	484	594	#
808	10.5175	438	476	594	#
809	9.46575	438	480	594	#
810	8.51918	438	484	594	#
811	10.5175	442	480	594	#
812	9.46575	442	484	594	#
813	10.5175	446	484	594	#
814	8.43729	238	276	595	#
815	5.69517	238	280	595	#
816	5.12566	238	284	595	#
817	4.61309	238	288	595	#
818	6.32797	242	280	595	#
819	5.69517	242	284	595	#
820	5.12566	242	288	595	#
821	6.32797	246	284	595	#
822	5.69517	246	288	595	#
823	6.32797	250	288	595	#
824	9.41009	470	481	596	#
825	6.35181	470	485	596	#
826	5.71663	470	489	596	#
827	5.14497	470	493	596	#
828	7.05757	474	485	596	#
829	6.35181	474	489	596	#
830	5.71663	474	493	596	#
831	7.05757	478	489	596	#
832	6.35181	478	493	596	#
833	7.05757	482	493	596	#
834	13.8939	263	300	597	#
835	9.37836	263	304	597	#
836	8.44053	263	308	597	#
837	7.59647	263	312	597	#
838	10.4204	267	304	597	#
839	9.37836	267	308	597	#
840	8.44053	267	312	597	#
841	10.4204	271	308	597	#
842	9.37836	271	312	597	#
843	10.4204	275	312	597	#
844	7.43879	494	505	598	#
845	5.02118	494	509	598	#
846	5.57909	498	509	598	#
847	4.43143	67	77	599	#
848	2.99122	67	81	599	#
849	2.6921	67	85	599	#
850	2.42289	67	89	599	#
851	3.32357	71	81	599	#
852	2.99122	71	85	599	#
853	2.6921	71	89	599	#
854	3.32357	75	85	599	#
855	2.99122	75	89	599	#
856	3.32357	79	89	599	#
857	3.95948	139	149	600	#
858	2.67265	139	153	600	#
859	2.40539	139	157	600	#
860	2.16485	139	161	600	#
861	2.96961	143	153	600	#
862	2.67265	143	157	600	#
863	2.40539	143	161	600	#
864	2.96961	147	157	600	#
865	2.67265	147	161	600	#
866	2.96961	151	161	600	#
867	5.3566	385	399	601	#
868	3.6157	385	403	601	#
869	3.25413	385	407	601	#
870	2.92872	385	411	601	#
871	4.01745	389	403	601	#
872	3.6157	389	407	601	#
873	3.25413	389	411	601	#
874	4.01745	393	407	601	#
875	3.6157	393	411	601	#
876	4.01745	397	411	601	#
877	7.01753	82	120	602	#
878	4.73683	82	124	602	#
879	4.26315	82	128	602	#
880	3.83683	82	132	602	#
881	5.26314	86	124	602	#
882	4.73683	86	128	602	#
883	4.26315	86	132	602	#
884	5.26314	90	128	602	#
885	4.73683	90	132	602	#
886	5.26314	94	132	602	#
887	7.79543	310	321	603	#
888	5.26192	310	325	603	#
889	4.73572	310	329	603	#
890	4.26215	310	333	603	#
891	5.84657	314	325	603	#
892	5.26192	314	329	603	#
893	4.73572	314	333	603	#
894	5.84657	318	329	603	#
895	5.26192	318	333	603	#
896	5.84657	322	333	603	#
897	7.65799	76	119	604	#
898	5.16914	76	123	604	#
899	4.65223	76	127	604	#
900	4.187	76	131	604	#
901	5.74349	80	123	604	#
902	5.16914	80	127	604	#
903	4.65223	80	131	604	#
904	5.74349	84	127	604	#
905	5.16914	84	131	604	#
906	5.74349	88	131	604	#
907	9.2143	108	150	605	#
908	6.21965	108	154	605	#
909	5.59768	108	158	605	#
910	5.03792	108	162	605	#
911	6.91072	112	154	605	#
912	6.21965	112	158	605	#
913	5.59768	112	162	605	#
914	6.91072	116	158	605	#
915	6.21965	116	162	605	#
916	6.91072	120	162	605	#
917	3.60828	333	346	606	#
918	2.43559	333	350	606	#
919	2.19203	333	354	606	#
920	1.97283	333	358	606	#
921	2.70621	337	350	606	#
922	2.43559	337	354	606	#
923	2.19203	337	358	606	#
924	2.70621	341	354	606	#
925	2.43559	341	358	606	#
926	2.70621	345	358	606	#
927	10.6724	426	464	607	#
928	7.20386	426	468	607	#
929	6.48347	426	472	607	#
930	5.83512	426	476	607	#
931	8.00428	430	468	607	#
932	7.20386	430	472	607	#
933	6.48347	430	476	607	#
934	8.00428	434	472	607	#
935	7.20386	434	476	607	#
936	8.00428	438	476	607	#
937	11.718	138	176	608	#
938	7.90967	138	180	608	#
939	7.11871	138	184	608	#
940	6.40684	138	188	608	#
941	8.78853	142	180	608	#
942	7.90967	142	184	608	#
943	7.11871	142	188	608	#
944	8.78853	146	184	608	#
945	7.90967	146	188	608	#
946	8.78853	150	188	608	#
947	7.61333	175	212	609	#
948	5.139	175	216	609	#
949	4.6251	175	220	609	#
950	4.16259	175	224	609	#
951	5.71	179	216	609	#
952	5.139	179	220	609	#
953	4.6251	179	224	609	#
954	5.71	183	220	609	#
955	5.139	183	224	609	#
956	5.71	187	224	609	#
957	5.91644	431	468	610	#
958	3.9936	431	472	610	#
959	3.59424	431	476	610	#
960	3.23481	431	480	610	#
961	4.43733	435	472	610	#
962	3.9936	435	476	610	#
963	3.59424	435	480	610	#
964	4.43733	439	476	610	#
965	3.9936	439	480	610	#
966	4.43733	443	480	610	#
967	4.96971	331	341	611	#
968	3.35455	331	345	611	#
969	3.0191	331	349	611	#
970	2.71719	331	353	611	#
971	3.72728	335	345	611	#
972	3.35455	335	349	611	#
973	3.0191	335	353	611	#
974	3.72728	339	349	611	#
975	3.35455	339	353	611	#
976	3.72728	343	353	611	#
977	12.9797	290	328	612	#
978	8.76127	290	332	612	#
979	7.88515	290	336	612	#
980	7.09663	290	340	612	#
981	9.73475	294	332	612	#
982	8.76127	294	336	612	#
983	7.88515	294	340	612	#
984	9.73475	298	336	612	#
985	8.76127	298	340	612	#
986	9.73475	302	340	612	#
987	7.25676	237	250	613	#
988	4.89831	237	254	613	#
989	4.40848	237	258	613	#
990	3.96763	237	262	613	#
991	5.44257	241	254	613	#
992	4.89831	241	258	613	#
993	4.40848	241	262	613	#
994	5.44257	245	258	613	#
995	4.89831	245	262	613	#
996	5.44257	249	262	613	#
997	7.11021	352	385	614	#
998	4.79939	352	389	614	#
999	4.31945	352	393	614	#
1000	3.88751	352	397	614	#
1001	5.33265	356	389	614	#
1002	4.79939	356	393	614	#
1003	4.31945	356	397	614	#
1004	5.33265	360	393	614	#
1005	4.79939	360	397	614	#
1006	5.33265	364	397	614	#
1007	11.1794	24	66	615	#
1008	7.54611	24	70	615	#
1009	6.7915	24	74	615	#
1010	6.11235	24	78	615	#
1011	8.38456	28	70	615	#
1012	7.54611	28	74	615	#
1013	6.7915	28	78	615	#
1014	8.38456	32	74	615	#
1015	7.54611	32	78	615	#
1016	8.38456	36	78	615	#
1017	4.88389	127	137	616	#
1018	3.29663	127	141	616	#
1019	2.96696	127	145	616	#
1020	2.67027	127	149	616	#
1021	3.66292	131	141	616	#
1022	3.29663	131	145	616	#
1023	2.96696	131	149	616	#
1024	3.66292	135	145	616	#
1025	3.29663	135	149	616	#
1026	3.66292	139	149	616	#
1027	5.98711	358	369	617	#
1028	4.0413	358	373	617	#
1029	3.63717	358	377	617	#
1030	3.27345	358	381	617	#
1031	4.49033	362	373	617	#
1032	4.0413	362	377	617	#
1033	3.63717	362	381	617	#
1034	4.49033	366	377	617	#
1035	4.0413	366	381	617	#
1036	4.49033	370	381	617	#
1037	14.0221	104	147	618	#
1038	9.46489	104	151	618	#
1039	8.5184	104	155	618	#
1040	7.66656	104	159	618	#
1041	10.5165	108	151	618	#
1042	9.46489	108	155	618	#
1043	8.5184	108	159	618	#
1044	10.5165	112	155	618	#
1045	9.46489	112	159	618	#
1046	10.5165	116	159	618	#
1047	3.78361	56	89	619	#
1048	2.55394	56	93	619	#
1049	2.29855	56	97	619	#
1050	2.06869	56	101	619	#
1051	2.83771	60	93	619	#
1052	2.55394	60	97	619	#
1053	2.29855	60	101	619	#
1054	2.83771	64	97	619	#
1055	2.55394	64	101	619	#
1056	2.83771	68	101	619	#
1057	3.45762	105	136	620	#
1058	2.3339	105	140	620	#
1059	2.10051	105	144	620	#
1060	1.89046	105	148	620	#
1061	2.59322	109	140	620	#
1062	2.3339	109	144	620	#
1063	2.10051	109	148	620	#
1064	2.59322	113	144	620	#
1065	2.3339	113	148	620	#
1066	2.59322	117	148	620	#
1067	5.05853	196	229	621	#
1068	3.41451	196	233	621	#
1069	3.07306	196	237	621	#
1070	2.76575	196	241	621	#
1071	3.7939	200	233	621	#
1072	3.41451	200	237	621	#
1073	3.07306	200	241	621	#
1074	3.7939	204	237	621	#
1075	3.41451	204	241	621	#
1076	3.7939	208	241	621	#
1077	7.95621	283	320	622	#
1078	5.37044	283	324	622	#
1079	4.83339	283	328	622	#
1080	4.35006	283	332	622	#
1081	5.96715	287	324	622	#
1082	5.37044	287	328	622	#
1083	4.83339	287	332	622	#
1084	5.96715	291	328	622	#
1085	5.37044	291	332	622	#
1086	5.96715	295	332	622	#
1087	11.0356	71	108	623	#
1088	7.44902	71	112	623	#
1089	6.70412	71	116	623	#
1090	6.0337	71	120	623	#
1091	8.27669	75	112	623	#
1092	7.44902	75	116	623	#
1093	6.70412	75	120	623	#
1094	8.27669	79	116	623	#
1095	7.44902	79	120	623	#
1096	8.27669	83	120	623	#
1097	6.60863	285	299	624	#
1098	4.46082	285	303	624	#
1099	4.01474	285	307	624	#
1100	3.61327	285	311	624	#
1101	4.95647	289	303	624	#
1102	4.46082	289	307	624	#
1103	4.01474	289	311	624	#
1104	4.95647	293	307	624	#
1105	4.46082	293	311	624	#
1106	4.95647	297	311	624	#
1107	13.1331	140	183	625	#
1108	8.86482	140	187	625	#
1109	7.97834	140	191	625	#
1110	7.1805	140	195	625	#
1111	9.8498	144	187	625	#
1112	8.86482	144	191	625	#
1113	7.97834	144	195	625	#
1114	9.8498	148	191	625	#
1115	8.86482	148	195	625	#
1116	9.8498	152	195	625	#
1117	9.78528	367	404	626	#
1118	6.60506	367	408	626	#
1119	5.94456	367	412	626	#
1120	5.3501	367	416	626	#
1121	7.33896	371	408	626	#
1122	6.60506	371	412	626	#
1123	5.94456	371	416	626	#
1124	7.33896	375	412	626	#
1125	6.60506	375	416	626	#
1126	7.33896	379	416	626	#
1127	5.72226	9	22	627	#
1128	3.86253	9	26	627	#
1129	3.47627	9	30	627	#
1130	3.12865	9	34	627	#
1131	4.2917	13	26	627	#
1132	3.86253	13	30	627	#
1133	3.47627	13	34	627	#
1134	4.2917	17	30	627	#
1135	3.86253	17	34	627	#
1136	4.2917	21	34	627	#
1137	8.93468	188	231	628	#
1138	6.03091	188	235	628	#
1139	5.42782	188	239	628	#
1140	4.88504	188	243	628	#
1141	6.70101	192	235	628	#
1142	6.03091	192	239	628	#
1143	5.42782	192	243	628	#
1144	6.70101	196	239	628	#
1145	6.03091	196	243	628	#
1146	6.70101	200	243	628	#
1147	6.44138	243	280	629	#
1148	4.34793	243	284	629	#
1149	3.91314	243	288	629	#
1150	3.52183	243	292	629	#
1151	4.83104	247	284	629	#
1152	4.34793	247	288	629	#
1153	3.91314	247	292	629	#
1154	4.83104	251	288	629	#
1155	4.34793	251	292	629	#
1156	4.83104	255	292	629	#
1157	5.33341	275	285	630	#
1158	3.60005	275	289	630	#
1159	3.24004	275	293	630	#
1160	2.91604	275	297	630	#
1161	4.00005	279	289	630	#
1162	3.60005	279	293	630	#
1163	3.24004	279	297	630	#
1164	4.00005	283	293	630	#
1165	3.60005	283	297	630	#
1166	4.00005	287	297	630	#
1167	4.31419	57	70	631	#
1168	2.91208	57	74	631	#
1169	2.62087	57	78	631	#
1170	2.35878	57	82	631	#
1171	3.23564	61	74	631	#
1172	2.91208	61	78	631	#
1173	2.62087	61	82	631	#
1174	3.23564	65	78	631	#
1175	2.91208	65	82	631	#
1176	3.23564	69	82	631	#
1177	7.5546	225	238	632	#
1178	5.09936	225	242	632	#
1179	4.58942	225	246	632	#
1180	4.13048	225	250	632	#
1181	5.66595	229	242	632	#
1182	5.09936	229	246	632	#
1183	4.58942	229	250	632	#
1184	5.66595	233	246	632	#
1185	5.09936	233	250	632	#
1186	5.66595	237	250	632	#
1187	11.3252	248	290	633	#
1188	7.64452	248	294	633	#
1189	6.88007	248	298	633	#
1190	6.19206	248	302	633	#
1191	8.49391	252	294	633	#
1192	7.64452	252	298	633	#
1193	6.88007	252	302	633	#
1194	8.49391	256	298	633	#
1195	7.64452	256	302	633	#
1196	8.49391	260	302	633	#
1197	4.12823	233	247	634	#
1198	2.78655	233	251	634	#
1199	2.5079	233	255	634	#
1200	2.25711	233	259	634	#
1201	3.09617	237	251	634	#
1202	2.78655	237	255	634	#
1203	2.5079	237	259	634	#
1204	3.09617	241	255	634	#
1205	2.78655	241	259	634	#
1206	3.09617	245	259	634	#
1207	8.51255	477	491	635	#
1208	5.74597	477	495	635	#
1209	5.17137	477	499	635	#
1210	4.65424	477	503	635	#
1211	6.38441	481	495	635	#
1212	5.74597	481	499	635	#
1213	5.17137	481	503	635	#
1214	6.38441	485	499	635	#
1215	5.74597	485	503	635	#
1216	6.38441	489	503	635	#
1217	6.99495	227	237	636	#
1218	4.72159	227	241	636	#
1219	4.24943	227	245	636	#
1220	3.82449	227	249	636	#
1221	5.24621	231	241	636	#
1222	4.72159	231	245	636	#
1223	4.24943	231	249	636	#
1224	5.24621	235	245	636	#
1225	4.72159	235	249	636	#
1226	5.24621	239	249	636	#
1227	11.8725	440	482	637	#
1228	8.01392	440	486	637	#
1229	7.21252	440	490	637	#
1230	6.49127	440	494	637	#
1231	8.90435	444	486	637	#
1232	8.01392	444	490	637	#
1233	7.21252	444	494	637	#
1234	8.90435	448	490	637	#
1235	8.01392	448	494	637	#
1236	8.90435	452	494	637	#
1237	13.9228	210	248	638	#
1238	9.39791	210	252	638	#
1239	8.45812	210	256	638	#
1240	7.61231	210	260	638	#
1241	10.4421	214	252	638	#
1242	9.39791	214	256	638	#
1243	8.45812	214	260	638	#
1244	10.4421	218	256	638	#
1245	9.39791	218	260	638	#
1246	10.4421	222	260	638	#
1247	8.54023	123	133	639	#
1248	5.76465	123	137	639	#
1249	5.18819	123	141	639	#
1250	4.66937	123	145	639	#
1251	6.40517	127	137	639	#
1252	5.76465	127	141	639	#
1253	5.18819	127	145	639	#
1254	6.40517	131	141	639	#
1255	5.76465	131	145	639	#
1256	6.40517	135	145	639	#
1257	5.9287	319	329	640	#
1258	4.00188	319	333	640	#
1259	3.60169	319	337	640	#
1260	3.24152	319	341	640	#
1261	4.44653	323	333	640	#
1262	4.00188	323	337	640	#
1263	3.60169	323	341	640	#
1264	4.44653	327	337	640	#
1265	4.00188	327	341	640	#
1266	4.44653	331	341	640	#
1267	8.11919	368	410	641	#
1268	5.48045	368	414	641	#
1269	4.93241	368	418	641	#
1270	4.43917	368	422	641	#
1271	6.08939	372	414	641	#
1272	5.48045	372	418	641	#
1273	4.93241	372	422	641	#
1274	6.08939	376	418	641	#
1275	5.48045	376	422	641	#
1276	6.08939	380	422	641	#
1277	8.88603	215	252	642	#
1278	5.99807	215	256	642	#
1279	5.39827	215	260	642	#
1280	4.85844	215	264	642	#
1281	6.66453	219	256	642	#
1282	5.99807	219	260	642	#
1283	5.39827	219	264	642	#
1284	6.66453	223	260	642	#
1285	5.99807	223	264	642	#
1286	6.66453	227	264	642	#
1287	6.70992	260	293	643	#
1288	4.5292	260	297	643	#
1289	4.07628	260	301	643	#
1290	3.66865	260	305	643	#
1291	5.03244	264	297	643	#
1292	4.5292	264	301	643	#
1293	4.07628	264	305	643	#
1294	5.03244	268	301	643	#
1295	4.5292	268	305	643	#
1296	5.03244	272	305	643	#
1297	8.979	236	279	644	#
1298	6.06083	236	283	644	#
1299	5.45474	236	287	644	#
1300	4.90927	236	291	644	#
1301	6.73425	240	283	644	#
1302	6.06083	240	287	644	#
1303	5.45474	240	291	644	#
1304	6.73425	244	287	644	#
1305	6.06083	244	291	644	#
1306	6.73425	248	291	644	#
1307	11.548	282	320	645	#
1308	7.79489	282	324	645	#
1309	7.0154	282	328	645	#
1310	6.31386	282	332	645	#
1311	8.66099	286	324	645	#
1312	7.79489	286	328	645	#
1313	7.0154	286	332	645	#
1314	8.66099	290	328	645	#
1315	7.79489	290	332	645	#
1316	8.66099	294	332	645	#
1317	13.2606	278	316	646	#
1318	8.95088	278	320	646	#
1319	8.05579	278	324	646	#
1320	7.25021	278	328	646	#
1321	9.94542	282	320	646	#
1322	8.95088	282	324	646	#
1323	8.05579	282	328	646	#
1324	9.94542	286	324	646	#
1325	8.95088	286	328	646	#
1326	9.94542	290	328	646	#
1327	6.78651	51	61	647	#
1328	4.5809	51	65	647	#
1329	4.12281	51	69	647	#
1330	3.71053	51	73	647	#
1331	5.08988	55	65	647	#
1332	4.5809	55	69	647	#
1333	4.12281	55	73	647	#
1334	5.08988	59	69	647	#
1335	4.5809	59	73	647	#
1336	5.08988	63	73	647	#
1337	9.52525	317	331	648	#
1338	6.42954	317	335	648	#
1339	5.78659	317	339	648	#
1340	5.20793	317	343	648	#
1341	7.14394	321	335	648	#
1342	6.42954	321	339	648	#
1343	5.78659	321	343	648	#
1344	7.14394	325	339	648	#
1345	6.42954	325	343	648	#
1346	7.14394	329	343	648	#
1347	7.75967	242	253	649	#
1348	5.23778	242	257	649	#
1349	4.714	242	261	649	#
1350	4.2426	242	265	649	#
1351	5.81975	246	257	649	#
1352	5.23778	246	261	649	#
1353	4.714	246	265	649	#
1354	5.81975	250	261	649	#
1355	5.23778	250	265	649	#
1356	5.81975	254	265	649	#
1357	9.30883	96	139	650	#
1358	6.28346	96	143	650	#
1359	5.65512	96	147	650	#
1360	5.0896	96	151	650	#
1361	6.98163	100	143	650	#
1362	6.28346	100	147	650	#
1363	5.65512	100	151	650	#
1364	6.98163	104	147	650	#
1365	6.28346	104	151	650	#
1366	6.98163	108	151	650	#
1367	9.04148	473	504	651	#
1368	6.103	473	508	651	#
1369	6.78111	477	508	651	#
1370	7.81797	124	167	652	#
1371	5.27713	124	171	652	#
1372	4.74941	124	175	652	#
1373	4.27447	124	179	652	#
1374	5.86347	128	171	652	#
1375	5.27713	128	175	652	#
1376	4.74941	128	179	652	#
1377	5.86347	132	175	652	#
1378	5.27713	132	179	652	#
1379	5.86347	136	179	652	#
1380	5.53891	4	37	653	#
1381	3.73877	4	41	653	#
1382	3.36489	4	45	653	#
1383	3.0284	4	49	653	#
1384	4.15419	8	41	653	#
1385	3.73877	8	45	653	#
1386	3.36489	8	49	653	#
1387	4.15419	12	45	653	#
1388	3.73877	12	49	653	#
1389	4.15419	16	49	653	#
1390	8.12798	270	308	654	#
1391	5.48639	270	312	654	#
1392	4.93775	270	316	654	#
1393	4.44397	270	320	654	#
1394	6.09599	274	312	654	#
1395	5.48639	274	316	654	#
1396	4.93775	274	320	654	#
1397	6.09599	278	316	654	#
1398	5.48639	278	320	654	#
1399	6.09599	282	320	654	#
1400	4.01999	435	445	655	#
1401	2.71349	435	449	655	#
1402	2.44214	435	453	655	#
1403	2.19793	435	457	655	#
1404	3.01499	439	449	655	#
1405	2.71349	439	453	655	#
1406	2.44214	439	457	655	#
1407	3.01499	443	453	655	#
1408	2.71349	443	457	655	#
1409	3.01499	447	457	655	#
1410	13.9436	199	236	656	#
1411	9.4119	199	240	656	#
1412	8.47071	199	244	656	#
1413	7.62364	199	248	656	#
1414	10.4577	203	240	656	#
1415	9.4119	203	244	656	#
1416	8.47071	203	248	656	#
1417	10.4577	207	244	656	#
1418	9.4119	207	248	656	#
1419	10.4577	211	248	656	#
1420	7.75846	482	493	657	#
1421	5.23696	482	497	657	#
1422	4.71326	482	501	657	#
1423	4.24194	482	505	657	#
1424	5.81884	486	497	657	#
1425	5.23696	486	501	657	#
1426	4.71326	486	505	657	#
1427	5.81884	490	501	657	#
1428	5.23696	490	505	657	#
1429	5.81884	494	505	657	#
1430	8.74906	252	294	658	#
1431	5.90561	252	298	658	#
1432	5.31505	252	302	658	#
1433	4.78355	252	306	658	#
1434	6.56179	256	298	658	#
1435	5.90561	256	302	658	#
1436	5.31505	256	306	658	#
1437	6.56179	260	302	658	#
1438	5.90561	260	306	658	#
1439	6.56179	264	306	658	#
1440	8.02807	147	157	659	#
1441	5.41894	147	161	659	#
1442	4.87705	147	165	659	#
1443	4.38934	147	169	659	#
1444	6.02105	151	161	659	#
1445	5.41894	151	165	659	#
1446	4.87705	151	169	659	#
1447	6.02105	155	165	659	#
1448	5.41894	155	169	659	#
1449	6.02105	159	169	659	#
1450	14.8917	151	188	660	#
1451	10.0519	151	192	660	#
1452	9.0467	151	196	660	#
1453	8.14203	151	200	660	#
1454	11.1688	155	192	660	#
1455	10.0519	155	196	660	#
1456	9.0467	155	200	660	#
1457	11.1688	159	196	660	#
1458	10.0519	159	200	660	#
1459	11.1688	163	200	660	#
1460	10.5687	154	192	661	#
1461	7.13387	154	196	661	#
1462	6.42048	154	200	661	#
1463	5.77844	154	204	661	#
1464	7.92652	158	196	661	#
1465	7.13387	158	200	661	#
1466	6.42048	158	204	661	#
1467	7.92652	162	200	661	#
1468	7.13387	162	204	661	#
1469	7.92652	166	204	661	#
1470	9.52523	92	125	662	#
1471	6.42953	92	129	662	#
1472	5.78658	92	133	662	#
1473	5.20792	92	137	662	#
1474	7.14392	96	129	662	#
1475	6.42953	96	133	662	#
1476	5.78658	96	137	662	#
1477	7.14392	100	133	662	#
1478	6.42953	100	137	662	#
1479	7.14392	104	137	662	#
1480	7.42991	428	461	663	#
1481	5.01519	428	465	663	#
1482	4.51367	428	469	663	#
1483	4.06231	428	473	663	#
1484	5.57244	432	465	663	#
1485	5.01519	432	469	663	#
1486	4.51367	432	473	663	#
1487	5.57244	436	469	663	#
1488	5.01519	436	473	663	#
1489	5.57244	440	473	663	#
1490	10.0767	273	287	664	#
1491	6.80174	273	291	664	#
1492	6.12157	273	295	664	#
1493	5.50941	273	299	664	#
1494	7.55749	277	291	664	#
1495	6.80174	277	295	664	#
1496	6.12157	277	299	664	#
1497	7.55749	281	295	664	#
1498	6.80174	281	299	664	#
1499	7.55749	285	299	664	#
1500	11.667	396	439	665	#
1501	7.87522	396	443	665	#
1502	7.0877	396	447	665	#
1503	6.37893	396	451	665	#
1504	8.75025	400	443	665	#
1505	7.87522	400	447	665	#
1506	7.0877	400	451	665	#
1507	8.75025	404	447	665	#
1508	7.87522	404	451	665	#
1509	8.75025	408	451	665	#
1510	5.9859	417	430	666	#
1511	4.04049	417	434	666	#
1512	3.63644	417	438	666	#
1513	3.27279	417	442	666	#
1514	4.48943	421	434	666	#
1515	4.04049	421	438	666	#
1516	3.63644	421	442	666	#
1517	4.48943	425	438	666	#
1518	4.04049	425	442	666	#
1519	4.48943	429	442	666	#
1520	10.3417	401	414	667	#
1521	6.98063	401	418	667	#
1522	6.28257	401	422	667	#
1523	5.65431	401	426	667	#
1524	7.75626	405	418	667	#
1525	6.98063	405	422	667	#
1526	6.28257	405	426	667	#
1527	7.75626	409	422	667	#
1528	6.98063	409	426	667	#
1529	7.75626	413	426	667	#
1530	5.67007	262	300	668	#
1531	3.8273	262	304	668	#
1532	3.44457	262	308	668	#
1533	3.10011	262	312	668	#
1534	4.25255	266	304	668	#
1535	3.8273	266	308	668	#
1536	3.44457	266	312	668	#
1537	4.25255	270	308	668	#
1538	3.8273	270	312	668	#
1539	4.25255	274	312	668	#
1540	5.85916	65	78	669	#
1541	3.95494	65	82	669	#
1542	3.55944	65	86	669	#
1543	3.2035	65	90	669	#
1544	4.39437	69	82	669	#
1545	3.95494	69	86	669	#
1546	3.55944	69	90	669	#
1547	4.39437	73	86	669	#
1548	3.95494	73	90	669	#
1549	4.39437	77	90	669	#
1550	6.62984	344	377	670	#
1551	4.47514	344	381	670	#
1552	4.02763	344	385	670	#
1553	3.62486	344	389	670	#
1554	4.97238	348	381	670	#
1555	4.47514	348	385	670	#
1556	4.02763	348	389	670	#
1557	4.97238	352	385	670	#
1558	4.47514	352	389	670	#
1559	4.97238	356	389	670	#
1560	10.7894	108	151	671	#
1561	7.28285	108	155	671	#
1562	6.55457	108	159	671	#
1563	5.89911	108	163	671	#
1564	8.09206	112	155	671	#
1565	7.28285	112	159	671	#
1566	6.55457	112	163	671	#
1567	8.09206	116	159	671	#
1568	7.28285	116	163	671	#
1569	8.09206	120	163	671	#
1570	9.7606	88	121	672	#
1571	6.58841	88	125	672	#
1572	5.92957	88	129	672	#
1573	5.33661	88	133	672	#
1574	7.32045	92	125	672	#
1575	6.58841	92	129	672	#
1576	5.92957	92	133	672	#
1577	7.32045	96	129	672	#
1578	6.58841	96	133	672	#
1579	7.32045	100	133	672	#
1580	6.79995	177	191	673	#
1581	4.58996	177	195	673	#
1582	4.13097	177	199	673	#
1583	3.71787	177	203	673	#
1584	5.09996	181	195	673	#
1585	4.58996	181	199	673	#
1586	4.13097	181	203	673	#
1587	5.09996	185	199	673	#
1588	4.58996	185	203	673	#
1589	5.09996	189	203	673	#
1590	9.02677	167	177	674	#
1591	6.09307	167	181	674	#
1592	5.48376	167	185	674	#
1593	4.93538	167	189	674	#
1594	6.77008	171	181	674	#
1595	6.09307	171	185	674	#
1596	5.48376	171	189	674	#
1597	6.77008	175	185	674	#
1598	6.09307	175	189	674	#
1599	6.77008	179	189	674	#
1600	6.84791	93	107	675	#
1601	4.62234	93	111	675	#
1602	4.16011	93	115	675	#
1603	3.7441	93	119	675	#
1604	5.13594	97	111	675	#
1605	4.62234	97	115	675	#
1606	4.16011	97	119	675	#
1607	5.13594	101	115	675	#
1608	4.62234	101	119	675	#
1609	5.13594	105	119	675	#
1610	10.3763	114	125	676	#
1611	7.00398	114	129	676	#
1612	6.30358	114	133	676	#
1613	5.67323	114	137	676	#
1614	7.7822	118	129	676	#
1615	7.00398	118	133	676	#
1616	6.30358	118	137	676	#
1617	7.7822	122	133	676	#
1618	7.00398	122	137	676	#
1619	7.7822	126	137	676	#
1620	8.94599	221	252	677	#
1621	6.03854	221	256	677	#
1622	5.43469	221	260	677	#
1623	4.89122	221	264	677	#
1624	6.70949	225	256	677	#
1625	6.03854	225	260	677	#
1626	5.43469	225	264	677	#
1627	6.70949	229	260	677	#
1628	6.03854	229	264	677	#
1629	6.70949	233	264	677	#
1630	6.97264	265	296	678	#
1631	4.70653	265	300	678	#
1632	4.23588	265	304	678	#
1633	3.81229	265	308	678	#
1634	5.22948	269	300	678	#
1635	4.70653	269	304	678	#
1636	4.23588	269	308	678	#
1637	5.22948	273	304	678	#
1638	4.70653	273	308	678	#
1639	5.22948	277	308	678	#
1640	6.32399	143	153	679	#
1641	4.26869	143	157	679	#
1642	3.84182	143	161	679	#
1643	3.45764	143	165	679	#
1644	4.74299	147	157	679	#
1645	4.26869	147	161	679	#
1646	3.84182	147	165	679	#
1647	4.74299	151	161	679	#
1648	4.26869	151	165	679	#
1649	4.74299	155	165	679	#
1650	9.77327	403	440	680	#
1651	6.59696	403	444	680	#
1652	5.93726	403	448	680	#
1653	5.34353	403	452	680	#
1654	7.32995	407	444	680	#
1655	6.59696	407	448	680	#
1656	5.93726	407	452	680	#
1657	7.32995	411	448	680	#
1658	6.59696	411	452	680	#
1659	7.32995	415	452	680	#
1660	6.71538	3	40	681	#
1661	4.53288	3	44	681	#
1662	4.07959	3	48	681	#
1663	3.67163	3	52	681	#
1664	5.03653	7	44	681	#
1665	4.53288	7	48	681	#
1666	4.07959	7	52	681	#
1667	5.03653	11	48	681	#
1668	4.53288	11	52	681	#
1669	5.03653	15	52	681	#
1670	9.2714	46	84	682	#
1671	6.25819	46	88	682	#
1672	5.63237	46	92	682	#
1673	5.06914	46	96	682	#
1674	6.95355	50	88	682	#
1675	6.25819	50	92	682	#
1676	5.63237	50	96	682	#
1677	6.95355	54	92	682	#
1678	6.25819	54	96	682	#
1679	6.95355	58	96	682	#
1680	7.04031	128	170	683	#
1681	4.75221	128	174	683	#
1682	4.27699	128	178	683	#
1683	3.84929	128	182	683	#
1684	5.28023	132	174	683	#
1685	4.75221	132	178	683	#
1686	4.27699	132	182	683	#
1687	5.28023	136	178	683	#
1688	4.75221	136	182	683	#
1689	5.28023	140	182	683	#
1690	6.65533	314	325	684	#
1691	4.49235	314	329	684	#
1692	4.04311	314	333	684	#
1693	3.6388	314	337	684	#
1694	4.9915	318	329	684	#
1695	4.49235	318	333	684	#
1696	4.04311	318	337	684	#
1697	4.9915	322	333	684	#
1698	4.49235	322	337	684	#
1699	4.9915	326	337	684	#
1700	12.0943	171	208	685	#
1701	8.16367	171	212	685	#
1702	7.34731	171	216	685	#
1703	6.61258	171	220	685	#
1704	9.07075	175	212	685	#
1705	8.16367	175	216	685	#
1706	7.34731	175	220	685	#
1707	9.07075	179	216	685	#
1708	8.16367	179	220	685	#
1709	9.07075	183	220	685	#
1710	5.12553	312	345	686	#
1711	3.45973	312	349	686	#
1712	3.11376	312	353	686	#
1713	2.80238	312	357	686	#
1714	3.84415	316	349	686	#
1715	3.45973	316	353	686	#
1716	3.11376	316	357	686	#
1717	3.84415	320	353	686	#
1718	3.45973	320	357	686	#
1719	3.84415	324	357	686	#
1720	9.72167	306	344	687	#
1721	6.56213	306	348	687	#
1722	5.90592	306	352	687	#
1723	5.31533	306	356	687	#
1724	7.29126	310	348	687	#
1725	6.56213	310	352	687	#
1726	5.90592	310	356	687	#
1727	7.29126	314	352	687	#
1728	6.56213	314	356	687	#
1729	7.29126	318	356	687	#
1730	6.56592	183	220	688	#
1731	4.432	183	224	688	#
1732	3.9888	183	228	688	#
1733	3.58992	183	232	688	#
1734	4.92444	187	224	688	#
1735	4.432	187	228	688	#
1736	3.9888	187	232	688	#
1737	4.92444	191	228	688	#
1738	4.432	191	232	688	#
1739	4.92444	195	232	688	#
1740	7.42596	13	44	689	#
1741	5.01253	13	48	689	#
1742	4.51127	13	52	689	#
1743	4.06015	13	56	689	#
1744	5.56947	17	48	689	#
1745	5.01253	17	52	689	#
1746	4.51127	17	56	689	#
1747	5.56947	21	52	689	#
1748	5.01253	21	56	689	#
1749	5.56947	25	56	689	#
1750	10.6719	243	253	690	#
1751	7.20353	243	257	690	#
1752	6.48318	243	261	690	#
1753	5.83486	243	265	690	#
1754	8.00393	247	257	690	#
1755	7.20353	247	261	690	#
1756	6.48318	247	265	690	#
1757	8.00393	251	261	690	#
1758	7.20353	251	265	690	#
1759	8.00393	255	265	690	#
1760	5.75158	181	195	691	#
1761	3.88232	181	199	691	#
1762	3.49409	181	203	691	#
1763	3.14468	181	207	691	#
1764	4.31369	185	199	691	#
1765	3.88232	185	203	691	#
1766	3.49409	185	207	691	#
1767	4.31369	189	203	691	#
1768	3.88232	189	207	691	#
1769	4.31369	193	207	691	#
1770	9.41046	372	405	692	#
1771	6.35206	372	409	692	#
1772	5.71686	372	413	692	#
1773	5.14517	372	417	692	#
1774	7.05785	376	409	692	#
1775	6.35206	376	413	692	#
1776	5.71686	376	417	692	#
1777	7.05785	380	413	692	#
1778	6.35206	380	417	692	#
1779	7.05785	384	417	692	#
1780	5.11357	23	33	693	#
1781	3.45166	23	37	693	#
1782	3.10649	23	41	693	#
1783	2.79584	23	45	693	#
1784	3.83518	27	37	693	#
1785	3.45166	27	41	693	#
1786	3.10649	27	45	693	#
1787	3.83518	31	41	693	#
1788	3.45166	31	45	693	#
1789	3.83518	35	45	693	#
1790	12.967	168	210	694	#
1791	8.75275	168	214	694	#
1792	7.87748	168	218	694	#
1793	7.08973	168	222	694	#
1794	9.72528	172	214	694	#
1795	8.75275	172	218	694	#
1796	7.87748	172	222	694	#
1797	9.72528	176	218	694	#
1798	8.75275	176	222	694	#
1799	9.72528	180	222	694	#
1800	8.20411	302	313	695	#
1801	5.53777	302	317	695	#
1802	4.984	302	321	695	#
1803	4.4856	302	325	695	#
1804	6.15308	306	317	695	#
1805	5.53777	306	321	695	#
1806	4.984	306	325	695	#
1807	6.15308	310	321	695	#
1808	5.53777	310	325	695	#
1809	6.15308	314	325	695	#
1810	6.33824	152	185	696	#
1811	4.27831	152	189	696	#
1812	3.85048	152	193	696	#
1813	3.46543	152	197	696	#
1814	4.75368	156	189	696	#
1815	4.27831	156	193	696	#
1816	3.85048	156	197	696	#
1817	4.75368	160	193	696	#
1818	4.27831	160	197	696	#
1819	4.75368	164	197	696	#
1820	8.24872	266	277	697	#
1821	5.56789	266	281	697	#
1822	5.0111	266	285	697	#
1823	4.50999	266	289	697	#
1824	6.18654	270	281	697	#
1825	5.56789	270	285	697	#
1826	5.0111	270	289	697	#
1827	6.18654	274	285	697	#
1828	5.56789	274	289	697	#
1829	6.18654	278	289	697	#
1830	11.3692	78	116	698	#
1831	7.67421	78	120	698	#
1832	6.90679	78	124	698	#
1833	6.21611	78	128	698	#
1834	8.5269	82	120	698	#
1835	7.67421	82	124	698	#
1836	6.90679	82	128	698	#
1837	8.5269	86	124	698	#
1838	7.67421	86	128	698	#
1839	8.5269	90	128	698	#
1840	6.94888	313	344	699	#
1841	4.69049	313	348	699	#
1842	4.22144	313	352	699	#
1843	3.7993	313	356	699	#
1844	5.21166	317	348	699	#
1845	4.69049	317	352	699	#
1846	4.22144	317	356	699	#
1847	5.21166	321	352	699	#
1848	4.69049	321	356	699	#
1849	5.21166	325	356	699	#
1850	8.35196	357	370	700	#
1851	5.63757	357	374	700	#
1852	5.07381	357	378	700	#
1853	4.56643	357	382	700	#
1854	6.26397	361	374	700	#
1855	5.63757	361	378	700	#
1856	5.07381	361	382	700	#
1857	6.26397	365	378	700	#
1858	5.63757	365	382	700	#
1859	6.26397	369	382	700	#
1860	4.22874	142	153	701	#
1861	2.8544	142	157	701	#
1862	2.56896	142	161	701	#
1863	2.31206	142	165	701	#
1864	3.17155	146	157	701	#
1865	2.8544	146	161	701	#
1866	2.56896	146	165	701	#
1867	3.17155	150	161	701	#
1868	2.8544	150	165	701	#
1869	3.17155	154	165	701	#
1870	10.4758	288	330	702	#
1871	7.07115	288	334	702	#
1872	6.36404	288	338	702	#
1873	5.72764	288	342	702	#
1874	7.85684	292	334	702	#
1875	7.07115	292	338	702	#
1876	6.36404	292	342	702	#
1877	7.85684	296	338	702	#
1878	7.07115	296	342	702	#
1879	7.85684	300	342	702	#
1880	10.9616	280	323	703	#
1881	7.3991	280	327	703	#
1882	6.65919	280	331	703	#
1883	5.99327	280	335	703	#
1884	8.22123	284	327	703	#
1885	7.3991	284	331	703	#
1886	6.65919	284	335	703	#
1887	8.22123	288	331	703	#
1888	7.3991	288	335	703	#
1889	8.22123	292	335	703	#
1890	7.38528	441	472	704	#
1891	4.98507	441	476	704	#
1892	4.48656	441	480	704	#
1893	4.0379	441	484	704	#
1894	5.53896	445	476	704	#
1895	4.98507	445	480	704	#
1896	4.48656	445	484	704	#
1897	5.53896	449	480	704	#
1898	4.98507	449	484	704	#
1899	5.53896	453	484	704	#
1900	3.91065	275	285	705	#
1901	2.63969	275	289	705	#
1902	2.37572	275	293	705	#
1903	2.13815	275	297	705	#
1904	2.93299	279	289	705	#
1905	2.63969	279	293	705	#
1906	2.37572	279	297	705	#
1907	2.93299	283	293	705	#
1908	2.63969	283	297	705	#
1909	2.93299	287	297	705	#
1910	7.56577	475	485	706	#
1911	5.1069	475	489	706	#
1912	4.59621	475	493	706	#
1913	4.13659	475	497	706	#
1914	5.67433	479	489	706	#
1915	5.1069	479	493	706	#
1916	4.59621	479	497	706	#
1917	5.67433	483	493	706	#
1918	5.1069	483	497	706	#
1919	5.67433	487	497	706	#
1920	5.58361	358	369	707	#
1921	3.76894	358	373	707	#
1922	3.39204	358	377	707	#
1923	3.05284	358	381	707	#
1924	4.18771	362	373	707	#
1925	3.76894	362	377	707	#
1926	3.39204	362	381	707	#
1927	4.18771	366	377	707	#
1928	3.76894	366	381	707	#
1929	4.18771	370	381	707	#
1930	12.3771	139	176	708	#
1931	8.35452	139	180	708	#
1932	7.51907	139	184	708	#
1933	6.76716	139	188	708	#
1934	9.2828	143	180	708	#
1935	8.35452	143	184	708	#
1936	7.51907	143	188	708	#
1937	9.2828	147	184	708	#
1938	8.35452	147	188	708	#
1939	9.2828	151	188	708	#
1940	10.0831	374	385	709	#
1941	6.80611	374	389	709	#
1942	6.1255	374	393	709	#
1943	5.51295	374	397	709	#
1944	7.56234	378	389	709	#
1945	6.80611	378	393	709	#
1946	6.1255	378	397	709	#
1947	7.56234	382	393	709	#
1948	6.80611	382	397	709	#
1949	7.56234	386	397	709	#
1950	8.82043	299	309	710	#
1951	5.95379	299	313	710	#
1952	5.35841	299	317	710	#
1953	4.82257	299	321	710	#
1954	6.61532	303	313	710	#
1955	5.95379	303	317	710	#
1956	5.35841	303	321	710	#
1957	6.61532	307	317	710	#
1958	5.95379	307	321	710	#
1959	6.61532	311	321	710	#
1960	13.2049	318	356	711	#
1961	8.91332	318	360	711	#
1962	8.02199	318	364	711	#
1963	7.21979	318	368	711	#
1964	9.90369	322	360	711	#
1965	8.91332	322	364	711	#
1966	8.02199	322	368	711	#
1967	9.90369	326	364	711	#
1968	8.91332	326	368	711	#
1969	9.90369	330	368	711	#
1970	6.01527	239	249	712	#
1971	4.06031	239	253	712	#
1972	3.65428	239	257	712	#
1973	3.28885	239	261	712	#
1974	4.51145	243	253	712	#
1975	4.06031	243	257	712	#
1976	3.65428	243	261	712	#
1977	4.51145	247	257	712	#
1978	4.06031	247	261	712	#
1979	4.51145	251	261	712	#
1980	7.08981	477	491	713	#
1981	4.78562	477	495	713	#
1982	4.30706	477	499	713	#
1983	3.87635	477	503	713	#
1984	5.31736	481	495	713	#
1985	4.78562	481	499	713	#
1986	4.30706	481	503	713	#
1987	5.31736	485	499	713	#
1988	4.78562	485	503	713	#
1989	5.31736	489	503	713	#
1990	14.349	194	232	714	#
1991	9.68557	194	236	714	#
1992	8.71701	194	240	714	#
1993	7.84531	194	244	714	#
1994	10.7617	198	236	714	#
1995	9.68557	198	240	714	#
1996	8.71701	198	244	714	#
1997	10.7617	202	240	714	#
1998	9.68557	202	244	714	#
1999	10.7617	206	244	714	#
