%% File generated by CATS v.2.1Mon Jul  4 11:06:32 2011

%% The CATS webpage is http://robotics.stanford.edu/CATS

%% PARAMETER SETTINGS:
% Goods: 512; Bids: 2000; Distribution: matching; Runs: 1; Seed: 1309806485
% Matching Distribution Parameters:
% Max airport price       = 5
% Early takeoff deviation = 1
% Late takeoff deviation  = 2
% Early landing deviation = 1
% Late landing deviation  = 2
% Deviation               = 0.500000
% Delay coefficient       = 0.900000
% Amount late coefficient = 0.750000



goods 512
bids 2008
dummy 203

0	7.16767	77	90	512	#
1	4.83818	77	94	512	#
2	4.35436	77	98	512	#
3	3.91892	77	102	512	#
4	5.37575	81	94	512	#
5	4.83818	81	98	512	#
6	4.35436	81	102	512	#
7	5.37575	85	98	512	#
8	4.83818	85	102	512	#
9	5.37575	89	102	512	#
10	8.35402	190	228	513	#
11	5.63896	190	232	513	#
12	5.07507	190	236	513	#
13	4.56756	190	240	513	#
14	6.26551	194	232	513	#
15	5.63896	194	236	513	#
16	5.07507	194	240	513	#
17	6.26551	198	236	513	#
18	5.63896	198	240	513	#
19	6.26551	202	240	513	#
20	6.72062	342	380	514	#
21	4.53642	342	384	514	#
22	4.08277	342	388	514	#
23	3.6745	342	392	514	#
24	5.04046	346	384	514	#
25	4.53642	346	388	514	#
26	4.08277	346	392	514	#
27	5.04046	350	388	514	#
28	4.53642	350	392	514	#
29	5.04046	354	392	514	#
30	7.06116	297	311	515	#
31	4.76628	297	315	515	#
32	4.28966	297	319	515	#
33	3.86069	297	323	515	#
34	5.29587	301	315	515	#
35	4.76628	301	319	515	#
36	4.28966	301	323	515	#
37	5.29587	305	319	515	#
38	4.76628	305	323	515	#
39	5.29587	309	323	515	#
40	7.8685	242	280	516	#
41	5.31124	242	284	516	#
42	4.78011	242	288	516	#
43	4.3021	242	292	516	#
44	5.90137	246	284	516	#
45	5.31124	246	288	516	#
46	4.78011	246	292	516	#
47	5.90137	250	288	516	#
48	5.31124	250	292	516	#
49	5.90137	254	292	516	#
50	4.14819	139	176	517	#
51	2.80003	139	180	517	#
52	2.52002	139	184	517	#
53	2.26802	139	188	517	#
54	3.11114	143	180	517	#
55	2.80003	143	184	517	#
56	2.52002	143	188	517	#
57	3.11114	147	184	517	#
58	2.80003	147	188	517	#
59	3.11114	151	188	517	#
60	7.58243	32	75	518	#
61	5.11814	32	79	518	#
62	4.60633	32	83	518	#
63	4.14569	32	87	518	#
64	5.68682	36	79	518	#
65	5.11814	36	83	518	#
66	4.60633	36	87	518	#
67	5.68682	40	83	518	#
68	5.11814	40	87	518	#
69	5.68682	44	87	518	#
70	5.30285	224	267	519	#
71	3.57942	224	271	519	#
72	3.22148	224	275	519	#
73	2.89933	224	279	519	#
74	3.97714	228	271	519	#
75	3.57942	228	275	519	#
76	3.22148	228	279	519	#
77	3.97714	232	275	519	#
78	3.57942	232	279	519	#
79	3.97714	236	279	519	#
80	3.61656	52	94	520	#
81	2.44118	52	98	520	#
82	2.19706	52	102	520	#
83	1.97735	52	106	520	#
84	2.71242	56	98	520	#
85	2.44118	56	102	520	#
86	2.19706	56	106	520	#
87	2.71242	60	102	520	#
88	2.44118	60	106	520	#
89	2.71242	64	106	520	#
90	7.0859	407	417	521	#
91	4.78298	407	421	521	#
92	4.30468	407	425	521	#
93	3.87421	407	429	521	#
94	5.31442	411	421	521	#
95	4.78298	411	425	521	#
96	4.30468	411	429	521	#
97	5.31442	415	425	521	#
98	4.78298	415	429	521	#
99	5.31442	419	429	521	#
100	5.6788	379	389	522	#
101	3.83319	379	393	522	#
102	3.44987	379	397	522	#
103	3.10488	379	401	522	#
104	4.2591	383	393	522	#
105	3.83319	383	397	522	#
106	3.44987	383	401	522	#
107	4.2591	387	397	522	#
108	3.83319	387	401	522	#
109	4.2591	391	401	522	#
110	4.22678	348	391	523	#
111	2.85308	348	395	523	#
112	2.56777	348	399	523	#
113	2.31099	348	403	523	#
114	3.17009	352	395	523	#
115	2.85308	352	399	523	#
116	2.56777	352	403	523	#
117	3.17009	356	399	523	#
118	2.85308	356	403	523	#
119	3.17009	360	403	523	#
120	8.39745	436	478	524	#
121	5.66828	436	482	524	#
122	5.10145	436	486	524	#
123	4.59131	436	490	524	#
124	6.29809	440	482	524	#
125	5.66828	440	486	524	#
126	5.10145	440	490	524	#
127	6.29809	444	486	524	#
128	5.66828	444	490	524	#
129	6.29809	448	490	524	#
130	4.77735	18	29	525	#
131	3.22471	18	33	525	#
132	2.90224	18	37	525	#
133	2.61202	18	41	525	#
134	3.58301	22	33	525	#
135	3.22471	22	37	525	#
136	2.90224	22	41	525	#
137	3.58301	26	37	525	#
138	3.22471	26	41	525	#
139	3.58301	30	41	525	#
140	5.12536	431	468	526	#
141	3.45962	431	472	526	#
142	3.11366	431	476	526	#
143	2.80229	431	480	526	#
144	3.84402	435	472	526	#
145	3.45962	435	476	526	#
146	3.11366	435	480	526	#
147	3.84402	439	476	526	#
148	3.45962	439	480	526	#
149	3.84402	443	480	526	#
150	8.41527	315	352	527	#
151	5.68031	315	356	527	#
152	5.11228	315	360	527	#
153	4.60105	315	364	527	#
154	6.31145	319	356	527	#
155	5.68031	319	360	527	#
156	5.11228	319	364	527	#
157	6.31145	323	360	527	#
158	5.68031	323	364	527	#
159	6.31145	327	364	527	#
160	2.36901	149	180	528	#
161	1.59908	149	184	528	#
162	1.43917	149	188	528	#
163	1.29526	149	192	528	#
164	1.77676	153	184	528	#
165	1.59908	153	188	528	#
166	1.43917	153	192	528	#
167	1.77676	157	188	528	#
168	1.59908	157	192	528	#
169	1.77676	161	192	528	#
170	6.75946	192	234	529	#
171	4.56264	192	238	529	#
172	4.10637	192	242	529	#
173	3.69573	192	246	529	#
174	5.06959	196	238	529	#
175	4.56264	196	242	529	#
176	4.10637	196	246	529	#
177	5.06959	200	242	529	#
178	4.56264	200	246	529	#
179	5.06959	204	246	529	#
180	7.7892	296	338	530	#
181	5.25771	296	342	530	#
182	4.73194	296	346	530	#
183	4.25875	296	350	530	#
184	5.8419	300	342	530	#
185	5.25771	300	346	530	#
186	4.73194	300	350	530	#
187	5.8419	304	346	530	#
188	5.25771	304	350	530	#
189	5.8419	308	350	530	#
190	1.40109	236	269	531	#
191	0.945738	236	273	531	#
192	0.851165	236	277	531	#
193	0.766048	236	281	531	#
194	1.05082	240	273	531	#
195	0.945738	240	277	531	#
196	0.851165	240	281	531	#
197	1.05082	244	277	531	#
198	0.945738	244	281	531	#
199	1.05082	248	281	531	#
200	3.07994	346	357	532	#
201	2.07896	346	361	532	#
202	1.87106	346	365	532	#
203	1.68395	346	369	532	#
204	2.30995	350	361	532	#
205	2.07896	350	365	532	#
206	1.87106	350	369	532	#
207	2.30995	354	365	532	#
208	2.07896	354	369	532	#
209	2.30995	358	369	532	#
210	2.2699	425	456	533	#
211	1.53218	425	460	533	#
212	1.37897	425	464	533	#
213	1.24107	425	468	533	#
214	1.70243	429	460	533	#
215	1.53218	429	464	533	#
216	1.37897	429	468	533	#
217	1.70243	433	464	533	#
218	1.53218	433	468	533	#
219	1.70243	437	468	533	#
220	7.71917	212	255	534	#
221	5.21044	212	259	534	#
222	4.6894	212	263	534	#
223	4.22046	212	267	534	#
224	5.78938	216	259	534	#
225	5.21044	216	263	534	#
226	4.6894	216	267	534	#
227	5.78938	220	263	534	#
228	5.21044	220	267	534	#
229	5.78938	224	267	534	#
230	8.15003	145	158	535	#
231	5.50127	145	162	535	#
232	4.95114	145	166	535	#
233	4.45603	145	170	535	#
234	6.11252	149	162	535	#
235	5.50127	149	166	535	#
236	4.95114	149	170	535	#
237	6.11252	153	166	535	#
238	5.50127	153	170	535	#
239	6.11252	157	170	535	#
240	6.41362	147	157	536	#
241	4.3292	147	161	536	#
242	3.89628	147	165	536	#
243	3.50665	147	169	536	#
244	4.81022	151	161	536	#
245	4.3292	151	165	536	#
246	3.89628	151	169	536	#
247	4.81022	155	165	536	#
248	4.3292	155	169	536	#
249	4.81022	159	169	536	#
250	2.84462	265	296	537	#
251	1.92012	265	300	537	#
252	1.72811	265	304	537	#
253	1.5553	265	308	537	#
254	2.13347	269	300	537	#
255	1.92012	269	304	537	#
256	1.72811	269	308	537	#
257	2.13347	273	304	537	#
258	1.92012	273	308	537	#
259	2.13347	277	308	537	#
260	4.91973	181	195	538	#
261	3.32082	181	199	538	#
262	2.98874	181	203	538	#
263	2.68986	181	207	538	#
264	3.6898	185	199	538	#
265	3.32082	185	203	538	#
266	2.98874	185	207	538	#
267	3.6898	189	203	538	#
268	3.32082	189	207	538	#
269	3.6898	193	207	538	#
270	3.84031	113	126	539	#
271	2.59221	113	130	539	#
272	2.33299	113	134	539	#
273	2.09969	113	138	539	#
274	2.88023	117	130	539	#
275	2.59221	117	134	539	#
276	2.33299	117	138	539	#
277	2.88023	121	134	539	#
278	2.59221	121	138	539	#
279	2.88023	125	138	539	#
280	6.76526	355	365	540	#
281	4.56655	355	369	540	#
282	4.10989	355	373	540	#
283	3.6989	355	377	540	#
284	5.07394	359	369	540	#
285	4.56655	359	373	540	#
286	4.10989	359	377	540	#
287	5.07394	363	373	540	#
288	4.56655	363	377	540	#
289	5.07394	367	377	540	#
290	1.10645	389	420	541	#
291	0.746854	389	424	541	#
292	0.672169	389	428	541	#
293	0.604952	389	432	541	#
294	0.829838	393	424	541	#
295	0.746854	393	428	541	#
296	0.672169	393	432	541	#
297	0.829838	397	428	541	#
298	0.746854	397	432	541	#
299	0.829838	401	432	541	#
300	7.81677	246	284	542	#
301	5.27632	246	288	542	#
302	4.74869	246	292	542	#
303	4.27382	246	296	542	#
304	5.86258	250	288	542	#
305	5.27632	250	292	542	#
306	4.74869	250	296	542	#
307	5.86258	254	292	542	#
308	5.27632	254	296	542	#
309	5.86258	258	296	542	#
310	6.03286	266	277	543	#
311	4.07218	266	281	543	#
312	3.66496	266	285	543	#
313	3.29847	266	289	543	#
314	4.52464	270	281	543	#
315	4.07218	270	285	543	#
316	3.66496	270	289	543	#
317	4.52464	274	285	543	#
318	4.07218	274	289	543	#
319	4.52464	278	289	543	#
320	5.04413	126	137	544	#
321	3.40479	126	141	544	#
322	3.06431	126	145	544	#
323	2.75788	126	149	544	#
324	3.7831	130	141	544	#
325	3.40479	130	145	544	#
326	3.06431	130	149	544	#
327	3.7831	134	145	544	#
328	3.40479	134	149	544	#
329	3.7831	138	149	544	#
330	6.58919	160	203	545	#
331	4.4477	160	207	545	#
332	4.00293	160	211	545	#
333	3.60264	160	215	545	#
334	4.94189	164	207	545	#
335	4.4477	164	211	545	#
336	4.00293	164	215	545	#
337	4.94189	168	211	545	#
338	4.4477	168	215	545	#
339	4.94189	172	215	545	#
340	4.64304	244	287	546	#
341	3.13405	244	291	546	#
342	2.82064	244	295	546	#
343	2.53858	244	299	546	#
344	3.48228	248	291	546	#
345	3.13405	248	295	546	#
346	2.82064	248	299	546	#
347	3.48228	252	295	546	#
348	3.13405	252	299	546	#
349	3.48228	256	299	546	#
350	1.6184	308	341	547	#
351	1.09242	308	345	547	#
352	0.983175	308	349	547	#
353	0.884858	308	353	547	#
354	1.2138	312	345	547	#
355	1.09242	312	349	547	#
356	0.983175	312	353	547	#
357	1.2138	316	349	547	#
358	1.09242	316	353	547	#
359	1.2138	320	353	547	#
360	4.53392	291	328	548	#
361	3.06039	291	332	548	#
362	2.75435	291	336	548	#
363	2.47892	291	340	548	#
364	3.40044	295	332	548	#
365	3.06039	295	336	548	#
366	2.75435	295	340	548	#
367	3.40044	299	336	548	#
368	3.06039	299	340	548	#
369	3.40044	303	340	548	#
370	3.99213	482	493	549	#
371	2.69469	482	497	549	#
372	2.42522	482	501	549	#
373	2.1827	482	505	549	#
374	2.9941	486	497	549	#
375	2.69469	486	501	549	#
376	2.42522	486	505	549	#
377	2.9941	490	501	549	#
378	2.69469	490	505	549	#
379	2.9941	494	505	549	#
380	3.75039	340	383	550	#
381	2.53151	340	387	550	#
382	2.27836	340	391	550	#
383	2.05052	340	395	550	#
384	2.81279	344	387	550	#
385	2.53151	344	391	550	#
386	2.27836	344	395	550	#
387	2.81279	348	391	550	#
388	2.53151	348	395	550	#
389	2.81279	352	395	550	#
390	5.57995	359	369	551	#
391	3.76647	359	373	551	#
392	3.38982	359	377	551	#
393	3.05084	359	381	551	#
394	4.18496	363	373	551	#
395	3.76647	363	377	551	#
396	3.38982	363	381	551	#
397	4.18496	367	377	551	#
398	3.76647	367	381	551	#
399	4.18496	371	381	551	#
400	5.71255	195	205	552	#
401	3.85597	195	209	552	#
402	3.47037	195	213	552	#
403	3.12333	195	217	552	#
404	4.28441	199	209	552	#
405	3.85597	199	213	552	#
406	3.47037	199	217	552	#
407	4.28441	203	213	552	#
408	3.85597	203	217	552	#
409	4.28441	207	217	552	#
410	4.36428	491	501	553	#
411	2.94589	491	505	553	#
412	2.6513	491	509	553	#
413	3.27321	495	505	553	#
414	2.94589	495	509	553	#
415	3.27321	499	509	553	#
416	4.08521	278	316	554	#
417	2.75752	278	320	554	#
418	2.48177	278	324	554	#
419	2.23359	278	328	554	#
420	3.06391	282	320	554	#
421	2.75752	282	324	554	#
422	2.48177	282	328	554	#
423	3.06391	286	324	554	#
424	2.75752	286	328	554	#
425	3.06391	290	328	554	#
426	5.73712	304	346	555	#
427	3.87255	304	350	555	#
428	3.4853	304	354	555	#
429	3.13677	304	358	555	#
430	4.30284	308	350	555	#
431	3.87255	308	354	555	#
432	3.4853	308	358	555	#
433	4.30284	312	354	555	#
434	3.87255	312	358	555	#
435	4.30284	316	358	555	#
436	3.99267	305	319	556	#
437	2.69505	305	323	556	#
438	2.42555	305	327	556	#
439	2.18299	305	331	556	#
440	2.9945	309	323	556	#
441	2.69505	309	327	556	#
442	2.42555	309	331	556	#
443	2.9945	313	327	556	#
444	2.69505	313	331	556	#
445	2.9945	317	331	556	#
446	6.97878	305	318	557	#
447	4.71068	305	322	557	#
448	4.23961	305	326	557	#
449	3.81565	305	330	557	#
450	5.23409	309	322	557	#
451	4.71068	309	326	557	#
452	4.23961	309	330	557	#
453	5.23409	313	326	557	#
454	4.71068	313	330	557	#
455	5.23409	317	330	557	#
456	9.37619	220	262	558	#
457	6.32893	220	266	558	#
458	5.69604	220	270	558	#
459	5.12643	220	274	558	#
460	7.03214	224	266	558	#
461	6.32893	224	270	558	#
462	5.69604	224	274	558	#
463	7.03214	228	270	558	#
464	6.32893	228	274	558	#
465	7.03214	232	274	558	#
466	6.56848	232	275	559	#
467	4.43373	232	279	559	#
468	3.99035	232	283	559	#
469	3.59132	232	287	559	#
470	4.92636	236	279	559	#
471	4.43373	236	283	559	#
472	3.99035	236	287	559	#
473	4.92636	240	283	559	#
474	4.43373	240	287	559	#
475	4.92636	244	287	559	#
476	5.64643	366	404	560	#
477	3.81134	366	408	560	#
478	3.43021	366	412	560	#
479	3.08719	366	416	560	#
480	4.23482	370	408	560	#
481	3.81134	370	412	560	#
482	3.43021	370	416	560	#
483	4.23482	374	412	560	#
484	3.81134	374	416	560	#
485	4.23482	378	416	560	#
486	7.13932	336	379	561	#
487	4.81904	336	383	561	#
488	4.33714	336	387	561	#
489	3.90342	336	391	561	#
490	5.35449	340	383	561	#
491	4.81904	340	387	561	#
492	4.33714	340	391	561	#
493	5.35449	344	387	561	#
494	4.81904	344	391	561	#
495	5.35449	348	391	561	#
496	5.16072	70	81	562	#
497	3.48349	70	85	562	#
498	3.13514	70	89	562	#
499	2.82162	70	93	562	#
500	3.87054	74	85	562	#
501	3.48349	74	89	562	#
502	3.13514	74	93	562	#
503	3.87054	78	89	562	#
504	3.48349	78	93	562	#
505	3.87054	82	93	562	#
506	1.96648	224	257	563	#
507	1.32738	224	261	563	#
508	1.19464	224	265	563	#
509	1.07517	224	269	563	#
510	1.47486	228	261	563	#
511	1.32738	228	265	563	#
512	1.19464	228	269	563	#
513	1.47486	232	265	563	#
514	1.32738	232	269	563	#
515	1.47486	236	269	563	#
516	5.67583	297	310	564	#
517	3.83118	297	314	564	#
518	3.44807	297	318	564	#
519	3.10326	297	322	564	#
520	4.25687	301	314	564	#
521	3.83118	301	318	564	#
522	3.44807	301	322	564	#
523	4.25687	305	318	564	#
524	3.83118	305	322	564	#
525	4.25687	309	322	564	#
526	7.2213	8	50	565	#
527	4.87437	8	54	565	#
528	4.38694	8	58	565	#
529	3.94824	8	62	565	#
530	5.41597	12	54	565	#
531	4.87437	12	58	565	#
532	4.38694	12	62	565	#
533	5.41597	16	58	565	#
534	4.87437	16	62	565	#
535	5.41597	20	62	565	#
536	6.25042	415	452	566	#
537	4.21903	415	456	566	#
538	3.79713	415	460	566	#
539	3.41742	415	464	566	#
540	4.68781	419	456	566	#
541	4.21903	419	460	566	#
542	3.79713	419	464	566	#
543	4.68781	423	460	566	#
544	4.21903	423	464	566	#
545	4.68781	427	464	566	#
546	6.64523	81	95	567	#
547	4.48553	81	99	567	#
548	4.03698	81	103	567	#
549	3.63328	81	107	567	#
550	4.98392	85	99	567	#
551	4.48553	85	103	567	#
552	4.03698	85	107	567	#
553	4.98392	89	103	567	#
554	4.48553	89	107	567	#
555	4.98392	93	107	567	#
556	7.08355	58	69	568	#
557	4.78139	58	73	568	#
558	4.30325	58	77	568	#
559	3.87293	58	81	568	#
560	5.31266	62	73	568	#
561	4.78139	62	77	568	#
562	4.30325	62	81	568	#
563	5.31266	66	77	568	#
564	4.78139	66	81	568	#
565	5.31266	70	81	568	#
566	2.92675	397	410	569	#
567	1.97556	397	414	569	#
568	1.778	397	418	569	#
569	1.6002	397	422	569	#
570	2.19506	401	414	569	#
571	1.97556	401	418	569	#
572	1.778	401	422	569	#
573	2.19506	405	418	569	#
574	1.97556	405	422	569	#
575	2.19506	409	422	569	#
576	5.61119	319	329	570	#
577	3.78755	319	333	570	#
578	3.4088	319	337	570	#
579	3.06792	319	341	570	#
580	4.20839	323	333	570	#
581	3.78755	323	337	570	#
582	3.4088	323	341	570	#
583	4.20839	327	337	570	#
584	3.78755	327	341	570	#
585	4.20839	331	341	570	#
586	5.28001	190	228	571	#
587	3.56401	190	232	571	#
588	3.20761	190	236	571	#
589	2.88685	190	240	571	#
590	3.96001	194	232	571	#
591	3.56401	194	236	571	#
592	3.20761	194	240	571	#
593	3.96001	198	236	571	#
594	3.56401	198	240	571	#
595	3.96001	202	240	571	#
596	7.52268	329	343	572	#
597	5.07781	329	347	572	#
598	4.57003	329	351	572	#
599	4.11303	329	355	572	#
600	5.64201	333	347	572	#
601	5.07781	333	351	572	#
602	4.57003	333	355	572	#
603	5.64201	337	351	572	#
604	5.07781	337	355	572	#
605	5.64201	341	355	572	#
606	3.55495	34	72	573	#
607	2.39959	34	76	573	#
608	2.15963	34	80	573	#
609	1.94367	34	84	573	#
610	2.66621	38	76	573	#
611	2.39959	38	80	573	#
612	2.15963	38	84	573	#
613	2.66621	42	80	573	#
614	2.39959	42	84	573	#
615	2.66621	46	84	573	#
616	3.41175	9	23	574	#
617	2.30293	9	27	574	#
618	2.07264	9	31	574	#
619	1.86537	9	35	574	#
620	2.55881	13	27	574	#
621	2.30293	13	31	574	#
622	2.07264	13	35	574	#
623	2.55881	17	31	574	#
624	2.30293	17	35	574	#
625	2.55881	21	35	574	#
626	7.53651	119	156	575	#
627	5.08715	119	160	575	#
628	4.57843	119	164	575	#
629	4.12059	119	168	575	#
630	5.65238	123	160	575	#
631	5.08715	123	164	575	#
632	4.57843	123	168	575	#
633	5.65238	127	164	575	#
634	5.08715	127	168	575	#
635	5.65238	131	168	575	#
636	2.5618	424	457	576	#
637	1.72921	424	461	576	#
638	1.55629	424	465	576	#
639	1.40066	424	469	576	#
640	1.92135	428	461	576	#
641	1.72921	428	465	576	#
642	1.55629	428	469	576	#
643	1.92135	432	465	576	#
644	1.72921	432	469	576	#
645	1.92135	436	469	576	#
646	4.16727	417	430	577	#
647	2.81291	417	434	577	#
648	2.53162	417	438	577	#
649	2.27846	417	442	577	#
650	3.12545	421	434	577	#
651	2.81291	421	438	577	#
652	2.53162	421	442	577	#
653	3.12545	425	438	577	#
654	2.81291	425	442	577	#
655	3.12545	429	442	577	#
656	8.16989	116	158	578	#
657	5.51467	116	162	578	#
658	4.96321	116	166	578	#
659	4.46689	116	170	578	#
660	6.12741	120	162	578	#
661	5.51467	120	166	578	#
662	4.96321	120	170	578	#
663	6.12741	124	166	578	#
664	5.51467	124	170	578	#
665	6.12741	128	170	578	#
666	7.99345	321	334	579	#
667	5.39558	321	338	579	#
668	4.85602	321	342	579	#
669	4.37042	321	346	579	#
670	5.99509	325	338	579	#
671	5.39558	325	342	579	#
672	4.85602	325	346	579	#
673	5.99509	329	342	579	#
674	5.39558	329	346	579	#
675	5.99509	333	346	579	#
676	7.45019	340	382	580	#
677	5.02888	340	386	580	#
678	4.52599	340	390	580	#
679	4.07339	340	394	580	#
680	5.58764	344	386	580	#
681	5.02888	344	390	580	#
682	4.52599	344	394	580	#
683	5.58764	348	390	580	#
684	5.02888	348	394	580	#
685	5.58764	352	394	580	#
686	3.75575	385	398	581	#
687	2.53513	385	402	581	#
688	2.28162	385	406	581	#
689	2.05346	385	410	581	#
690	2.81681	389	402	581	#
691	2.53513	389	406	581	#
692	2.28162	389	410	581	#
693	2.81681	393	406	581	#
694	2.53513	393	410	581	#
695	2.81681	397	410	581	#
696	5.9242	78	89	582	#
697	3.99883	78	93	582	#
698	3.59895	78	97	582	#
699	3.23906	78	101	582	#
700	4.44315	82	93	582	#
701	3.99883	82	97	582	#
702	3.59895	82	101	582	#
703	4.44315	86	97	582	#
704	3.99883	86	101	582	#
705	4.44315	90	101	582	#
706	4.34005	40	82	583	#
707	2.92953	40	86	583	#
708	2.63658	40	90	583	#
709	2.37292	40	94	583	#
710	3.25503	44	86	583	#
711	2.92953	44	90	583	#
712	2.63658	44	94	583	#
713	3.25503	48	90	583	#
714	2.92953	48	94	583	#
715	3.25503	52	94	583	#
716	3.61446	96	139	584	#
717	2.43976	96	143	584	#
718	2.19578	96	147	584	#
719	1.97621	96	151	584	#
720	2.71084	100	143	584	#
721	2.43976	100	147	584	#
722	2.19578	100	151	584	#
723	2.71084	104	147	584	#
724	2.43976	104	151	584	#
725	2.71084	108	151	584	#
726	4.03638	456	499	585	#
727	2.72456	456	503	585	#
728	2.4521	456	507	585	#
729	2.20689	456	511	585	#
730	3.02729	460	503	585	#
731	2.72456	460	507	585	#
732	2.4521	460	511	585	#
733	3.02729	464	507	585	#
734	2.72456	464	511	585	#
735	3.02729	468	511	585	#
736	2.82252	397	428	586	#
737	1.9052	397	432	586	#
738	1.71468	397	436	586	#
739	1.54321	397	440	586	#
740	2.11689	401	432	586	#
741	1.9052	401	436	586	#
742	1.71468	401	440	586	#
743	2.11689	405	436	586	#
744	1.9052	405	440	586	#
745	2.11689	409	440	586	#
746	3.11344	49	63	587	#
747	2.10157	49	67	587	#
748	1.89141	49	71	587	#
749	1.70227	49	75	587	#
750	2.33508	53	67	587	#
751	2.10157	53	71	587	#
752	1.89141	53	75	587	#
753	2.33508	57	71	587	#
754	2.10157	57	75	587	#
755	2.33508	61	75	587	#
756	5.87445	362	400	588	#
757	3.96525	362	404	588	#
758	3.56873	362	408	588	#
759	3.21185	362	412	588	#
760	4.40583	366	404	588	#
761	3.96525	366	408	588	#
762	3.56873	366	412	588	#
763	4.40583	370	408	588	#
764	3.96525	370	412	588	#
765	4.40583	374	412	588	#
766	7.69028	63	100	589	#
767	5.19094	63	104	589	#
768	4.67185	63	108	589	#
769	4.20466	63	112	589	#
770	5.76771	67	104	589	#
771	5.19094	67	108	589	#
772	4.67185	67	112	589	#
773	5.76771	71	108	589	#
774	5.19094	71	112	589	#
775	5.76771	75	112	589	#
776	7.3968	402	440	590	#
777	4.99284	402	444	590	#
778	4.49356	402	448	590	#
779	4.0442	402	452	590	#
780	5.5476	406	444	590	#
781	4.99284	406	448	590	#
782	4.49356	406	452	590	#
783	5.5476	410	448	590	#
784	4.99284	410	452	590	#
785	5.5476	414	452	590	#
786	2.97652	192	225	591	#
787	2.00915	192	229	591	#
788	1.80824	192	233	591	#
789	1.62741	192	237	591	#
790	2.23239	196	229	591	#
791	2.00915	196	233	591	#
792	1.80824	196	237	591	#
793	2.23239	200	233	591	#
794	2.00915	200	237	591	#
795	2.23239	204	237	591	#
796	7.88581	44	87	592	#
797	5.32292	44	91	592	#
798	4.79063	44	95	592	#
799	4.31156	44	99	592	#
800	5.91435	48	91	592	#
801	5.32292	48	95	592	#
802	4.79063	48	99	592	#
803	5.91435	52	95	592	#
804	5.32292	52	99	592	#
805	5.91435	56	99	592	#
806	2.27172	81	112	593	#
807	1.53341	81	116	593	#
808	1.38007	81	120	593	#
809	1.24206	81	124	593	#
810	1.70379	85	116	593	#
811	1.53341	85	120	593	#
812	1.38007	85	124	593	#
813	1.70379	89	120	593	#
814	1.53341	89	124	593	#
815	1.70379	93	124	593	#
816	4.0735	50	61	594	#
817	2.74961	50	65	594	#
818	2.47465	50	69	594	#
819	2.22719	50	73	594	#
820	3.05513	54	65	594	#
821	2.74961	54	69	594	#
822	2.47465	54	73	594	#
823	3.05513	58	69	594	#
824	2.74961	58	73	594	#
825	3.05513	62	73	594	#
826	3.73398	365	379	595	#
827	2.52043	365	383	595	#
828	2.26839	365	387	595	#
829	2.04155	365	391	595	#
830	2.80048	369	383	595	#
831	2.52043	369	387	595	#
832	2.26839	369	391	595	#
833	2.80048	373	387	595	#
834	2.52043	373	391	595	#
835	2.80048	377	391	595	#
836	5.51465	277	291	596	#
837	3.72239	277	295	596	#
838	3.35015	277	299	596	#
839	3.01513	277	303	596	#
840	4.13598	281	295	596	#
841	3.72239	281	299	596	#
842	3.35015	281	303	596	#
843	4.13598	285	299	596	#
844	3.72239	285	303	596	#
845	4.13598	289	303	596	#
846	4.01339	141	155	597	#
847	2.70904	141	159	597	#
848	2.43814	141	163	597	#
849	2.19432	141	167	597	#
850	3.01005	145	159	597	#
851	2.70904	145	163	597	#
852	2.43814	145	167	597	#
853	3.01005	149	163	597	#
854	2.70904	149	167	597	#
855	3.01005	153	167	597	#
856	6.71088	15	25	598	#
857	4.52984	15	29	598	#
858	4.07686	15	33	598	#
859	3.66917	15	37	598	#
860	5.03316	19	29	598	#
861	4.52984	19	33	598	#
862	4.07686	19	37	598	#
863	5.03316	23	33	598	#
864	4.52984	23	37	598	#
865	5.03316	27	37	598	#
866	8.36536	248	290	599	#
867	5.64662	248	294	599	#
868	5.08196	248	298	599	#
869	4.57376	248	302	599	#
870	6.27402	252	294	599	#
871	5.64662	252	298	599	#
872	5.08196	252	302	599	#
873	6.27402	256	298	599	#
874	5.64662	256	302	599	#
875	6.27402	260	302	599	#
876	8.6632	260	303	600	#
877	5.84766	260	307	600	#
878	5.2629	260	311	600	#
879	4.73661	260	315	600	#
880	6.4974	264	307	600	#
881	5.84766	264	311	600	#
882	5.2629	264	315	600	#
883	6.4974	268	311	600	#
884	5.84766	268	315	600	#
885	6.4974	272	315	600	#
886	8.17973	430	441	601	#
887	5.52132	430	445	601	#
888	4.96918	430	449	601	#
889	4.47227	430	453	601	#
890	6.1348	434	445	601	#
891	5.52132	434	449	601	#
892	4.96918	434	453	601	#
893	6.1348	438	449	601	#
894	5.52132	438	453	601	#
895	6.1348	442	453	601	#
896	4.8254	2	40	602	#
897	4.34286	2	44	602	#
898	3.90857	2	48	602	#
899	4.8254	6	44	602	#
900	4.34286	6	48	602	#
901	4.8254	10	48	602	#
902	3.19302	263	300	603	#
903	2.15529	263	304	603	#
904	1.93976	263	308	603	#
905	1.74578	263	312	603	#
906	2.39477	267	304	603	#
907	2.15529	267	308	603	#
908	1.93976	267	312	603	#
909	2.39477	271	308	603	#
910	2.15529	271	312	603	#
911	2.39477	275	312	603	#
912	1.49824	364	397	604	#
913	1.01131	364	401	604	#
914	0.910183	364	405	604	#
915	0.819164	364	409	604	#
916	1.12368	368	401	604	#
917	1.01131	368	405	604	#
918	0.910183	368	409	604	#
919	1.12368	372	405	604	#
920	1.01131	372	409	604	#
921	1.12368	376	409	604	#
922	3.31946	94	132	605	#
923	2.24064	94	136	605	#
924	2.01657	94	140	605	#
925	1.81492	94	144	605	#
926	2.4896	98	136	605	#
927	2.24064	98	140	605	#
928	2.01657	98	144	605	#
929	2.4896	102	140	605	#
930	2.24064	102	144	605	#
931	2.4896	106	144	605	#
932	5.55377	325	338	606	#
933	3.74879	325	342	606	#
934	3.37392	325	346	606	#
935	3.03652	325	350	606	#
936	4.16533	329	342	606	#
937	3.74879	329	346	606	#
938	3.37392	329	350	606	#
939	4.16533	333	346	606	#
940	3.74879	333	350	606	#
941	4.16533	337	350	606	#
942	3.60435	128	170	607	#
943	2.43293	128	174	607	#
944	2.18964	128	178	607	#
945	1.97068	128	182	607	#
946	2.70326	132	174	607	#
947	2.43293	132	178	607	#
948	2.18964	132	182	607	#
949	2.70326	136	178	607	#
950	2.43293	136	182	607	#
951	2.70326	140	182	607	#
952	7.79621	194	205	608	#
953	5.26244	194	209	608	#
954	4.7362	194	213	608	#
955	4.26258	194	217	608	#
956	5.84716	198	209	608	#
957	5.26244	198	213	608	#
958	4.7362	198	217	608	#
959	5.84716	202	213	608	#
960	5.26244	202	217	608	#
961	5.84716	206	217	608	#
962	2.3122	384	417	609	#
963	1.56073	384	421	609	#
964	1.40466	384	425	609	#
965	1.26419	384	429	609	#
966	1.73415	388	421	609	#
967	1.56073	388	425	609	#
968	1.40466	388	429	609	#
969	1.73415	392	425	609	#
970	1.56073	392	429	609	#
971	1.73415	396	429	609	#
972	5.38777	319	329	610	#
973	3.63674	319	333	610	#
974	3.27307	319	337	610	#
975	2.94576	319	341	610	#
976	4.04083	323	333	610	#
977	3.63674	323	337	610	#
978	3.27307	323	341	610	#
979	4.04083	327	337	610	#
980	3.63674	327	341	610	#
981	4.04083	331	341	610	#
982	8.9349	408	450	611	#
983	6.03106	408	454	611	#
984	5.42795	408	458	611	#
985	4.88516	408	462	611	#
986	6.70117	412	454	611	#
987	6.03106	412	458	611	#
988	5.42795	412	462	611	#
989	6.70117	416	458	611	#
990	6.03106	416	462	611	#
991	6.70117	420	462	611	#
992	5.93768	451	488	612	#
993	4.00793	451	492	612	#
994	3.60714	451	496	612	#
995	3.24643	451	500	612	#
996	4.45326	455	492	612	#
997	4.00793	455	496	612	#
998	3.60714	455	500	612	#
999	4.45326	459	496	612	#
1000	4.00793	459	500	612	#
1001	4.45326	463	500	612	#
1002	6.40499	70	108	613	#
1003	4.32337	70	112	613	#
1004	3.89103	70	116	613	#
1005	3.50193	70	120	613	#
1006	4.80374	74	112	613	#
1007	4.32337	74	116	613	#
1008	3.89103	74	120	613	#
1009	4.80374	78	116	613	#
1010	4.32337	78	120	613	#
1011	4.80374	82	120	613	#
1012	5.64405	250	288	614	#
1013	3.80973	250	292	614	#
1014	3.42876	250	296	614	#
1015	3.08588	250	300	614	#
1016	4.23304	254	292	614	#
1017	3.80973	254	296	614	#
1018	3.42876	254	300	614	#
1019	4.23304	258	296	614	#
1020	3.80973	258	300	614	#
1021	4.23304	262	300	614	#
1022	2.31489	161	192	615	#
1023	1.56255	161	196	615	#
1024	1.40629	161	200	615	#
1025	1.26566	161	204	615	#
1026	1.73617	165	196	615	#
1027	1.56255	165	200	615	#
1028	1.40629	165	204	615	#
1029	1.73617	169	200	615	#
1030	1.56255	169	204	615	#
1031	1.73617	173	204	615	#
1032	2.78909	44	77	616	#
1033	1.88264	44	81	616	#
1034	1.69437	44	85	616	#
1035	1.52494	44	89	616	#
1036	2.09182	48	81	616	#
1037	1.88264	48	85	616	#
1038	1.69437	48	89	616	#
1039	2.09182	52	85	616	#
1040	1.88264	52	89	616	#
1041	2.09182	56	89	616	#
1042	6.97439	379	389	617	#
1043	4.70771	379	393	617	#
1044	4.23694	379	397	617	#
1045	3.81325	379	401	617	#
1046	5.23079	383	393	617	#
1047	4.70771	383	397	617	#
1048	4.23694	383	401	617	#
1049	5.23079	387	397	617	#
1050	4.70771	387	401	617	#
1051	5.23079	391	401	617	#
1052	3.92424	202	213	618	#
1053	2.64886	202	217	618	#
1054	2.38398	202	221	618	#
1055	2.14558	202	225	618	#
1056	2.94318	206	217	618	#
1057	2.64886	206	221	618	#
1058	2.38398	206	225	618	#
1059	2.94318	210	221	618	#
1060	2.64886	210	225	618	#
1061	2.94318	214	225	618	#
1062	5.94095	74	85	619	#
1063	4.01014	74	89	619	#
1064	3.60913	74	93	619	#
1065	3.24821	74	97	619	#
1066	4.45571	78	89	619	#
1067	4.01014	78	93	619	#
1068	3.60913	78	97	619	#
1069	4.45571	82	93	619	#
1070	4.01014	82	97	619	#
1071	4.45571	86	97	619	#
1072	4.12441	203	240	620	#
1073	2.78398	203	244	620	#
1074	2.50558	203	248	620	#
1075	2.25502	203	252	620	#
1076	3.09331	207	244	620	#
1077	2.78398	207	248	620	#
1078	2.50558	207	252	620	#
1079	3.09331	211	248	620	#
1080	2.78398	211	252	620	#
1081	3.09331	215	252	620	#
1082	8.01324	346	357	621	#
1083	5.40894	346	361	621	#
1084	4.86804	346	365	621	#
1085	4.38124	346	369	621	#
1086	6.00993	350	361	621	#
1087	5.40894	350	365	621	#
1088	4.86804	350	369	621	#
1089	6.00993	354	365	621	#
1090	5.40894	354	369	621	#
1091	6.00993	358	369	621	#
1092	5.032	64	107	622	#
1093	3.3966	64	111	622	#
1094	3.05694	64	115	622	#
1095	2.75124	64	119	622	#
1096	3.774	68	111	622	#
1097	3.3966	68	115	622	#
1098	3.05694	68	119	622	#
1099	3.774	72	115	622	#
1100	3.3966	72	119	622	#
1101	3.774	76	119	622	#
1102	2.73784	405	418	623	#
1103	1.84804	405	422	623	#
1104	1.66324	405	426	623	#
1105	1.49691	405	430	623	#
1106	2.05338	409	422	623	#
1107	1.84804	409	426	623	#
1108	1.66324	409	430	623	#
1109	2.05338	413	426	623	#
1110	1.84804	413	430	623	#
1111	2.05338	417	430	623	#
1112	3.91948	248	291	624	#
1113	2.64565	248	295	624	#
1114	2.38108	248	299	624	#
1115	2.14298	248	303	624	#
1116	2.93961	252	295	624	#
1117	2.64565	252	299	624	#
1118	2.38108	252	303	624	#
1119	2.93961	256	299	624	#
1120	2.64565	256	303	624	#
1121	2.93961	260	303	624	#
1122	7.37395	54	92	625	#
1123	4.97741	54	96	625	#
1124	4.47967	54	100	625	#
1125	4.03171	54	104	625	#
1126	5.53046	58	96	625	#
1127	4.97741	58	100	625	#
1128	4.47967	58	104	625	#
1129	5.53046	62	100	625	#
1130	4.97741	62	104	625	#
1131	5.53046	66	104	625	#
1132	5.20695	302	313	626	#
1133	3.51469	302	317	626	#
1134	3.16322	302	321	626	#
1135	2.8469	302	325	626	#
1136	3.90521	306	317	626	#
1137	3.51469	306	321	626	#
1138	3.16322	306	325	626	#
1139	3.90521	310	321	626	#
1140	3.51469	310	325	626	#
1141	3.90521	314	325	626	#
1142	2.58737	101	132	627	#
1143	1.74648	101	136	627	#
1144	1.57183	101	140	627	#
1145	1.41465	101	144	627	#
1146	1.94053	105	136	627	#
1147	1.74648	105	140	627	#
1148	1.57183	105	144	627	#
1149	1.94053	109	140	627	#
1150	1.74648	109	144	627	#
1151	1.94053	113	144	627	#
1152	1.73413	168	201	628	#
1153	1.17054	168	205	628	#
1154	1.05348	168	209	628	#
1155	0.948136	168	213	628	#
1156	1.3006	172	205	628	#
1157	1.17054	172	209	628	#
1158	1.05348	172	213	628	#
1159	1.3006	176	209	628	#
1160	1.17054	176	213	628	#
1161	1.3006	180	213	628	#
1162	7.56102	17	31	629	#
1163	5.10369	17	35	629	#
1164	4.59332	17	39	629	#
1165	4.13399	17	43	629	#
1166	5.67076	21	35	629	#
1167	5.10369	21	39	629	#
1168	4.59332	21	43	629	#
1169	5.67076	25	39	629	#
1170	5.10369	25	43	629	#
1171	5.67076	29	43	629	#
1172	5.8772	171	208	630	#
1173	3.96711	171	212	630	#
1174	3.5704	171	216	630	#
1175	3.21336	171	220	630	#
1176	4.4079	175	212	630	#
1177	3.96711	175	216	630	#
1178	3.5704	175	220	630	#
1179	4.4079	179	216	630	#
1180	3.96711	179	220	630	#
1181	4.4079	183	220	630	#
1182	3.69268	42	80	631	#
1183	2.49256	42	84	631	#
1184	2.2433	42	88	631	#
1185	2.01897	42	92	631	#
1186	2.76951	46	84	631	#
1187	2.49256	46	88	631	#
1188	2.2433	46	92	631	#
1189	2.76951	50	88	631	#
1190	2.49256	50	92	631	#
1191	2.76951	54	92	631	#
1192	3.04258	467	477	632	#
1193	2.05374	467	481	632	#
1194	1.84837	467	485	632	#
1195	1.66353	467	489	632	#
1196	2.28194	471	481	632	#
1197	2.05374	471	485	632	#
1198	1.84837	471	489	632	#
1199	2.28194	475	485	632	#
1200	2.05374	475	489	632	#
1201	2.28194	479	489	632	#
1202	5.3053	191	201	633	#
1203	3.58108	191	205	633	#
1204	3.22297	191	209	633	#
1205	2.90068	191	213	633	#
1206	3.97898	195	205	633	#
1207	3.58108	195	209	633	#
1208	3.22297	195	213	633	#
1209	3.97898	199	209	633	#
1210	3.58108	199	213	633	#
1211	3.97898	203	213	633	#
1212	4.36347	269	283	634	#
1213	2.94534	269	287	634	#
1214	2.65081	269	291	634	#
1215	2.38573	269	295	634	#
1216	3.2726	273	287	634	#
1217	2.94534	273	291	634	#
1218	2.65081	273	295	634	#
1219	3.2726	277	291	634	#
1220	2.94534	277	295	634	#
1221	3.2726	281	295	634	#
1222	7.50731	274	312	635	#
1223	5.06743	274	316	635	#
1224	4.56069	274	320	635	#
1225	4.10462	274	324	635	#
1226	5.63048	278	316	635	#
1227	5.06743	278	320	635	#
1228	4.56069	278	324	635	#
1229	5.63048	282	320	635	#
1230	5.06743	282	324	635	#
1231	5.63048	286	324	635	#
1232	7.1183	224	266	636	#
1233	4.80485	224	270	636	#
1234	4.32437	224	274	636	#
1235	3.89193	224	278	636	#
1236	5.33873	228	270	636	#
1237	4.80485	228	274	636	#
1238	4.32437	228	278	636	#
1239	5.33873	232	274	636	#
1240	4.80485	232	278	636	#
1241	5.33873	236	278	636	#
1242	5.87626	485	499	637	#
1243	3.96647	485	503	637	#
1244	3.56983	485	507	637	#
1245	3.21284	485	511	637	#
1246	4.40719	489	503	637	#
1247	3.96647	489	507	637	#
1248	3.56983	489	511	637	#
1249	4.40719	493	507	637	#
1250	3.96647	493	511	637	#
1251	4.40719	497	511	637	#
1252	7.10401	405	419	638	#
1253	4.79521	405	423	638	#
1254	4.31569	405	427	638	#
1255	3.88412	405	431	638	#
1256	5.32801	409	423	638	#
1257	4.79521	409	427	638	#
1258	4.31569	409	431	638	#
1259	5.32801	413	427	638	#
1260	4.79521	413	431	638	#
1261	5.32801	417	431	638	#
1262	6.38305	186	224	639	#
1263	4.30856	186	228	639	#
1264	3.8777	186	232	639	#
1265	3.48993	186	236	639	#
1266	4.78729	190	228	639	#
1267	4.30856	190	232	639	#
1268	3.8777	190	236	639	#
1269	4.78729	194	232	639	#
1270	4.30856	194	236	639	#
1271	4.78729	198	236	639	#
1272	1.24536	365	396	640	#
1273	0.840619	365	400	640	#
1274	0.756557	365	404	640	#
1275	0.680902	365	408	640	#
1276	0.934021	369	400	640	#
1277	0.840619	369	404	640	#
1278	0.756557	369	408	640	#
1279	0.934021	373	404	640	#
1280	0.840619	373	408	640	#
1281	0.934021	377	408	640	#
1282	6.34848	108	150	641	#
1283	4.28523	108	154	641	#
1284	3.8567	108	158	641	#
1285	3.47103	108	162	641	#
1286	4.76136	112	154	641	#
1287	4.28523	112	158	641	#
1288	3.8567	112	162	641	#
1289	4.76136	116	158	641	#
1290	4.28523	116	162	641	#
1291	4.76136	120	162	641	#
1292	6.81343	466	504	642	#
1293	4.59907	466	508	642	#
1294	5.11007	470	508	642	#
1295	7.9619	361	374	643	#
1296	5.37428	361	378	643	#
1297	4.83685	361	382	643	#
1298	4.35317	361	386	643	#
1299	5.97142	365	378	643	#
1300	5.37428	365	382	643	#
1301	4.83685	365	386	643	#
1302	5.97142	369	382	643	#
1303	5.37428	369	386	643	#
1304	5.97142	373	386	643	#
1305	5.15839	337	350	644	#
1306	3.48191	337	354	644	#
1307	3.13372	337	358	644	#
1308	2.82035	337	362	644	#
1309	3.86879	341	354	644	#
1310	3.48191	341	358	644	#
1311	3.13372	341	362	644	#
1312	3.86879	345	358	644	#
1313	3.48191	345	362	644	#
1314	3.86879	349	362	644	#
1315	3.71443	412	454	645	#
1316	2.50724	412	458	645	#
1317	2.25652	412	462	645	#
1318	2.03087	412	466	645	#
1319	2.78582	416	458	645	#
1320	2.50724	416	462	645	#
1321	2.25652	416	466	645	#
1322	2.78582	420	462	645	#
1323	2.50724	420	466	645	#
1324	2.78582	424	466	645	#
1325	2.14591	297	328	646	#
1326	1.44849	297	332	646	#
1327	1.30364	297	336	646	#
1328	1.17328	297	340	646	#
1329	1.60943	301	332	646	#
1330	1.44849	301	336	646	#
1331	1.30364	301	340	646	#
1332	1.60943	305	336	646	#
1333	1.44849	305	340	646	#
1334	1.60943	309	340	646	#
1335	3.22114	168	211	647	#
1336	2.17427	168	215	647	#
1337	1.95684	168	219	647	#
1338	1.76116	168	223	647	#
1339	2.41585	172	215	647	#
1340	2.17427	172	219	647	#
1341	1.95684	172	223	647	#
1342	2.41585	176	219	647	#
1343	2.17427	176	223	647	#
1344	2.41585	180	223	647	#
1345	4.14467	59	96	648	#
1346	2.79765	59	100	648	#
1347	2.51789	59	104	648	#
1348	2.2661	59	108	648	#
1349	3.1085	63	100	648	#
1350	2.79765	63	104	648	#
1351	2.51789	63	108	648	#
1352	3.1085	67	104	648	#
1353	2.79765	67	108	648	#
1354	3.1085	71	108	648	#
1355	8.03075	37	50	649	#
1356	5.42076	37	54	649	#
1357	4.87868	37	58	649	#
1358	4.39082	37	62	649	#
1359	6.02307	41	54	649	#
1360	5.42076	41	58	649	#
1361	4.87868	41	62	649	#
1362	6.02307	45	58	649	#
1363	5.42076	45	62	649	#
1364	6.02307	49	62	649	#
1365	1.71072	313	344	650	#
1366	1.15473	313	348	650	#
1367	1.03926	313	352	650	#
1368	0.935334	313	356	650	#
1369	1.28304	317	348	650	#
1370	1.15473	317	352	650	#
1371	1.03926	317	356	650	#
1372	1.28304	321	352	650	#
1373	1.15473	321	356	650	#
1374	1.28304	325	356	650	#
1375	2.2144	181	212	651	#
1376	1.49472	181	216	651	#
1377	1.34525	181	220	651	#
1378	1.21072	181	224	651	#
1379	1.6608	185	216	651	#
1380	1.49472	185	220	651	#
1381	1.34525	185	224	651	#
1382	1.6608	189	220	651	#
1383	1.49472	189	224	651	#
1384	1.6608	193	224	651	#
1385	7.17697	40	82	652	#
1386	4.84446	40	86	652	#
1387	4.36001	40	90	652	#
1388	3.92401	40	94	652	#
1389	5.38273	44	86	652	#
1390	4.84446	44	90	652	#
1391	4.36001	44	94	652	#
1392	5.38273	48	90	652	#
1393	4.84446	48	94	652	#
1394	5.38273	52	94	652	#
1395	6.31311	366	404	653	#
1396	4.26135	366	408	653	#
1397	3.83521	366	412	653	#
1398	3.45169	366	416	653	#
1399	4.73483	370	408	653	#
1400	4.26135	370	412	653	#
1401	3.83521	370	416	653	#
1402	4.73483	374	412	653	#
1403	4.26135	374	416	653	#
1404	4.73483	378	416	653	#
1405	7.29581	171	181	654	#
1406	4.92467	171	185	654	#
1407	4.43221	171	189	654	#
1408	3.98899	171	193	654	#
1409	5.47186	175	185	654	#
1410	4.92467	175	189	654	#
1411	4.43221	175	193	654	#
1412	5.47186	179	189	654	#
1413	4.92467	179	193	654	#
1414	5.47186	183	193	654	#
1415	2.8663	20	53	655	#
1416	1.93475	20	57	655	#
1417	1.74127	20	61	655	#
1418	1.56715	20	65	655	#
1419	2.14972	24	57	655	#
1420	1.93475	24	61	655	#
1421	1.74127	24	65	655	#
1422	2.14972	28	61	655	#
1423	1.93475	28	65	655	#
1424	2.14972	32	65	655	#
1425	2.70673	289	320	656	#
1426	1.82704	289	324	656	#
1427	1.64434	289	328	656	#
1428	1.4799	289	332	656	#
1429	2.03004	293	324	656	#
1430	1.82704	293	328	656	#
1431	1.64434	293	332	656	#
1432	2.03004	297	328	656	#
1433	1.82704	297	332	656	#
1434	2.03004	301	332	656	#
1435	3.99955	279	316	657	#
1436	2.6997	279	320	657	#
1437	2.42973	279	324	657	#
1438	2.18676	279	328	657	#
1439	2.99966	283	320	657	#
1440	2.6997	283	324	657	#
1441	2.42973	283	328	657	#
1442	2.99966	287	324	657	#
1443	2.6997	287	328	657	#
1444	2.99966	291	328	657	#
1445	2.33881	61	92	658	#
1446	1.57869	61	96	658	#
1447	1.42082	61	100	658	#
1448	1.27874	61	104	658	#
1449	1.7541	65	96	658	#
1450	1.57869	65	100	658	#
1451	1.42082	65	104	658	#
1452	1.7541	69	100	658	#
1453	1.57869	69	104	658	#
1454	1.7541	73	104	658	#
1455	4.59599	32	75	659	#
1456	3.10229	32	79	659	#
1457	2.79206	32	83	659	#
1458	2.51286	32	87	659	#
1459	3.44699	36	79	659	#
1460	3.10229	36	83	659	#
1461	2.79206	36	87	659	#
1462	3.44699	40	83	659	#
1463	3.10229	40	87	659	#
1464	3.44699	44	87	659	#
1465	4.23085	182	220	660	#
1466	2.85583	182	224	660	#
1467	2.57024	182	228	660	#
1468	2.31322	182	232	660	#
1469	3.17314	186	224	660	#
1470	2.85583	186	228	660	#
1471	2.57024	186	232	660	#
1472	3.17314	190	228	660	#
1473	2.85583	190	232	660	#
1474	3.17314	194	232	660	#
1475	2.40959	436	469	661	#
1476	1.62647	436	473	661	#
1477	1.46382	436	477	661	#
1478	1.31744	436	481	661	#
1479	1.80719	440	473	661	#
1480	1.62647	440	477	661	#
1481	1.46382	440	481	661	#
1482	1.80719	444	477	661	#
1483	1.62647	444	481	661	#
1484	1.80719	448	481	661	#
1485	2.85114	463	473	662	#
1486	1.92452	463	477	662	#
1487	1.73207	463	481	662	#
1488	1.55886	463	485	662	#
1489	2.13835	467	477	662	#
1490	1.92452	467	481	662	#
1491	1.73207	467	485	662	#
1492	2.13835	471	481	662	#
1493	1.92452	471	485	662	#
1494	2.13835	475	485	662	#
1495	4.4457	258	269	663	#
1496	3.00085	258	273	663	#
1497	2.70077	258	277	663	#
1498	2.43069	258	281	663	#
1499	3.33428	262	273	663	#
1500	3.00085	262	277	663	#
1501	2.70077	262	281	663	#
1502	3.33428	266	277	663	#
1503	3.00085	266	281	663	#
1504	3.33428	270	281	663	#
1505	4.0095	351	388	664	#
1506	2.70641	351	392	664	#
1507	2.43577	351	396	664	#
1508	2.1922	351	400	664	#
1509	3.00713	355	392	664	#
1510	2.70641	355	396	664	#
1511	2.43577	355	400	664	#
1512	3.00713	359	396	664	#
1513	2.70641	359	400	664	#
1514	3.00713	363	400	664	#
1515	4.65716	163	200	665	#
1516	3.14358	163	204	665	#
1517	2.82922	163	208	665	#
1518	2.5463	163	212	665	#
1519	3.49287	167	204	665	#
1520	3.14358	167	208	665	#
1521	2.82922	167	212	665	#
1522	3.49287	171	208	665	#
1523	3.14358	171	212	665	#
1524	3.49287	175	212	665	#
1525	4.69359	428	470	666	#
1526	3.16817	428	474	666	#
1527	2.85135	428	478	666	#
1528	2.56622	428	482	666	#
1529	3.52019	432	474	666	#
1530	3.16817	432	478	666	#
1531	2.85135	432	482	666	#
1532	3.52019	436	478	666	#
1533	3.16817	436	482	666	#
1534	3.52019	440	482	666	#
1535	7.17891	139	176	667	#
1536	4.84576	139	180	667	#
1537	4.36119	139	184	667	#
1538	3.92507	139	188	667	#
1539	5.38418	143	180	667	#
1540	4.84576	143	184	667	#
1541	4.36119	143	188	667	#
1542	5.38418	147	184	667	#
1543	4.84576	147	188	667	#
1544	5.38418	151	188	667	#
1545	6.17072	94	105	668	#
1546	4.16524	94	109	668	#
1547	3.74871	94	113	668	#
1548	3.37384	94	117	668	#
1549	4.62804	98	109	668	#
1550	4.16524	98	113	668	#
1551	3.74871	98	117	668	#
1552	4.62804	102	113	668	#
1553	4.16524	102	117	668	#
1554	4.62804	106	117	668	#
1555	2.90886	437	468	669	#
1556	1.96348	437	472	669	#
1557	1.76713	437	476	669	#
1558	1.59042	437	480	669	#
1559	2.18164	441	472	669	#
1560	1.96348	441	476	669	#
1561	1.76713	441	480	669	#
1562	2.18164	445	476	669	#
1563	1.96348	445	480	669	#
1564	2.18164	449	480	669	#
1565	2.90199	271	281	670	#
1566	1.95884	271	285	670	#
1567	1.76296	271	289	670	#
1568	1.58666	271	293	670	#
1569	2.17649	275	285	670	#
1570	1.95884	275	289	670	#
1571	1.76296	275	293	670	#
1572	2.17649	279	289	670	#
1573	1.95884	279	293	670	#
1574	2.17649	283	293	670	#
1575	2.83512	465	496	671	#
1576	1.91371	465	500	671	#
1577	1.72234	465	504	671	#
1578	1.5501	465	508	671	#
1579	2.12634	469	500	671	#
1580	1.91371	469	504	671	#
1581	1.72234	469	508	671	#
1582	2.12634	473	504	671	#
1583	1.91371	473	508	671	#
1584	2.12634	477	508	671	#
1585	8.44122	356	399	672	#
1586	5.69783	356	403	672	#
1587	5.12804	356	407	672	#
1588	4.61524	356	411	672	#
1589	6.33092	360	403	672	#
1590	5.69783	360	407	672	#
1591	5.12804	360	411	672	#
1592	6.33092	364	407	672	#
1593	5.69783	364	411	672	#
1594	6.33092	368	411	672	#
1595	7.38806	419	429	673	#
1596	4.98694	419	433	673	#
1597	4.48825	419	437	673	#
1598	4.03942	419	441	673	#
1599	5.54105	423	433	673	#
1600	4.98694	423	437	673	#
1601	4.48825	423	441	673	#
1602	5.54105	427	437	673	#
1603	4.98694	427	441	673	#
1604	5.54105	431	441	673	#
1605	7.3505	464	507	674	#
1606	4.96159	464	511	674	#
1607	5.51287	468	511	674	#
1608	5.17072	243	253	675	#
1609	3.49023	243	257	675	#
1610	3.14121	243	261	675	#
1611	2.82709	243	265	675	#
1612	3.87804	247	257	675	#
1613	3.49023	247	261	675	#
1614	3.14121	247	265	675	#
1615	3.87804	251	261	675	#
1616	3.49023	251	265	675	#
1617	3.87804	255	265	675	#
1618	2.45527	216	249	676	#
1619	1.65731	216	253	676	#
1620	1.49158	216	257	676	#
1621	1.34242	216	261	676	#
1622	1.84146	220	253	676	#
1623	1.65731	220	257	676	#
1624	1.49158	220	261	676	#
1625	1.84146	224	257	676	#
1626	1.65731	224	261	676	#
1627	1.84146	228	261	676	#
1628	2.75042	5	36	677	#
1629	1.85653	5	40	677	#
1630	1.67088	5	44	677	#
1631	1.50379	5	48	677	#
1632	2.06282	9	40	677	#
1633	1.85653	9	44	677	#
1634	1.67088	9	48	677	#
1635	2.06282	13	44	677	#
1636	1.85653	13	48	677	#
1637	2.06282	17	48	677	#
1638	3.85001	103	113	678	#
1639	2.59876	103	117	678	#
1640	2.33888	103	121	678	#
1641	2.10499	103	125	678	#
1642	2.88751	107	117	678	#
1643	2.59876	107	121	678	#
1644	2.33888	107	125	678	#
1645	2.88751	111	121	678	#
1646	2.59876	111	125	678	#
1647	2.88751	115	125	678	#
1648	8.09437	438	476	679	#
1649	5.4637	438	480	679	#
1650	4.91733	438	484	679	#
1651	4.42559	438	488	679	#
1652	6.07077	442	480	679	#
1653	5.4637	442	484	679	#
1654	4.91733	442	488	679	#
1655	6.07077	446	484	679	#
1656	5.4637	446	488	679	#
1657	6.07077	450	488	679	#
1658	7.32961	27	64	680	#
1659	4.94749	27	68	680	#
1660	4.45274	27	72	680	#
1661	4.00747	27	76	680	#
1662	5.49721	31	68	680	#
1663	4.94749	31	72	680	#
1664	4.45274	31	76	680	#
1665	5.49721	35	72	680	#
1666	4.94749	35	76	680	#
1667	5.49721	39	76	680	#
1668	6.11186	224	267	681	#
1669	4.1255	224	271	681	#
1670	3.71295	224	275	681	#
1671	3.34166	224	279	681	#
1672	4.58389	228	271	681	#
1673	4.1255	228	275	681	#
1674	3.71295	228	279	681	#
1675	4.58389	232	275	681	#
1676	4.1255	232	279	681	#
1677	4.58389	236	279	681	#
1678	1.43284	173	204	682	#
1679	0.967167	173	208	682	#
1680	0.87045	173	212	682	#
1681	0.783405	173	216	682	#
1682	1.07463	177	208	682	#
1683	0.967167	177	212	682	#
1684	0.87045	177	216	682	#
1685	1.07463	181	212	682	#
1686	0.967167	181	216	682	#
1687	1.07463	185	216	682	#
1688	4.2157	149	162	683	#
1689	2.8456	149	166	683	#
1690	2.56104	149	170	683	#
1691	2.30493	149	174	683	#
1692	3.16177	153	166	683	#
1693	2.8456	153	170	683	#
1694	2.56104	153	174	683	#
1695	3.16177	157	170	683	#
1696	2.8456	157	174	683	#
1697	3.16177	161	174	683	#
1698	2.33341	388	421	684	#
1699	1.57505	388	425	684	#
1700	1.41755	388	429	684	#
1701	1.27579	388	433	684	#
1702	1.75006	392	425	684	#
1703	1.57505	392	429	684	#
1704	1.41755	392	433	684	#
1705	1.75006	396	429	684	#
1706	1.57505	396	433	684	#
1707	1.75006	400	433	684	#
1708	6.59472	250	261	685	#
1709	4.45143	250	265	685	#
1710	4.00629	250	269	685	#
1711	3.60566	250	273	685	#
1712	4.94604	254	265	685	#
1713	4.45143	254	269	685	#
1714	4.00629	254	273	685	#
1715	4.94604	258	269	685	#
1716	4.45143	258	273	685	#
1717	4.94604	262	273	685	#
1718	7.39741	148	190	686	#
1719	4.99325	148	194	686	#
1720	4.49393	148	198	686	#
1721	4.04454	148	202	686	#
1722	5.54806	152	194	686	#
1723	4.99325	152	198	686	#
1724	4.49393	152	202	686	#
1725	5.54806	156	198	686	#
1726	4.99325	156	202	686	#
1727	5.54806	160	202	686	#
1728	3.43166	447	457	687	#
1729	2.31637	447	461	687	#
1730	2.08474	447	465	687	#
1731	1.87626	447	469	687	#
1732	2.57375	451	461	687	#
1733	2.31637	451	465	687	#
1734	2.08474	451	469	687	#
1735	2.57375	455	465	687	#
1736	2.31637	455	469	687	#
1737	2.57375	459	469	687	#
1738	5.55422	362	373	688	#
1739	3.7491	362	377	688	#
1740	3.37419	362	381	688	#
1741	3.03677	362	385	688	#
1742	4.16566	366	377	688	#
1743	3.7491	366	381	688	#
1744	3.37419	366	385	688	#
1745	4.16566	370	381	688	#
1746	3.7491	370	385	688	#
1747	4.16566	374	385	688	#
1748	7.99386	38	76	689	#
1749	5.39585	38	80	689	#
1750	4.85627	38	84	689	#
1751	4.37064	38	88	689	#
1752	5.99539	42	80	689	#
1753	5.39585	42	84	689	#
1754	4.85627	42	88	689	#
1755	5.99539	46	84	689	#
1756	5.39585	46	88	689	#
1757	5.99539	50	88	689	#
1758	6.75127	339	376	690	#
1759	4.55711	339	380	690	#
1760	4.1014	339	384	690	#
1761	3.69126	339	388	690	#
1762	5.06345	343	380	690	#
1763	4.55711	343	384	690	#
1764	4.1014	343	388	690	#
1765	5.06345	347	384	690	#
1766	4.55711	347	388	690	#
1767	5.06345	351	388	690	#
1768	7.79964	308	351	691	#
1769	5.26476	308	355	691	#
1770	4.73828	308	359	691	#
1771	4.26445	308	363	691	#
1772	5.84973	312	355	691	#
1773	5.26476	312	359	691	#
1774	4.73828	312	363	691	#
1775	5.84973	316	359	691	#
1776	5.26476	316	363	691	#
1777	5.84973	320	363	691	#
1778	4.09098	191	201	692	#
1779	2.76141	191	205	692	#
1780	2.48527	191	209	692	#
1781	2.23675	191	213	692	#
1782	3.06824	195	205	692	#
1783	2.76141	195	209	692	#
1784	2.48527	195	213	692	#
1785	3.06824	199	209	692	#
1786	2.76141	199	213	692	#
1787	3.06824	203	213	692	#
1788	4.61389	399	409	693	#
1789	3.11438	399	413	693	#
1790	2.80294	399	417	693	#
1791	2.52264	399	421	693	#
1792	3.46042	403	413	693	#
1793	3.11438	403	417	693	#
1794	2.80294	403	421	693	#
1795	3.46042	407	417	693	#
1796	3.11438	407	421	693	#
1797	3.46042	411	421	693	#
1798	6.89789	195	205	694	#
1799	4.65607	195	209	694	#
1800	4.19047	195	213	694	#
1801	3.77142	195	217	694	#
1802	5.17341	199	209	694	#
1803	4.65607	199	213	694	#
1804	4.19047	199	217	694	#
1805	5.17341	203	213	694	#
1806	4.65607	203	217	694	#
1807	5.17341	207	217	694	#
1808	3.39954	186	224	695	#
1809	2.29469	186	228	695	#
1810	2.06522	186	232	695	#
1811	1.8587	186	236	695	#
1812	2.54965	190	228	695	#
1813	2.29469	190	232	695	#
1814	2.06522	190	236	695	#
1815	2.54965	194	232	695	#
1816	2.29469	194	236	695	#
1817	2.54965	198	236	695	#
1818	5.51453	238	249	696	#
1819	3.72231	238	253	696	#
1820	3.35008	238	257	696	#
1821	3.01507	238	261	696	#
1822	4.1359	242	253	696	#
1823	3.72231	242	257	696	#
1824	3.35008	242	261	696	#
1825	4.1359	246	257	696	#
1826	3.72231	246	261	696	#
1827	4.1359	250	261	696	#
1828	5.83509	3	40	697	#
1829	3.93869	3	44	697	#
1830	3.54482	3	48	697	#
1831	3.19034	3	52	697	#
1832	4.37632	7	44	697	#
1833	3.93869	7	48	697	#
1834	3.54482	7	52	697	#
1835	4.37632	11	48	697	#
1836	3.93869	11	52	697	#
1837	4.37632	15	52	697	#
1838	2.74623	224	257	698	#
1839	1.85371	224	261	698	#
1840	1.66834	224	265	698	#
1841	1.5015	224	269	698	#
1842	2.05967	228	261	698	#
1843	1.85371	228	265	698	#
1844	1.66834	228	269	698	#
1845	2.05967	232	265	698	#
1846	1.85371	232	269	698	#
1847	2.05967	236	269	698	#
1848	1.55724	136	169	699	#
1849	1.05113	136	173	699	#
1850	0.946021	136	177	699	#
1851	0.851419	136	181	699	#
1852	1.16793	140	173	699	#
1853	1.05113	140	177	699	#
1854	0.946021	140	181	699	#
1855	1.16793	144	177	699	#
1856	1.05113	144	181	699	#
1857	1.16793	148	181	699	#
1858	7.6893	194	232	700	#
1859	5.19028	194	236	700	#
1860	4.67125	194	240	700	#
1861	4.20412	194	244	700	#
1862	5.76697	198	236	700	#
1863	5.19028	198	240	700	#
1864	4.67125	198	244	700	#
1865	5.76697	202	240	700	#
1866	5.19028	202	244	700	#
1867	5.76697	206	244	700	#
1868	3.82732	62	73	701	#
1869	2.58344	62	77	701	#
1870	2.3251	62	81	701	#
1871	2.09259	62	85	701	#
1872	2.87049	66	77	701	#
1873	2.58344	66	81	701	#
1874	2.3251	66	85	701	#
1875	2.87049	70	81	701	#
1876	2.58344	70	85	701	#
1877	2.87049	74	85	701	#
1878	4.94209	383	393	702	#
1879	3.33591	383	397	702	#
1880	3.00232	383	401	702	#
1881	2.70209	383	405	702	#
1882	3.70657	387	397	702	#
1883	3.33591	387	401	702	#
1884	3.00232	387	405	702	#
1885	3.70657	391	401	702	#
1886	3.33591	391	405	702	#
1887	3.70657	395	405	702	#
1888	7.37248	265	279	703	#
1889	4.97643	265	283	703	#
1890	4.47878	265	287	703	#
1891	4.0309	265	291	703	#
1892	5.52936	269	283	703	#
1893	4.97643	269	287	703	#
1894	4.47878	269	291	703	#
1895	5.52936	273	287	703	#
1896	4.97643	273	291	703	#
1897	5.52936	277	291	703	#
1898	7.07818	97	111	704	#
1899	4.77777	97	115	704	#
1900	4.29999	97	119	704	#
1901	3.86999	97	123	704	#
1902	5.30863	101	115	704	#
1903	4.77777	101	119	704	#
1904	4.29999	101	123	704	#
1905	5.30863	105	119	704	#
1906	4.77777	105	123	704	#
1907	5.30863	109	123	704	#
1908	2.11347	232	265	705	#
1909	1.42659	232	269	705	#
1910	1.28393	232	273	705	#
1911	1.15554	232	277	705	#
1912	1.5851	236	269	705	#
1913	1.42659	236	273	705	#
1914	1.28393	236	277	705	#
1915	1.5851	240	273	705	#
1916	1.42659	240	277	705	#
1917	1.5851	244	277	705	#
1918	2.02583	37	68	706	#
1919	1.36744	37	72	706	#
1920	1.23069	37	76	706	#
1921	1.10763	37	80	706	#
1922	1.51938	41	72	706	#
1923	1.36744	41	76	706	#
1924	1.23069	41	80	706	#
1925	1.51938	45	76	706	#
1926	1.36744	45	80	706	#
1927	1.51938	49	80	706	#
1928	2.50302	28	61	707	#
1929	1.68954	28	65	707	#
1930	1.52058	28	69	707	#
1931	1.36852	28	73	707	#
1932	1.87726	32	65	707	#
1933	1.68954	32	69	707	#
1934	1.52058	32	73	707	#
1935	1.87726	36	69	707	#
1936	1.68954	36	73	707	#
1937	1.87726	40	73	707	#
1938	1.82846	440	473	708	#
1939	1.23421	440	477	708	#
1940	1.11079	440	481	708	#
1941	0.999708	440	485	708	#
1942	1.37134	444	477	708	#
1943	1.23421	444	481	708	#
1944	1.11079	444	485	708	#
1945	1.37134	448	481	708	#
1946	1.23421	448	485	708	#
1947	1.37134	452	485	708	#
1948	5.26036	103	140	709	#
1949	3.55075	103	144	709	#
1950	3.19567	103	148	709	#
1951	2.8761	103	152	709	#
1952	3.94527	107	144	709	#
1953	3.55075	107	148	709	#
1954	3.19567	107	152	709	#
1955	3.94527	111	148	709	#
1956	3.55075	111	152	709	#
1957	3.94527	115	152	709	#
1958	8.08334	434	472	710	#
1959	5.45625	434	476	710	#
1960	4.91063	434	480	710	#
1961	4.41957	434	484	710	#
1962	6.0625	438	476	710	#
1963	5.45625	438	480	710	#
1964	4.91063	438	484	710	#
1965	6.0625	442	480	710	#
1966	5.45625	442	484	710	#
1967	6.0625	446	484	710	#
1968	1.78046	56	89	711	#
1969	1.20181	56	93	711	#
1970	1.08163	56	97	711	#
1971	0.973469	56	101	711	#
1972	1.33535	60	93	711	#
1973	1.20181	60	97	711	#
1974	1.08163	60	101	711	#
1975	1.33535	64	97	711	#
1976	1.20181	64	101	711	#
1977	1.33535	68	101	711	#
1978	3.96232	5	19	712	#
1979	2.67457	5	23	712	#
1980	2.40711	5	27	712	#
1981	2.1664	5	31	712	#
1982	2.97174	9	23	712	#
1983	2.67457	9	27	712	#
1984	2.40711	9	31	712	#
1985	2.97174	13	27	712	#
1986	2.67457	13	31	712	#
1987	2.97174	17	31	712	#
1988	7.24452	238	276	713	#
1989	4.89005	238	280	713	#
1990	4.40105	238	284	713	#
1991	3.96094	238	288	713	#
1992	5.43339	242	280	713	#
1993	4.89005	242	284	713	#
1994	4.40105	242	288	713	#
1995	5.43339	246	284	713	#
1996	4.89005	246	288	713	#
1997	5.43339	250	288	713	#
1998	5.19274	126	137	714	#
1999	3.5051	126	141	714	#
2000	3.15459	126	145	714	#
2001	2.83913	126	149	714	#
2002	3.89456	130	141	714	#
2003	3.5051	130	145	714	#
2004	3.15459	130	149	714	#
2005	3.89456	134	145	714	#
2006	3.5051	134	149	714	#
2007	3.89456	138	149	714	#
