%% File generated by CATS v.2.1Mon Jul  4 11:06:29 2011

%% The CATS webpage is http://robotics.stanford.edu/CATS

%% PARAMETER SETTINGS:
% Goods: 500; Bids: 1000; Distribution: matching; Runs: 1; Seed: 1309806468
% Matching Distribution Parameters:
% Max airport price       = 5
% Early takeoff deviation = 1
% Late takeoff deviation  = 2
% Early landing deviation = 1
% Late landing deviation  = 2
% Deviation               = 0.500000
% Delay coefficient       = 0.900000
% Amount late coefficient = 0.750000



goods 500
bids 1008
dummy 102

0	5.4326	174	212	500	#
1	3.667	174	216	500	#
2	3.3003	174	220	500	#
3	2.97027	174	224	500	#
4	4.07445	178	216	500	#
5	3.667	178	220	500	#
6	3.3003	178	224	500	#
7	4.07445	182	220	500	#
8	3.667	182	224	500	#
9	4.07445	186	224	500	#
10	2.92083	140	182	501	#
11	1.97156	140	186	501	#
12	1.7744	140	190	501	#
13	1.59696	140	194	501	#
14	2.19062	144	186	501	#
15	1.97156	144	190	501	#
16	1.7744	144	194	501	#
17	2.19062	148	190	501	#
18	1.97156	148	194	501	#
19	2.19062	152	194	501	#
20	1.48508	381	394	502	#
21	1.00243	381	398	502	#
22	0.902188	381	402	502	#
23	0.811969	381	406	502	#
24	1.11381	385	398	502	#
25	1.00243	385	402	502	#
26	0.902188	385	406	502	#
27	1.11381	389	402	502	#
28	1.00243	389	406	502	#
29	1.11381	393	406	502	#
30	8.32516	389	403	503	#
31	5.61948	389	407	503	#
32	5.05753	389	411	503	#
33	4.55178	389	415	503	#
34	6.24387	393	407	503	#
35	5.61948	393	411	503	#
36	5.05753	393	415	503	#
37	6.24387	397	411	503	#
38	5.61948	397	415	503	#
39	6.24387	401	415	503	#
40	5.48837	232	275	504	#
41	3.70465	232	279	504	#
42	3.33418	232	283	504	#
43	3.00077	232	287	504	#
44	4.11628	236	279	504	#
45	3.70465	236	283	504	#
46	3.33418	236	287	504	#
47	4.11628	240	283	504	#
48	3.70465	240	287	504	#
49	4.11628	244	287	504	#
50	9.20048	316	359	505	#
51	6.21033	316	363	505	#
52	5.58929	316	367	505	#
53	5.03036	316	371	505	#
54	6.90036	320	363	505	#
55	6.21033	320	367	505	#
56	5.58929	320	371	505	#
57	6.90036	324	367	505	#
58	6.21033	324	371	505	#
59	6.90036	328	371	505	#
60	7.16848	145	159	506	#
61	4.83873	145	163	506	#
62	4.35485	145	167	506	#
63	3.91937	145	171	506	#
64	5.37636	149	163	506	#
65	4.83873	149	167	506	#
66	4.35485	149	171	506	#
67	5.37636	153	167	506	#
68	4.83873	153	171	506	#
69	5.37636	157	171	506	#
70	2.33023	21	34	507	#
71	1.57291	21	38	507	#
72	1.41562	21	42	507	#
73	1.27405	21	46	507	#
74	1.74767	25	38	507	#
75	1.57291	25	42	507	#
76	1.41562	25	46	507	#
77	1.74767	29	42	507	#
78	1.57291	29	46	507	#
79	1.74767	33	46	507	#
80	3.02728	469	483	508	#
81	2.04342	469	487	508	#
82	1.83907	469	491	508	#
83	1.65517	469	495	508	#
84	2.27046	473	487	508	#
85	2.04342	473	491	508	#
86	1.83907	473	495	508	#
87	2.27046	477	491	508	#
88	2.04342	477	495	508	#
89	2.27046	481	495	508	#
90	1.21858	453	466	509	#
91	0.822539	453	470	509	#
92	0.740285	453	474	509	#
93	0.666257	453	478	509	#
94	0.913933	457	470	509	#
95	0.822539	457	474	509	#
96	0.740285	457	478	509	#
97	0.913933	461	474	509	#
98	0.822539	461	478	509	#
99	0.913933	465	478	509	#
100	7.91291	116	159	510	#
101	5.34121	116	163	510	#
102	4.80709	116	167	510	#
103	4.32638	116	171	510	#
104	5.93468	120	163	510	#
105	5.34121	120	167	510	#
106	4.80709	120	171	510	#
107	5.93468	124	167	510	#
108	5.34121	124	171	510	#
109	5.93468	128	171	510	#
110	3.51073	229	260	511	#
111	2.36974	229	264	511	#
112	2.13277	229	268	511	#
113	1.91949	229	272	511	#
114	2.63305	233	264	511	#
115	2.36974	233	268	511	#
116	2.13277	233	272	511	#
117	2.63305	237	268	511	#
118	2.36974	237	272	511	#
119	2.63305	241	272	511	#
120	2.19772	420	462	512	#
121	1.48346	420	466	512	#
122	1.33511	420	470	512	#
123	1.2016	420	474	512	#
124	1.64829	424	466	512	#
125	1.48346	424	470	512	#
126	1.33511	424	474	512	#
127	1.64829	428	470	512	#
128	1.48346	428	474	512	#
129	1.64829	432	474	512	#
130	2.465	233	246	513	#
131	1.66387	233	250	513	#
132	1.49749	233	254	513	#
133	1.34774	233	258	513	#
134	1.84875	237	250	513	#
135	1.66387	237	254	513	#
136	1.49749	237	258	513	#
137	1.84875	241	254	513	#
138	1.66387	241	258	513	#
139	1.84875	245	258	513	#
140	3.60404	112	145	514	#
141	2.43273	112	149	514	#
142	2.18945	112	153	514	#
143	1.97051	112	157	514	#
144	2.70303	116	149	514	#
145	2.43273	116	153	514	#
146	2.18945	116	157	514	#
147	2.70303	120	153	514	#
148	2.43273	120	157	514	#
149	2.70303	124	157	514	#
150	4.87599	356	389	515	#
151	3.29129	356	393	515	#
152	2.96216	356	397	515	#
153	2.66595	356	401	515	#
154	3.65699	360	393	515	#
155	3.29129	360	397	515	#
156	2.96216	360	401	515	#
157	3.65699	364	397	515	#
158	3.29129	364	401	515	#
159	3.65699	368	401	515	#
160	8.1452	389	403	516	#
161	5.49801	389	407	516	#
162	4.94821	389	411	516	#
163	4.45339	389	415	516	#
164	6.1089	393	407	516	#
165	5.49801	393	411	516	#
166	4.94821	393	415	516	#
167	6.1089	397	411	516	#
168	5.49801	397	415	516	#
169	6.1089	401	415	516	#
170	10.6496	407	444	517	#
171	7.18845	407	448	517	#
172	6.46961	407	452	517	#
173	5.82265	407	456	517	#
174	7.98717	411	448	517	#
175	7.18845	411	452	517	#
176	6.46961	411	456	517	#
177	7.98717	415	452	517	#
178	7.18845	415	456	517	#
179	7.98717	419	456	517	#
180	2.48761	422	433	518	#
181	1.67914	422	437	518	#
182	1.51122	422	441	518	#
183	1.3601	422	445	518	#
184	1.86571	426	437	518	#
185	1.67914	426	441	518	#
186	1.51122	426	445	518	#
187	1.86571	430	441	518	#
188	1.67914	430	445	518	#
189	1.86571	434	445	518	#
190	6.62425	103	113	519	#
191	4.47137	103	117	519	#
192	4.02423	103	121	519	#
193	3.62181	103	125	519	#
194	4.96819	107	117	519	#
195	4.47137	107	121	519	#
196	4.02423	107	125	519	#
197	4.96819	111	121	519	#
198	4.47137	111	125	519	#
199	4.96819	115	125	519	#
200	5.70935	139	176	520	#
201	3.85381	139	180	520	#
202	3.46843	139	184	520	#
203	3.12159	139	188	520	#
204	4.28201	143	180	520	#
205	3.85381	143	184	520	#
206	3.46843	143	188	520	#
207	4.28201	147	184	520	#
208	3.85381	147	188	520	#
209	4.28201	151	188	520	#
210	6.79204	123	160	521	#
211	4.58463	123	164	521	#
212	4.12617	123	168	521	#
213	3.71355	123	172	521	#
214	5.09403	127	164	521	#
215	4.58463	127	168	521	#
216	4.12617	127	172	521	#
217	5.09403	131	168	521	#
218	4.58463	131	172	521	#
219	5.09403	135	172	521	#
220	4.48458	332	374	522	#
221	3.02709	332	378	522	#
222	2.72438	332	382	522	#
223	2.45194	332	386	522	#
224	3.36343	336	378	522	#
225	3.02709	336	382	522	#
226	2.72438	336	386	522	#
227	3.36343	340	382	522	#
228	3.02709	340	386	522	#
229	3.36343	344	386	522	#
230	11.7696	63	100	523	#
231	7.94447	63	104	523	#
232	7.15003	63	108	523	#
233	6.43502	63	112	523	#
234	8.82719	67	104	523	#
235	7.94447	67	108	523	#
236	7.15003	67	112	523	#
237	8.82719	71	108	523	#
238	7.94447	71	112	523	#
239	8.82719	75	112	523	#
240	1.4896	86	97	524	#
241	1.00548	86	101	524	#
242	0.904929	86	105	524	#
243	0.814436	86	109	524	#
244	1.1172	90	101	524	#
245	1.00548	90	105	524	#
246	0.904929	90	109	524	#
247	1.1172	94	105	524	#
248	1.00548	94	109	524	#
249	1.1172	98	109	524	#
250	5.62535	30	68	525	#
251	3.79711	30	72	525	#
252	3.4174	30	76	525	#
253	3.07566	30	80	525	#
254	4.21901	34	72	525	#
255	3.79711	34	76	525	#
256	3.4174	34	80	525	#
257	4.21901	38	76	525	#
258	3.79711	38	80	525	#
259	4.21901	42	80	525	#
260	4.33119	330	368	526	#
261	2.92355	330	372	526	#
262	2.6312	330	376	526	#
263	2.36808	330	380	526	#
264	3.24839	334	372	526	#
265	2.92355	334	376	526	#
266	2.6312	334	380	526	#
267	3.24839	338	376	526	#
268	2.92355	338	380	526	#
269	3.24839	342	380	526	#
270	8.20488	165	179	527	#
271	5.53829	165	183	527	#
272	4.98446	165	187	527	#
273	4.48602	165	191	527	#
274	6.15366	169	183	527	#
275	5.53829	169	187	527	#
276	4.98446	169	191	527	#
277	6.15366	173	187	527	#
278	5.53829	173	191	527	#
279	6.15366	177	191	527	#
280	0.973844	453	466	528	#
281	0.657345	453	470	528	#
282	0.59161	453	474	528	#
283	0.532449	453	478	528	#
284	0.730383	457	470	528	#
285	0.657345	457	474	528	#
286	0.59161	457	478	528	#
287	0.730383	461	474	528	#
288	0.657345	461	478	528	#
289	0.730383	465	478	528	#
290	2.23211	161	174	529	#
291	1.50667	161	178	529	#
292	1.35601	161	182	529	#
293	1.22041	161	186	529	#
294	1.67408	165	178	529	#
295	1.50667	165	182	529	#
296	1.35601	165	186	529	#
297	1.67408	169	182	529	#
298	1.50667	169	186	529	#
299	1.67408	173	186	529	#
300	6.08596	469	483	530	#
301	4.10802	469	487	530	#
302	3.69722	469	491	530	#
303	3.3275	469	495	530	#
304	4.56447	473	487	530	#
305	4.10802	473	491	530	#
306	3.69722	473	495	530	#
307	4.56447	477	491	530	#
308	4.10802	477	495	530	#
309	4.56447	481	495	530	#
310	3.543	423	433	531	#
311	2.39153	423	437	531	#
312	2.15237	423	441	531	#
313	1.93714	423	445	531	#
314	2.65725	427	437	531	#
315	2.39153	427	441	531	#
316	2.15237	427	445	531	#
317	2.65725	431	441	531	#
318	2.39153	431	445	531	#
319	2.65725	435	445	531	#
320	2.49998	18	29	532	#
321	1.68749	18	33	532	#
322	1.51874	18	37	532	#
323	1.36686	18	41	532	#
324	1.87498	22	33	532	#
325	1.68749	22	37	532	#
326	1.51874	22	41	532	#
327	1.87498	26	37	532	#
328	1.68749	26	41	532	#
329	1.87498	30	41	532	#
330	4.09225	191	228	533	#
331	2.76227	191	232	533	#
332	2.48604	191	236	533	#
333	2.23744	191	240	533	#
334	3.06919	195	232	533	#
335	2.76227	195	236	533	#
336	2.48604	195	240	533	#
337	3.06919	199	236	533	#
338	2.76227	199	240	533	#
339	3.06919	203	240	533	#
340	2.71547	126	137	534	#
341	1.83295	126	141	534	#
342	1.64965	126	145	534	#
343	1.48469	126	149	534	#
344	2.03661	130	141	534	#
345	1.83295	130	145	534	#
346	1.64965	130	149	534	#
347	2.03661	134	145	534	#
348	1.83295	134	149	534	#
349	2.03661	138	149	534	#
350	2.40312	408	450	535	#
351	1.6221	408	454	535	#
352	1.45989	408	458	535	#
353	1.3139	408	462	535	#
354	1.80234	412	454	535	#
355	1.6221	412	458	535	#
356	1.45989	412	462	535	#
357	1.80234	416	458	535	#
358	1.6221	416	462	535	#
359	1.80234	420	462	535	#
360	5.5609	134	172	536	#
361	3.75361	134	176	536	#
362	3.37825	134	180	536	#
363	3.04042	134	184	536	#
364	4.17068	138	176	536	#
365	3.75361	138	180	536	#
366	3.37825	138	184	536	#
367	4.17068	142	180	536	#
368	3.75361	142	184	536	#
369	4.17068	146	184	536	#
370	1.83284	265	278	537	#
371	1.23717	265	282	537	#
372	1.11345	265	286	537	#
373	1.00211	265	290	537	#
374	1.37463	269	282	537	#
375	1.23717	269	286	537	#
376	1.11345	269	290	537	#
377	1.37463	273	286	537	#
378	1.23717	273	290	537	#
379	1.37463	277	290	537	#
380	1.91554	141	154	538	#
381	1.29299	141	158	538	#
382	1.16369	141	162	538	#
383	1.04732	141	166	538	#
384	1.43666	145	158	538	#
385	1.29299	145	162	538	#
386	1.16369	145	166	538	#
387	1.43666	149	162	538	#
388	1.29299	149	166	538	#
389	1.43666	153	166	538	#
390	4.74115	132	165	539	#
391	3.20027	132	169	539	#
392	2.88025	132	173	539	#
393	2.59222	132	177	539	#
394	3.55586	136	169	539	#
395	3.20027	136	173	539	#
396	2.88025	136	177	539	#
397	3.55586	140	173	539	#
398	3.20027	140	177	539	#
399	3.55586	144	177	539	#
400	2.24806	113	144	540	#
401	1.51744	113	148	540	#
402	1.3657	113	152	540	#
403	1.22913	113	156	540	#
404	1.68604	117	148	540	#
405	1.51744	117	152	540	#
406	1.3657	117	156	540	#
407	1.68604	121	152	540	#
408	1.51744	121	156	540	#
409	1.68604	125	156	540	#
410	2.87928	244	277	541	#
411	1.94352	244	281	541	#
412	1.74916	244	285	541	#
413	1.57425	244	289	541	#
414	2.15946	248	281	541	#
415	1.94352	248	285	541	#
416	1.74916	248	289	541	#
417	2.15946	252	285	541	#
418	1.94352	252	289	541	#
419	2.15946	256	289	541	#
420	4.3939	160	202	542	#
421	2.96588	160	206	542	#
422	2.66929	160	210	542	#
423	2.40236	160	214	542	#
424	3.29542	164	206	542	#
425	2.96588	164	210	542	#
426	2.66929	164	214	542	#
427	3.29542	168	210	542	#
428	2.96588	168	214	542	#
429	3.29542	172	214	542	#
430	3.9245	356	398	543	#
431	2.64903	356	402	543	#
432	2.38413	356	406	543	#
433	2.14572	356	410	543	#
434	2.94337	360	402	543	#
435	2.64903	360	406	543	#
436	2.38413	360	410	543	#
437	2.94337	364	406	543	#
438	2.64903	364	410	543	#
439	2.94337	368	410	543	#
440	1.52116	314	325	544	#
441	1.02678	314	329	544	#
442	0.924106	314	333	544	#
443	0.831695	314	337	544	#
444	1.14087	318	329	544	#
445	1.02678	318	333	544	#
446	0.924106	318	337	544	#
447	1.14087	322	333	544	#
448	1.02678	322	337	544	#
449	1.14087	326	337	544	#
450	6.8162	229	243	545	#
451	4.60093	229	247	545	#
452	4.14084	229	251	545	#
453	3.72676	229	255	545	#
454	5.11215	233	247	545	#
455	4.60093	233	251	545	#
456	4.14084	233	255	545	#
457	5.11215	237	251	545	#
458	4.60093	237	255	545	#
459	5.11215	241	255	545	#
460	1.70235	6	17	546	#
461	1.14909	6	21	546	#
462	1.03418	6	25	546	#
463	0.93076	6	29	546	#
464	1.27676	10	21	546	#
465	1.14909	10	25	546	#
466	1.03418	10	29	546	#
467	1.27676	14	25	546	#
468	1.14909	14	29	546	#
469	1.27676	18	29	546	#
470	2.21808	84	117	547	#
471	1.49721	84	121	547	#
472	1.34749	84	125	547	#
473	1.21274	84	129	547	#
474	1.66356	88	121	547	#
475	1.49721	88	125	547	#
476	1.34749	88	129	547	#
477	1.66356	92	125	547	#
478	1.49721	92	129	547	#
479	1.66356	96	129	547	#
480	4.99947	113	127	548	#
481	3.37464	113	131	548	#
482	3.03718	113	135	548	#
483	2.73346	113	139	548	#
484	3.7496	117	131	548	#
485	3.37464	117	135	548	#
486	3.03718	117	139	548	#
487	3.7496	121	135	548	#
488	3.37464	121	139	548	#
489	3.7496	125	139	548	#
490	2.50251	257	270	549	#
491	1.68919	257	274	549	#
492	1.52027	257	278	549	#
493	1.36825	257	282	549	#
494	1.87688	261	274	549	#
495	1.68919	261	278	549	#
496	1.52027	261	282	549	#
497	1.87688	265	278	549	#
498	1.68919	265	282	549	#
499	1.87688	269	282	549	#
500	5.72886	324	366	550	#
501	3.86698	324	370	550	#
502	3.48028	324	374	550	#
503	3.13225	324	378	550	#
504	4.29665	328	370	550	#
505	3.86698	328	374	550	#
506	3.48028	328	378	550	#
507	4.29665	332	374	550	#
508	3.86698	332	378	550	#
509	4.29665	336	378	550	#
510	4.67499	44	86	551	#
511	3.15562	44	90	551	#
512	2.84005	44	94	551	#
513	2.55605	44	98	551	#
514	3.50624	48	90	551	#
515	3.15562	48	94	551	#
516	2.84005	48	98	551	#
517	3.50624	52	94	551	#
518	3.15562	52	98	551	#
519	3.50624	56	98	551	#
520	4.02015	369	400	552	#
521	2.7136	369	404	552	#
522	2.44224	369	408	552	#
523	2.19802	369	412	552	#
524	3.01511	373	404	552	#
525	2.7136	373	408	552	#
526	2.44224	373	412	552	#
527	3.01511	377	408	552	#
528	2.7136	377	412	552	#
529	3.01511	381	412	552	#
530	3.68394	456	489	553	#
531	2.48666	456	493	553	#
532	2.238	456	497	553	#
533	2.76296	460	493	553	#
534	2.48666	460	497	553	#
535	2.76296	464	497	553	#
536	5.11988	239	276	554	#
537	3.45592	239	280	554	#
538	3.11032	239	284	554	#
539	2.79929	239	288	554	#
540	3.83991	243	280	554	#
541	3.45592	243	284	554	#
542	3.11032	243	288	554	#
543	3.83991	247	284	554	#
544	3.45592	247	288	554	#
545	3.83991	251	288	554	#
546	1.46898	50	61	555	#
547	0.991564	50	65	555	#
548	0.892407	50	69	555	#
549	0.803167	50	73	555	#
550	1.10174	54	65	555	#
551	0.991564	54	69	555	#
552	0.892407	54	73	555	#
553	1.10174	58	69	555	#
554	0.991564	58	73	555	#
555	1.10174	62	73	555	#
556	5.56077	280	323	556	#
557	3.75352	280	327	556	#
558	3.37817	280	331	556	#
559	3.04035	280	335	556	#
560	4.17057	284	327	556	#
561	3.75352	284	331	556	#
562	3.37817	284	335	556	#
563	4.17057	288	331	556	#
564	3.75352	288	335	556	#
565	4.17057	292	335	556	#
566	4.36732	74	112	557	#
567	2.94794	74	116	557	#
568	2.65315	74	120	557	#
569	2.38783	74	124	557	#
570	3.27549	78	116	557	#
571	2.94794	78	120	557	#
572	2.65315	78	124	557	#
573	3.27549	82	120	557	#
574	2.94794	82	124	557	#
575	3.27549	86	124	557	#
576	11.434	275	312	558	#
577	7.71793	275	316	558	#
578	6.94613	275	320	558	#
579	6.25152	275	324	558	#
580	8.57547	279	316	558	#
581	7.71793	279	320	558	#
582	6.94613	279	324	558	#
583	8.57547	283	320	558	#
584	7.71793	283	324	558	#
585	8.57547	287	324	558	#
586	0.97417	474	485	559	#
587	0.657565	474	489	559	#
588	0.591808	474	493	559	#
589	0.532627	474	497	559	#
590	0.730627	478	489	559	#
591	0.657565	478	493	559	#
592	0.591808	478	497	559	#
593	0.730627	482	493	559	#
594	0.657565	482	497	559	#
595	0.730627	486	497	559	#
596	5.25938	46	84	560	#
597	3.55008	46	88	560	#
598	3.19507	46	92	560	#
599	2.87557	46	96	560	#
600	3.94453	50	88	560	#
601	3.55008	50	92	560	#
602	3.19507	50	96	560	#
603	3.94453	54	92	560	#
604	3.55008	54	96	560	#
605	3.94453	58	96	560	#
606	2.36694	386	397	561	#
607	1.59768	386	401	561	#
608	1.43792	386	405	561	#
609	1.29412	386	409	561	#
610	1.7752	390	401	561	#
611	1.59768	390	405	561	#
612	1.43792	390	409	561	#
613	1.7752	394	405	561	#
614	1.59768	394	409	561	#
615	1.7752	398	409	561	#
616	1.03008	161	174	562	#
617	0.695305	161	178	562	#
618	0.625774	161	182	562	#
619	0.563197	161	186	562	#
620	0.772561	165	178	562	#
621	0.695305	165	182	562	#
622	0.625774	165	186	562	#
623	0.772561	169	182	562	#
624	0.695305	169	186	562	#
625	0.772561	173	186	562	#
626	7.56085	253	267	563	#
627	5.10357	253	271	563	#
628	4.59322	253	275	563	#
629	4.13389	253	279	563	#
630	5.67064	257	271	563	#
631	5.10357	257	275	563	#
632	4.59322	257	279	563	#
633	5.67064	261	275	563	#
634	5.10357	261	279	563	#
635	5.67064	265	279	563	#
636	3.07667	28	70	564	#
637	2.07675	28	74	564	#
638	1.86908	28	78	564	#
639	1.68217	28	82	564	#
640	2.3075	32	74	564	#
641	2.07675	32	78	564	#
642	1.86908	32	82	564	#
643	2.3075	36	78	564	#
644	2.07675	36	82	564	#
645	2.3075	40	82	564	#
646	5.58671	32	74	565	#
647	3.77103	32	78	565	#
648	3.39393	32	82	565	#
649	3.05453	32	86	565	#
650	4.19003	36	78	565	#
651	3.77103	36	82	565	#
652	3.39393	36	86	565	#
653	4.19003	40	82	565	#
654	3.77103	40	86	565	#
655	4.19003	44	86	565	#
656	1.94226	437	450	566	#
657	1.31102	437	454	566	#
658	1.17992	437	458	566	#
659	1.06193	437	462	566	#
660	1.45669	441	454	566	#
661	1.31102	441	458	566	#
662	1.17992	441	462	566	#
663	1.45669	445	458	566	#
664	1.31102	445	462	566	#
665	1.45669	449	462	566	#
666	6.52364	169	183	567	#
667	4.40345	169	187	567	#
668	3.96311	169	191	567	#
669	3.5668	169	195	567	#
670	4.89273	173	187	567	#
671	4.40345	173	191	567	#
672	3.96311	173	195	567	#
673	4.89273	177	191	567	#
674	4.40345	177	195	567	#
675	4.89273	181	195	567	#
676	2.601	242	253	568	#
677	1.75567	242	257	568	#
678	1.5801	242	261	568	#
679	1.42209	242	265	568	#
680	1.95075	246	257	568	#
681	1.75567	246	261	568	#
682	1.5801	246	265	568	#
683	1.95075	250	261	568	#
684	1.75567	250	265	568	#
685	1.95075	254	265	568	#
686	1.22742	154	165	569	#
687	0.828507	154	169	569	#
688	0.745656	154	173	569	#
689	0.67109	154	177	569	#
690	0.920563	158	169	569	#
691	0.828507	158	173	569	#
692	0.745656	158	177	569	#
693	0.920563	162	173	569	#
694	0.828507	162	177	569	#
695	0.920563	166	177	569	#
696	3.9703	328	370	570	#
697	2.67995	328	374	570	#
698	2.41196	328	378	570	#
699	2.17076	328	382	570	#
700	2.97773	332	374	570	#
701	2.67995	332	378	570	#
702	2.41196	332	382	570	#
703	2.97773	336	378	570	#
704	2.67995	336	382	570	#
705	2.97773	340	382	570	#
706	3.76548	385	399	571	#
707	2.5417	385	403	571	#
708	2.28753	385	407	571	#
709	2.05877	385	411	571	#
710	2.82411	389	403	571	#
711	2.5417	389	407	571	#
712	2.28753	389	411	571	#
713	2.82411	393	407	571	#
714	2.5417	393	411	571	#
715	2.82411	397	411	571	#
716	2.49839	142	153	572	#
717	1.68641	142	157	572	#
718	1.51777	142	161	572	#
719	1.36599	142	165	572	#
720	1.87379	146	157	572	#
721	1.68641	146	161	572	#
722	1.51777	146	165	572	#
723	1.87379	150	161	572	#
724	1.68641	150	165	572	#
725	1.87379	154	165	572	#
726	3.06798	262	300	573	#
727	2.07089	262	304	573	#
728	1.8638	262	308	573	#
729	1.67742	262	312	573	#
730	2.30099	266	304	573	#
731	2.07089	266	308	573	#
732	1.8638	266	312	573	#
733	2.30099	270	308	573	#
734	2.07089	270	312	573	#
735	2.30099	274	312	573	#
736	2.58533	301	314	574	#
737	1.7451	301	318	574	#
738	1.57059	301	322	574	#
739	1.41353	301	326	574	#
740	1.939	305	318	574	#
741	1.7451	305	322	574	#
742	1.57059	305	326	574	#
743	1.939	309	322	574	#
744	1.7451	309	326	574	#
745	1.939	313	326	574	#
746	4.33478	192	225	575	#
747	2.92597	192	229	575	#
748	2.63338	192	233	575	#
749	2.37004	192	237	575	#
750	3.25108	196	229	575	#
751	2.92597	196	233	575	#
752	2.63338	196	237	575	#
753	3.25108	200	233	575	#
754	2.92597	200	237	575	#
755	3.25108	204	237	575	#
756	1.73541	69	82	576	#
757	1.1714	69	86	576	#
758	1.05426	69	90	576	#
759	0.948836	69	94	576	#
760	1.30156	73	86	576	#
761	1.1714	73	90	576	#
762	1.05426	73	94	576	#
763	1.30156	77	90	576	#
764	1.1714	77	94	576	#
765	1.30156	81	94	576	#
766	2.40358	412	445	577	#
767	1.62242	412	449	577	#
768	1.46018	412	453	577	#
769	1.31416	412	457	577	#
770	1.80269	416	449	577	#
771	1.62242	416	453	577	#
772	1.46018	416	457	577	#
773	1.80269	420	453	577	#
774	1.62242	420	457	577	#
775	1.80269	424	457	577	#
776	1.57934	445	458	578	#
777	1.06605	445	462	578	#
778	0.959449	445	466	578	#
779	0.863504	445	470	578	#
780	1.1845	449	462	578	#
781	1.06605	449	466	578	#
782	0.959449	449	470	578	#
783	1.1845	453	466	578	#
784	1.06605	453	470	578	#
785	1.1845	457	470	578	#
786	2.4926	41	72	579	#
787	1.6825	41	76	579	#
788	1.51425	41	80	579	#
789	1.36283	41	84	579	#
790	1.86945	45	76	579	#
791	1.6825	45	80	579	#
792	1.51425	45	84	579	#
793	1.86945	49	80	579	#
794	1.6825	49	84	579	#
795	1.86945	53	84	579	#
796	3.56699	469	483	580	#
797	2.40772	469	487	580	#
798	2.16694	469	491	580	#
799	1.95025	469	495	580	#
800	2.67524	473	487	580	#
801	2.40772	473	491	580	#
802	2.16694	473	495	580	#
803	2.67524	477	491	580	#
804	2.40772	477	495	580	#
805	2.67524	481	495	580	#
806	8.71527	115	152	581	#
807	5.88281	115	156	581	#
808	5.29453	115	160	581	#
809	4.76508	115	164	581	#
810	6.53646	119	156	581	#
811	5.88281	119	160	581	#
812	5.29453	119	164	581	#
813	6.53646	123	160	581	#
814	5.88281	123	164	581	#
815	6.53646	127	164	581	#
816	4.69968	440	473	582	#
817	3.17228	440	477	582	#
818	2.85506	440	481	582	#
819	2.56955	440	485	582	#
820	3.52476	444	477	582	#
821	3.17228	444	481	582	#
822	2.85506	444	485	582	#
823	3.52476	448	481	582	#
824	3.17228	448	485	582	#
825	3.52476	452	485	582	#
826	5.05821	98	136	583	#
827	3.41429	98	140	583	#
828	3.07286	98	144	583	#
829	2.76558	98	148	583	#
830	3.79366	102	140	583	#
831	3.41429	102	144	583	#
832	3.07286	102	148	583	#
833	3.79366	106	144	583	#
834	3.41429	106	148	583	#
835	3.79366	110	148	583	#
836	8.84996	0	43	584	#
837	7.96496	0	47	584	#
838	7.16846	0	51	584	#
839	8.84996	4	47	584	#
840	7.96496	4	51	584	#
841	8.84996	8	51	584	#
842	7.48294	404	447	585	#
843	5.05098	404	451	585	#
844	4.54588	404	455	585	#
845	4.0913	404	459	585	#
846	5.6122	408	451	585	#
847	5.05098	408	455	585	#
848	4.54588	408	459	585	#
849	5.6122	412	455	585	#
850	5.05098	412	459	585	#
851	5.6122	416	459	585	#
852	4.12881	322	360	586	#
853	2.78695	322	364	586	#
854	2.50825	322	368	586	#
855	2.25743	322	372	586	#
856	3.09661	326	364	586	#
857	2.78695	326	368	586	#
858	2.50825	326	372	586	#
859	3.09661	330	368	586	#
860	2.78695	330	372	586	#
861	3.09661	334	372	586	#
862	7.24994	235	245	587	#
863	4.89371	235	249	587	#
864	4.40434	235	253	587	#
865	3.9639	235	257	587	#
866	5.43745	239	249	587	#
867	4.89371	239	253	587	#
868	4.40434	239	257	587	#
869	5.43745	243	253	587	#
870	4.89371	243	257	587	#
871	5.43745	247	257	587	#
872	4.19083	171	208	588	#
873	2.82881	171	212	588	#
874	2.54593	171	216	588	#
875	2.29134	171	220	588	#
876	3.14312	175	212	588	#
877	2.82881	175	216	588	#
878	2.54593	175	220	588	#
879	3.14312	179	216	588	#
880	2.82881	179	220	588	#
881	3.14312	183	220	588	#
882	6.88856	405	419	589	#
883	4.64978	405	423	589	#
884	4.1848	405	427	589	#
885	3.76632	405	431	589	#
886	5.16642	409	423	589	#
887	4.64978	409	427	589	#
888	4.1848	409	431	589	#
889	5.16642	413	427	589	#
890	4.64978	413	431	589	#
891	5.16642	417	431	589	#
892	3.66419	216	249	590	#
893	2.47333	216	253	590	#
894	2.226	216	257	590	#
895	2.0034	216	261	590	#
896	2.74814	220	253	590	#
897	2.47333	220	257	590	#
898	2.226	220	261	590	#
899	2.74814	224	257	590	#
900	2.47333	224	261	590	#
901	2.74814	228	261	590	#
902	2.5618	461	474	591	#
903	1.72922	461	478	591	#
904	1.5563	461	482	591	#
905	1.40067	461	486	591	#
906	1.92135	465	478	591	#
907	1.72922	465	482	591	#
908	1.5563	465	486	591	#
909	1.92135	469	482	591	#
910	1.72922	469	486	591	#
911	1.92135	473	486	591	#
912	10.2472	347	384	592	#
913	6.91689	347	388	592	#
914	6.2252	347	392	592	#
915	5.60268	347	396	592	#
916	7.68544	351	388	592	#
917	6.91689	351	392	592	#
918	6.2252	351	396	592	#
919	7.68544	355	392	592	#
920	6.91689	355	396	592	#
921	7.68544	359	396	592	#
922	3.43104	1	32	593	#
923	3.08794	1	36	593	#
924	2.77914	1	40	593	#
925	3.43104	5	36	593	#
926	3.08794	5	40	593	#
927	3.43104	9	40	593	#
928	1.85757	410	421	594	#
929	1.25386	410	425	594	#
930	1.12848	410	429	594	#
931	1.01563	410	433	594	#
932	1.39318	414	425	594	#
933	1.25386	414	429	594	#
934	1.12848	414	433	594	#
935	1.39318	418	429	594	#
936	1.25386	418	433	594	#
937	1.39318	422	433	594	#
938	4.27505	204	237	595	#
939	2.88566	204	241	595	#
940	2.59709	204	245	595	#
941	2.33739	204	249	595	#
942	3.20629	208	241	595	#
943	2.88566	208	245	595	#
944	2.59709	208	249	595	#
945	3.20629	212	245	595	#
946	2.88566	212	249	595	#
947	3.20629	216	249	595	#
948	6.11727	252	295	596	#
949	4.12915	252	299	596	#
950	3.71624	252	303	596	#
951	3.34461	252	307	596	#
952	4.58795	256	299	596	#
953	4.12915	256	303	596	#
954	3.71624	256	307	596	#
955	4.58795	260	303	596	#
956	4.12915	260	307	596	#
957	4.58795	264	307	596	#
958	1.60985	114	125	597	#
959	1.08665	114	129	597	#
960	0.977982	114	133	597	#
961	0.880184	114	137	597	#
962	1.20738	118	129	597	#
963	1.08665	118	133	597	#
964	0.977982	118	137	597	#
965	1.20738	122	133	597	#
966	1.08665	122	137	597	#
967	1.20738	126	137	597	#
968	1.76364	265	296	598	#
969	1.19046	265	300	598	#
970	1.07141	265	304	598	#
971	0.964272	265	308	598	#
972	1.32273	269	300	598	#
973	1.19046	269	304	598	#
974	1.07141	269	308	598	#
975	1.32273	273	304	598	#
976	1.19046	273	308	598	#
977	1.32273	277	308	598	#
978	2.06215	29	42	599	#
979	1.39195	29	46	599	#
980	1.25276	29	50	599	#
981	1.12748	29	54	599	#
982	1.54661	33	46	599	#
983	1.39195	33	50	599	#
984	1.25276	33	54	599	#
985	1.54661	37	50	599	#
986	1.39195	37	54	599	#
987	1.54661	41	54	599	#
988	2.7944	321	352	600	#
989	1.88622	321	356	600	#
990	1.6976	321	360	600	#
991	1.52784	321	364	600	#
992	2.0958	325	356	600	#
993	1.88622	325	360	600	#
994	1.6976	325	364	600	#
995	2.0958	329	360	600	#
996	1.88622	329	364	600	#
997	2.0958	333	364	600	#
998	6.25895	49	63	601	#
999	4.22479	49	67	601	#
1000	3.80231	49	71	601	#
1001	3.42208	49	75	601	#
1002	4.69421	53	67	601	#
1003	4.22479	53	71	601	#
1004	3.80231	53	75	601	#
1005	4.69421	57	71	601	#
1006	4.22479	57	75	601	#
1007	4.69421	61	75	601	#
