%% File generated by CATS v.2.1Mon Jul  4 11:06:49 2011

%% The CATS webpage is http://robotics.stanford.edu/CATS

%% PARAMETER SETTINGS:
% Goods: 512; Bids: 2000; Distribution: paths; Runs: 1; Seed: 1309806549
% Paths Distribution Parameters:
% Initial connections:       = 2
% Edge density:              = 3.000000
% Shipping cost factor:      = 1.500000
% Max bid set size:          = 5
% Building penalty:          = 1.700000



goods 512
bids 2003
dummy 967

0	0.923599	77	88	133	158	159	160	221	387	504	512	#
1	0.923599	77	88	133	158	159	160	176	177	221	504	512	#
2	0.923599	88	133	183	399	504	512	#
3	0.841136	49	382	513	#
4	0.841136	29	49	211	398	513	#
5	0.841136	49	211	362	372	513	#
6	0.841136	48	211	216	223	311	362	513	#
7	0.841136	29	49	86	168	398	513	#
8	0.577019	110	129	172	425	#
9	0.402361	279	#
10	0.798375	42	118	147	175	277	460	514	#
11	0.798375	110	118	147	175	227	277	460	514	#
12	0.798375	42	118	146	162	175	277	460	514	#
13	0.798375	42	43	118	147	161	277	460	514	#
14	0.798375	110	118	146	162	175	227	277	460	514	#
15	0.442704	188	204	332	#
16	0.536353	69	70	368	#
17	0.838783	91	113	153	228	356	384	515	#
18	0.838783	91	112	153	216	228	356	384	515	#
19	0.838783	67	68	91	113	153	228	384	515	#
20	0.838783	67	68	91	112	153	216	228	384	515	#
21	0.838783	79	80	91	113	228	356	384	515	#
22	0.114645	109	#
23	0.992382	75	124	257	503	#
24	0.954787	132	193	437	491	516	#
25	0.954787	22	194	437	491	516	#
26	0.954787	21	132	194	437	491	516	#
27	0.954787	21	22	193	437	491	516	#
28	0.954787	58	59	132	135	189	193	232	437	498	516	#
29	0.929873	69	235	247	416	517	#
30	0.929873	69	126	235	248	416	517	#
31	0.929873	69	125	233	235	416	517	#
32	0.929873	126	139	201	250	342	452	517	#
33	0.929873	136	235	247	342	376	517	#
34	1.1007	11	22	96	121	406	446	518	#
35	1.1007	11	22	96	120	234	406	446	518	#
36	1.1007	11	21	96	121	132	406	446	518	#
37	1.1007	11	21	96	120	132	234	406	446	518	#
38	1.1007	11	22	31	32	121	406	446	518	#
39	0.305639	176	221	477	#
40	1.05071	3	63	360	519	#
41	1.05071	152	209	296	451	519	#
42	1.05071	63	152	296	510	519	#
43	1.05071	151	164	209	296	451	519	#
44	1.05071	63	64	152	296	451	519	#
45	1.03665	23	169	278	520	#
46	1.03665	166	322	520	#
47	1.03665	134	135	322	520	#
48	0.632557	62	136	267	356	392	#
49	0.634358	23	214	331	#
50	0.792884	87	128	205	345	521	#
51	0.792884	87	127	192	205	345	521	#
52	0.792884	128	206	210	211	345	521	#
53	0.792884	128	205	212	213	345	521	#
54	0.792884	110	171	192	425	468	521	#
55	0.531631	166	495	522	#
56	0.531631	134	135	495	522	#
57	0.934318	155	156	224	225	271	523	#
58	0.934318	71	144	145	156	288	380	523	#
59	0.934318	16	51	144	145	155	156	184	224	263	433	523	#
60	0.934318	15	16	155	156	224	271	523	#
61	0.934318	16	35	51	70	144	145	155	156	184	198	224	249	433	523	#
62	0.848313	54	347	524	#
63	0.848313	53	449	524	#
64	0.626851	181	208	252	270	525	#
65	0.626851	182	208	240	252	270	525	#
66	0.626851	91	154	228	356	438	485	525	#
67	0.626851	67	68	91	154	228	438	485	525	#
68	0.626851	79	91	154	186	228	356	485	525	#
69	0.988105	190	347	476	526	#
70	0.988105	189	197	347	476	526	#
71	0.988105	231	237	347	476	526	#
72	0.988105	122	123	189	347	476	526	#
73	0.988105	161	190	449	476	526	#
74	0.347392	126	153	160	201	250	375	527	#
75	0.347392	67	126	201	228	316	527	#
76	0.885334	110	129	130	172	425	468	528	#
77	0.885334	129	130	172	195	196	205	212	425	528	#
78	0.885334	87	130	205	466	528	#
79	0.885334	110	165	407	468	528	#
80	0.885334	87	129	130	172	195	196	205	213	425	528	#
81	0.657091	145	195	210	211	213	218	230	236	499	529	#
82	0.657091	145	168	210	218	230	236	424	499	529	#
83	0.657091	145	195	205	206	212	218	230	236	499	529	#
84	0.657091	144	210	211	213	325	529	#
85	0.657091	144	205	206	212	325	529	#
86	0.728308	67	112	153	228	384	530	#
87	0.728308	67	79	80	112	228	384	530	#
88	1.07361	69	129	130	165	235	285	509	531	#
89	1.07361	69	129	130	165	235	247	285	493	531	#
90	1.07361	0	1	8	117	487	531	#
91	1.07361	1	8	223	500	531	#
92	1.07361	69	126	129	130	165	235	248	285	493	531	#
93	0.659594	58	59	237	441	532	#
94	0.659594	58	59	190	231	441	532	#
95	0.763082	69	70	178	502	533	#
96	0.763082	11	69	70	96	178	426	533	#
97	0.763082	70	96	136	178	447	463	533	#
98	0.763082	11	31	32	69	70	178	426	533	#
99	0.763082	69	70	96	136	178	376	463	533	#
100	0.772263	8	196	407	534	#
101	0.772263	8	129	130	165	172	196	425	534	#
102	0.772263	33	196	199	227	328	472	534	#
103	0.772263	33	42	110	196	199	328	472	534	#
104	0.772263	23	24	41	169	199	328	499	534	#
105	0.588937	28	136	208	244	254	363	535	#
106	0.588937	28	100	136	208	217	254	363	535	#
107	0.588937	27	28	97	136	208	244	254	535	#
108	1.0451	103	134	241	314	440	503	536	#
109	1.0451	103	135	166	241	314	440	503	536	#
110	1.0451	103	134	159	160	242	250	314	503	536	#
111	1.0451	65	103	134	159	160	241	250	314	503	536	#
112	1.0451	65	103	134	242	314	440	503	536	#
113	0.0191916	112	#
114	0.589309	58	132	193	232	461	537	#
115	0.589309	132	134	193	491	537	#
116	0.589309	22	58	194	232	461	537	#
117	0.589309	22	134	194	491	537	#
118	0.589309	21	58	132	194	232	461	537	#
119	0.586614	402	511	#
120	0.0170235	202	#
121	0.888819	11	96	218	290	538	#
122	0.888819	11	31	32	218	290	538	#
123	1.09971	102	195	213	382	499	539	#
124	1.09971	23	48	49	102	121	169	310	539	#
125	1.09971	23	48	49	102	120	169	234	310	539	#
126	1.09971	29	102	195	211	213	398	499	539	#
127	1.09971	195	223	268	385	499	539	#
128	0.939051	181	412	540	#
129	0.939051	182	240	412	540	#
130	0.939051	54	91	153	154	228	327	356	485	540	#
131	0.939051	54	67	68	91	153	154	228	327	485	540	#
132	0.939051	54	181	185	208	252	270	327	540	#
133	0.879321	83	388	541	#
134	0.879321	84	90	388	541	#
135	0.879321	4	83	131	155	156	339	369	541	#
136	0.879321	4	84	90	131	155	156	339	369	541	#
137	0.987698	49	67	112	153	228	372	384	542	#
138	0.987698	48	67	113	153	223	228	311	384	542	#
139	0.987698	48	67	112	153	216	223	228	311	384	542	#
140	0.987698	12	48	67	153	228	300	406	542	#
141	0.987698	48	67	113	146	153	228	243	311	384	542	#
142	0.780962	162	203	284	543	#
143	0.780962	146	147	203	284	543	#
144	0.780962	162	187	202	284	543	#
145	0.780962	146	147	187	202	284	543	#
146	1.05669	48	70	184	285	311	544	#
147	1.05669	48	159	183	462	544	#
148	1.05669	49	112	159	183	372	375	384	544	#
149	1.05669	48	113	159	183	223	311	375	384	544	#
150	1.05669	48	112	159	183	216	223	311	375	384	544	#
151	1.04973	12	121	155	293	406	545	#
152	1.04973	12	120	155	234	293	406	545	#
153	1.04973	11	121	155	222	293	406	545	#
154	1.04973	11	120	155	222	234	293	406	545	#
155	1.04973	114	155	224	225	377	545	#
156	0.628207	39	40	213	276	546	#
157	0.628207	39	40	87	212	276	546	#
158	0.628207	45	143	195	352	546	#
159	0.756476	126	129	432	493	#
160	0.82515	284	547	#
161	0.82515	147	202	243	349	547	#
162	0.82515	162	202	223	349	547	#
163	0.82515	146	147	202	223	349	547	#
164	0.82515	146	162	202	243	349	547	#
165	1.16678	75	160	221	234	387	462	548	#
166	1.16678	75	160	176	177	221	234	462	548	#
167	1.16678	76	158	160	221	234	387	462	548	#
168	1.16678	76	158	160	176	177	221	234	462	548	#
169	1.16678	75	176	216	221	223	234	311	464	548	#
170	0.566993	106	341	422	549	#
171	0.566993	105	239	341	422	549	#
172	1.03622	467	550	#
173	1.03622	143	309	425	550	#
174	1.03622	62	136	143	238	348	394	550	#
175	1.03622	143	172	238	359	550	#
176	1.03622	116	143	172	235	238	478	509	550	#
177	0.827805	316	351	551	#
178	0.827805	13	104	159	160	250	314	551	#
179	0.827805	13	65	104	314	440	551	#
180	0.827805	13	66	104	201	314	440	551	#
181	0.827805	13	26	62	104	108	109	201	235	248	376	551	#
182	0.894027	83	89	350	552	#
183	0.894027	84	89	90	350	552	#
184	0.39513	130	165	249	482	#
185	0.625334	231	441	553	#
186	0.625334	190	237	441	553	#
187	0.625334	189	197	237	441	553	#
188	0.625334	122	123	189	237	441	553	#
189	1.05823	69	129	130	162	235	285	509	554	#
190	1.05823	69	129	130	162	235	247	285	493	554	#
191	1.05823	69	129	130	146	147	235	285	509	554	#
192	1.05823	69	129	130	146	147	235	247	285	493	554	#
193	1.05823	130	147	249	386	482	554	#
194	0.954335	8	96	139	165	463	469	555	#
195	0.954335	8	31	32	139	165	463	469	555	#
196	0.954335	0	1	96	222	300	375	435	555	#
197	0.954335	1	501	502	555	#
198	0.954335	8	17	96	140	165	463	469	555	#
199	0.955045	66	103	314	440	503	556	#
200	0.955045	103	159	160	201	250	314	503	556	#
201	0.955045	26	62	103	108	109	235	248	376	503	556	#
202	0.955045	26	62	69	103	108	109	235	248	447	503	556	#
203	0.955045	65	103	201	314	440	503	556	#
204	0.880865	29	112	153	372	384	557	#
205	0.880865	29	79	80	112	372	384	557	#
206	0.880865	30	61	112	153	372	384	557	#
207	0.926774	49	479	558	#
208	0.926774	48	49	73	111	121	137	138	157	204	209	303	558	#
209	0.926774	48	49	73	111	120	137	138	157	204	209	234	303	558	#
210	0.926774	48	49	74	107	111	121	137	138	157	204	209	303	558	#
211	0.926774	48	49	63	64	73	111	121	137	138	157	204	303	558	#
212	0.916602	97	283	402	559	#
213	0.916602	97	136	244	254	429	559	#
214	0.289214	48	146	311	560	#
215	0.289214	48	223	243	311	560	#
216	0.289214	48	147	162	311	560	#
217	0.590376	2	89	291	413	561	#
218	0.590376	3	81	89	291	561	#
219	0.590376	2	89	92	191	291	561	#
220	0.590376	3	82	89	215	291	561	#
221	0.223799	65	163	250	387	562	#
222	0.223799	65	163	176	177	250	562	#
223	0.223799	66	163	201	250	387	562	#
224	0.223799	66	163	176	177	201	250	562	#
225	0.959316	38	54	347	563	#
226	0.959316	38	53	449	563	#
227	0.959316	38	53	161	347	563	#
228	0.765184	43	53	227	300	327	564	#
229	0.765184	42	43	53	110	300	327	564	#
230	0.765184	54	175	227	300	327	564	#
231	0.765184	42	54	110	175	300	327	564	#
232	0.677944	87	211	216	362	565	#
233	0.677944	87	112	113	211	362	565	#
234	0.677944	86	87	168	216	362	565	#
235	0.677944	205	206	210	216	362	565	#
236	0.677944	212	223	385	565	#
237	1.10664	15	37	38	132	193	232	381	415	566	#
238	1.10664	15	22	37	38	194	232	381	415	566	#
239	1.10664	37	38	41	106	132	193	199	200	232	415	490	566	#
240	1.10664	37	38	41	105	132	193	199	200	232	239	415	490	566	#
241	1.10664	15	21	37	38	132	194	232	381	415	566	#
242	1.03773	39	127	171	467	567	#
243	1.03773	40	276	345	567	#
244	1.03773	39	128	171	192	467	567	#
245	1.03773	40	106	128	152	167	341	422	510	567	#
246	1.03773	40	105	128	152	167	239	341	422	510	567	#
247	0.935391	28	101	116	143	238	244	357	363	568	#
248	0.935391	28	116	143	217	238	363	470	568	#
249	0.935391	28	114	116	143	217	238	357	363	568	#
250	0.935391	28	100	116	143	238	244	363	470	568	#
251	0.935391	28	100	101	116	143	217	238	357	363	568	#
252	0.868801	143	423	569	#
253	0.868801	122	143	166	238	495	498	569	#
254	0.868801	123	143	166	197	238	495	498	569	#
255	0.868801	123	143	166	189	190	238	495	498	569	#
256	0.868801	122	134	135	143	238	495	498	569	#
257	1.05229	50	391	570	#
258	1.05229	9	10	391	570	#
259	0.866628	168	216	223	234	311	362	571	#
260	0.866628	146	168	216	234	243	311	362	571	#
261	0.866628	29	48	49	168	234	398	571	#
262	0.866628	112	113	168	223	234	311	362	571	#
263	0.866628	86	211	216	223	234	311	362	571	#
264	1.02641	13	236	298	483	572	#
265	1.02641	23	24	41	104	108	109	169	199	200	218	236	292	572	#
266	1.02641	23	24	33	34	104	108	109	169	199	200	218	236	292	572	#
267	1.02641	14	99	236	298	483	572	#
268	1.02641	13	46	218	236	290	405	572	#
269	0.680425	33	199	328	472	573	#
270	0.680425	8	227	407	573	#
271	0.680425	8	42	110	407	573	#
272	0.680425	8	129	130	165	172	227	425	573	#
273	0.680425	8	42	110	129	130	165	172	425	573	#
274	1.16191	11	96	406	446	574	#
275	1.16191	11	31	32	406	446	574	#
276	1.16191	12	96	222	406	446	574	#
277	1.16191	12	31	32	222	406	446	574	#
278	1.16191	113	132	193	223	311	437	491	574	#
279	1.11653	11	32	234	396	406	575	#
280	1.11653	11	31	96	234	396	406	575	#
281	1.11653	28	208	217	234	363	434	575	#
282	1.11653	28	100	208	234	244	363	434	575	#
283	1.11653	28	120	208	217	363	377	575	#
284	1.03869	99	123	245	299	378	576	#
285	1.03869	99	197	246	299	378	576	#
286	1.03869	73	111	157	231	272	448	576	#
287	1.03869	99	189	190	246	299	378	576	#
288	1.03869	99	122	197	245	299	378	576	#
289	1.06999	23	48	49	121	310	577	#
290	1.06999	23	48	49	120	234	310	577	#
291	1.06999	23	24	41	55	106	199	200	494	577	#
292	0.975064	117	207	253	476	578	#
293	0.975064	38	58	59	117	207	253	578	#
294	0.975064	37	59	95	117	207	253	578	#
295	0.975064	117	174	189	207	246	336	578	#
296	0.975064	117	173	189	207	214	246	336	578	#
297	1.08476	160	177	234	462	579	#
298	1.08476	216	223	234	311	464	579	#
299	1.08476	146	216	234	243	311	464	579	#
300	1.08476	112	113	223	234	311	464	579	#
301	1.08476	113	160	177	223	234	311	375	384	579	#
302	1.10285	103	108	109	166	171	400	503	#
303	0.898464	126	129	201	250	387	481	493	580	#
304	0.898464	126	129	176	177	201	250	481	493	580	#
305	0.898464	129	172	176	401	481	580	#
306	0.898464	65	66	126	129	250	387	481	493	580	#
307	0.898464	129	201	248	250	387	481	509	580	#
308	0.822694	151	296	581	#
309	0.822694	152	164	296	581	#
310	0.985299	95	106	199	200	415	490	582	#
311	0.985299	95	105	199	200	239	415	490	582	#
312	0.985299	37	38	58	106	199	200	415	490	582	#
313	0.985299	37	38	58	105	199	200	239	415	490	582	#
314	0.985299	15	41	95	381	415	582	#
315	1.17569	29	49	133	457	583	#
316	1.17569	48	77	158	160	221	387	462	583	#
317	1.17569	48	77	158	160	176	177	221	462	583	#
318	1.17569	49	77	158	176	221	372	464	583	#
319	1.17569	30	49	61	133	457	583	#
320	0.31828	447	584	#
321	0.31828	69	376	584	#
322	0.781	179	241	281	414	585	#
323	0.781	180	187	241	281	414	585	#
324	0.781	65	179	242	281	414	585	#
325	0.781	66	179	201	242	281	414	585	#
326	0.781	65	203	329	366	585	#
327	0.695596	118	504	586	#
328	0.695596	57	119	504	586	#
329	0.525858	164	206	319	489	#
330	0.709327	15	184	433	505	#
331	0.523976	185	198	251	420	587	#
332	0.523976	51	52	185	198	420	587	#
333	0.222048	11	94	96	588	#
334	0.222048	11	31	32	94	588	#
335	0.222048	11	93	96	178	588	#
336	0.629359	214	331	589	#
337	0.629359	173	174	331	589	#
338	0.812652	135	181	459	590	#
339	0.812652	181	458	498	590	#
340	0.812652	135	182	301	590	#
341	0.812652	134	166	181	459	590	#
342	0.812652	135	182	240	459	590	#
343	0.89055	1	286	591	#
344	0.89055	21	240	410	445	591	#
345	0.398414	152	451	592	#
346	0.398414	151	164	451	592	#
347	0.956906	43	53	185	196	227	270	327	593	#
348	0.956906	42	43	53	110	185	196	270	327	593	#
349	0.956906	54	175	185	196	227	270	327	593	#
350	0.956906	42	54	110	175	185	196	270	327	593	#
351	0.956906	15	28	43	101	196	227	244	363	430	593	#
352	1.02277	55	113	243	390	422	594	#
353	1.02277	55	112	216	243	390	422	594	#
354	1.02277	55	113	146	223	390	422	594	#
355	1.02277	55	112	146	216	223	390	422	594	#
356	1.02277	19	20	113	243	390	422	594	#
357	0.0340508	187	#
358	0.627226	42	340	595	#
359	0.627226	110	227	340	595	#
360	0.627226	40	110	195	196	213	276	595	#
361	0.627226	39	110	143	309	595	#
362	0.627226	40	86	110	196	276	424	595	#
363	0.343913	128	241	484	596	#
364	0.343913	127	192	241	484	596	#
365	0.522315	69	259	597	#
366	0.522315	66	69	235	241	248	414	597	#
367	0.522315	69	235	247	273	597	#
368	0.522315	69	201	235	242	248	414	597	#
369	0.522315	65	69	201	235	241	248	414	597	#
370	1.03808	4	5	131	155	156	256	339	598	#
371	1.03808	4	5	155	156	224	225	357	598	#
372	1.03808	4	5	18	155	156	170	256	339	598	#
373	1.03808	31	116	178	238	275	450	598	#
374	1.03808	4	5	116	155	156	238	338	339	598	#
375	0.751318	26	35	62	103	108	109	447	#
376	1.08307	38	51	194	232	307	599	#
377	1.08307	21	38	51	193	232	307	599	#
378	1.08307	22	38	51	132	193	232	307	599	#
379	1.08307	37	38	51	184	194	232	263	415	433	599	#
380	1.08307	21	37	38	51	184	193	232	263	415	433	599	#
381	0.948199	4	5	23	24	155	156	224	225	381	600	#
382	0.948199	4	5	23	24	41	199	279	371	600	#
383	0.948199	4	5	23	24	33	34	199	279	371	600	#
384	0.682861	169	173	331	601	#
385	0.682861	169	174	214	331	601	#
386	0.76703	113	135	437	498	602	#
387	0.76703	112	135	216	437	498	602	#
388	0.76703	113	134	166	437	498	602	#
389	0.76703	112	134	166	216	437	498	602	#
390	0.67623	87	211	216	243	362	603	#
391	0.67623	87	146	211	216	223	362	603	#
392	0.67623	87	112	113	211	243	362	603	#
393	0.67623	146	212	385	603	#
394	0.67623	86	87	168	216	243	362	603	#
395	1.01062	17	170	254	508	604	#
396	1.01062	17	18	131	254	508	604	#
397	1.01062	139	140	170	254	508	604	#
398	1.01062	101	131	224	225	339	508	604	#
399	1.01062	18	131	139	140	254	508	604	#
400	0.992699	38	193	232	347	605	#
401	0.992699	21	38	194	232	347	605	#
402	0.812407	93	152	255	489	606	#
403	0.812407	93	151	164	255	489	606	#
404	0.812407	94	152	178	255	489	606	#
405	0.812407	94	151	164	178	255	489	606	#
406	0.907776	251	307	607	#
407	0.907776	51	52	307	607	#
408	0.131262	56	57	608	#
409	0.131262	56	118	119	608	#
410	1.17845	38	107	132	193	232	346	347	609	#
411	1.17845	22	38	107	194	232	346	347	609	#
412	1.17845	73	111	132	157	193	506	609	#
413	1.17845	21	38	107	132	194	232	346	347	609	#
414	1.17845	21	22	38	107	193	232	346	347	609	#
415	1.04845	9	83	152	199	200	341	471	489	610	#
416	1.04845	9	83	151	164	199	200	341	471	489	610	#
417	1.04845	9	33	42	83	330	471	472	610	#
418	1.04845	9	84	90	152	199	200	341	471	489	610	#
419	1.04845	9	33	83	110	227	330	471	472	610	#
420	0.526509	56	57	147	188	204	277	611	#
421	0.526509	56	57	146	162	188	204	277	611	#
422	0.526509	56	118	119	147	188	204	277	611	#
423	0.526509	56	118	119	146	162	188	204	277	611	#
424	0.526509	56	57	162	188	204	223	243	277	611	#
425	0.642307	66	241	248	297	489	612	#
426	0.642307	201	242	248	297	489	612	#
427	0.642307	65	201	241	248	297	489	612	#
428	0.642307	66	84	241	432	612	#
429	0.642307	66	126	241	247	297	489	612	#
430	0.170186	160	221	387	#
431	0.72773	158	237	317	613	#
432	0.72773	221	476	481	613	#
433	0.72773	158	190	231	317	613	#
434	0.72773	158	189	197	231	317	613	#
435	0.72773	75	76	237	317	613	#
436	1.03249	117	160	201	207	250	432	435	614	#
437	1.03249	65	66	117	160	207	250	432	435	614	#
438	1.03249	0	1	8	117	126	129	130	165	207	432	493	614	#
439	1.03249	66	117	159	207	432	435	440	614	#
440	0.75405	125	126	201	250	387	481	615	#
441	0.75405	125	126	176	177	201	250	481	615	#
442	0.75405	201	233	248	250	387	481	615	#
443	0.75405	176	177	201	233	248	250	481	615	#
444	0.75405	65	66	125	126	250	387	481	615	#
445	0.696385	111	163	261	616	#
446	0.696385	66	111	163	497	616	#
447	0.696385	65	111	163	201	497	616	#
448	0.696385	74	111	163	364	440	616	#
449	0.696385	6	7	163	261	616	#
450	0.850857	74	155	442	617	#
451	0.850857	73	107	155	442	617	#
452	0.850857	73	156	333	617	#
453	0.850857	16	155	224	239	454	490	617	#
454	0.850857	16	105	106	155	224	454	490	617	#
455	0.997004	43	95	227	415	430	618	#
456	0.997004	42	43	95	110	415	430	618	#
457	0.997004	38	58	175	227	347	618	#
458	0.997004	38	42	58	110	175	347	618	#
459	0.997004	38	43	58	227	449	618	#
460	0.489713	17	136	233	235	376	619	#
461	0.489713	125	126	140	201	250	452	619	#
462	0.489713	17	69	136	233	235	447	619	#
463	0.489713	17	125	126	139	201	250	452	619	#
464	0.489713	140	201	233	248	250	452	619	#
465	0.904042	29	112	185	372	384	620	#
466	0.904042	30	61	112	185	372	384	620	#
467	0.904042	29	112	153	372	384	438	620	#
468	0.904042	29	80	112	186	372	384	620	#
469	0.904042	29	79	112	153	186	372	384	620	#
470	0.721932	1	8	110	407	621	#
471	0.721932	1	8	110	129	130	165	172	425	621	#
472	0.721932	1	33	42	199	328	472	621	#
473	0.721932	69	70	368	501	621	#
474	0.721932	1	33	110	199	227	328	472	621	#
475	0.62949	0	1	80	375	435	622	#
476	0.62949	0	1	79	153	375	435	622	#
477	0.62949	8	80	126	129	130	160	165	201	250	375	493	622	#
478	0.62949	0	1	185	186	375	435	622	#
479	0.62949	8	79	126	129	130	153	160	165	201	250	375	493	622	#
480	0.294242	26	62	109	623	#
481	0.294242	25	62	85	109	623	#
482	0.450602	68	76	77	88	133	354	624	#
483	0.450602	68	75	77	88	133	158	354	624	#
484	0.450602	68	78	88	133	226	354	624	#
485	0.450602	2	68	89	92	267	624	#
486	0.450602	67	318	624	#
487	0.8092	99	167	276	483	#
488	0.552176	39	40	86	143	238	276	#
489	0.672295	112	211	362	625	#
490	0.672295	86	112	168	362	625	#
491	0.672295	113	211	216	362	625	#
492	0.672295	87	112	205	206	210	362	625	#
493	0.672295	86	113	168	216	362	625	#
494	0.507332	39	143	238	495	#
495	0.870479	24	41	98	103	108	109	199	200	292	626	#
496	0.870479	24	33	34	98	103	108	109	199	200	292	626	#
497	0.870479	14	24	41	104	108	109	199	200	292	626	#
498	0.870479	14	24	33	34	104	108	109	199	200	292	626	#
499	0.879289	66	116	143	235	238	248	478	627	#
500	0.879289	44	45	66	143	235	248	324	627	#
501	0.879289	65	116	143	201	235	238	248	478	627	#
502	0.879289	44	45	65	143	201	235	248	324	627	#
503	0.879289	66	115	116	143	235	238	248	324	627	#
504	0.34375	202	224	419	#
505	0.87468	51	213	276	325	628	#
506	0.87468	51	144	145	167	230	236	298	628	#
507	0.87468	51	64	144	145	167	204	344	628	#
508	0.87468	51	63	144	145	167	204	209	344	628	#
509	0.87468	33	167	251	294	496	628	#
510	0.591252	2	82	89	291	413	629	#
511	0.591252	3	89	215	291	629	#
512	0.591252	3	81	82	89	291	629	#
513	0.591252	2	81	89	215	291	413	629	#
514	0.591252	2	82	89	92	191	291	629	#
515	1.08548	74	111	157	346	412	630	#
516	1.08548	73	107	111	157	346	412	630	#
517	1.08548	28	137	138	188	204	208	252	264	630	#
518	1.08548	105	111	157	215	252	454	488	630	#
519	1.08548	6	7	74	157	346	412	630	#
520	0.041522	128	#
521	0.207924	128	397	#
522	1.04058	86	87	455	631	#
523	1.04058	86	212	213	455	631	#
524	1.04058	87	168	211	455	631	#
525	1.04058	37	212	306	631	#
526	1.04058	168	205	206	210	455	631	#
527	0.386263	32	222	436	632	#
528	0.386263	11	12	32	436	632	#
529	0.386263	31	96	222	436	632	#
530	0.386263	11	12	31	96	436	632	#
531	0.50347	43	53	185	227	327	633	#
532	0.50347	42	43	53	110	185	327	633	#
533	0.50347	54	175	185	227	327	633	#
534	0.50347	42	54	110	175	185	327	633	#
535	0.840299	73	479	634	#
536	0.840299	74	107	479	634	#
537	0.840299	48	111	121	137	138	157	204	209	303	634	#
538	0.840299	48	111	120	137	138	157	204	209	234	303	634	#
539	0.840299	48	63	64	111	121	137	138	157	204	303	634	#
540	0.361369	151	210	319	#
541	0.716814	15	101	127	244	358	433	635	#
542	0.716814	15	114	127	217	358	433	635	#
543	0.716814	126	171	172	201	316	402	493	635	#
544	0.716814	127	242	316	402	484	635	#
545	0.716814	65	127	241	316	402	484	635	#
546	0.657282	48	49	61	63	121	303	636	#
547	0.657282	48	49	61	63	120	234	303	636	#
548	0.657282	48	49	60	63	102	121	303	636	#
549	0.657282	48	49	60	63	102	120	234	303	636	#
550	0.657282	29	30	48	49	63	121	303	636	#
551	0.830024	113	159	375	384	637	#
552	0.830024	112	159	216	375	384	637	#
553	0.830024	243	277	504	637	#
554	0.830024	70	183	184	223	285	637	#
555	0.830024	146	223	277	504	637	#
556	0.767539	69	70	74	111	157	183	184	364	638	#
557	0.767539	111	157	235	248	497	638	#
558	0.767539	69	70	73	107	111	157	183	184	364	638	#
559	0.767539	111	126	157	235	247	497	638	#
560	0.767539	6	7	69	70	74	157	183	184	364	638	#
561	0.872787	129	138	266	#
562	0.659694	248	421	639	#
563	0.659694	12	160	201	250	300	375	639	#
564	0.659694	235	248	426	639	#
565	0.659694	126	247	421	639	#
566	0.659694	126	235	247	426	639	#
567	0.933728	13	28	208	215	244	308	363	640	#
568	0.933728	13	28	100	208	215	217	308	363	640	#
569	0.933728	13	27	28	97	208	215	244	308	640	#
570	0.933728	81	104	108	293	411	436	640	#
571	0.933728	11	13	32	46	215	396	405	640	#
572	0.468232	65	374	641	#
573	0.468232	66	201	374	641	#
574	0.468232	65	71	144	145	163	288	641	#
575	0.468232	72	126	144	145	201	288	641	#
576	0.468232	36	51	144	145	198	201	235	248	249	641	#
577	0.632053	110	129	130	172	425	#
578	1.16231	10	104	444	642	#
579	1.16231	9	50	104	444	642	#
580	1.16231	13	308	508	642	#
581	1.16231	10	103	124	444	642	#
582	1.16231	10	14	98	103	444	642	#
583	0.792292	103	159	314	643	#
584	0.792292	104	124	159	314	643	#
585	0.792292	14	98	104	159	314	643	#
586	0.920567	125	129	473	493	644	#
587	0.920567	129	233	473	509	644	#
588	0.920567	129	233	247	473	493	644	#
589	0.920567	125	129	247	473	509	644	#
590	0.928237	43	227	343	645	#
591	0.928237	42	43	110	343	645	#
592	0.928237	118	146	161	277	311	460	645	#
593	1.09379	29	176	372	464	646	#
594	1.09379	201	248	250	287	387	646	#
595	1.09379	176	177	201	248	250	287	646	#
596	1.09379	29	112	160	372	375	384	387	646	#
597	1.09379	29	112	160	176	177	372	375	384	646	#
598	0.792235	147	180	202	284	647	#
599	0.792235	147	179	203	284	647	#
600	0.792235	147	179	187	202	284	647	#
601	0.792235	146	162	180	202	284	647	#
602	0.792235	146	162	179	203	284	647	#
603	0.846788	39	123	143	423	648	#
604	0.846788	39	122	143	197	423	648	#
605	0.846788	39	122	143	189	190	423	648	#
606	0.846788	39	122	143	189	231	237	423	648	#
607	0.846788	39	143	166	197	238	495	498	648	#
608	0.512725	105	151	260	341	#
609	0.856783	66	167	241	248	297	510	649	#
610	0.856783	167	201	242	248	297	510	649	#
611	0.856783	65	167	201	241	248	297	510	649	#
612	0.856783	64	66	167	241	248	297	451	649	#
613	0.856783	64	167	201	242	248	297	451	649	#
614	0.787695	26	62	136	139	475	650	#
615	0.787695	17	26	62	136	140	475	650	#
616	0.787695	25	62	85	136	139	475	650	#
617	0.787695	25	154	373	485	650	#
618	0.787695	17	25	62	85	136	140	475	650	#
619	1.09975	56	64	167	188	492	651	#
620	1.09975	56	63	167	188	209	492	651	#
621	1.09975	0	1	63	167	355	651	#
622	1.09975	56	57	64	159	167	188	435	504	651	#
623	1.09975	56	57	63	159	167	188	209	435	504	651	#
624	0.950245	114	377	652	#
625	0.950245	100	101	377	652	#
626	0.950245	101	217	244	377	652	#
627	0.950245	114	121	434	652	#
628	0.950245	114	120	234	434	652	#
629	0.771738	2	25	91	92	267	373	653	#
630	0.771738	26	88	89	305	653	#
631	0.75593	17	18	136	210	429	654	#
632	0.75593	17	131	136	170	210	429	654	#
633	0.75593	87	211	304	654	#
634	0.75593	86	87	168	304	654	#
635	0.75593	205	206	210	304	654	#
636	1.02925	35	37	38	70	132	184	193	232	249	415	433	655	#
637	1.02925	22	35	37	38	70	184	194	232	249	415	433	655	#
638	1.02925	36	37	38	69	70	132	184	193	232	249	415	433	655	#
639	1.02925	21	35	37	38	70	132	184	194	232	249	415	433	655	#
640	1.02925	21	22	35	37	38	70	184	193	232	249	415	433	655	#
641	0.549421	26	35	62	447	656	#
642	0.549421	26	36	62	376	656	#
643	0.549421	26	36	62	69	447	656	#
644	0.549421	26	35	62	69	376	656	#
645	0.549421	25	35	62	85	447	656	#
646	0.866219	147	198	249	386	#
647	0.846628	51	144	145	204	344	657	#
648	0.846628	137	138	204	251	395	496	657	#
649	0.846628	51	52	137	138	204	395	496	657	#
650	0.846628	52	144	145	204	251	344	657	#
651	0.846628	51	64	144	145	230	236	298	657	#
652	1.10041	59	95	122	189	455	658	#
653	1.10041	37	122	189	455	476	658	#
654	1.10041	59	95	123	190	455	658	#
655	1.10041	37	123	190	455	476	658	#
656	1.10041	59	95	122	190	197	455	658	#
657	0.524142	219	367	659	#
658	0.524142	131	220	367	659	#
659	0.524142	18	140	219	452	659	#
660	0.524142	17	18	139	219	452	659	#
661	0.524142	140	170	220	452	659	#
662	0.768387	4	279	371	660	#
663	0.768387	4	91	279	323	660	#
664	0.768387	4	16	106	155	156	200	224	490	660	#
665	0.768387	4	16	105	155	156	200	224	239	490	660	#
666	0.768387	4	106	155	156	200	224	225	431	660	#
667	0.599602	39	40	143	166	238	495	#
668	0.683646	7	248	497	661	#
669	0.683646	7	126	247	497	661	#
670	0.683646	6	111	248	497	661	#
671	0.683646	7	66	248	261	661	#
672	0.683646	7	65	201	248	261	661	#
673	0.893648	11	13	32	46	229	405	450	662	#
674	0.893648	11	14	32	47	229	405	450	662	#
675	0.893648	11	13	31	46	96	229	405	450	662	#
676	0.893648	11	14	32	46	99	229	405	450	662	#
677	0.893648	11	13	32	47	99	229	405	450	662	#
678	1.46491	9	24	41	310	471	663	#
679	1.46491	9	24	33	34	310	471	663	#
680	1.46491	9	63	294	303	471	663	#
681	1.46491	10	100	377	508	663	#
682	1.46491	9	137	138	157	204	209	303	326	663	#
683	0.12453	222	664	#
684	0.12453	11	12	664	#
685	0.858471	61	112	153	372	384	665	#
686	0.858471	60	102	112	153	372	384	665	#
687	0.858471	61	79	80	112	372	384	665	#
688	0.858471	60	113	153	268	384	665	#
689	0.858471	60	112	153	216	268	384	665	#
690	0.47842	233	297	666	#
691	0.47842	125	247	297	666	#
692	0.0992356	96	178	#
693	0.63503	15	35	70	101	184	244	249	433	667	#
694	0.63503	15	36	69	70	101	184	244	249	433	667	#
695	0.63503	15	35	70	114	184	217	249	433	667	#
696	0.63503	15	35	70	100	101	184	217	249	433	667	#
697	0.63503	15	35	70	100	114	184	244	249	433	667	#
698	0.894015	321	668	#
699	0.894015	8	130	165	211	466	668	#
700	0.894015	8	195	196	211	213	407	668	#
701	0.894015	8	86	130	165	168	466	668	#
702	0.894015	8	168	196	407	424	668	#
703	0.200749	39	40	143	238	#
704	0.564043	195	211	213	218	230	236	499	669	#
705	0.564043	168	218	230	236	424	499	669	#
706	0.564043	86	168	195	213	218	230	236	499	669	#
707	0.564043	86	211	218	230	236	424	499	669	#
708	0.564043	87	195	211	212	218	230	236	499	669	#
709	0.683334	62	302	670	#
710	0.683334	136	148	342	670	#
711	0.683334	136	149	486	670	#
712	0.683334	136	148	150	486	670	#
713	0.683334	136	149	150	342	670	#
714	1.02365	16	161	202	224	419	430	671	#
715	1.02365	15	101	161	244	430	511	671	#
716	1.02365	16	43	175	202	224	419	430	671	#
717	0.765459	2	89	291	411	413	672	#
718	0.765459	3	81	89	291	411	672	#
719	0.765459	125	129	130	224	265	493	672	#
720	0.765459	2	89	92	191	291	411	672	#
721	0.35404	171	401	#
722	0.825996	43	150	418	673	#
723	0.825996	150	161	175	418	673	#
724	0.825996	43	148	149	418	673	#
725	1.03311	56	58	59	237	313	441	674	#
726	1.03311	56	58	59	190	231	313	441	674	#
727	1.03311	56	58	59	189	197	231	313	441	674	#
728	1.03311	56	58	59	122	123	189	231	313	441	674	#
729	1.03311	56	58	62	85	136	313	474	674	#
730	0.468471	374	675	#
731	0.468471	71	144	145	163	288	675	#
732	1.14692	64	137	138	157	167	204	262	676	#
733	1.14692	63	137	138	157	167	204	209	262	676	#
734	1.14692	56	64	117	167	188	207	214	492	676	#
735	1.14692	56	64	119	167	173	188	480	676	#
736	1.14692	56	57	64	118	167	173	188	480	676	#
737	0.496233	80	222	300	677	#
738	0.496233	79	153	222	300	677	#
739	0.496233	11	12	80	300	677	#
740	0.496233	11	12	79	153	300	677	#
741	0.496233	185	186	222	300	677	#
742	0.680258	159	160	183	184	221	368	387	678	#
743	0.680258	42	158	465	472	678	#
744	0.680258	159	160	176	177	183	184	221	368	678	#
745	0.680258	110	158	227	465	472	678	#
746	0.680258	34	42	176	221	453	472	678	#
747	1.01691	112	401	464	679	#
748	1.01691	160	177	375	384	401	679	#
749	1.01691	126	160	172	201	250	375	384	493	679	#
750	1.01691	55	171	192	390	422	679	#
751	1.01691	55	127	128	171	390	422	679	#
752	0.75388	39	116	143	238	357	#
753	0.547189	105	151	319	341	680	#
754	0.547189	106	151	239	319	341	680	#
755	0.547189	105	152	164	319	341	680	#
756	0.50809	26	62	447	681	#
757	0.50809	26	62	69	376	681	#
758	0.50809	25	62	85	447	681	#
759	0.50809	25	62	69	85	376	681	#
760	0.0863572	113	223	682	#
761	0.0863572	112	216	223	682	#
762	0.755789	188	248	297	451	683	#
763	0.755789	126	188	247	297	451	683	#
764	0.755789	56	57	66	440	504	683	#
765	0.755789	56	57	159	160	201	250	504	683	#
766	0.755789	56	57	65	201	440	504	683	#
767	0.610596	202	339	419	684	#
768	0.610596	187	203	339	419	684	#
769	0.610596	179	180	203	339	419	684	#
770	0.803588	405	426	685	#
771	0.803588	13	26	46	62	104	108	109	376	685	#
772	0.803588	13	26	46	62	69	104	108	109	447	685	#
773	0.803588	26	47	62	98	103	108	109	376	685	#
774	0.803588	26	47	62	69	98	103	108	109	447	685	#
775	0.810218	80	327	370	686	#
776	0.810218	79	153	327	370	686	#
777	0.259326	234	311	#
778	0.270183	35	70	183	184	249	#
779	0.695293	118	183	504	687	#
780	0.695293	57	119	183	504	687	#
781	0.820915	79	148	228	342	392	688	#
782	0.820915	80	113	148	243	361	384	688	#
783	0.820915	80	112	148	216	243	361	384	688	#
784	0.820915	80	113	146	148	223	361	384	688	#
785	0.820915	80	112	146	148	216	223	361	384	688	#
786	0.811375	59	95	184	237	415	433	689	#
787	0.811375	37	184	237	415	433	476	689	#
788	0.811375	59	95	184	190	231	415	433	689	#
789	0.811375	37	184	190	231	415	433	476	689	#
790	0.811375	15	123	184	231	245	433	505	689	#
791	0.962771	77	158	176	216	221	464	690	#
792	0.962771	77	113	158	160	221	375	384	387	690	#
793	0.962771	77	112	158	160	216	221	375	384	387	690	#
794	0.962771	77	112	113	158	176	221	464	690	#
795	0.962771	77	113	158	160	176	177	221	375	384	690	#
796	0.782843	33	50	227	471	472	691	#
797	0.782843	33	42	50	110	471	472	691	#
798	0.782843	9	10	33	227	471	472	691	#
799	0.782843	9	10	33	42	110	471	472	691	#
800	0.782843	34	41	50	227	471	472	691	#
801	0.972998	24	34	137	379	395	692	#
802	0.972998	24	33	41	137	379	395	692	#
803	0.972998	24	34	43	149	418	472	692	#
804	0.867076	113	121	223	311	384	693	#
805	0.867076	112	121	216	223	311	384	693	#
806	0.867076	12	121	300	406	693	#
807	0.867076	113	120	223	234	311	384	693	#
808	0.867076	112	120	216	223	234	311	384	693	#
809	1.05373	171	176	237	401	476	481	694	#
810	1.05373	171	176	190	231	401	476	481	694	#
811	1.05373	158	171	176	221	317	401	694	#
812	1.05373	171	176	189	197	231	401	476	481	694	#
813	1.05373	59	95	127	237	358	415	433	694	#
814	0.272128	40	64	167	204	695	#
815	0.272128	40	63	167	204	209	695	#
816	0.618449	247	297	489	696	#
817	0.618449	126	248	297	489	696	#
818	0.618449	125	233	297	489	696	#
819	0.618449	84	126	432	696	#
820	0.618449	83	90	126	432	696	#
821	0.825843	36	249	324	697	#
822	0.825843	35	69	249	324	697	#
823	0.825843	36	115	249	478	697	#
824	0.825843	35	69	115	249	478	697	#
825	0.690026	13	104	105	108	109	292	698	#
826	0.690026	13	104	106	108	109	239	292	698	#
827	0.690026	98	99	103	105	108	109	292	698	#
828	0.690026	14	99	104	105	108	109	292	698	#
829	0.690026	13	103	105	108	109	124	292	698	#
830	0.685155	82	158	179	281	413	477	699	#
831	0.685155	2	3	158	179	215	281	477	699	#
832	0.685155	82	158	180	187	281	413	477	699	#
833	0.685155	75	76	82	179	281	413	477	699	#
834	0.685155	81	158	179	215	281	413	477	699	#
835	0.532788	297	#
836	1.05554	75	389	413	477	700	#
837	1.05554	23	169	191	195	213	282	335	499	700	#
838	1.05554	76	158	389	413	477	700	#
839	1.05554	68	191	210	211	267	283	700	#
840	1.05554	110	183	184	195	196	213	368	413	507	700	#
841	0.820712	129	130	172	195	196	425	701	#
842	0.820712	165	195	196	407	701	#
843	0.820712	51	130	198	325	482	701	#
844	0.820712	130	213	466	701	#
845	0.820712	23	129	130	169	195	282	493	499	701	#
846	0.822254	2	151	296	702	#
847	0.822254	2	152	164	296	702	#
848	0.822254	151	200	289	341	702	#
849	0.822254	164	201	221	248	250	297	387	477	702	#
850	0.822254	82	151	208	269	413	702	#
851	0.639839	36	252	259	703	#
852	0.639839	35	69	252	259	703	#
853	0.639839	36	66	235	241	248	252	414	703	#
854	0.639839	36	235	247	252	273	703	#
855	0.639839	36	201	235	242	248	252	414	703	#
856	0.508065	20	431	704	#
857	0.508065	19	55	431	704	#
858	0.508065	15	20	490	704	#
859	0.508065	15	19	55	490	704	#
860	1.05164	103	108	109	214	383	705	#
861	1.05164	103	108	109	173	174	383	705	#
862	1.05164	104	108	109	124	214	383	705	#
863	1.05164	14	98	104	108	109	214	383	705	#
864	1.05164	103	117	159	207	314	435	705	#
865	0.76354	100	113	223	428	706	#
866	0.76354	100	112	216	223	428	706	#
867	0.76354	100	113	146	243	428	706	#
868	0.76354	100	112	146	216	243	428	706	#
869	0.76354	100	113	147	162	243	428	706	#
870	0.836846	28	208	252	417	707	#
871	0.836846	82	252	293	411	436	707	#
872	0.836846	155	156	208	252	293	409	436	707	#
873	0.836846	26	28	62	109	136	208	244	252	254	363	707	#
874	0.836846	26	62	109	136	139	181	475	707	#
875	0.942455	15	53	430	505	#
876	1.02991	8	98	103	427	708	#
877	1.02991	8	14	104	427	708	#
878	0.294138	58	59	194	232	709	#
879	0.294138	21	58	59	193	232	709	#
880	0.294138	22	58	59	132	193	232	709	#
881	0.878192	206	210	216	223	311	362	710	#
882	0.878192	146	206	210	216	243	311	362	710	#
883	0.878192	29	48	49	206	210	398	710	#
884	0.878192	112	113	206	210	223	311	362	710	#
885	0.878192	48	49	206	210	362	372	710	#
886	0.460569	23	66	126	169	241	282	711	#
887	0.460569	23	126	169	201	242	282	711	#
888	0.460569	23	65	126	169	201	241	282	711	#
889	0.825618	188	204	224	280	339	#
890	0.689189	129	172	400	712	#
891	0.689189	26	62	129	235	376	509	712	#
892	0.689189	26	62	129	235	247	376	493	712	#
893	0.689189	26	62	69	129	235	447	509	712	#
894	0.689189	26	62	69	129	235	247	447	493	712	#
895	0.946877	75	176	216	221	223	464	713	#
896	0.946877	76	158	176	216	221	223	464	713	#
897	0.946877	113	153	223	228	354	356	384	713	#
898	0.946877	112	153	216	223	228	354	356	384	713	#
899	0.946877	75	146	176	216	221	243	464	713	#
900	0.925744	37	38	232	239	415	490	714	#
901	0.925744	37	38	105	106	232	415	490	714	#
902	0.925744	58	95	232	239	415	490	714	#
903	0.925744	58	95	105	106	232	415	490	714	#
904	0.925744	15	37	38	232	239	415	431	714	#
905	0.966399	132	240	410	445	715	#
906	0.966399	1	22	286	715	#
907	0.966399	1	21	132	286	715	#
908	0.966399	21	22	240	410	445	715	#
909	0.966399	132	181	182	410	445	715	#
910	1.07476	37	86	455	716	#
911	1.07476	213	306	716	#
912	1.07476	37	168	211	455	716	#
913	1.07476	87	212	306	716	#
914	0.753013	16	43	430	717	#
915	0.753013	16	161	175	430	717	#
916	0.753013	15	43	225	430	717	#
917	0.753013	16	53	54	175	430	717	#
918	0.753013	15	161	175	225	430	717	#
919	0.887171	69	235	248	416	718	#
920	0.887171	69	126	235	247	416	718	#
921	0.887171	139	201	250	342	452	718	#
922	0.789465	202	284	719	#
923	0.789465	187	203	284	719	#
924	0.789465	179	180	203	284	719	#
925	0.789465	147	243	349	719	#
926	0.789465	162	223	349	719	#
927	0.831178	37	38	183	415	433	720	#
928	0.831178	58	95	183	415	433	720	#
929	0.831178	38	159	160	387	481	720	#
930	0.831178	38	159	160	176	177	481	720	#
931	0.831178	38	65	250	387	440	481	720	#
932	1.04301	28	101	115	182	208	244	252	357	363	721	#
933	1.04301	28	115	182	208	217	252	363	470	721	#
934	1.04301	28	114	115	182	208	217	252	357	363	721	#
935	1.04301	28	101	115	181	208	240	244	252	357	363	721	#
936	1.04301	28	100	115	182	208	244	252	363	470	721	#
937	0.579164	54	160	327	375	#
938	0.495878	242	252	414	722	#
939	0.495878	65	241	252	414	722	#
940	0.495878	66	201	241	252	414	722	#
941	1.10184	132	157	193	506	723	#
942	1.10184	365	446	723	#
943	1.10184	22	157	194	506	723	#
944	1.10184	21	132	157	194	506	723	#
945	1.10184	21	22	157	193	506	723	#
946	1.03544	16	43	187	224	419	430	724	#
947	1.03544	16	43	179	180	224	419	430	724	#
948	1.03544	16	43	202	203	224	419	430	724	#
949	1.03544	15	43	101	430	456	724	#
950	1.03544	16	161	175	187	224	419	430	724	#
951	0.546628	15	95	114	415	725	#
952	0.546628	15	95	100	101	415	725	#
953	0.963407	129	130	138	266	726	#
954	0.963407	111	126	129	130	137	157	493	497	726	#
955	0.963407	8	105	111	137	157	165	200	328	454	726	#
956	0.963407	129	130	138	204	297	451	509	726	#
957	0.963407	129	130	138	204	247	297	451	493	726	#
958	0.806076	38	132	193	232	481	727	#
959	0.806076	22	38	194	232	481	727	#
960	0.806076	21	38	132	194	232	481	727	#
961	0.806076	21	22	38	193	232	481	727	#
962	0.806076	82	132	181	221	252	413	445	477	727	#
963	1.03597	80	370	384	728	#
964	1.03597	79	153	370	384	728	#
965	1.03597	113	214	223	443	728	#
966	1.03597	112	214	216	223	443	728	#
967	1.03597	113	207	439	728	#
968	1.02755	12	155	156	234	293	406	729	#
969	1.02755	11	155	156	222	234	293	406	729	#
970	1.02755	12	120	121	155	156	293	406	729	#
971	0.462364	164	167	510	730	#
972	0.462364	64	164	167	451	730	#
973	0.462364	63	164	167	209	451	730	#
974	0.462364	151	152	167	510	730	#
975	0.462364	64	151	152	167	451	730	#
976	0.444088	17	91	154	356	392	731	#
977	0.444088	17	67	68	91	154	392	731	#
978	0.514754	8	126	129	130	165	201	316	493	#
979	0.775378	38	75	221	226	481	732	#
980	0.775378	38	76	158	221	226	481	732	#
981	0.775378	38	77	78	158	221	481	732	#
982	0.775378	38	75	76	77	78	221	481	732	#
983	0.950499	48	227	343	733	#
984	0.950499	42	48	110	343	733	#
985	0.950499	42	48	295	330	733	#
986	0.950499	48	110	227	295	330	733	#
987	0.950499	48	118	146	175	277	311	460	733	#
988	0.859646	126	129	130	160	201	250	300	375	493	734	#
989	0.859646	130	300	420	482	734	#
990	0.859646	65	66	126	129	130	160	250	300	375	493	734	#
991	0.859646	0	1	8	165	300	375	435	734	#
992	0.859646	129	130	160	201	248	250	300	375	509	734	#
993	0.105747	125	126	201	735	#
994	0.105747	201	233	248	735	#
995	0.959119	129	167	297	509	510	736	#
996	0.959119	129	167	247	297	493	510	736	#
997	0.959119	64	129	167	297	451	509	736	#
998	0.959119	64	129	167	247	297	451	493	736	#
999	0.959119	64	129	167	204	266	736	#
1000	0.655785	110	195	196	212	368	737	#
1001	0.655785	87	110	195	196	213	368	737	#
1002	0.655785	205	368	468	737	#
1003	0.655785	42	195	196	212	227	368	737	#
1004	0.655785	86	87	110	196	368	424	737	#
1005	0.767424	39	40	167	218	298	738	#
1006	0.767424	39	40	195	213	276	499	738	#
1007	0.767424	45	143	352	499	738	#
1008	0.767424	39	40	86	276	424	499	738	#
1009	0.767424	39	40	87	195	212	276	499	738	#
1010	0.79308	11	32	46	64	405	483	739	#
1011	0.79308	25	32	109	188	222	313	436	739	#
1012	0.79308	31	39	40	64	143	167	178	275	739	#
1013	0.79308	11	32	46	63	209	405	483	739	#
1014	0.79308	31	39	40	63	143	167	178	209	275	739	#
1015	0.999999	92	223	403	740	#
1016	0.999999	92	146	243	403	740	#
1017	0.999999	92	216	223	274	740	#
1018	0.999999	28	82	191	208	223	393	740	#
1019	0.999999	92	147	162	243	403	740	#
1020	0.433693	62	85	136	392	741	#
1021	0.433693	25	26	62	136	392	741	#
1022	0.248108	58	59	122	189	232	742	#
1023	0.248108	58	59	123	190	232	742	#
1024	1.02853	9	137	157	326	743	#
1025	1.02853	9	33	137	395	471	743	#
1026	1.02853	9	34	41	137	395	471	743	#
1027	1.02853	9	33	74	111	137	157	175	346	471	472	743	#
1028	1.02853	10	50	137	157	326	743	#
1029	0.581027	110	159	183	184	196	368	#
1030	0.695461	160	221	327	375	387	744	#
1031	0.695461	160	176	177	221	327	375	744	#
1032	0.695461	75	153	228	327	354	356	744	#
1033	0.695461	67	68	75	153	228	327	354	744	#
1034	0.695461	43	53	158	465	472	744	#
1035	1.05163	103	134	159	160	177	314	503	745	#
1036	1.05163	103	135	159	160	166	177	314	503	745	#
1037	1.05163	135	176	189	476	481	498	745	#
1038	1.05163	26	62	103	108	109	134	136	139	177	452	503	745	#
1039	1.05163	134	166	176	189	476	481	498	745	#
1040	1.13845	88	89	337	746	#
1041	1.13845	2	39	143	338	339	411	413	746	#
1042	1.13845	3	40	167	360	746	#
1043	1.13845	3	39	81	143	338	339	411	746	#
1044	1.13845	39	88	89	143	238	305	394	746	#
1045	0.842483	106	200	431	505	747	#
1046	0.842483	105	200	239	431	505	747	#
1047	0.842483	15	106	200	490	505	747	#
1048	0.842483	15	105	200	239	490	505	747	#
1049	0.366022	226	228	354	356	#
1050	0.791126	295	489	748	#
1051	0.791126	121	209	303	451	748	#
1052	0.791126	120	209	234	303	451	748	#
1053	0.791126	63	121	303	510	748	#
1054	0.845627	51	144	145	204	344	749	#
1055	0.845627	137	138	204	251	395	496	749	#
1056	0.845627	51	52	137	138	204	395	496	749	#
1057	0.845627	52	144	145	204	251	344	749	#
1058	0.897311	69	233	235	416	750	#
1059	0.897311	69	125	235	247	416	750	#
1060	0.683196	48	49	121	209	303	751	#
1061	0.683196	48	49	120	209	234	303	751	#
1062	0.683196	48	49	63	64	121	303	751	#
1063	0.683196	48	49	63	64	120	234	303	751	#
1064	0.683196	56	57	102	188	243	268	277	751	#
1065	0.788212	479	#
1066	0.824432	237	250	387	476	481	752	#
1067	0.824432	190	231	250	387	476	481	752	#
1068	0.824432	176	177	237	250	476	481	752	#
1069	0.824432	176	177	190	231	250	476	481	752	#
1070	0.824432	158	221	250	317	387	752	#
1071	0.918646	350	753	#
1072	0.918646	88	258	297	489	753	#
1073	0.918646	77	88	133	158	201	221	248	250	297	387	489	753	#
1074	0.918646	77	88	133	158	176	177	201	221	248	250	297	489	753	#
1075	0.826393	79	228	404	754	#
1076	0.826393	79	228	392	486	754	#
1077	0.826393	80	153	228	404	754	#
1078	0.826393	79	150	228	342	392	754	#
1079	0.826393	80	113	150	243	361	384	754	#
1080	0.676688	127	211	345	#
1081	1.21097	164	179	210	319	334	755	#
1082	1.21097	17	18	136	180	210	339	419	429	755	#
1083	1.21097	17	18	136	179	187	210	339	419	429	755	#
1084	1.21097	164	180	187	210	319	334	755	#
1085	1.21097	17	131	136	170	180	210	339	419	429	755	#
1086	0.900163	45	62	136	238	356	392	394	756	#
1087	0.900163	45	62	67	68	136	238	392	394	756	#
1088	0.947802	23	24	122	315	757	#
1089	0.947802	246	381	505	757	#
1090	0.947802	122	245	381	505	757	#
1091	0.947802	23	24	123	197	315	757	#
1092	0.947802	23	24	123	189	190	315	757	#
1093	1.13437	141	188	209	313	320	758	#
1094	1.13437	4	5	155	156	188	209	229	280	339	758	#
1095	1.13437	63	64	141	188	313	320	758	#
1096	1.13437	4	5	63	64	155	156	188	229	280	339	758	#
1097	1.13437	4	5	141	142	155	156	188	209	280	339	758	#
1098	0.54287	199	328	#
1099	1.11728	50	101	245	505	508	759	#
1100	1.11728	9	10	101	245	505	508	759	#
1101	1.11728	50	100	114	245	505	508	759	#
1102	1.11728	9	10	100	114	245	505	508	759	#
1103	1.11728	50	101	122	246	505	508	759	#
1104	0.719871	106	200	408	760	#
1105	0.719871	105	200	239	408	760	#
1106	0.719871	32	55	106	200	353	760	#
1107	0.719871	32	55	105	200	239	353	760	#
1108	0.727253	160	387	481	761	#
1109	0.727253	160	176	177	481	761	#
1110	0.727253	37	159	183	415	433	761	#
1111	0.587665	31	82	396	#
1112	0.863288	176	216	464	762	#
1113	0.863288	113	160	375	384	387	762	#
1114	0.863288	112	160	216	375	384	387	762	#
1115	0.863288	112	113	176	464	762	#
1116	0.863288	113	160	176	177	375	384	762	#
1117	1.21026	202	205	304	339	419	763	#
1118	1.21026	17	18	136	202	206	339	419	429	763	#
1119	1.21026	164	203	206	319	334	763	#
1120	1.21026	164	187	202	206	319	334	763	#
1121	1.21026	206	283	402	511	763	#
1122	0.463814	32	62	136	463	764	#
1123	0.463814	31	62	96	136	463	764	#
1124	1.14805	56	119	141	313	320	765	#
1125	1.14805	56	57	118	141	313	320	765	#
1126	1.14805	4	5	56	119	155	156	229	280	339	765	#
1127	1.14805	4	5	56	57	118	155	156	229	280	339	765	#
1128	1.14805	4	5	56	119	141	142	155	156	280	339	765	#
1129	0.918301	2	3	107	364	507	766	#
1130	0.918301	73	105	454	488	766	#
1131	0.918301	81	107	364	413	507	766	#
1132	0.918301	73	106	239	454	488	766	#
1133	0.918301	74	105	107	454	488	766	#
1134	0.511752	16	239	490	767	#
1135	0.511752	16	105	106	490	767	#
1136	0.511752	225	239	431	767	#
1137	0.511752	105	106	225	431	767	#
1138	0.511752	15	225	239	490	767	#
1139	0.231955	2	75	477	768	#
1140	0.231955	2	76	158	477	768	#
1141	0.700363	96	365	#
1142	0.554	48	49	406	#
1143	0.687075	55	106	200	328	769	#
1144	0.687075	55	105	200	239	328	769	#
1145	0.687075	19	20	106	200	328	769	#
1146	0.687075	19	20	105	200	239	328	769	#
1147	0.687075	8	55	128	130	165	397	422	769	#
1148	0.613517	34	114	381	770	#
1149	0.613517	34	100	101	381	770	#
1150	0.613517	33	41	114	381	770	#
1151	0.613517	33	41	100	101	381	770	#
1152	0.613517	33	106	114	199	200	431	770	#
1153	0.634379	68	126	201	279	316	771	#
1154	0.634379	208	273	409	771	#
1155	0.634379	125	155	156	224	265	771	#
1156	0.634379	71	72	156	380	771	#
1157	0.634379	66	126	156	163	380	771	#
1158	0.773309	30	211	398	#
1159	1.02959	2	68	92	210	267	283	772	#
1160	1.02959	151	210	296	319	772	#
1161	1.02959	2	201	221	248	250	312	387	477	772	#
1162	0.147754	26	62	#
1163	1.20737	134	503	103	108	109	400	171	773	#
1164	1.20737	135	166	503	103	108	109	400	171	773	#
1165	1.20737	134	503	124	104	108	109	400	171	773	#
1166	1.20737	134	503	98	14	104	108	109	400	171	773	#
1167	1.20737	134	503	103	108	109	26	62	136	348	171	773	#
1168	0.817237	42	43	430	15	101	244	97	774	#
1169	0.817237	110	227	43	430	15	101	244	97	774	#
1170	0.817237	42	43	430	15	114	217	97	774	#
1171	0.817237	42	43	430	15	101	100	217	97	774	#
1172	0.817237	42	43	430	15	114	100	244	97	774	#
1173	1.01334	180	419	339	131	256	775	#
1174	1.01334	179	187	419	339	131	256	775	#
1175	1.01334	179	203	202	419	339	131	256	775	#
1176	1.01334	179	456	101	357	775	#
1177	1.01334	180	419	224	225	357	775	#
1178	0.71871	126	497	111	157	776	#
1179	0.71871	247	248	497	111	157	776	#
1180	0.743874	212	195	499	169	23	282	777	#
1181	0.743874	87	213	195	499	169	23	282	777	#
1182	0.743874	212	195	196	110	368	70	69	235	247	777	#
1183	0.743874	87	86	424	499	169	23	282	777	#
1184	0.743874	87	211	312	247	777	#
1185	1.09278	44	115	256	131	339	411	413	2	778	#
1186	1.09278	44	115	357	101	244	363	28	208	82	413	2	778	#
1187	1.09278	44	115	357	101	244	363	28	208	215	3	778	#
1188	1.09278	45	338	339	411	413	2	778	#
1189	1.09278	44	115	470	217	363	28	208	82	413	2	778	#
1190	0.641378	3	2	477	221	176	401	779	#
1191	0.641378	81	413	477	221	176	401	779	#
1192	0.641378	3	89	88	133	77	158	221	176	401	779	#
1193	0.641378	3	89	291	130	129	172	779	#
1194	0.641378	81	191	335	493	172	779	#
1195	0.564474	300	222	96	178	780	#
1196	0.564474	300	222	32	31	178	780	#
1197	0.564474	300	12	11	96	178	780	#
1198	0.564474	300	12	11	32	31	178	780	#
1199	0.564474	300	222	96	94	93	780	#
1200	1.16567	102	29	287	509	781	#
1201	1.16567	102	29	287	247	493	781	#
1202	1.16567	60	30	287	509	781	#
1203	1.16567	60	30	287	247	493	781	#
1204	1.16567	268	223	285	69	235	509	781	#
1205	0.0494605	34	#
1206	0.791876	345	86	782	#
1207	0.791876	345	211	168	782	#
1208	0.791876	127	171	425	196	424	782	#
1209	0.791876	127	171	425	196	195	213	86	782	#
1210	0.791876	128	192	171	425	196	424	782	#
1211	0.872824	163	66	248	297	510	167	783	#
1212	0.872824	163	65	201	248	297	510	167	783	#
1213	0.872824	163	66	248	297	451	64	167	783	#
1214	0.872824	71	72	247	297	510	167	783	#
1215	0.872824	163	65	201	248	297	451	64	167	783	#
1216	0.732131	195	385	146	784	#
1217	0.732131	195	385	223	243	784	#
1218	0.732131	195	385	162	147	784	#
1219	0.732131	195	213	211	362	216	243	784	#
1220	0.732131	424	168	362	216	243	784	#
1221	1.09789	40	167	63	355	785	#
1222	1.09789	40	167	510	152	341	200	328	785	#
1223	1.09789	39	467	172	129	130	165	8	785	#
1224	1.09789	40	167	510	297	509	129	130	165	8	785	#
1225	1.09789	40	167	510	297	247	493	129	130	165	8	785	#
1226	0.930565	38	347	786	#
1227	0.930565	38	449	161	786	#
1228	0.726612	178	31	396	252	182	787	#
1229	0.726612	178	31	396	252	181	240	787	#
1230	0.85474	106	55	494	788	#
1231	0.85474	105	239	55	494	788	#
1232	0.85474	106	55	390	112	372	788	#
1233	0.85474	105	239	55	390	112	372	788	#
1234	0.85474	106	20	19	494	788	#
1235	0.366202	235	36	249	198	251	789	#
1236	0.366202	235	36	249	198	51	52	789	#
1237	0.366202	235	69	35	249	198	251	789	#
1238	0.366202	235	69	35	249	198	51	52	789	#
1239	0.366202	247	72	288	52	789	#
1240	1.01736	69	285	311	790	#
1241	1.01736	426	406	790	#
1242	1.01736	36	386	146	311	790	#
1243	1.01736	69	35	386	146	311	790	#
1244	1.01736	36	386	243	223	311	790	#
1245	0.968555	4	156	380	71	288	144	791	#
1246	0.968555	4	156	155	224	16	433	184	263	51	144	791	#
1247	0.968555	4	156	155	224	16	433	184	70	35	249	198	51	144	791	#
1248	0.968555	4	156	155	224	16	433	184	70	69	36	249	198	51	144	791	#
1249	0.968555	4	156	155	224	225	15	433	184	263	51	144	791	#
1250	1.12266	236	218	169	23	278	792	#
1251	1.12266	236	218	322	166	792	#
1252	1.12266	236	218	322	134	135	792	#
1253	0.776487	387	221	477	413	82	281	180	793	#
1254	0.776487	160	159	183	433	16	224	419	793	#
1255	0.776487	177	176	221	477	413	82	281	180	793	#
1256	0.776487	250	329	366	202	793	#
1257	0.776487	250	316	402	511	202	793	#
1258	0.834515	20	490	16	224	419	202	794	#
1259	0.834515	20	431	101	244	511	794	#
1260	0.552709	221	176	453	24	795	#
1261	0.552709	221	387	250	201	126	282	795	#
1262	0.552709	158	465	34	24	795	#
1263	0.552709	221	176	177	250	201	126	282	795	#
1264	0.552709	221	387	250	65	66	126	282	795	#
1265	0.929695	134	459	181	252	82	796	#
1266	0.929695	134	301	182	252	82	796	#
1267	0.929695	134	459	240	182	252	82	796	#
1268	0.929695	166	135	459	181	252	82	796	#
1269	0.929695	166	498	458	181	252	82	796	#
1270	0.421961	401	171	127	797	#
1271	0.421961	401	171	192	128	797	#
1272	0.421961	177	250	242	484	797	#
1273	0.421961	177	250	65	241	484	797	#
1274	0.421961	177	250	201	66	241	484	797	#
1275	1.12908	205	87	86	455	95	798	#
1276	1.12908	206	429	136	474	798	#
1277	1.12908	206	210	168	455	95	798	#
1278	1.12908	206	210	211	86	455	95	798	#
1279	1.12908	205	212	306	38	58	798	#
1280	0.622742	87	276	40	39	143	238	799	#
1281	0.622742	212	213	276	40	39	143	238	799	#
1282	0.0888909	239	55	800	#
1283	0.0888909	105	106	55	800	#
1284	0.65075	238	143	39	40	276	801	#
1285	0.65075	116	115	44	45	143	39	40	276	801	#
1286	0.905018	21	445	329	65	163	802	#
1287	0.905018	21	445	329	201	66	163	802	#
1288	0.905018	21	445	181	252	414	241	163	802	#
1289	0.905018	194	232	38	481	387	250	65	163	802	#
1290	0.905018	194	232	38	481	176	177	250	65	163	802	#
1291	0.0529591	129	#
1292	0.907502	193	232	58	474	392	228	803	#
1293	0.907502	445	485	154	91	356	228	803	#
1294	0.907502	445	485	154	91	68	67	228	803	#
1295	0.907502	21	194	232	58	474	392	228	803	#
1296	1.07048	56	264	28	208	252	182	804	#
1297	1.07048	56	264	28	208	252	181	240	804	#
1298	1.07048	56	313	85	62	136	139	475	240	804	#
1299	1.07048	56	280	18	140	475	240	804	#
1300	1.07048	56	313	373	154	485	240	804	#
1301	0.581073	265	805	#
1302	0.581073	233	235	69	70	184	433	16	805	#
1303	0.581073	125	247	235	69	70	184	433	16	805	#
1304	0.581073	125	126	66	440	183	433	16	805	#
1305	0.581073	125	126	201	250	160	159	183	433	16	805	#
1306	0.666453	469	165	806	#
1307	0.666453	452	250	201	126	493	129	130	165	806	#
1308	0.666453	452	250	65	66	126	493	129	130	165	806	#
1309	0.666453	452	250	201	248	509	129	130	165	806	#
1310	0.666453	452	250	201	248	247	493	129	130	165	806	#
1311	0.747644	510	297	233	807	#
1312	0.747644	64	451	297	233	807	#
1313	0.747644	63	209	451	297	233	807	#
1314	0.747644	510	297	247	125	807	#
1315	0.747644	64	451	297	247	125	807	#
1316	0.701975	432	126	493	#
1317	0.20033	235	247	72	808	#
1318	0.20033	235	248	126	72	808	#
1319	0.20033	235	233	125	72	808	#
1320	0.0833457	230	#
1321	0.903933	266	129	130	165	#
1322	1.09788	161	430	16	224	155	156	4	5	142	809	#
1323	1.09788	161	430	16	224	155	156	4	5	229	141	809	#
1324	1.09788	175	43	430	16	224	155	156	4	5	142	809	#
1325	1.09788	175	43	430	16	224	155	156	4	5	229	141	809	#
1326	1.09788	54	53	430	16	224	155	156	4	5	142	809	#
1327	0.76077	175	472	33	199	328	1	810	#
1328	0.76077	161	43	472	33	199	328	1	810	#
1329	1.15958	48	406	11	32	396	215	811	#
1330	1.15958	48	406	12	293	411	81	811	#
1331	1.15958	48	406	11	96	31	396	215	811	#
1332	1.15958	48	406	11	32	396	82	81	811	#
1333	1.15958	48	434	217	363	28	208	215	811	#
1334	0.21548	122	189	59	58	812	#
1335	0.21548	123	190	59	58	812	#
1336	0.21548	122	197	190	59	58	812	#
1337	0.21548	123	197	189	59	58	812	#
1338	0.21548	123	231	237	59	58	812	#
1339	0.953813	434	234	813	#
1340	0.953813	377	120	813	#
1341	0.953813	377	121	234	813	#
1342	0.953813	434	121	120	813	#
1343	0.953813	100	428	113	223	311	234	813	#
1344	0.817624	44	45	423	123	814	#
1345	0.817624	115	116	238	423	123	814	#
1346	0.817624	44	45	423	122	197	814	#
1347	0.817624	44	45	423	122	189	190	814	#
1348	0.817624	115	116	495	166	498	197	814	#
1349	0.967499	135	437	112	362	210	206	#
1350	0.317524	111	157	137	138	204	209	#
1351	0.748013	137	395	496	815	#
1352	0.748013	137	157	111	74	346	175	472	496	815	#
1353	0.748013	138	344	145	144	52	815	#
1354	0.748013	137	157	111	73	107	346	175	472	496	815	#
1355	0.748013	137	157	111	74	346	161	43	472	496	815	#
1356	0.968798	252	82	411	339	131	369	816	#
1357	0.968798	252	208	409	156	155	339	131	369	816	#
1358	0.968798	252	208	269	152	489	83	816	#
1359	0.968798	252	208	409	4	388	816	#
1360	0.968798	181	475	140	170	369	816	#
1361	0.878278	212	195	196	407	8	817	#
1362	0.878278	212	195	196	425	172	129	130	165	8	817	#
1363	0.878278	87	466	130	165	8	817	#
1364	0.878278	87	213	195	196	407	8	817	#
1365	0.878278	212	195	196	227	472	33	199	328	817	#
1366	0.807782	273	282	23	169	818	#
1367	0.807782	82	191	335	282	23	169	818	#
1368	0.807782	414	241	66	126	282	23	169	818	#
1369	0.807782	414	242	201	126	282	23	169	818	#
1370	0.807782	414	241	65	201	126	282	23	169	818	#
1371	0.794762	416	70	#
1372	0.463363	356	267	92	819	#
1373	0.463363	67	68	267	92	819	#
1374	0.463363	356	267	191	413	819	#
1375	0.463363	67	68	267	191	413	819	#
1376	0.463363	356	354	75	477	819	#
1377	0.22732	199	200	106	20	820	#
1378	0.22732	199	200	105	239	20	820	#
1379	1.06638	104	108	109	383	821	#
1380	1.06638	124	103	108	109	383	821	#
1381	1.06638	14	98	103	108	109	383	821	#
1382	1.06638	13	99	98	103	108	109	383	821	#
1383	1.06638	104	314	159	435	117	207	214	821	#
1384	1.07571	195	196	227	175	412	182	822	#
1385	1.07571	195	196	110	42	175	412	182	822	#
1386	1.07571	195	196	227	175	412	181	240	822	#
1387	1.07571	195	196	110	42	175	412	181	240	822	#
1388	1.07571	195	196	227	43	161	412	182	822	#
1389	0.634215	113	384	153	823	#
1390	0.634215	216	112	384	153	823	#
1391	0.634215	113	384	80	79	823	#
1392	0.634215	216	112	384	80	79	823	#
1393	1.09878	419	442	74	7	824	#
1394	1.09878	419	442	107	73	7	824	#
1395	1.09878	419	442	74	111	6	824	#
1396	1.09878	419	442	107	73	111	6	824	#
1397	0.603433	80	375	435	0	825	#
1398	0.603433	79	153	375	435	0	825	#
1399	0.603433	186	185	375	435	0	825	#
1400	0.603433	370	207	117	0	825	#
1401	0.674076	250	452	139	463	826	#
1402	0.674076	250	160	375	300	222	826	#
1403	0.674076	250	160	375	300	12	11	826	#
1404	0.674076	250	452	140	17	463	826	#
1405	0.674076	201	248	421	11	826	#
1406	1.05427	310	24	41	827	#
1407	1.05427	310	24	34	33	827	#
1408	1.05427	303	63	294	827	#
1409	1.05427	303	209	204	138	137	395	33	827	#
1410	1.05427	303	209	451	152	341	200	199	827	#
1411	0.498326	221	387	452	139	828	#
1412	0.498326	221	176	177	452	139	828	#
1413	0.498326	75	354	356	392	828	#
1414	0.498326	75	354	68	67	392	828	#
1415	0.498326	158	76	354	356	392	828	#
1416	0.862696	195	499	169	331	214	#
1417	0.742067	251	496	395	829	#
1418	0.742067	51	52	496	395	829	#
1419	0.744974	230	145	144	51	263	184	433	830	#
1420	0.744974	236	218	169	23	24	381	15	830	#
1421	0.579886	498	189	59	58	232	194	831	#
1422	0.579886	135	491	194	831	#
1423	0.579886	498	189	59	58	232	193	21	831	#
1424	0.579886	135	491	193	21	831	#
1425	0.579886	166	461	58	232	194	831	#
1426	0.651534	400	172	832	#
1427	0.651534	26	62	376	235	509	832	#
1428	0.651534	26	62	376	235	247	493	832	#
1429	0.651534	26	62	447	69	235	509	832	#
1430	0.651534	26	62	447	69	235	247	493	832	#
1431	0.903498	347	175	227	833	#
1432	0.903498	347	175	42	110	833	#
1433	0.903498	449	43	227	833	#
1434	0.903498	449	43	42	110	833	#
1435	0.903498	347	161	43	227	833	#
1436	1.01173	50	326	157	137	834	#
1437	1.01173	50	471	33	395	137	834	#
1438	1.01173	10	9	326	157	137	834	#
1439	1.01173	10	9	471	33	395	137	834	#
1440	0.854865	250	160	375	384	112	835	#
1441	0.854865	65	440	159	375	384	112	835	#
1442	0.854865	316	67	228	153	384	112	835	#
1443	0.854865	250	177	464	835	#
1444	0.854865	201	66	440	159	375	384	112	835	#
1445	1.03389	189	476	307	51	836	#
1446	1.03389	197	190	476	307	51	836	#
1447	1.03389	189	59	95	415	433	184	263	51	836	#
1448	1.03389	189	476	37	415	433	184	263	51	836	#
1449	1.03389	246	505	15	433	184	263	51	836	#
1450	0.80201	235	376	62	26	109	108	103	837	#
1451	0.80201	235	69	447	62	26	109	108	103	837	#
1452	0.845552	429	136	254	100	#
1453	0.921906	111	74	442	155	156	4	838	#
1454	0.921906	111	73	333	4	838	#
1455	0.921906	111	73	107	442	155	156	4	838	#
1456	0.921906	111	74	107	333	4	838	#
1457	0.921906	6	7	74	442	155	156	4	838	#
1458	1.04333	156	155	224	16	430	43	227	196	195	839	#
1459	1.04333	156	155	224	16	430	43	42	110	196	195	839	#
1460	1.04333	156	155	339	304	212	839	#
1461	1.04333	156	155	339	304	87	213	839	#
1462	1.04333	156	155	224	16	430	161	175	227	196	195	839	#
1463	0.797729	183	314	104	13	840	#
1464	0.797729	183	314	103	98	99	840	#
1465	0.797729	183	314	104	14	99	840	#
1466	0.797729	183	314	103	124	13	840	#
1467	0.797729	184	70	447	62	26	109	108	104	13	840	#
1468	0.703036	204	344	145	144	#
1469	0.686251	39	340	175	841	#
1470	0.686251	143	309	227	175	841	#
1471	0.686251	143	309	110	42	175	841	#
1472	0.686251	39	340	43	161	841	#
1473	0.686251	143	309	227	43	161	841	#
1474	0.819164	189	122	423	45	44	842	#
1475	0.819164	189	498	166	495	116	115	842	#
1476	0.819164	189	122	423	238	116	115	842	#
1477	0.819164	190	123	423	45	44	842	#
1478	0.819164	190	123	423	238	116	115	842	#
1479	1.20298	439	268	102	843	#
1480	1.20298	487	223	268	102	843	#
1481	1.20298	487	311	48	49	843	#
1482	1.20298	487	146	243	268	102	843	#
1483	1.20298	439	216	372	843	#
1484	0.9104	225	101	254	486	844	#
1485	0.9104	224	339	18	17	486	844	#
1486	0.9104	225	114	100	254	486	844	#
1487	0.9104	224	339	131	170	17	486	844	#
1488	0.069736	175	#
1489	0.302659	155	419	#
1490	0.182237	241	66	248	235	69	845	#
1491	0.182237	242	201	248	235	69	845	#
1492	0.182237	241	65	201	248	235	69	845	#
1493	0.319296	468	846	#
1494	0.319296	205	212	195	196	110	846	#
1495	0.319296	205	87	213	195	196	110	846	#
1496	0.505383	406	234	#
1497	0.800085	294	33	496	847	#
1498	0.800085	64	204	138	137	395	496	847	#
1499	0.800085	63	209	204	138	137	395	496	847	#
1500	0.800085	294	41	34	496	847	#
1501	0.800085	298	236	230	145	144	52	847	#
1502	1.20276	268	403	92	848	#
1503	1.20276	102	372	274	92	848	#
1504	1.20276	268	216	274	92	848	#
1505	1.20276	102	49	48	406	12	293	411	191	848	#
1506	1.20276	268	393	28	208	82	191	848	#
1507	0.0457351	226	#
1508	0.890312	419	224	16	490	106	200	849	#
1509	0.890312	419	224	16	490	239	105	200	849	#
1510	0.890312	419	224	225	431	106	200	849	#
1511	0.890312	419	224	225	431	239	105	200	849	#
1512	0.890312	202	511	244	101	431	106	200	849	#
1513	1.08022	338	339	411	413	2	850	#
1514	1.08022	338	339	411	81	3	850	#
1515	1.08022	238	394	305	88	89	850	#
1516	1.08022	338	339	411	191	92	2	850	#
1517	1.08022	238	116	256	131	339	411	413	2	850	#
1518	0.889427	357	101	244	363	28	208	851	#
1519	0.889427	470	217	363	28	208	851	#
1520	0.889427	357	114	217	363	28	208	851	#
1521	0.889427	470	100	244	363	28	208	851	#
1522	0.889427	357	101	100	217	363	28	208	851	#
1523	0.69898	180	419	339	18	17	136	852	#
1524	0.69898	179	187	419	339	18	17	136	852	#
1525	0.69898	180	419	339	131	170	17	136	852	#
1526	0.69898	179	456	254	136	852	#
1527	0.69898	179	187	419	339	131	170	17	136	852	#
1528	0.784317	108	109	25	373	154	853	#
1529	0.784317	108	109	26	62	136	392	356	91	154	853	#
1530	0.784317	108	109	26	62	136	392	67	68	91	154	853	#
1531	0.784317	108	109	26	85	373	154	853	#
1532	0.667698	263	184	183	507	854	#
1533	0.667698	198	249	36	235	248	201	250	387	221	477	854	#
1534	0.667698	198	249	35	70	184	183	507	854	#
1535	0.667698	198	249	36	235	248	201	250	177	176	221	477	854	#
1536	0.667698	198	249	35	69	235	248	201	250	387	221	477	854	#
1537	0.931049	47	299	107	346	175	227	855	#
1538	0.931049	47	299	107	346	175	42	110	855	#
1539	0.931049	46	99	299	107	346	175	227	855	#
1540	0.931049	46	99	299	107	346	175	42	110	855	#
1541	0.931049	47	299	107	346	161	43	227	855	#
1542	0.785241	233	235	502	178	856	#
1543	0.785241	233	421	11	96	178	856	#
1544	0.785241	125	247	235	502	178	856	#
1545	0.785241	233	235	426	11	96	178	856	#
1546	0.785241	233	421	11	32	31	178	856	#
1547	0.893858	278	23	169	218	#
1548	0.968881	200	106	55	494	61	857	#
1549	0.968881	200	105	239	55	494	61	857	#
1550	0.968881	200	106	55	390	112	372	61	857	#
1551	0.968881	200	105	239	55	390	112	372	61	857	#
1552	0.968881	200	106	55	494	102	60	857	#
1553	1.01695	456	101	381	24	23	169	858	#
1554	1.01695	187	419	224	225	381	24	23	169	858	#
1555	1.01695	456	100	114	381	24	23	169	858	#
1556	1.01695	203	511	244	101	381	24	23	169	858	#
1557	1.01695	179	180	419	224	225	381	24	23	169	858	#
1558	1.01141	214	443	859	#
1559	1.01141	207	487	859	#
1560	1.01141	207	439	223	859	#
1561	1.01141	174	173	443	859	#
1562	1.01141	207	439	243	146	859	#
1563	0.125675	440	#
1564	0.953026	112	390	55	106	200	199	33	496	860	#
1565	0.953026	112	390	55	239	105	200	199	33	496	860	#
1566	0.953026	112	384	420	198	251	860	#
1567	0.953026	112	384	420	198	51	52	860	#
1568	0.953026	112	390	19	20	106	200	199	33	496	860	#
1569	0.438591	507	2	861	#
1570	0.438591	159	160	387	221	477	2	861	#
1571	0.438591	159	160	177	176	221	477	2	861	#
1572	0.874079	148	342	139	452	#
1573	0.780642	344	204	188	56	119	862	#
1574	0.780642	344	204	188	56	57	118	862	#
1575	1.03532	310	24	34	863	#
1576	1.03532	310	24	41	33	863	#
1577	1.03532	303	209	204	138	137	395	863	#
1578	1.03532	303	63	294	33	863	#
1579	1.03532	303	63	64	204	138	137	395	863	#
1580	0.980779	435	375	300	222	96	178	864	#
1581	0.980779	435	375	300	222	32	31	178	864	#
1582	0.980779	435	375	300	12	11	96	178	864	#
1583	0.980779	435	375	300	12	11	32	31	178	864	#
1584	0.980779	435	160	452	139	463	96	178	864	#
1585	0.571356	82	252	181	445	21	865	#
1586	0.571356	82	252	182	240	445	21	865	#
1587	0.571356	82	252	181	445	132	22	865	#
1588	0.571356	82	252	182	240	445	132	22	865	#
1589	0.571356	81	215	252	181	445	21	865	#
1590	0.419324	53	327	866	#
1591	0.419324	161	54	327	866	#
1592	0.447369	213	195	499	169	23	867	#
1593	0.447369	86	424	499	169	23	867	#
1594	0.447369	87	212	195	499	169	23	867	#
1595	0.555535	183	364	74	868	#
1596	0.555535	183	364	107	73	868	#
1597	0.0531056	148	#
1598	0.957492	441	313	869	#
1599	0.957492	231	123	245	378	483	64	188	869	#
1600	0.957492	231	197	246	378	483	64	188	869	#
1601	0.957492	231	123	245	378	483	63	209	188	869	#
1602	0.957492	237	189	246	378	483	64	188	869	#
1603	0.545378	106	341	152	510	870	#
1604	0.545378	239	105	341	152	510	870	#
1605	0.545378	106	341	152	451	64	870	#
1606	0.545378	239	105	341	152	451	64	870	#
1607	0.545378	106	341	152	451	209	63	870	#
1608	0.690433	5	4	279	356	871	#
1609	0.690433	5	4	279	68	67	871	#
1610	0.931391	375	384	112	372	#
1611	0.872488	101	254	342	872	#
1612	0.872488	114	100	254	342	872	#
1613	0.872488	101	254	486	150	872	#
1614	0.872488	114	100	254	486	150	872	#
1615	0.872488	114	217	244	254	342	872	#
1616	1.07917	188	280	339	419	202	873	#
1617	1.07917	188	280	339	419	187	203	873	#
1618	1.07917	188	280	339	419	180	179	203	873	#
1619	1.07917	451	334	203	873	#
1620	1.07917	451	334	187	202	873	#
1621	0.684165	191	82	252	181	445	193	232	#
1622	1.0382	448	330	874	#
1623	1.0382	237	476	347	175	42	874	#
1624	1.0382	231	190	476	347	175	42	874	#
1625	1.0382	237	476	449	43	42	874	#
1626	1.0382	237	476	347	175	227	110	874	#
1627	0.647987	110	368	184	183	159	160	387	875	#
1628	0.647987	110	368	184	183	159	160	177	176	875	#
1629	0.647987	227	472	34	453	176	875	#
1630	0.647987	110	42	472	34	453	176	875	#
1631	0.647987	110	368	70	69	235	248	201	250	387	875	#
1632	0.727722	421	247	72	876	#
1633	0.727722	426	235	247	72	876	#
1634	0.727722	421	248	126	72	876	#
1635	0.727722	421	233	125	72	876	#
1636	0.727722	421	248	66	163	71	876	#
1637	1.24546	457	29	49	48	121	877	#
1638	1.24546	457	29	49	48	234	120	877	#
1639	1.24546	457	30	61	49	48	121	877	#
1640	1.24546	457	30	61	49	48	234	120	877	#
1641	1.24546	457	30	60	102	49	48	121	877	#
1642	0.675991	118	504	440	#
1643	0.650605	111	497	878	#
1644	0.650605	6	7	497	878	#
1645	0.650605	111	261	66	878	#
1646	0.650605	111	261	65	201	878	#
1647	0.650605	111	74	364	440	66	878	#
1648	0.806649	471	33	472	879	#
1649	0.806649	471	41	34	472	879	#
1650	0.818221	49	29	398	210	880	#
1651	0.818221	49	372	362	210	880	#
1652	0.818221	48	311	223	216	362	210	880	#
1653	0.681203	213	211	362	112	881	#
1654	0.681203	213	86	168	362	112	881	#
1655	0.681203	212	87	211	362	112	881	#
1656	0.681203	212	87	86	168	362	112	881	#
1657	0.681203	212	205	206	210	362	112	881	#
1658	0.52506	243	277	57	56	188	204	138	#
1659	0.759161	503	461	58	232	193	132	882	#
1660	0.759161	503	134	491	193	132	882	#
1661	0.759161	503	461	58	232	194	22	882	#
1662	0.759161	503	134	491	194	22	882	#
1663	0.759161	503	461	58	232	194	21	132	882	#
1664	0.687903	219	338	883	#
1665	0.687903	220	131	338	883	#
1666	0.687903	220	256	116	238	883	#
1667	0.687903	219	131	256	116	238	883	#
1668	0.687903	220	256	115	44	45	883	#
1669	0.906751	227	175	412	884	#
1670	0.906751	110	42	175	412	884	#
1671	0.906751	227	43	161	412	884	#
1672	0.906751	110	42	43	161	412	884	#
1673	0.906751	110	368	70	69	259	252	884	#
1674	1.26868	223	113	428	508	885	#
1675	1.26868	223	216	112	428	508	885	#
1676	0.841636	46	351	316	886	#
1677	0.841636	405	12	300	375	160	250	886	#
1678	0.841636	405	421	248	201	886	#
1679	0.841636	405	426	235	248	201	886	#
1680	0.841636	405	421	247	126	201	886	#
1681	0.808173	419	224	16	433	183	159	887	#
1682	0.808173	419	224	225	15	433	183	159	887	#
1683	0.808173	202	511	244	101	15	433	183	159	887	#
1684	0.808173	180	281	82	413	477	221	387	160	887	#
1685	0.808173	180	281	82	413	477	221	176	177	160	887	#
1686	0.742705	178	31	396	215	888	#
1687	0.742705	178	31	396	82	81	888	#
1688	0.742705	178	96	32	396	215	888	#
1689	0.742705	93	94	31	396	215	888	#
1690	0.742705	178	96	32	396	82	81	888	#
1691	0.720138	70	69	502	178	#
1692	0.497304	218	169	23	282	247	235	69	889	#
1693	0.497304	236	230	145	144	51	198	249	35	889	#
1694	0.683297	249	35	70	184	433	16	890	#
1695	0.683297	249	36	69	70	184	433	16	890	#
1696	0.683297	249	35	70	184	433	15	225	890	#
1697	0.683297	249	36	69	70	184	433	15	225	890	#
1698	0.683297	249	36	235	233	265	890	#
1699	0.815326	218	169	331	214	891	#
1700	0.815326	218	169	331	173	174	891	#
1701	1.07645	147	243	500	1	892	#
1702	1.07645	162	487	117	0	1	892	#
1703	1.07645	147	146	487	117	0	1	892	#
1704	1.07645	162	223	500	1	892	#
1705	1.07645	147	146	223	500	1	892	#
1706	0.593384	275	#
1707	0.80099	382	893	#
1708	0.80099	29	398	211	893	#
1709	0.80099	372	362	211	893	#
1710	0.80099	29	398	168	86	893	#
1711	0.80099	372	362	168	86	893	#
1712	1.38062	326	157	137	379	894	#
1713	1.38062	471	33	395	137	379	894	#
1714	1.38062	471	41	34	395	137	379	894	#
1715	1.38062	471	33	472	43	418	149	894	#
1716	1.38062	471	33	472	43	418	150	148	894	#
1717	0.975773	202	284	162	311	48	895	#
1718	0.975773	202	284	147	146	311	48	895	#
1719	0.615729	112	384	153	896	#
1720	0.615729	112	384	80	79	896	#
1721	0.864074	99	483	167	276	211	#
1722	1.15201	88	337	897	#
1723	1.15201	88	305	394	238	143	39	897	#
1724	1.15201	88	258	297	510	167	40	897	#
1725	1.15201	88	258	297	451	64	167	40	897	#
1726	1.15201	318	392	136	62	394	238	143	39	897	#
1727	1.03754	156	155	339	18	17	136	429	898	#
1728	1.03754	156	155	339	131	170	17	136	429	898	#
1729	1.03754	279	68	283	898	#
1730	1.03754	409	269	151	319	898	#
1731	1.03754	156	155	339	304	205	206	898	#
1732	0.123256	130	165	8	#
1733	0.958061	241	66	248	235	69	416	148	899	#
1734	0.958061	242	201	248	235	69	416	148	899	#
1735	0.958061	241	65	201	248	235	69	416	148	899	#
1736	0.958061	241	66	248	235	376	62	302	899	#
1737	0.958061	241	66	248	235	69	447	62	302	899	#
1738	0.531816	36	235	247	335	900	#
1739	0.531816	35	69	235	247	335	900	#
1740	0.531816	36	235	248	126	335	900	#
1741	0.531816	36	235	233	125	335	900	#
1742	0.531816	35	69	235	248	126	335	900	#
1743	0.500081	42	368	70	69	901	#
1744	0.500081	227	110	368	70	69	901	#
1745	0.951004	252	208	28	363	244	101	357	902	#
1746	0.951004	252	208	28	363	217	470	902	#
1747	0.951004	252	208	28	363	217	114	357	902	#
1748	0.951004	252	208	28	363	244	100	470	902	#
1749	0.951004	252	208	28	363	217	100	101	357	902	#
1750	0.994324	251	263	184	433	415	95	903	#
1751	0.994324	52	51	263	184	433	415	95	903	#
1752	0.994324	251	307	38	58	903	#
1753	0.994324	251	198	249	35	70	184	433	415	95	903	#
1754	0.994324	52	51	307	38	58	903	#
1755	0.487641	254	136	62	#
1756	0.920041	94	96	222	300	420	198	51	904	#
1757	0.920041	94	502	36	249	198	51	904	#
1758	0.920041	94	31	32	222	300	420	198	51	904	#
1759	0.920041	94	96	11	12	300	420	198	51	904	#
1760	0.920041	94	502	69	35	249	198	51	904	#
1761	1.07417	193	232	38	37	415	490	106	200	199	33	905	#
1762	1.07417	193	232	38	37	415	490	239	105	200	199	33	905	#
1763	1.07417	21	194	232	38	37	415	490	106	200	199	33	905	#
1764	1.07417	21	194	232	38	37	415	490	239	105	200	199	33	905	#
1765	1.07417	193	232	58	95	415	490	106	200	199	33	905	#
1766	0.84495	431	505	245	123	231	906	#
1767	0.84495	490	415	95	59	237	906	#
1768	0.84495	490	415	37	476	237	906	#
1769	0.84495	431	505	246	197	231	906	#
1770	0.84495	490	415	95	59	190	231	906	#
1771	0.418365	373	#
1772	0.9138	378	483	64	204	907	#
1773	0.9138	378	483	63	209	204	907	#
1774	0.65412	200	106	490	16	224	908	#
1775	0.65412	200	105	239	490	16	224	908	#
1776	0.65412	200	106	431	225	224	908	#
1777	0.65412	200	105	239	431	225	224	908	#
1778	0.65412	200	106	490	15	225	224	908	#
1779	0.923705	207	117	0	1	328	200	341	151	909	#
1780	0.923705	207	117	0	1	328	200	341	152	164	909	#
1781	0.923705	207	117	0	501	235	297	164	909	#
1782	0.923705	207	117	435	160	250	201	248	297	164	909	#
1783	0.923705	207	117	0	1	8	165	130	129	509	297	164	909	#
1784	0.955891	50	471	33	472	175	346	107	910	#
1785	0.955891	10	9	471	33	472	175	346	107	910	#
1786	0.955891	50	471	33	472	43	161	346	107	910	#
1787	0.955891	50	326	111	73	910	#
1788	0.955891	50	471	33	472	175	346	74	73	910	#
1789	0.965648	67	228	153	384	113	223	311	911	#
1790	0.965648	67	228	153	384	112	216	223	311	911	#
1791	0.965648	67	228	153	300	12	406	911	#
1792	0.965648	67	228	153	384	113	243	146	311	911	#
1793	0.965648	67	228	153	384	112	216	243	146	311	911	#
1794	0.813469	209	188	313	373	154	#
1795	1.02587	132	193	232	38	449	912	#
1796	1.02587	22	194	232	38	449	912	#
1797	1.02587	132	21	194	232	38	449	912	#
1798	1.02587	22	21	193	232	38	449	912	#
1799	1.02587	132	193	232	38	347	161	912	#
1800	0.857596	213	382	102	913	#
1801	0.857596	213	211	398	29	102	913	#
1802	0.857596	385	223	268	913	#
1803	0.857596	213	211	362	372	102	913	#
1804	0.857596	213	211	398	30	60	913	#
1805	0.223064	160	250	65	163	71	914	#
1806	0.223064	160	250	201	126	72	914	#
1807	0.223064	160	250	201	66	163	71	914	#
1808	0.223064	159	440	163	71	914	#
1809	1.03025	173	443	915	#
1810	1.03025	174	214	443	915	#
1811	1.03025	174	207	487	915	#
1812	1.03025	173	214	207	487	915	#
1813	0.824173	10	508	101	225	916	#
1814	0.824173	9	50	508	101	225	916	#
1815	0.824173	10	508	100	114	225	916	#
1816	0.824173	9	50	508	100	114	225	916	#
1817	0.824173	10	508	101	15	16	916	#
1818	0.570444	218	169	23	282	126	201	250	917	#
1819	0.570444	218	169	23	282	126	66	65	250	917	#
1820	0.570444	218	169	23	282	247	248	201	250	917	#
1821	0.570444	218	169	23	24	453	177	917	#
1822	0.570444	218	169	23	282	247	248	66	65	250	917	#
1823	0.253004	230	145	144	52	#
1824	0.893739	76	354	68	283	918	#
1825	0.893739	158	75	354	68	283	918	#
1826	0.893739	76	389	211	210	918	#
1827	0.893739	158	221	387	250	201	248	312	210	918	#
1828	0.893739	158	75	389	211	210	918	#
1829	0.746703	429	136	17	170	919	#
1830	0.746703	429	136	17	18	131	919	#
1831	0.746703	429	136	139	140	170	919	#
1832	0.746703	206	205	304	131	919	#
1833	0.746703	429	136	139	140	18	131	919	#
1834	0.694392	114	381	24	23	920	#
1835	0.694392	100	101	381	24	23	920	#
1836	0.694392	217	244	101	381	24	23	920	#
1837	0.694392	114	431	106	200	199	41	24	23	920	#
1838	0.694392	114	431	239	105	200	199	41	24	23	920	#
1839	0.993466	413	82	252	181	459	135	921	#
1840	0.993466	413	82	252	181	458	498	921	#
1841	0.993466	413	82	252	182	301	135	921	#
1842	0.993466	413	82	252	181	459	134	166	921	#
1843	0.993466	413	82	252	182	240	459	135	921	#
1844	0.25673	436	12	#
1845	0.579934	302	148	#
1846	0.808165	393	27	922	#
1847	0.808165	113	428	244	97	922	#
1848	0.808165	216	112	428	244	97	922	#
1849	0.808165	113	428	100	217	97	922	#
1850	0.808165	216	112	428	100	217	97	922	#
1851	0.711115	58	59	237	441	25	923	#
1852	0.711115	58	59	190	231	441	25	923	#
1853	0.711115	58	474	136	62	26	923	#
1854	1.1647	142	450	32	11	406	48	924	#
1855	1.1647	141	229	450	32	11	406	48	924	#
1856	1.1647	142	450	31	96	11	406	48	924	#
1857	1.1647	141	229	450	31	96	11	406	48	924	#
1858	1.1647	142	450	32	222	12	406	48	924	#
1859	0.728713	235	312	210	925	#
1860	0.728713	69	70	368	468	206	925	#
1861	0.728713	69	70	368	110	196	195	213	211	210	925	#
1862	0.728713	69	70	368	110	196	424	168	210	925	#
1863	0.728713	69	70	368	110	196	195	212	205	206	925	#
1864	0.688149	11	421	926	#
1865	0.688149	11	426	235	926	#
1866	0.688149	463	136	376	235	926	#
1867	0.688149	463	136	447	69	235	926	#
1868	0.688149	463	139	452	250	201	248	926	#
1869	0.878096	454	105	200	328	1	927	#
1870	0.878096	74	364	159	435	0	927	#
1871	0.878096	73	107	364	159	435	0	927	#
1872	0.878096	454	239	106	200	328	1	927	#
1873	0.878096	497	126	493	129	130	165	8	1	927	#
1874	0.461823	422	20	928	#
1875	0.461823	422	55	19	928	#
1876	0.848912	162	285	69	235	233	929	#
1877	0.848912	147	146	285	69	235	233	929	#
1878	0.848912	162	285	69	235	247	125	929	#
1879	0.848912	147	146	285	69	235	247	125	929	#
1880	0.848912	147	243	223	285	69	235	233	929	#
1881	0.687023	228	67	402	511	202	#
1882	0.607097	227	196	195	213	276	930	#
1883	0.607097	42	110	196	195	213	276	930	#
1884	0.607097	340	40	930	#
1885	0.607097	227	196	424	86	276	930	#
1886	0.607097	42	110	196	424	86	276	930	#
1887	0.485496	177	250	65	163	71	288	52	931	#
1888	0.485496	177	250	201	126	72	288	52	931	#
1889	0.485496	177	250	201	248	235	36	249	198	251	931	#
1890	0.485496	177	250	201	248	235	36	249	198	51	52	931	#
1891	0.485496	177	250	201	66	163	71	288	52	931	#
1892	0.626277	399	184	263	51	144	932	#
1893	0.626277	77	158	221	387	250	65	163	71	288	144	932	#
1894	0.626277	77	158	221	387	250	201	126	72	288	144	932	#
1895	0.626277	399	184	70	35	249	198	51	144	932	#
1896	0.626277	77	158	221	176	177	250	65	163	71	288	144	932	#
1897	0.795391	187	419	339	18	17	136	62	85	#
1898	0.756304	105	200	199	471	50	933	#
1899	0.756304	105	200	199	471	9	10	933	#
1900	0.756304	239	106	200	199	471	50	933	#
1901	0.756304	239	106	200	199	471	9	10	933	#
1902	0.894936	12	300	375	435	0	1	934	#
1903	0.894936	421	509	129	130	165	8	934	#
1904	0.894936	421	247	493	129	130	165	8	934	#
1905	0.894936	426	501	1	934	#
1906	0.802573	225	271	935	#
1907	0.802573	16	433	184	263	51	144	145	935	#
1908	0.802573	16	15	271	935	#
1909	0.802573	16	433	184	70	35	249	198	51	144	145	935	#
1910	0.802573	16	433	184	70	69	36	249	198	51	144	145	935	#
1911	0.545215	375	327	#
1912	1.00734	48	434	217	363	936	#
1913	1.00734	48	434	100	244	363	936	#
1914	1.00734	48	311	223	393	936	#
1915	1.00734	48	434	217	97	27	936	#
1916	1.00734	48	434	100	244	97	27	936	#
1917	0.870095	8	410	240	366	203	937	#
1918	0.870095	8	410	240	366	202	187	937	#
1919	0.870095	8	410	240	366	202	180	179	937	#
1920	0.992819	110	343	48	49	102	938	#
1921	0.992819	330	295	48	49	102	938	#
1922	0.992819	110	343	48	49	61	60	938	#
1923	0.992819	110	196	195	213	382	102	938	#
1924	0.992819	42	175	460	118	277	243	268	938	#
1925	1.08318	102	29	287	248	66	241	939	#
1926	1.08318	102	29	287	248	201	242	939	#
1927	1.08318	60	30	287	248	66	241	939	#
1928	1.08318	102	29	287	248	201	65	241	939	#
1929	1.08318	60	30	287	248	201	242	939	#
1930	0.935391	28	363	244	101	357	116	238	143	940	#
1931	0.935391	28	363	217	470	116	238	143	940	#
1932	0.935391	28	363	217	114	357	116	238	143	940	#
1933	0.935391	28	363	244	100	470	116	238	143	940	#
1934	0.935391	28	363	217	100	101	357	116	238	143	940	#
1935	1.23384	372	112	384	375	435	941	#
1936	1.23384	102	268	439	117	941	#
1937	1.23384	102	268	223	487	117	941	#
1938	1.23384	49	48	311	487	117	941	#
1939	1.23384	49	48	462	435	941	#
1940	0.703271	376	501	942	#
1941	0.703271	447	69	501	942	#
1942	0.703271	376	235	509	129	130	165	8	1	942	#
1943	0.703271	376	235	247	493	129	130	165	8	1	942	#
1944	0.703271	447	69	235	509	129	130	165	8	1	942	#
1945	0.623823	33	395	137	138	204	943	#
1946	0.623823	199	200	341	152	451	943	#
1947	0.623823	294	64	943	#
1948	0.623823	294	63	209	943	#
1949	0.623823	41	34	395	137	138	204	943	#
1950	0.829015	115	44	352	499	218	944	#
1951	0.829015	116	238	143	39	40	167	298	944	#
1952	0.997848	112	384	375	160	250	201	126	493	945	#
1953	0.997848	216	223	285	69	235	509	945	#
1954	0.997848	216	223	285	69	235	247	493	945	#
1955	0.997848	112	384	375	160	250	65	66	126	493	945	#
1956	0.997848	112	384	375	160	250	201	248	509	945	#
1957	1.1113	95	455	946	#
1958	1.1113	58	38	37	455	946	#
1959	1.1113	59	476	37	455	946	#
1960	1.1113	474	136	429	210	168	946	#
1961	1.1113	58	38	306	213	86	946	#
1962	1.17052	102	49	48	406	11	32	450	142	947	#
1963	1.17052	102	49	48	406	11	32	450	229	141	947	#
1964	1.17052	102	49	48	406	11	96	31	450	142	947	#
1965	1.17052	102	49	48	406	11	96	31	450	229	141	947	#
1966	1.17052	60	61	49	48	406	11	32	450	142	947	#
1967	0.800076	53	327	185	270	948	#
1968	0.800076	430	15	101	244	363	28	948	#
1969	0.800076	430	15	114	217	363	28	948	#
1970	0.800076	53	327	153	438	270	948	#
1971	0.800076	161	54	327	185	270	948	#
1972	1.07967	171	401	176	481	38	232	194	949	#
1973	1.07967	171	401	176	481	38	232	193	21	949	#
1974	1.07967	171	401	176	481	38	232	193	132	22	949	#
1975	1.07967	127	484	414	252	181	445	21	949	#
1976	1.07967	127	358	433	415	37	38	232	194	949	#
1977	1.09278	44	115	256	131	339	411	413	2	950	#
1978	1.09278	44	115	357	101	244	363	28	208	82	413	2	950	#
1979	1.09278	44	115	357	101	244	363	28	208	215	3	950	#
1980	1.09278	45	338	339	411	413	2	950	#
1981	1.09278	44	115	470	217	363	28	208	82	413	2	950	#
1982	1.01022	199	200	106	490	415	37	38	951	#
1983	1.01022	199	200	105	239	490	415	37	38	951	#
1984	1.01022	199	200	106	490	415	95	58	951	#
1985	1.01022	199	200	105	239	490	415	95	58	951	#
1986	1.01022	41	381	15	415	37	38	951	#
1987	0.87146	13	308	244	363	28	208	952	#
1988	0.87146	13	308	100	217	363	28	208	952	#
1989	0.87146	13	308	244	97	27	28	208	952	#
1990	0.87146	13	46	405	11	32	396	952	#
1991	0.87146	104	108	417	28	208	952	#
1992	0.736353	451	297	248	201	953	#
1993	0.736353	451	297	247	126	201	953	#
1994	0.736353	451	297	248	66	65	953	#
1995	0.736353	451	297	247	126	66	65	953	#
1996	0.736353	451	297	233	125	126	201	953	#
1997	0.67639	35	447	62	26	109	108	#
1998	0.784885	317	76	226	954	#
1999	0.784885	317	158	75	226	954	#
2000	0.784885	317	77	78	954	#
2001	0.784885	237	476	481	221	75	226	954	#
2002	0.784885	231	190	476	481	221	75	226	954	#
