%% File generated by CATS v.2.1Mon Jul  4 11:06:49 2011

%% The CATS webpage is http://robotics.stanford.edu/CATS

%% PARAMETER SETTINGS:
% Goods: 512; Bids: 2000; Distribution: paths; Runs: 1; Seed: 1309806543
% Paths Distribution Parameters:
% Initial connections:       = 2
% Edge density:              = 3.000000
% Shipping cost factor:      = 1.500000
% Max bid set size:          = 5
% Building penalty:          = 1.700000



goods 512
bids 2001
dummy 817

0	0.284807	119	120	372	#
1	0.759078	89	100	391	512	#
2	0.759078	27	28	89	391	512	#
3	0.759078	28	101	295	403	512	#
4	1.0316	30	244	492	513	#
5	1.0316	29	108	244	492	513	#
6	1.0316	237	252	288	372	498	513	#
7	1.0316	30	235	276	432	433	513	#
8	1.0316	80	253	288	372	498	513	#
9	0.69527	59	176	198	224	245	317	514	#
10	0.69527	59	176	198	224	452	511	514	#
11	0.69527	59	146	147	176	224	245	317	514	#
12	0.69527	59	60	176	198	223	245	317	514	#
13	0.69527	59	146	147	176	224	452	511	514	#
14	0.758148	13	31	324	394	515	#
15	0.758148	12	31	181	324	394	515	#
16	0.758148	13	28	31	33	34	42	123	394	403	515	#
17	0.758148	12	28	31	33	34	42	123	181	394	403	515	#
18	0.482788	45	117	118	209	229	454	516	#
19	0.482788	40	54	55	92	93	152	202	336	516	#
20	0.482788	40	44	45	54	55	92	93	117	118	202	209	229	516	#
21	0.848655	2	3	52	175	176	422	439	517	#
22	0.848655	2	3	53	148	175	176	422	439	517	#
23	0.848655	2	3	52	175	189	422	439	493	517	#
24	0.848655	52	175	176	238	239	422	439	517	#
25	0.848655	2	3	53	148	175	189	422	439	493	517	#
26	0.855297	102	213	234	284	380	518	#
27	0.855297	102	221	235	284	380	518	#
28	0.855297	102	214	221	234	284	380	518	#
29	0.855297	102	213	214	235	284	380	518	#
30	0.855297	103	126	127	213	234	284	380	518	#
31	0.8907	87	162	419	519	#
32	0.8907	86	164	388	519	#
33	0.8907	86	215	291	373	426	519	#
34	0.8907	55	86	92	197	215	291	373	519	#
35	0.8907	86	92	248	261	291	373	519	#
36	1.04938	121	158	379	520	#
37	1.04938	37	52	254	255	256	377	439	520	#
38	1.04938	84	85	158	379	520	#
39	1.04938	37	52	124	159	255	256	377	439	520	#
40	1.04938	37	137	159	163	211	275	500	507	520	#
41	0.428917	31	32	33	34	42	43	49	#
42	0.75382	1	2	61	235	329	356	521	#
43	0.75382	0	2	62	235	329	356	521	#
44	0.75382	1	2	61	214	234	329	356	521	#
45	0.75382	86	87	210	235	341	433	521	#
46	0.75382	0	2	62	214	234	329	356	521	#
47	0.533001	27	123	185	214	403	421	522	#
48	0.533001	27	57	58	185	213	222	460	522	#
49	0.533001	27	123	185	213	221	403	421	522	#
50	0.533001	27	57	58	185	192	213	424	522	#
51	0.533001	27	57	58	185	191	213	222	424	522	#
52	0.64408	119	382	479	523	#
53	0.64408	119	120	184	219	279	382	523	#
54	0.64408	29	119	120	173	372	488	523	#
55	0.64408	119	120	133	134	149	184	219	220	244	382	523	#
56	0.64408	146	184	279	382	497	523	#
57	0.87456	211	299	397	500	524	#
58	0.87456	163	211	311	397	493	500	524	#
59	0.87456	162	210	299	397	500	524	#
60	0.87456	162	163	210	311	397	493	500	524	#
61	0.87456	163	176	189	211	311	397	500	524	#
62	0.490587	42	43	484	#
63	1.01186	41	126	127	131	221	380	430	525	#
64	1.01186	41	126	127	130	180	221	380	430	525	#
65	1.01186	40	129	131	185	214	314	430	525	#
66	1.01186	40	128	131	185	186	214	314	430	525	#
67	1.01186	102	131	221	320	380	430	525	#
68	0.486033	86	207	385	455	526	#
69	0.486033	86	88	206	385	455	526	#
70	0.486033	89	101	207	245	293	526	#
71	0.486033	88	89	101	206	245	293	526	#
72	0.486033	89	135	163	189	207	245	503	526	#
73	0.912658	4	393	527	#
74	0.912658	349	500	527	#
75	0.619976	71	192	213	234	240	408	528	#
76	0.619976	71	191	213	222	234	240	408	528	#
77	0.619976	70	156	192	213	234	240	408	528	#
78	0.619976	156	235	240	335	389	528	#
79	0.619976	71	192	221	235	240	408	528	#
80	0.568691	67	181	367	#
81	0.776225	13	86	142	307	529	#
82	0.776225	12	86	142	181	307	529	#
83	0.776225	13	21	86	142	338	529	#
84	0.776225	12	21	86	142	181	338	529	#
85	0.776225	13	97	161	180	369	412	458	529	#
86	0.279537	33	42	122	123	208	530	#
87	0.279537	33	42	74	411	530	#
88	0.861405	10	11	175	356	502	531	#
89	0.861405	16	17	52	77	175	199	228	356	439	531	#
90	0.861405	2	16	17	77	228	258	356	531	#
91	0.861405	16	17	53	77	148	175	199	228	356	439	531	#
92	0.861405	0	27	57	58	77	228	361	531	#
93	0.564362	30	123	133	134	149	292	532	#
94	0.564362	29	108	123	133	134	149	292	532	#
95	0.759086	102	155	217	246	345	533	#
96	0.759086	102	154	246	250	345	533	#
97	0.759086	102	154	157	217	246	345	533	#
98	0.759086	103	126	127	155	217	246	345	533	#
99	0.759086	102	114	115	217	246	345	533	#
100	0.670115	57	69	222	413	460	534	#
101	0.670115	57	69	192	413	424	534	#
102	0.670115	57	69	191	222	413	424	534	#
103	0.670115	57	69	213	222	460	509	534	#
104	0.670115	42	122	123	208	397	484	534	#
105	0.983295	247	386	535	#
106	0.983295	99	107	109	321	332	426	535	#
107	0.983295	99	107	109	247	321	339	535	#
108	0.983295	103	109	332	426	442	535	#
109	0.983295	103	109	247	339	442	535	#
110	0.747298	32	106	305	373	536	#
111	0.747298	7	42	123	417	461	536	#
112	0.747298	175	239	459	536	#
113	0.747298	93	106	126	203	305	312	536	#
114	0.648489	105	185	186	234	276	343	537	#
115	0.648489	31	32	104	105	106	192	213	234	276	537	#
116	0.648489	31	32	104	105	106	191	213	222	234	276	537	#
117	0.648489	31	32	104	105	106	192	221	235	276	537	#
118	0.648489	31	32	104	105	106	191	221	222	235	276	537	#
119	0.612164	185	194	234	456	538	#
120	0.612164	185	194	214	235	456	538	#
121	0.612164	185	194	213	221	235	456	538	#
122	0.612164	185	193	205	234	251	284	538	#
123	0.612164	168	169	185	193	205	234	284	538	#
124	0.925344	38	86	142	246	310	455	539	#
125	0.925344	38	86	87	142	162	163	189	310	452	539	#
126	0.925344	38	86	87	142	162	163	189	245	246	310	539	#
127	0.925344	39	63	293	310	452	539	#
128	0.925344	38	86	87	142	163	189	210	211	310	452	539	#
129	0.983959	101	123	135	179	201	225	236	295	540	#
130	0.983959	123	163	179	201	225	236	238	417	493	503	540	#
131	0.983959	123	163	176	179	189	201	225	236	238	417	503	540	#
132	0.983959	33	42	101	135	179	201	225	236	438	540	#
133	0.983959	89	101	123	252	295	384	540	#
134	0.966343	142	187	188	387	541	#
135	0.966343	142	164	333	388	541	#
136	0.966343	93	142	187	188	202	291	373	541	#
137	0.966343	142	215	291	333	373	426	541	#
138	0.966343	86	87	142	162	187	188	202	491	541	#
139	0.645875	181	324	394	#
140	0.270476	151	159	281	542	#
141	0.270476	25	26	37	151	159	542	#
142	0.270476	125	150	159	281	542	#
143	0.270476	25	26	37	125	150	159	542	#
144	0.6612	104	192	205	213	234	251	284	543	#
145	0.6612	104	191	205	213	222	234	251	284	543	#
146	0.6612	104	192	205	221	235	251	284	543	#
147	0.6612	104	191	205	221	222	235	251	284	543	#
148	0.6612	104	168	169	192	205	213	234	284	543	#
149	0.501023	0	2	3	176	356	544	#
150	0.501023	62	86	87	162	163	189	341	544	#
151	0.501023	0	2	3	189	356	493	544	#
152	0.501023	1	2	3	116	176	356	544	#
153	0.501023	61	86	87	116	162	163	189	341	544	#
154	0.790805	20	32	55	92	105	106	373	545	#
155	0.790805	10	11	55	92	459	545	#
156	0.75942	37	192	280	413	#
157	0.756299	39	98	99	218	306	546	#
158	0.756299	5	38	39	86	87	98	99	142	195	210	218	500	546	#
159	1.22428	55	92	373	501	547	#
160	1.22428	44	45	54	349	432	547	#
161	1.22428	44	45	54	118	407	547	#
162	1.22428	55	92	291	373	384	385	547	#
163	1.22428	197	373	426	501	547	#
164	0.699244	64	74	122	208	239	363	417	548	#
165	0.699244	2	3	64	74	311	363	548	#
166	0.577691	222	413	460	549	#
167	0.577691	192	413	424	549	#
168	0.577691	191	222	413	424	549	#
169	0.577691	213	222	460	509	549	#
170	0.577691	192	213	424	509	549	#
171	0.762947	264	550	#
172	0.762947	7	42	127	242	337	411	550	#
173	0.762947	7	42	74	122	123	127	208	242	337	550	#
174	0.762947	133	134	174	243	292	411	550	#
175	0.762947	74	122	123	133	134	174	208	243	292	550	#
176	0.808845	97	140	179	201	282	404	551	#
177	0.808845	75	179	201	299	503	551	#
178	0.808845	74	177	179	201	299	503	551	#
179	0.808845	75	163	179	201	311	493	503	551	#
180	0.808845	74	163	177	179	201	311	493	503	551	#
181	0.930512	177	223	318	552	#
182	0.930512	59	75	147	224	365	552	#
183	0.930512	59	74	147	177	224	365	552	#
184	0.930512	74	75	223	318	552	#
185	0.930512	59	60	75	147	223	365	552	#
186	1.1026	70	446	553	#
187	1.1026	71	156	446	553	#
188	1.1026	68	163	179	201	225	457	493	503	553	#
189	1.1026	68	163	179	201	225	238	450	493	503	553	#
190	1.1026	67	156	163	179	201	225	457	493	503	553	#
191	0.21124	332	426	554	#
192	0.21124	247	339	554	#
193	0.21124	55	92	197	332	554	#
194	0.926646	42	84	98	137	158	218	271	555	#
195	0.926646	42	85	98	121	137	158	218	271	555	#
196	0.926646	33	34	42	138	139	265	555	#
197	0.926646	18	19	33	34	42	138	265	555	#
198	0.926646	31	32	33	34	42	84	98	137	158	218	410	555	#
199	0.819848	15	89	135	138	139	193	194	233	270	277	556	#
200	0.819848	15	18	19	89	135	138	193	194	233	270	277	556	#
201	0.819848	4	15	89	135	138	139	193	194	270	275	556	#
202	0.819848	4	15	18	19	89	135	138	193	194	270	275	556	#
203	0.819848	89	135	138	139	193	194	200	232	270	277	556	#
204	0.546306	56	59	76	94	147	212	224	#
205	0.445465	134	149	483	#
206	0.90179	24	44	79	215	216	333	490	557	#
207	0.90179	215	216	229	301	333	449	557	#
208	0.90179	24	44	79	82	83	215	333	490	557	#
209	0.90179	82	83	215	229	301	333	449	557	#
210	0.90179	57	177	453	505	557	#
211	0.874544	86	142	320	345	455	558	#
212	0.874544	41	86	103	142	345	455	558	#
213	0.874544	40	142	387	558	#
214	0.874544	40	93	142	202	291	373	558	#
215	0.874544	41	86	87	142	162	163	189	354	558	#
216	1.02589	129	185	187	188	234	251	284	314	559	#
217	1.02589	128	185	186	187	188	234	251	284	314	559	#
218	1.02589	129	168	169	185	187	188	234	284	314	559	#
219	1.02589	187	205	463	559	#
220	1.02589	128	168	169	185	186	187	188	234	284	314	559	#
221	0.778748	38	39	78	142	309	#
222	0.459323	2	3	176	356	#
223	0.764936	13	161	211	464	560	#
224	0.764936	13	87	210	307	560	#
225	0.764936	12	161	181	211	464	560	#
226	0.764936	13	161	162	210	464	560	#
227	0.764936	13	21	22	211	464	560	#
228	0.85943	93	199	203	255	256	376	561	#
229	0.85943	7	42	122	123	124	208	337	473	561	#
230	0.85943	7	42	74	124	337	411	473	561	#
231	0.85943	7	17	42	171	199	255	256	337	466	561	#
232	0.85943	127	199	255	256	332	376	561	#
233	0.511995	57	73	75	151	230	473	562	#
234	0.511995	57	73	74	151	177	230	473	562	#
235	0.511995	57	72	73	75	151	153	473	562	#
236	0.511995	57	72	73	74	151	153	177	473	562	#
237	0.511995	57	73	75	125	150	230	473	562	#
238	0.774737	86	142	181	307	563	#
239	0.774737	21	86	142	181	338	563	#
240	0.774737	97	161	180	181	369	412	458	563	#
241	0.774737	21	22	97	180	181	369	412	458	563	#
242	0.774737	12	13	86	142	307	563	#
243	0.836537	17	171	184	199	256	292	466	564	#
244	0.836537	16	17	27	123	184	199	256	292	403	564	#
245	0.836537	17	171	190	199	241	256	292	466	564	#
246	0.836537	17	123	172	184	199	256	292	466	564	#
247	0.836537	16	17	100	190	199	256	401	564	#
248	0.60149	51	71	192	213	234	408	565	#
249	0.60149	51	71	191	213	222	234	408	565	#
250	0.60149	51	70	156	192	213	234	408	565	#
251	0.60149	51	156	235	335	389	565	#
252	0.60149	51	71	192	221	235	408	565	#
253	0.544627	98	128	477	#
254	1.20819	90	170	179	188	202	491	503	566	#
255	1.20819	63	101	135	179	434	566	#
256	1.20819	91	179	187	188	202	216	491	503	566	#
257	1.20819	82	83	91	179	187	188	202	491	503	566	#
258	1.20819	91	179	216	333	419	503	566	#
259	1.02162	126	127	169	213	234	284	339	380	567	#
260	1.02162	126	127	169	221	235	284	339	380	567	#
261	1.02162	129	169	185	188	234	284	314	323	567	#
262	1.02162	92	169	261	276	284	351	567	#
263	1.02162	126	127	169	214	221	234	284	339	380	567	#
264	0.855126	14	23	409	568	#
265	0.855126	3	14	113	155	176	217	258	447	452	568	#
266	0.855126	3	4	113	163	211	258	493	500	568	#
267	0.855126	15	23	200	409	568	#
268	0.855126	3	4	113	162	163	210	258	493	500	568	#
269	0.960463	16	17	52	66	100	193	194	199	360	439	569	#
270	0.960463	28	58	66	200	364	447	569	#
271	0.960463	28	57	58	66	177	194	350	569	#
272	0.960463	28	66	123	235	403	421	456	569	#
273	0.960463	14	28	58	227	364	447	569	#
274	0.925429	84	98	137	138	158	218	321	570	#
275	0.925429	18	332	351	441	570	#
276	0.925429	18	93	127	203	351	441	570	#
277	0.925429	85	98	121	137	138	158	218	321	570	#
278	0.925429	19	139	332	351	441	570	#
279	0.430728	168	205	278	571	#
280	0.430728	169	205	251	278	571	#
281	0.430728	4	5	15	168	193	194	205	480	571	#
282	0.682724	161	229	296	394	572	#
283	0.682724	21	22	229	296	394	572	#
284	0.415823	7	33	240	418	573	#
285	0.415823	7	33	50	51	418	573	#
286	0.428336	5	210	480	500	#
287	0.074611	207	574	#
288	0.074611	88	206	574	#
289	0.0729106	244	#
290	0.680284	102	245	345	575	#
291	0.680284	126	127	354	575	#
292	0.680284	103	126	127	245	345	575	#
293	0.680284	126	189	444	575	#
294	0.680284	102	103	354	575	#
295	0.17005	185	234	240	576	#
296	0.17005	50	51	185	234	576	#
297	0.17005	185	214	235	240	576	#
298	0.0622524	187	#
299	0.360371	220	244	497	577	#
300	0.360371	119	120	146	219	220	244	577	#
301	0.360371	30	119	120	146	372	577	#
302	0.360371	29	108	119	120	146	372	577	#
303	0.76442	69	170	297	323	578	#
304	0.76442	69	248	297	437	578	#
305	0.76442	35	36	170	297	323	578	#
306	0.76442	69	170	187	248	297	333	578	#
307	0.76442	69	215	247	297	437	578	#
308	0.912272	80	97	179	201	225	254	281	282	369	579	#
309	0.912272	25	26	37	80	97	179	201	225	254	282	369	579	#
310	0.912272	80	97	124	159	179	201	225	281	282	369	579	#
311	0.912272	25	26	37	80	97	124	159	179	201	225	282	369	579	#
312	0.912272	81	289	579	#
313	0.974172	97	193	270	282	369	412	580	#
314	0.974172	52	193	255	256	360	412	439	580	#
315	0.974172	96	178	193	270	282	369	412	580	#
316	0.974172	52	175	193	255	256	412	425	439	580	#
317	0.974172	231	308	580	#
318	0.826145	13	73	124	151	161	230	362	412	581	#
319	0.826145	13	72	73	124	151	153	161	362	412	581	#
320	0.826145	13	73	116	124	151	161	230	412	465	581	#
321	0.826145	13	72	73	116	124	151	153	161	412	465	581	#
322	0.826145	13	73	124	125	150	161	230	362	412	581	#
323	0.602323	68	70	192	213	234	408	582	#
324	0.602323	68	235	335	389	582	#
325	0.602323	68	70	191	213	222	234	408	582	#
326	0.602323	68	70	192	221	235	408	582	#
327	0.545499	122	162	163	238	417	493	583	#
328	0.545499	122	162	163	176	189	238	417	583	#
329	0.545499	162	208	299	583	#
330	0.545499	162	163	208	311	493	583	#
331	0.545499	162	163	176	189	208	311	583	#
332	0.636161	180	235	430	584	#
333	0.636161	180	214	234	430	584	#
334	0.636161	180	213	221	234	430	584	#
335	0.636161	130	131	235	430	584	#
336	0.636161	130	131	214	234	430	584	#
337	0.939138	118	233	393	585	#
338	0.939138	14	118	232	393	585	#
339	0.939138	15	117	185	186	209	229	233	234	456	469	585	#
340	0.939138	117	185	186	200	209	229	232	234	456	469	585	#
341	0.939138	14	15	117	185	186	209	229	232	234	456	469	585	#
342	0.33837	97	256	327	586	#
343	0.33837	97	255	256	369	586	#
344	0.615345	108	173	441	587	#
345	0.615345	149	174	441	587	#
346	0.51103	97	180	254	369	458	588	#
347	0.51103	97	124	159	180	369	458	588	#
348	0.997843	38	39	63	142	188	387	589	#
349	0.997843	40	188	259	589	#
350	0.997843	40	188	285	320	589	#
351	0.997843	40	41	103	188	285	589	#
352	0.997843	40	41	188	293	354	589	#
353	0.840326	72	73	150	326	#
354	0.0660314	25	#
355	0.918149	83	197	215	333	346	590	#
356	0.918149	54	79	83	215	333	346	590	#
357	0.918149	83	164	165	197	333	346	590	#
358	0.918149	82	197	215	216	333	346	590	#
359	0.918149	83	187	197	247	323	346	590	#
360	0.753705	97	124	125	270	282	369	591	#
361	0.753705	52	124	125	255	256	360	439	591	#
362	0.753705	97	124	150	151	270	282	369	591	#
363	0.753705	96	124	125	178	270	282	369	591	#
364	0.753705	52	124	125	175	255	256	425	439	591	#
365	0.598633	384	470	#
366	0.806702	40	155	217	246	320	345	592	#
367	0.806702	40	41	103	155	217	246	345	592	#
368	0.806702	102	126	155	202	203	217	246	345	592	#
369	0.806702	93	202	250	373	476	592	#
370	0.806702	93	157	202	217	373	476	592	#
371	0.0700288	246	#
372	0.947183	15	70	192	213	234	408	456	593	#
373	0.947183	15	235	335	389	456	593	#
374	0.947183	15	70	191	213	222	234	408	456	593	#
375	0.947183	15	70	192	221	235	408	456	593	#
376	0.947183	15	70	191	221	222	235	408	456	593	#
377	0.459702	15	193	194	205	233	277	#
378	0.839303	38	39	86	87	138	139	142	210	275	500	594	#
379	0.839303	18	19	38	39	86	87	138	142	210	275	500	594	#
380	0.839303	15	63	101	135	138	139	193	194	233	270	277	594	#
381	0.839303	15	18	19	63	101	135	138	193	194	233	270	277	594	#
382	0.839303	38	39	86	87	138	139	142	162	211	275	500	594	#
383	0.660359	38	39	63	86	87	142	210	235	433	595	#
384	0.660359	3	176	235	293	329	595	#
385	0.660359	38	39	63	86	87	142	210	214	234	433	595	#
386	0.660359	3	176	214	234	293	329	595	#
387	0.660359	31	38	39	63	104	142	192	213	234	291	595	#
388	0.726473	63	101	423	596	#
389	0.726473	38	39	86	87	129	142	185	210	214	433	596	#
390	0.726473	38	39	86	87	128	142	185	186	210	214	433	596	#
391	0.726473	31	38	39	104	129	142	185	192	213	291	596	#
392	0.726473	31	38	39	104	129	142	185	191	213	222	291	596	#
393	0.625832	93	376	#
394	0.723816	21	28	123	235	394	403	421	597	#
395	0.723816	21	104	192	213	234	324	394	597	#
396	0.723816	21	104	191	213	222	234	324	394	597	#
397	0.723816	21	104	192	221	235	324	394	597	#
398	0.723816	21	104	191	221	222	235	324	394	597	#
399	0.882058	42	101	123	144	266	295	598	#
400	0.882058	33	101	144	266	438	598	#
401	0.882058	2	3	101	144	176	293	375	598	#
402	0.882058	2	3	135	144	163	375	493	503	598	#
403	0.882058	31	33	34	38	39	63	101	142	144	266	291	598	#
404	0.811453	37	97	179	201	225	236	254	282	369	599	#
405	0.811453	37	97	124	159	179	201	225	236	282	369	599	#
406	0.811453	37	97	131	254	369	471	599	#
407	0.811453	37	96	178	179	201	225	236	254	282	369	599	#
408	0.811453	37	97	130	180	254	369	471	599	#
409	0.680015	64	239	363	417	600	#
410	0.680015	65	196	239	363	417	600	#
411	0.680015	2	3	64	238	363	417	600	#
412	0.680015	31	32	33	34	42	123	400	600	#
413	0.906264	242	332	376	601	#
414	0.906264	93	127	203	242	376	601	#
415	0.906264	7	17	42	127	171	242	337	466	601	#
416	0.906264	17	133	134	171	174	243	292	466	601	#
417	0.906264	7	17	42	171	242	332	461	466	601	#
418	0.468636	125	163	507	#
419	0.690063	295	602	#
420	0.690063	176	238	293	417	602	#
421	0.690063	189	238	293	417	493	602	#
422	0.255933	33	34	42	123	#
423	0.960325	12	173	428	603	#
424	0.960325	13	108	133	134	149	241	394	401	603	#
425	0.960325	12	108	133	134	149	181	241	394	401	603	#
426	0.960325	13	133	134	173	174	241	394	401	603	#
427	0.960325	12	108	149	174	428	603	#
428	0.748056	30	86	87	162	163	189	220	244	422	604	#
429	0.748056	29	86	87	108	162	163	189	220	244	422	604	#
430	0.748056	30	86	87	210	235	276	433	604	#
431	0.709789	93	351	483	605	#
432	0.709789	134	149	202	462	483	605	#
433	0.709789	60	202	448	605	#
434	0.709789	59	93	147	220	244	351	497	605	#
435	0.709789	59	93	119	120	198	219	220	244	351	605	#
436	0.0780665	6	204	#
437	0.825943	205	272	606	#
438	0.825943	7	33	251	284	418	606	#
439	0.825943	7	33	168	169	284	418	606	#
440	0.825943	7	42	235	251	284	421	606	#
441	0.825943	7	33	34	104	192	213	234	251	284	606	#
442	0.667023	129	185	383	509	607	#
443	0.667023	128	185	186	383	509	607	#
444	0.667023	8	129	185	234	240	383	607	#
445	0.667023	8	128	185	186	234	240	383	607	#
446	0.667023	8	50	51	129	185	234	383	607	#
447	0.731404	192	221	280	281	608	#
448	0.731404	191	221	222	280	281	608	#
449	0.731404	25	26	37	192	221	280	608	#
450	0.731404	25	26	37	191	221	222	280	608	#
451	0.731404	192	213	214	280	281	608	#
452	0.844122	10	11	377	609	#
453	0.844122	20	84	98	105	106	158	218	410	609	#
454	0.844122	2	3	10	11	137	163	175	211	275	493	500	609	#
455	0.844122	20	85	98	105	106	121	158	218	410	609	#
456	0.844122	2	3	10	11	137	162	163	175	210	275	493	500	609	#
457	0.748715	23	24	37	206	254	390	610	#
458	0.748715	23	24	37	124	159	206	390	610	#
459	0.748715	23	24	37	88	207	254	390	610	#
460	0.748715	23	24	37	88	124	159	207	390	610	#
461	0.748715	113	199	206	255	256	390	610	#
462	0.763794	33	194	418	456	#
463	0.564143	33	34	435	611	#
464	0.564143	31	340	611	#
465	0.564143	31	77	78	440	611	#
466	0.564143	27	33	34	42	77	78	123	228	403	611	#
467	0.564143	7	33	34	267	611	#
468	0.8759	108	149	348	612	#
469	0.8759	108	166	244	326	612	#
470	0.8759	173	330	612	#
471	0.8759	173	174	348	612	#
472	0.8759	29	30	149	348	612	#
473	0.232296	148	439	#
474	0.598825	3	113	162	163	258	493	613	#
475	0.598825	3	113	162	163	176	189	258	613	#
476	0.598825	2	3	52	113	162	163	175	199	439	493	613	#
477	0.598825	2	3	52	113	162	163	175	176	189	199	439	613	#
478	0.598825	3	113	163	210	211	258	493	613	#
479	0.683778	32	99	410	614	#
480	0.683778	114	154	195	315	476	614	#
481	0.683778	115	157	195	315	476	614	#
482	0.683778	115	195	217	250	315	476	614	#
483	0.683778	115	154	155	195	315	476	614	#
484	0.938623	5	109	159	163	211	480	500	507	615	#
485	0.938623	5	109	159	162	163	210	480	500	507	615	#
486	0.938623	109	115	254	315	480	494	615	#
487	0.938623	109	114	159	189	315	452	480	507	615	#
488	0.938623	5	109	124	163	211	254	480	500	507	615	#
489	0.688473	56	398	616	#
490	0.688473	6	7	9	56	204	484	616	#
491	0.688473	9	42	43	56	182	484	616	#
492	0.688473	7	9	56	182	183	484	616	#
493	0.688473	8	9	43	56	182	235	240	421	616	#
494	0.907034	18	86	87	138	142	210	275	458	500	617	#
495	0.907034	18	132	138	268	275	617	#
496	0.907034	19	86	87	138	139	142	210	275	458	500	617	#
497	0.907034	18	86	87	138	142	162	211	275	458	500	617	#
498	0.907034	19	132	138	139	268	275	617	#
499	0.62573	51	145	235	336	389	618	#
500	0.62573	51	152	185	186	234	336	469	618	#
501	0.62573	51	145	214	234	336	389	618	#
502	0.62573	44	45	51	117	118	185	186	209	229	234	469	618	#
503	0.62573	51	54	55	92	276	351	618	#
504	0.289512	44	54	55	92	93	202	619	#
505	0.289512	40	454	619	#
506	0.289512	44	79	93	202	426	619	#
507	0.289512	44	79	188	247	323	619	#
508	0.289512	44	55	79	92	93	197	202	619	#
509	0.827554	80	81	97	179	201	225	230	282	342	620	#
510	0.827554	72	80	81	97	153	179	201	225	282	342	620	#
511	0.827554	80	81	89	135	179	201	225	445	620	#
512	0.827554	80	81	96	178	179	201	225	230	282	342	620	#
513	0.827554	72	80	81	96	153	178	179	201	225	282	342	620	#
514	0.410344	86	341	#
515	0.889972	30	37	192	213	234	276	280	621	#
516	0.889972	30	37	191	213	222	234	276	280	621	#
517	0.889972	30	37	192	221	235	276	280	621	#
518	0.889972	30	37	191	221	222	235	276	280	621	#
519	0.889972	29	37	108	192	213	234	276	280	621	#
520	0.0736425	155	#
521	0.729232	239	450	622	#
522	0.729232	2	3	457	622	#
523	0.729232	2	3	238	450	622	#
524	0.729232	238	239	457	622	#
525	0.0512512	20	#
526	0.471467	47	108	173	220	243	244	623	#
527	0.471467	47	149	174	220	243	244	623	#
528	0.471467	29	46	173	243	372	623	#
529	0.471467	46	108	173	219	220	243	244	623	#
530	0.471467	29	30	47	173	220	243	244	623	#
531	0.680176	55	92	376	624	#
532	0.680176	16	17	100	357	624	#
533	0.680176	16	17	27	28	357	624	#
534	0.680176	17	44	45	54	117	118	229	353	466	624	#
535	0.680176	16	17	55	100	355	624	#
536	0.728004	86	87	185	210	214	385	433	625	#
537	0.728004	31	104	185	192	213	291	385	625	#
538	0.728004	31	104	185	191	213	222	291	385	625	#
539	0.728004	86	87	185	210	213	221	385	433	625	#
540	0.728004	31	104	185	192	214	221	291	385	625	#
541	0.905761	37	97	131	229	254	301	369	626	#
542	0.905761	37	97	130	180	229	254	301	369	626	#
543	0.905761	17	97	131	199	229	256	327	353	466	626	#
544	0.905761	37	97	124	131	159	229	301	369	626	#
545	0.905761	17	97	130	180	199	229	256	327	353	466	626	#
546	0.100982	194	200	#
547	1.07769	45	86	87	88	210	349	385	627	#
548	1.07769	42	45	88	89	101	117	118	123	209	229	266	295	627	#
549	1.07769	33	45	88	89	101	117	118	209	229	266	438	627	#
550	1.07769	44	54	55	88	92	291	373	385	627	#
551	1.07769	31	33	34	45	88	117	118	209	229	266	291	385	627	#
552	0.709944	2	3	59	176	198	245	317	628	#
553	0.709944	2	3	59	176	198	452	511	628	#
554	0.709944	2	3	59	146	147	176	245	317	628	#
555	0.709944	2	3	59	146	147	176	452	511	628	#
556	0.709944	2	3	59	189	198	245	317	493	628	#
557	1.06855	24	26	56	76	147	303	629	#
558	1.06855	119	198	370	629	#
559	1.06855	119	146	147	370	629	#
560	1.06855	24	26	56	76	146	198	303	629	#
561	1.06855	26	37	159	189	198	245	317	507	629	#
562	0.618598	211	275	500	630	#
563	0.618598	162	210	275	500	630	#
564	0.552077	11	175	375	#
565	1.04027	109	315	427	480	631	#
566	1.04027	99	107	109	271	495	631	#
567	1.04027	107	109	195	315	427	631	#
568	1.04027	110	111	315	427	480	631	#
569	1.04027	99	107	110	111	271	495	631	#
570	0.679686	71	481	632	#
571	0.679686	70	156	481	632	#
572	0.679686	31	32	49	104	408	632	#
573	0.679686	31	32	48	104	226	408	632	#
574	0.751515	2	235	240	329	356	633	#
575	0.751515	2	50	51	235	329	356	633	#
576	0.751515	2	214	234	240	329	356	633	#
577	0.517468	15	234	456	634	#
578	0.517468	14	200	234	456	634	#
579	0.517468	15	214	235	456	634	#
580	0.517468	66	227	234	456	634	#
581	0.517468	15	213	221	235	456	634	#
582	0.653605	16	17	77	78	199	228	256	327	635	#
583	0.653605	16	17	77	78	199	228	255	256	369	635	#
584	0.653605	16	17	77	112	199	228	249	256	327	635	#
585	0.653605	16	17	77	112	199	228	249	255	256	369	635	#
586	0.653605	27	57	58	77	78	140	228	404	635	#
587	0.663431	14	29	372	499	636	#
588	0.663431	14	108	219	220	244	499	636	#
589	0.663431	29	66	200	372	498	636	#
590	0.663431	14	29	227	372	498	636	#
591	0.663431	14	30	108	372	499	636	#
592	0.353368	33	42	123	403	637	#
593	0.353368	33	42	57	58	177	411	637	#
594	0.353368	33	42	57	58	75	122	123	208	637	#
595	0.353368	33	42	57	58	74	122	123	177	208	637	#
596	0.818548	3	17	114	176	258	315	452	#
597	0.656701	217	254	494	638	#
598	0.656701	124	159	217	494	638	#
599	0.656701	155	159	189	217	452	507	638	#
600	0.656701	124	155	189	217	254	452	507	638	#
601	0.656701	154	159	189	250	452	507	638	#
602	0.706492	129	164	185	383	509	639	#
603	0.706492	128	164	185	186	383	509	639	#
604	0.706492	8	129	164	185	234	240	383	639	#
605	0.706492	8	128	164	185	186	234	240	383	639	#
606	0.706492	93	203	215	406	426	639	#
607	0.914297	42	98	122	123	208	271	640	#
608	0.914297	42	74	98	271	411	640	#
609	0.914297	42	75	98	177	271	411	640	#
610	0.914297	42	98	122	171	172	208	271	640	#
611	0.914297	31	32	33	34	42	98	122	123	208	410	640	#
612	0.496881	86	87	142	178	180	210	458	641	#
613	0.496881	86	87	96	97	142	180	210	458	641	#
614	0.445886	163	211	238	493	500	642	#
615	0.445886	162	163	210	238	493	500	642	#
616	0.445886	163	176	189	211	238	500	642	#
617	0.464129	59	119	120	198	212	224	643	#
618	0.464129	59	119	120	146	147	212	224	643	#
619	0.464129	59	60	119	120	198	212	223	643	#
620	0.501789	104	192	324	644	#
621	0.501789	104	191	222	324	644	#
622	0.501789	28	57	58	222	460	644	#
623	0.501789	28	123	221	403	421	644	#
624	0.501789	28	57	58	192	424	644	#
625	0.955296	23	24	26	40	93	113	202	376	645	#
626	0.955296	24	26	454	490	645	#
627	0.955296	25	40	92	93	202	415	645	#
628	0.955296	7	40	42	93	177	202	411	431	461	645	#
629	0.955296	26	45	117	118	229	301	454	645	#
630	1.28078	83	237	257	287	646	#
631	1.28078	81	83	237	257	420	646	#
632	1.28078	80	83	236	257	287	646	#
633	1.28078	82	216	237	257	287	646	#
634	1.28078	83	179	187	188	201	202	225	236	491	503	646	#
635	0.662982	72	73	151	414	#
636	0.71675	80	225	227	233	277	288	647	#
637	0.71675	15	66	80	225	233	277	288	647	#
638	0.71675	4	80	225	227	275	288	647	#
639	0.71675	4	15	66	80	225	275	288	647	#
640	0.71675	66	80	200	225	232	277	288	647	#
641	0.489962	61	73	151	230	465	648	#
642	0.489962	61	72	73	151	153	465	648	#
643	0.489962	61	73	125	150	230	465	648	#
644	0.489962	61	72	73	125	150	153	465	648	#
645	0.679812	70	148	335	486	649	#
646	0.679812	16	17	27	53	57	58	75	199	334	649	#
647	0.679812	16	17	27	53	57	58	74	177	199	334	649	#
648	0.538359	221	430	650	#
649	0.538359	213	214	430	650	#
650	1.08789	218	399	496	651	#
651	1.08789	86	87	95	130	138	139	142	210	275	458	500	651	#
652	1.08789	18	19	86	87	95	130	138	142	210	275	458	500	651	#
653	1.08789	95	130	132	138	139	268	275	651	#
654	1.08789	18	19	95	130	132	138	268	275	651	#
655	0.85238	63	78	89	101	207	309	652	#
656	0.85238	63	78	88	89	101	206	309	652	#
657	0.85238	77	78	207	228	391	652	#
658	0.85238	63	89	101	112	207	249	309	652	#
659	0.85238	77	78	88	206	228	391	652	#
660	0.579957	75	97	131	140	404	653	#
661	0.579957	74	97	131	140	177	404	653	#
662	0.579957	75	97	130	140	180	404	653	#
663	0.579957	74	97	130	140	177	180	404	653	#
664	0.579957	97	124	131	369	473	653	#
665	1.0447	40	41	90	99	170	188	321	#
666	0.471779	7	92	261	461	654	#
667	0.471779	79	152	247	266	336	654	#
668	0.471779	209	229	247	266	449	654	#
669	0.471779	44	45	79	117	118	209	229	247	266	654	#
670	0.471779	54	152	197	247	266	336	654	#
671	0.831071	31	70	104	408	476	655	#
672	0.831071	31	33	34	144	266	335	476	655	#
673	0.831071	68	154	176	452	457	655	#
674	0.831071	68	154	176	238	450	452	655	#
675	0.831071	67	154	156	176	452	457	655	#
676	0.975422	205	251	276	284	351	656	#
677	0.975422	93	126	203	205	213	234	251	284	380	656	#
678	0.975422	205	220	244	251	325	351	656	#
679	0.975422	93	126	203	205	221	235	251	284	380	656	#
680	0.975422	272	461	656	#
681	0.673607	193	360	439	657	#
682	0.673607	175	193	425	439	657	#
683	0.756446	47	63	293	422	#
684	0.832396	15	88	89	135	138	193	194	233	270	277	658	#
685	0.832396	4	15	88	89	135	138	193	194	270	275	658	#
686	0.832396	88	89	135	138	193	194	200	232	270	277	658	#
687	0.832396	14	15	88	89	135	138	193	194	232	270	277	658	#
688	0.790226	27	30	123	133	134	149	228	292	403	659	#
689	0.790226	27	29	108	123	133	134	149	228	292	403	659	#
690	0.790226	27	30	57	58	177	228	508	659	#
691	0.790226	27	29	57	58	108	177	228	508	659	#
692	0.790226	27	29	123	133	134	173	174	228	292	403	659	#
693	0.901944	73	261	378	660	#
694	0.901944	73	124	151	247	255	256	396	660	#
695	0.901944	73	124	125	150	247	255	256	396	660	#
696	0.901944	73	151	297	397	473	660	#
697	0.901944	73	125	150	297	397	473	660	#
698	0.362588	31	291	#
699	0.616637	4	5	14	223	474	661	#
700	0.616637	66	200	223	298	661	#
701	0.616637	4	5	15	200	223	474	661	#
702	0.616637	14	223	227	298	661	#
703	0.616637	14	15	66	223	298	661	#
704	0.504216	102	126	183	337	662	#
705	0.504216	103	127	183	337	662	#
706	0.504216	103	183	332	461	662	#
707	0.504216	6	102	126	182	204	337	662	#
708	0.504216	93	102	126	183	203	461	662	#
709	0.869962	187	451	663	#
710	0.869962	155	187	217	257	663	#
711	0.869962	40	155	188	217	246	320	345	663	#
712	0.869962	40	41	103	155	188	217	246	345	663	#
713	0.869962	102	126	155	188	202	203	217	246	345	663	#
714	0.87003	122	123	159	208	241	292	473	664	#
715	0.87003	74	159	241	292	411	473	664	#
716	0.87003	122	123	159	184	190	208	292	473	664	#
717	0.87003	122	123	124	208	241	254	292	473	664	#
718	0.87003	74	159	184	190	292	411	473	664	#
719	0.594992	202	203	406	665	#
720	0.594992	129	185	314	509	665	#
721	0.594992	128	185	186	314	509	665	#
722	0.594992	8	129	185	234	240	314	665	#
723	0.594992	8	128	185	186	234	240	314	665	#
724	1.09886	18	52	113	137	138	199	377	439	666	#
725	1.09886	3	18	113	138	163	211	258	275	493	500	666	#
726	1.09886	3	18	113	138	162	163	210	258	275	493	500	666	#
727	1.09886	19	52	113	137	138	139	199	377	439	666	#
728	1.09886	18	53	113	137	138	148	199	377	439	666	#
729	0.794293	22	88	390	412	667	#
730	0.794293	21	88	161	390	412	667	#
731	0.794293	22	89	97	135	282	369	412	667	#
732	0.794293	21	89	97	135	161	282	369	412	667	#
733	0.794293	22	73	124	151	412	445	667	#
734	0.718554	220	251	325	668	#
735	0.718554	168	169	220	325	668	#
736	0.718554	66	193	194	205	219	220	498	668	#
737	0.718554	166	167	251	325	668	#
738	0.718554	15	193	194	205	219	220	499	668	#
739	0.90935	66	184	194	219	231	279	498	669	#
740	0.90935	15	184	194	219	231	279	499	669	#
741	0.90935	66	133	134	149	184	194	219	220	231	244	498	669	#
742	0.90935	133	134	149	184	194	231	276	456	669	#
743	0.90935	14	184	194	200	219	231	279	499	669	#
744	0.654034	219	220	244	498	670	#
745	0.654034	30	372	498	670	#
746	0.654034	29	108	372	498	670	#
747	0.654034	66	276	456	670	#
748	0.759667	124	217	447	494	671	#
749	0.759667	66	151	200	347	671	#
750	0.759667	14	151	227	347	671	#
751	0.759667	66	125	150	200	347	671	#
752	0.759667	14	15	66	151	347	671	#
753	0.61872	8	9	56	59	60	76	147	235	240	672	#
754	0.61872	9	56	59	60	76	147	214	509	672	#
755	0.687052	5	86	87	98	99	195	210	500	673	#
756	0.687052	5	86	87	98	99	162	195	211	500	673	#
757	0.687052	5	86	87	98	99	107	210	480	500	673	#
758	0.687052	86	98	99	114	195	246	315	455	673	#
759	1.03598	22	217	232	412	447	494	674	#
760	1.03598	21	161	217	232	412	447	494	674	#
761	1.03598	4	22	211	233	464	500	674	#
762	1.03598	4	87	210	233	338	500	674	#
763	1.03598	4	22	162	210	233	464	500	674	#
764	0.229192	79	215	216	333	675	#
765	0.229192	79	82	83	215	333	675	#
766	0.890175	99	321	676	#
767	0.890175	103	107	442	676	#
768	0.890175	242	243	506	676	#
769	0.890175	99	242	243	294	676	#
770	0.890175	102	107	126	127	442	676	#
771	0.428187	88	89	135	178	282	#
772	0.924904	66	200	482	677	#
773	0.924904	14	227	482	677	#
774	0.924904	14	15	66	482	677	#
775	0.924904	66	77	200	402	447	677	#
776	0.924904	14	77	227	402	447	677	#
777	0.409959	43	182	235	421	678	#
778	0.409959	43	182	214	234	421	678	#
779	0.409959	6	7	33	204	418	678	#
780	0.409959	33	42	43	182	418	678	#
781	0.409959	43	182	213	221	234	421	678	#
782	1.07903	79	152	215	336	381	679	#
783	1.07903	209	215	229	381	449	679	#
784	1.07903	79	152	215	336	356	375	679	#
785	1.07903	209	215	229	356	375	449	679	#
786	1.07903	44	45	79	117	118	209	215	229	381	679	#
787	0.565294	31	104	191	262	680	#
788	0.565294	31	104	142	143	191	291	680	#
789	0.565294	31	104	192	222	262	680	#
790	0.565294	31	104	142	143	192	222	291	680	#
791	0.565294	86	87	142	143	210	221	222	433	680	#
792	0.365363	18	138	233	277	681	#
793	0.365363	4	18	138	275	681	#
794	0.365363	14	18	138	232	277	681	#
795	0.895895	16	17	52	199	205	251	360	439	682	#
796	0.895895	16	17	52	168	169	199	205	360	439	682	#
797	0.895895	16	17	52	175	199	205	251	425	439	682	#
798	0.895895	16	17	52	168	169	175	199	205	425	439	682	#
799	0.895895	27	123	235	284	403	421	682	#
800	0.594027	3	16	17	100	258	493	683	#
801	0.594027	28	238	403	417	493	683	#
802	0.594027	3	16	17	27	28	258	493	683	#
803	0.594027	3	16	17	100	176	189	258	683	#
804	0.594027	28	57	58	75	311	493	683	#
805	1.04415	99	144	335	469	477	684	#
806	1.04415	99	145	152	335	469	477	684	#
807	1.04415	99	144	266	271	335	684	#
808	1.04415	70	99	185	186	192	213	408	477	684	#
809	1.04415	70	99	185	186	191	213	222	408	477	684	#
810	1.15958	93	179	201	225	236	491	503	685	#
811	1.15958	38	142	179	201	225	236	286	291	373	685	#
812	1.15958	154	237	287	373	476	685	#
813	0.94042	81	290	#
814	0.627546	15	95	138	139	194	233	277	686	#
815	0.627546	15	18	19	95	138	194	233	277	686	#
816	0.627546	4	15	95	138	139	194	275	686	#
817	0.627546	4	15	18	19	95	138	194	275	686	#
818	0.627546	95	138	139	194	200	232	277	686	#
819	0.665188	21	324	394	687	#
820	0.665188	21	28	33	34	42	123	394	403	687	#
821	0.665188	22	161	324	394	687	#
822	0.665188	21	27	33	34	42	100	123	394	403	687	#
823	0.665188	21	28	33	34	42	57	58	177	394	411	687	#
824	0.861487	99	107	209	469	477	#
825	1.0067	237	241	290	688	#
826	1.0067	184	190	237	290	688	#
827	1.0067	80	236	241	290	688	#
828	1.0067	219	237	279	288	498	688	#
829	1.0067	80	184	190	236	290	688	#
830	0.254079	237	252	689	#
831	0.254079	80	253	689	#
832	0.254079	80	236	252	689	#
833	1.17051	237	246	287	320	345	690	#
834	1.17051	41	103	237	246	287	345	690	#
835	1.17051	41	163	179	189	201	225	236	354	503	690	#
836	1.17051	40	179	201	202	225	236	491	503	690	#
837	1.17051	163	179	189	201	225	236	245	320	345	503	690	#
838	0.944085	5	26	37	159	163	211	500	507	691	#
839	0.944085	5	26	37	159	162	163	210	500	507	691	#
840	0.944085	26	37	115	254	315	494	691	#
841	0.944085	26	37	114	159	189	315	452	507	691	#
842	0.944085	5	26	37	124	163	211	254	500	507	691	#
843	1.06046	44	45	54	118	395	#
844	1.05513	202	314	485	692	#
845	1.05513	61	93	291	341	373	692	#
846	1.05513	49	126	203	304	312	692	#
847	1.05513	32	49	93	304	373	692	#
848	1.05513	1	2	126	203	221	329	356	380	692	#
849	1.07032	18	134	149	170	188	441	462	693	#
850	1.07032	19	134	139	149	170	188	441	462	693	#
851	1.07032	18	93	170	188	202	351	441	693	#
852	1.07032	18	108	134	170	173	174	188	441	462	693	#
853	1.07032	18	92	170	261	323	351	441	693	#
854	0.724771	117	229	279	371	497	694	#
855	0.724771	220	229	244	302	497	694	#
856	0.724771	56	76	209	469	510	694	#
857	0.562042	15	89	135	193	194	233	270	695	#
858	0.562042	89	135	193	194	200	232	270	695	#
859	0.562042	14	15	89	135	193	194	232	270	695	#
860	0.562042	14	89	135	193	194	200	233	270	695	#
861	0.562042	66	89	135	193	194	227	233	270	695	#
862	0.931625	46	254	316	369	696	#
863	0.931625	46	124	159	316	369	696	#
864	0.931625	159	189	219	422	507	696	#
865	0.931625	47	219	254	316	369	696	#
866	0.931625	47	124	159	219	316	369	696	#
867	0.892309	176	293	457	697	#
868	0.892309	176	238	293	450	697	#
869	0.892309	189	293	457	493	697	#
870	0.892309	189	238	293	450	493	697	#
871	0.892309	38	39	63	86	87	142	162	163	457	493	697	#
872	1.10662	179	419	503	698	#
873	1.10662	38	142	164	179	286	388	698	#
874	1.10662	93	179	215	426	491	503	698	#
875	1.10662	38	142	179	215	286	291	373	426	698	#
876	1.10662	55	92	93	179	197	215	491	503	698	#
877	0.846035	43	88	89	101	123	182	295	699	#
878	0.846035	6	7	42	88	89	101	123	204	295	699	#
879	0.846035	6	204	206	359	699	#
880	0.846035	6	7	33	88	89	101	204	438	699	#
881	0.846035	33	42	43	88	89	101	182	438	699	#
882	0.599448	37	280	#
883	0.532524	10	20	105	128	343	700	#
884	0.532524	10	20	105	129	186	343	700	#
885	0.374209	239	356	#
886	0.452292	17	52	175	199	439	701	#
887	0.452292	2	17	258	701	#
888	0.452292	17	53	148	175	199	439	701	#
889	0.786134	59	86	198	224	317	455	702	#
890	0.786134	59	86	146	147	224	317	455	702	#
891	0.786134	59	60	86	198	223	317	455	702	#
892	0.786134	59	60	86	146	147	223	317	455	702	#
893	0.786134	59	86	198	224	246	455	511	702	#
894	0.726523	42	73	122	123	151	208	230	266	473	703	#
895	0.726523	42	72	73	122	123	151	153	208	266	473	703	#
896	0.726523	42	73	122	123	125	150	208	230	266	473	703	#
897	0.726523	42	72	73	122	123	125	150	153	208	266	473	703	#
898	0.726523	42	73	74	151	230	266	411	473	703	#
899	0.934948	74	89	101	122	208	295	384	704	#
900	0.934948	74	211	299	432	704	#
901	0.934948	74	163	211	311	432	493	704	#
902	0.934948	74	162	210	299	432	704	#
903	0.934948	74	162	163	210	311	432	493	704	#
904	0.905292	85	196	368	496	#
905	0.858071	52	377	439	#
906	0.565535	5	98	99	195	210	218	500	#
907	0.034757	15	#
908	0.82879	55	92	291	373	#
909	0.192172	61	263	#
910	0.604631	129	185	234	240	383	705	#
911	0.604631	128	185	186	234	240	383	705	#
912	0.604631	50	51	129	185	234	383	705	#
913	0.604631	50	51	128	185	186	234	383	705	#
914	0.604631	129	185	214	235	240	383	705	#
915	0.585363	129	185	187	188	314	706	#
916	0.585363	128	185	186	187	188	314	706	#
917	0.585363	126	187	188	202	203	213	380	706	#
918	0.585363	126	187	188	202	203	214	221	380	706	#
919	0.585363	129	164	185	333	383	706	#
920	0.634549	3	119	176	245	317	707	#
921	0.634549	3	119	176	452	511	707	#
922	0.634549	3	120	176	219	422	707	#
923	0.634549	3	119	189	245	317	493	707	#
924	0.634549	3	119	176	245	246	511	707	#
925	0.556941	51	108	173	243	276	708	#
926	0.556941	51	149	174	243	276	708	#
927	0.556941	29	30	51	173	243	276	708	#
928	0.556941	50	108	173	240	243	276	708	#
929	0.556941	50	149	174	240	243	276	708	#
930	0.696917	104	192	274	709	#
931	0.696917	104	191	222	274	709	#
932	0.696917	104	126	187	188	192	202	203	216	380	709	#
933	0.696917	104	126	187	188	191	202	203	216	222	380	709	#
934	0.696917	104	129	185	187	188	192	213	216	314	709	#
935	0.659546	136	478	710	#
936	0.659546	2	3	52	175	255	256	412	439	710	#
937	0.659546	124	151	331	412	710	#
938	0.659546	124	125	150	331	412	710	#
939	0.718047	15	97	193	194	270	282	711	#
940	0.718047	14	97	193	194	200	270	282	711	#
941	0.718047	66	97	193	194	227	270	282	711	#
942	0.718047	15	96	178	193	194	270	282	711	#
943	1.24062	179	188	201	202	225	236	491	503	712	#
944	1.24062	163	179	188	201	202	203	225	236	444	503	712	#
945	1.24062	81	129	185	188	234	237	240	314	344	712	#
946	1.24062	187	237	257	287	712	#
947	1.24062	81	128	185	186	188	234	237	240	314	344	712	#
948	0.478151	80	163	179	201	225	503	#
949	0.467295	40	134	149	220	244	462	#
950	0.891811	102	285	713	#
951	0.891811	102	245	293	345	713	#
952	0.891811	38	39	63	86	102	142	345	455	713	#
953	0.891811	103	126	127	285	713	#
954	0.891811	126	127	293	354	713	#
955	0.375255	185	186	214	469	714	#
956	0.375255	185	186	213	221	469	714	#
957	0.375255	144	389	714	#
958	0.375255	185	186	234	235	469	714	#
959	0.27467	163	211	238	493	715	#
960	0.27467	162	163	210	238	493	715	#
961	0.27467	163	176	189	211	238	715	#
962	0.27467	162	163	176	189	210	238	715	#
963	0.929307	84	98	152	218	469	477	716	#
964	0.929307	84	98	144	145	218	469	477	716	#
965	0.929307	85	98	121	152	218	469	477	716	#
966	0.929307	85	98	121	144	145	218	469	477	716	#
967	0.929307	84	98	152	218	266	271	716	#
968	0.643558	84	98	218	410	717	#
969	0.643558	85	98	121	218	410	717	#
970	0.98696	10	11	193	249	360	502	718	#
971	0.98696	10	11	78	112	193	360	502	718	#
972	0.98696	10	11	175	193	249	425	502	718	#
973	0.98696	10	11	78	112	175	193	425	502	718	#
974	0.98696	16	17	52	77	193	199	228	249	360	439	718	#
975	0.995925	55	197	487	719	#
976	0.995925	54	55	79	487	719	#
977	0.995925	247	261	487	719	#
978	0.995925	92	142	291	373	458	719	#
979	0.995925	92	426	487	719	#
980	0.768527	149	251	276	284	720	#
981	0.768527	149	220	244	251	325	720	#
982	0.768527	149	168	169	276	284	720	#
983	0.768527	149	168	169	220	244	325	720	#
984	0.678708	35	187	297	323	721	#
985	0.678708	35	248	297	333	721	#
986	0.678708	35	215	247	297	333	721	#
987	0.896106	85	98	152	218	469	477	722	#
988	0.896106	84	98	121	152	218	469	477	722	#
989	0.896106	85	98	144	145	218	469	477	722	#
990	0.896106	84	98	121	144	145	218	469	477	722	#
991	0.655005	86	146	317	455	723	#
992	0.655005	86	146	246	455	511	723	#
993	0.655005	86	87	146	162	163	189	245	317	723	#
994	0.655005	86	147	198	317	455	723	#
995	0.655005	86	87	146	162	163	189	452	511	723	#
996	0.0702797	244	#
997	0.918734	133	134	181	241	394	401	724	#
998	0.918734	174	428	724	#
999	0.918734	28	123	133	134	181	292	394	403	724	#
1000	0.918734	133	134	181	184	190	394	401	724	#
1001	0.918734	27	100	123	133	134	181	292	394	403	724	#
1002	0.898697	144	335	472	725	#
1003	0.898697	64	68	239	363	450	725	#
1004	0.898697	64	144	335	363	375	725	#
1005	0.898697	31	32	70	104	400	408	725	#
1006	0.898697	64	67	156	239	363	450	725	#
1007	0.228009	16	17	199	#
1008	0.398461	86	87	130	142	458	#
1009	0.909231	148	358	726	#
1010	0.909231	52	53	358	726	#
1011	0.909231	2	3	59	148	175	176	198	245	317	439	726	#
1012	0.909231	2	3	59	148	175	176	198	439	452	511	726	#
1013	0.909231	2	3	59	146	147	148	175	176	245	317	439	726	#
1014	0.46838	93	220	244	351	727	#
1015	0.46838	134	149	202	220	244	462	727	#
1016	0.816492	219	241	279	401	728	#
1017	0.816492	28	123	219	279	292	403	728	#
1018	0.816492	184	190	219	279	401	728	#
1019	0.816492	133	134	149	219	220	241	244	401	728	#
1020	0.816492	30	133	134	149	241	372	401	728	#
1021	0.760174	41	176	354	729	#
1022	0.760174	176	245	320	345	729	#
1023	0.760174	41	103	176	245	345	729	#
1024	0.760174	41	189	354	493	729	#
1025	0.760174	2	3	322	729	#
1026	0.923302	36	57	177	350	730	#
1027	0.923302	36	57	74	75	350	730	#
1028	0.923302	35	74	350	397	730	#
1029	0.923302	35	57	69	177	350	730	#
1030	0.923302	35	57	69	74	75	350	730	#
1031	0.776842	2	92	175	459	731	#
1032	0.776842	2	54	55	152	336	375	731	#
1033	0.776842	92	93	126	203	221	329	380	731	#
1034	0.776842	2	44	45	54	55	117	118	209	229	375	731	#
1035	0.776842	2	54	55	144	145	336	375	731	#
1036	0.851612	14	364	447	732	#
1037	0.851612	14	57	177	392	732	#
1038	0.851612	14	57	74	75	392	732	#
1039	0.0772264	124	255	#
1040	0.718702	2	3	11	175	319	733	#
1041	0.718702	11	175	238	239	319	733	#
1042	0.718702	136	161	181	478	733	#
1043	0.718702	2	3	52	161	175	181	255	256	412	439	733	#
1044	0.718702	21	22	136	181	478	733	#
1045	1.04228	163	179	189	201	354	503	734	#
1046	1.04228	103	163	179	189	201	245	345	503	734	#
1047	1.04228	127	163	179	201	444	503	734	#
1048	1.04228	163	176	179	201	354	493	503	734	#
1049	1.04228	102	126	127	163	179	189	201	245	345	503	734	#
1050	0.520226	140	404	735	#
1051	0.520226	96	141	404	735	#
1052	0.520226	75	124	369	473	735	#
1053	0.520226	74	124	177	369	473	735	#
1054	0.520226	16	17	27	57	58	199	256	327	735	#
1055	0.407161	4	227	288	736	#
1056	0.407161	4	15	66	288	736	#
1057	0.407161	4	15	81	160	194	231	736	#
1058	0.407161	4	14	66	200	288	736	#
1059	0.407161	4	14	81	160	194	200	231	736	#
1060	0.671012	405	737	#
1061	0.671012	27	58	69	297	323	737	#
1062	0.958162	16	384	391	738	#
1063	0.958162	17	88	199	255	256	384	390	738	#
1064	0.958162	3	17	163	211	258	432	493	738	#
1065	0.958162	3	17	162	163	210	258	432	493	738	#
1066	0.958162	3	17	163	176	189	211	258	432	738	#
1067	0.91076	163	444	503	739	#
1068	0.91076	127	163	189	354	503	739	#
1069	0.91076	102	126	163	189	245	345	503	739	#
1070	0.91076	103	127	163	189	245	345	503	739	#
1071	0.91076	203	491	503	739	#
1072	0.707055	101	135	438	740	#
1073	0.707055	31	34	38	142	286	291	740	#
1074	0.707055	31	34	38	39	63	101	135	142	291	740	#
1075	0.899293	185	300	509	741	#
1076	0.899293	8	185	234	240	300	741	#
1077	0.899293	28	42	123	181	394	403	484	741	#
1078	0.899293	104	181	192	324	394	413	741	#
1079	0.899293	104	181	191	222	324	394	413	741	#
1080	0.742698	56	117	209	229	469	510	742	#
1081	0.742698	9	56	117	185	186	209	229	469	509	742	#
1082	0.742698	8	9	56	117	185	186	209	229	234	240	469	742	#
1083	0.742698	76	279	371	497	742	#
1084	0.742698	8	9	50	51	56	117	185	186	209	229	234	469	742	#
1085	1.00626	74	91	125	473	505	743	#
1086	1.00626	124	125	255	256	283	743	#
1087	1.00626	74	91	150	151	473	505	743	#
1088	1.00626	124	150	151	255	256	283	743	#
1089	1.00626	24	37	125	159	504	743	#
1090	0.632607	111	237	252	352	744	#
1091	0.632607	109	110	237	252	352	744	#
1092	0.632607	80	111	253	352	744	#
1093	0.632607	80	111	236	252	352	744	#
1094	0.632607	80	109	110	253	352	744	#
1095	0.381085	90	126	170	188	202	203	745	#
1096	0.381085	91	126	187	188	202	203	216	745	#
1097	0.381085	82	83	91	126	187	188	202	203	745	#
1098	0.726853	2	133	134	149	235	276	329	746	#
1099	0.726853	2	133	134	149	214	234	276	329	746	#
1100	0.726853	2	3	176	279	422	746	#
1101	0.726853	2	133	134	149	213	221	234	276	329	746	#
1102	0.726853	2	3	133	134	149	176	220	244	422	746	#
1103	0.632559	2	3	146	176	245	317	747	#
1104	0.632559	2	3	146	176	452	511	747	#
1105	0.632559	2	3	146	189	245	317	493	747	#
1106	0.632559	146	176	238	239	245	317	747	#
1107	0.632559	2	3	146	176	245	246	511	747	#
1108	0.545212	11	175	375	#
1109	0.89281	40	41	170	188	354	748	#
1110	0.89281	40	170	188	245	320	345	748	#
1111	0.89281	40	41	103	170	188	245	345	748	#
1112	0.89281	127	170	188	202	203	354	748	#
1113	0.89281	102	126	170	188	202	203	245	345	748	#
1114	0.72068	57	58	177	505	749	#
1115	0.72068	57	58	74	75	505	749	#
1116	0.72068	58	69	187	216	297	323	749	#
1117	0.72068	58	69	82	83	187	297	323	749	#
1118	0.72068	58	69	216	248	297	333	749	#
1119	0.9829	52	124	125	255	256	358	750	#
1120	0.9829	59	150	198	317	328	750	#
1121	0.9829	125	159	489	750	#
1122	0.9829	59	146	147	150	317	328	750	#
1123	0.9829	59	150	176	198	245	317	331	750	#
1124	0.490672	234	456	751	#
1125	0.490672	214	235	456	751	#
1126	0.889467	237	287	511	752	#
1127	0.889467	81	237	420	511	752	#
1128	0.889467	80	236	287	511	752	#
1129	0.889467	80	81	236	420	511	752	#
1130	0.889467	4	56	76	132	146	227	237	288	374	752	#
1131	0.501585	156	416	753	#
1132	0.501585	70	71	416	753	#
1133	0.501585	67	68	416	753	#
1134	0.644121	62	291	341	754	#
1135	0.644121	61	116	291	341	754	#
1136	0.644121	32	49	116	304	754	#
1137	0.691063	35	187	297	323	755	#
1138	0.691063	35	248	297	333	755	#
1139	0.691063	35	215	247	297	333	755	#
1140	0.691063	35	164	165	247	297	333	755	#
1141	0.691063	36	69	187	297	323	755	#
1142	0.913953	193	231	272	756	#
1143	0.913953	183	366	756	#
1144	0.913953	7	33	194	231	418	456	756	#
1145	0.913953	6	182	204	366	756	#
1146	0.913953	7	42	43	366	756	#
1147	0.421352	155	217	447	452	757	#
1148	0.421352	154	250	447	452	757	#
1149	0.421352	154	157	217	447	452	757	#
1150	0.421352	155	217	245	246	447	757	#
1151	0.421352	154	245	246	250	447	757	#
1152	0.370736	27	33	42	123	403	758	#
1153	0.370736	27	33	42	57	58	177	411	758	#
1154	0.370736	27	33	42	57	58	75	122	123	208	758	#
1155	0.370736	27	33	42	57	58	74	122	123	177	208	758	#
1156	0.370736	16	33	42	171	466	758	#
1157	0.484649	16	17	258	759	#
1158	0.484649	2	16	17	52	175	199	439	759	#
1159	0.55352	96	161	181	369	412	760	#
1160	0.55352	21	22	96	181	369	412	760	#
1161	0.625679	173	294	761	#
1162	0.625679	108	149	174	294	761	#
1163	0.625679	99	173	506	761	#
1164	0.866601	5	98	99	195	436	762	#
1165	0.866601	5	98	99	107	436	480	762	#
1166	0.866601	98	99	107	116	260	762	#
1167	0.866601	0	85	218	468	762	#
1168	0.866601	5	62	86	87	98	99	195	210	341	500	762	#
1169	0.522137	31	104	191	291	763	#
1170	0.522137	31	104	192	222	291	763	#
1171	0.522137	86	87	210	221	222	433	763	#
1172	0.522137	86	87	210	213	214	222	433	763	#
1173	0.522137	86	87	162	211	221	222	433	763	#
1174	0.767817	316	369	#
1175	0.904757	166	326	764	#
1176	0.904757	167	220	326	764	#
1177	0.904757	149	244	348	764	#
1178	0.904757	47	153	220	316	342	764	#
1179	0.904757	153	213	234	244	276	429	764	#
1180	0.688075	31	38	104	142	179	286	291	765	#
1181	0.688075	179	192	211	221	433	503	765	#
1182	0.688075	179	191	211	221	222	433	503	765	#
1183	0.688075	162	179	192	210	221	433	503	765	#
1184	0.688075	162	179	191	210	221	222	433	503	765	#
1185	0.952278	133	137	158	188	462	475	766	#
1186	0.952278	119	120	134	149	188	219	220	244	313	462	766	#
1187	0.952278	18	134	138	149	188	441	462	766	#
1188	1.06155	179	201	491	503	767	#
1189	1.06155	163	179	201	203	444	503	767	#
1190	1.06155	127	163	179	189	201	203	354	503	767	#
1191	1.06155	102	126	163	179	189	201	203	245	345	503	767	#
1192	1.06155	103	127	163	179	189	201	203	245	345	503	767	#
1193	0.839307	133	241	394	401	768	#
1194	0.839307	28	123	133	292	394	403	768	#
1195	0.839307	133	184	190	394	401	768	#
1196	0.839307	27	100	123	133	292	394	403	768	#
1197	0.839307	117	133	229	296	371	394	768	#
1198	0.841724	247	255	256	396	769	#
1199	0.841724	215	248	255	256	396	769	#
1200	0.841724	124	297	397	473	769	#
1201	0.841724	92	199	255	256	261	376	769	#
1202	0.841724	57	69	75	124	297	473	769	#
1203	0.229812	40	187	188	333	#
1204	0.760934	38	59	86	142	198	317	455	#
1205	0.56838	61	89	135	207	263	270	770	#
1206	0.56838	61	88	89	135	206	263	270	770	#
1207	0.798353	57	58	91	177	505	771	#
1208	0.798353	57	58	74	75	91	505	771	#
1209	0.798353	58	69	90	170	297	323	771	#
1210	0.798353	58	69	91	187	216	297	323	771	#
1211	0.798353	58	69	82	83	91	187	297	323	771	#
1212	0.964529	55	92	276	284	351	772	#
1213	0.964529	55	92	93	126	203	213	234	284	380	772	#
1214	0.964529	55	92	220	244	325	351	772	#
1215	0.964529	55	92	93	126	203	221	235	284	380	772	#
1216	0.964529	55	92	93	126	203	214	221	234	284	380	772	#
1217	0.686809	161	163	464	773	#
1218	0.686809	124	161	412	507	773	#
1219	0.686809	21	22	163	464	773	#
1220	0.686809	21	22	124	412	507	773	#
1221	0.908613	58	269	774	#
1222	0.908613	11	16	17	27	52	199	439	443	774	#
1223	0.908613	16	17	27	97	179	199	201	225	256	282	327	774	#
1224	0.908613	27	89	135	179	201	225	391	774	#
1225	0.908613	101	135	179	201	225	295	403	774	#
1226	0.631112	112	340	775	#
1227	0.631112	77	249	440	775	#
1228	0.631112	77	78	112	440	775	#
1229	0.631112	31	33	34	112	435	775	#
1230	0.631112	27	31	33	34	42	77	123	228	249	403	775	#
1231	0.555358	99	107	110	352	776	#
1232	0.555358	99	107	109	111	352	776	#
1233	0.555358	4	5	99	195	227	288	776	#
1234	0.555358	4	5	15	66	99	195	288	776	#
1235	0.555358	4	5	15	81	99	160	194	195	231	776	#
1236	0.538487	332	373	777	#
1237	0.538487	31	104	126	127	192	380	777	#
1238	0.538487	31	104	126	127	191	222	380	777	#
1239	0.538487	93	127	203	373	777	#
1240	0.538487	31	102	103	104	192	380	777	#
1241	0.808568	128	187	188	216	314	343	778	#
1242	0.808568	82	83	128	187	188	314	343	778	#
1243	0.808568	106	126	187	188	202	203	216	312	778	#
1244	0.808568	32	93	106	187	188	202	216	373	778	#
1245	0.808568	82	83	106	126	187	188	202	203	312	778	#
1246	1.05995	27	57	58	137	177	273	779	#
1247	1.05995	27	57	58	74	75	137	273	779	#
1248	1.05995	16	17	52	137	199	377	439	779	#
1249	1.05995	27	42	84	98	123	137	158	218	271	403	779	#
1250	1.05995	3	16	17	163	211	258	275	493	500	779	#
1251	0.467351	57	460	780	#
1252	0.467351	57	191	424	780	#
1253	0.467351	57	192	222	424	780	#
1254	0.467351	33	34	42	57	104	177	191	411	780	#
1255	0.467351	33	34	42	57	75	104	122	123	191	208	780	#
1256	0.39755	44	45	133	184	382	#
1257	0.493911	86	87	341	#
1258	0.764161	14	184	219	279	499	781	#
1259	0.764161	66	184	200	219	279	498	781	#
1260	0.764161	14	133	134	149	184	219	220	244	499	781	#
1261	0.764161	14	184	219	227	279	498	781	#
1262	0.764161	14	15	66	184	219	279	498	781	#
1263	0.886541	40	41	99	107	321	782	#
1264	0.886541	40	320	442	782	#
1265	0.886541	40	41	103	442	782	#
1266	0.886541	102	126	202	203	442	782	#
1267	0.886541	99	107	127	202	203	321	782	#
1268	0.386513	185	186	214	329	#
1269	0.418634	0	175	356	#
1270	0.903121	37	192	213	234	244	276	280	783	#
1271	0.903121	37	191	213	222	234	244	276	280	783	#
1272	0.903121	37	192	221	235	244	276	280	783	#
1273	0.903121	37	191	221	222	235	244	276	280	783	#
1274	0.903121	37	192	214	221	234	244	276	280	783	#
1275	0.515554	2	3	14	155	176	217	447	452	784	#
1276	0.515554	15	193	194	425	784	#
1277	0.515554	2	3	4	163	211	493	500	784	#
1278	0.515554	2	3	4	162	163	210	493	500	784	#
1279	0.515554	2	3	4	163	176	189	211	500	784	#
1280	0.746589	10	20	236	443	785	#
1281	0.746589	10	20	80	237	443	785	#
1282	0.746589	20	252	384	470	785	#
1283	0.746589	20	89	135	179	201	225	236	470	785	#
1284	0.746589	105	163	179	201	225	236	238	305	493	503	785	#
1285	0.670227	7	42	123	126	337	403	786	#
1286	0.670227	43	123	126	183	337	403	786	#
1287	0.670227	7	42	57	58	126	177	337	411	786	#
1288	0.670227	7	42	93	123	126	203	403	461	786	#
1289	0.670227	7	42	57	58	75	122	123	126	208	337	786	#
1290	0.285381	59	76	147	787	#
1291	0.285381	59	76	146	198	787	#
1292	1.02084	90	170	188	202	203	374	467	#
1293	0.879266	1	468	788	#
1294	0.879266	116	0	468	788	#
1295	0.879266	61	62	0	468	788	#
1296	0.879266	116	436	5	195	99	98	218	85	788	#
1297	0.879266	116	436	5	195	99	98	218	84	121	788	#
1298	0.668133	77	228	100	357	789	#
1299	0.668133	77	228	27	28	357	789	#
1300	0.668133	77	228	100	355	55	789	#
1301	0.668133	77	228	100	296	229	117	118	45	44	54	789	#
1302	0.668133	77	228	27	28	355	55	789	#
1303	0.83805	132	500	211	163	507	125	790	#
1304	0.83805	132	500	210	162	163	507	125	790	#
1305	0.83805	268	180	97	369	124	125	790	#
1306	0.83805	132	500	211	163	493	331	150	790	#
1307	0.83805	132	500	211	163	507	151	150	790	#
1308	0.431437	89	101	293	176	238	#
1309	0.387932	291	86	#
1310	0.829591	342	97	282	270	193	194	200	791	#
1311	0.829591	342	97	282	270	193	194	15	14	791	#
1312	0.829591	342	96	178	282	270	193	194	200	791	#
1313	0.829591	342	97	282	270	193	194	66	227	14	791	#
1314	0.829591	342	96	178	282	270	193	194	15	14	791	#
1315	0.343099	363	239	792	#
1316	0.343099	363	2	3	238	792	#
1317	0.807274	77	228	27	403	123	42	7	461	93	202	40	793	#
1318	0.807274	77	228	27	403	123	42	7	337	127	41	793	#
1319	0.807274	77	228	100	355	92	93	202	40	793	#
1320	0.807274	77	228	27	28	355	92	93	202	40	793	#
1321	0.807274	77	228	100	357	55	92	93	202	40	793	#
1322	0.846975	98	477	469	209	794	#
1323	0.846975	98	271	266	209	794	#
1324	0.583095	217	155	511	198	59	795	#
1325	0.583095	217	155	511	146	147	59	795	#
1326	0.583095	250	154	511	198	59	795	#
1327	0.583095	217	157	154	511	198	59	795	#
1328	0.583095	250	154	511	146	147	59	795	#
1329	0.862217	215	396	256	255	124	125	796	#
1330	0.862217	215	396	256	255	124	151	150	796	#
1331	0.862217	164	165	396	256	255	124	125	796	#
1332	0.862217	215	79	44	490	24	37	159	125	796	#
1333	0.862217	215	449	229	301	37	159	125	796	#
1334	0.866137	148	439	175	2	3	176	245	317	198	797	#
1335	0.866137	148	358	59	797	#
1336	0.866137	148	439	175	2	3	176	452	511	198	797	#
1337	0.866137	148	439	175	2	3	176	245	317	146	147	797	#
1338	0.866137	148	439	175	2	3	176	452	511	146	147	797	#
1339	0.772579	401	100	228	77	78	798	#
1340	0.772579	401	28	27	228	77	78	798	#
1341	0.772579	241	292	123	403	27	228	77	78	798	#
1342	0.772579	401	100	228	77	249	112	798	#
1343	0.772579	241	292	42	435	798	#
1344	0.582009	159	507	163	211	799	#
1345	0.582009	159	507	163	162	210	799	#
1346	0.582009	254	124	507	163	211	799	#
1347	0.582009	254	124	507	163	162	210	799	#
1348	0.850171	146	365	75	800	#
1349	0.850171	146	365	74	177	800	#
1350	0.850171	198	147	365	75	800	#
1351	0.850171	198	147	365	74	177	800	#
1352	0.850171	119	120	219	220	244	508	177	800	#
1353	0.720982	374	268	#
1354	0.829236	321	#
1355	0.936042	216	333	215	197	346	801	#
1356	0.936042	82	83	333	215	197	346	801	#
1357	0.936042	216	333	215	79	54	346	801	#
1358	0.936042	82	83	333	215	79	54	346	801	#
1359	0.936042	216	333	164	165	197	346	801	#
1360	0.203627	237	252	#
1361	0.806334	193	270	282	97	342	802	#
1362	0.806334	193	270	282	178	96	342	802	#
1363	0.802076	17	199	52	439	360	205	803	#
1364	0.802076	17	199	52	439	175	425	205	803	#
1365	0.802076	17	258	2	425	205	803	#
1366	0.802076	17	199	53	148	439	360	205	803	#
1367	0.802076	17	199	53	148	439	175	425	205	803	#
1368	0.843547	113	17	466	171	292	133	134	804	#
1369	0.843547	113	17	16	27	403	123	292	133	134	804	#
1370	0.843547	113	17	466	172	123	292	133	134	804	#
1371	1.10842	17	258	3	176	452	310	805	#
1372	1.10842	17	258	3	176	245	246	310	805	#
1373	1.10842	17	199	52	439	175	2	3	176	452	310	805	#
1374	1.10842	17	258	3	493	189	452	310	805	#
1375	1.10842	17	199	52	358	224	212	805	#
1376	0.46977	123	292	133	#
1377	1.05838	187	188	314	129	185	234	456	194	806	#
1378	1.05838	187	188	314	128	186	185	234	456	194	806	#
1379	1.05838	187	463	193	806	#
1380	1.05838	187	188	314	129	185	214	235	456	194	806	#
1381	1.05838	187	188	314	128	186	185	214	235	456	194	806	#
1382	1.08892	0	356	2	329	235	276	149	134	133	184	807	#
1383	1.08892	0	356	2	329	214	234	276	149	134	133	184	807	#
1384	1.08892	0	356	2	3	176	422	279	184	807	#
1385	1.08892	0	356	2	329	221	213	234	276	149	134	133	184	807	#
1386	1.08892	62	341	86	87	162	163	189	422	279	184	807	#
1387	0.109383	76	#
1388	0.84426	18	138	275	436	#
1389	0.298827	439	175	239	#
1390	1.05076	430	214	185	129	314	188	187	83	808	#
1391	1.05076	430	221	274	82	808	#
1392	1.05076	430	214	185	186	128	314	188	187	83	808	#
1393	1.05076	430	221	380	126	203	202	188	187	83	808	#
1394	1.05076	430	221	213	185	129	314	188	187	83	808	#
1395	0.278069	41	242	#
1396	0.735062	126	337	7	42	123	403	27	228	77	#
1397	0.765234	162	163	493	3	258	17	16	228	77	249	809	#
1398	0.765234	162	163	493	3	258	17	16	228	77	78	112	809	#
1399	0.765234	162	163	493	3	2	175	11	10	502	249	809	#
1400	0.765234	162	163	493	3	2	175	11	10	502	78	112	809	#
1401	0.765234	162	163	189	176	3	258	17	16	228	77	249	809	#
1402	0.863101	231	193	360	439	52	199	17	810	#
1403	0.863101	231	193	425	175	439	52	199	17	810	#
1404	0.693467	18	441	149	134	133	811	#
1405	0.693467	138	137	158	475	811	#
1406	0.693467	139	19	441	149	134	133	811	#
1407	0.693467	138	313	119	120	219	279	811	#
1408	0.693467	18	441	108	173	174	134	133	811	#
1409	0.170744	142	86	87	210	#
1410	0.82485	469	477	99	107	110	#
1411	0.831708	2	329	235	276	108	173	243	812	#
1412	0.831708	2	329	235	276	149	174	243	812	#
1413	0.831708	2	329	214	234	276	108	173	243	812	#
1414	0.831708	2	329	214	234	276	149	174	243	812	#
1415	0.831708	2	329	221	213	234	276	108	173	243	812	#
1416	0.854777	244	276	235	430	180	813	#
1417	0.854777	220	47	316	97	180	813	#
1418	0.854777	244	276	234	214	430	180	813	#
1419	0.854777	220	422	189	163	162	87	86	142	458	813	#
1420	0.854777	244	276	234	213	221	430	180	813	#
1421	0.815876	279	422	189	163	162	87	86	814	#
1422	0.815876	133	134	149	244	220	422	189	163	162	87	86	814	#
1423	0.815876	133	134	149	276	235	433	210	87	86	814	#
1424	0.815876	279	422	189	163	211	210	87	86	814	#
1425	0.815876	133	134	149	276	234	214	433	210	87	86	814	#
1426	0.548271	452	176	311	74	#
1427	0.931105	170	323	247	396	256	815	#
1428	0.931105	437	215	396	256	815	#
1429	0.931105	170	187	333	215	396	256	815	#
1430	0.931105	90	283	256	815	#
1431	0.931105	170	188	202	93	376	199	256	815	#
1432	0.53807	92	93	203	126	380	816	#
1433	0.53807	92	332	127	126	380	816	#
1434	0.53807	92	332	103	102	380	816	#
1435	0.573464	219	279	184	382	45	817	#
1436	0.573464	372	29	173	488	45	817	#
1437	0.573464	219	220	244	351	92	55	54	44	817	#
1438	0.573464	219	220	244	149	134	133	184	382	45	817	#
1439	0.573464	372	30	351	92	55	54	44	817	#
1440	0.454353	337	183	818	#
1441	0.454353	337	6	204	182	818	#
1442	0.454353	203	93	461	183	818	#
1443	0.406988	20	105	343	128	#
1444	0.386676	193	270	135	101	#
1445	0.667536	129	185	213	192	104	31	32	400	819	#
1446	0.667536	129	185	213	222	191	104	31	32	400	819	#
1447	0.667536	128	186	185	213	192	104	31	32	400	819	#
1448	0.667536	128	186	185	213	222	191	104	31	32	400	819	#
1449	0.667536	129	185	214	221	192	104	31	32	400	819	#
1450	0.691931	282	97	369	254	37	24	23	820	#
1451	0.691931	282	97	369	124	159	37	24	23	820	#
1452	0.691931	282	178	96	369	254	37	24	23	820	#
1453	0.691931	282	97	327	256	199	113	820	#
1454	0.691931	282	97	369	255	256	199	113	820	#
1455	0.916618	125	473	208	122	123	42	7	337	126	102	821	#
1456	0.916618	125	473	208	122	123	42	7	337	127	103	821	#
1457	0.916618	125	473	74	411	42	7	337	126	102	821	#
1458	0.916618	125	473	74	411	42	7	337	127	103	821	#
1459	0.916618	125	124	255	256	199	376	332	103	821	#
1460	0.923724	198	317	455	86	142	458	130	822	#
1461	0.923724	147	146	317	455	86	142	458	130	822	#
1462	0.923724	147	76	56	374	268	130	822	#
1463	0.923724	198	511	246	455	86	142	458	130	822	#
1464	0.923724	198	317	245	189	163	162	87	86	142	458	130	822	#
1465	0.51944	231	194	15	233	277	137	823	#
1466	0.51944	231	194	15	4	275	137	823	#
1467	0.51944	231	194	200	232	277	137	823	#
1468	0.51944	231	194	15	14	232	277	137	823	#
1469	0.132846	212	#
1470	0.737483	25	136	161	367	156	824	#
1471	0.737483	25	136	22	21	367	156	824	#
1472	0.737483	431	75	334	70	824	#
1473	0.737483	431	177	74	334	70	824	#
1474	0.737483	25	136	161	367	71	70	824	#
1475	0.663018	20	10	11	360	205	825	#
1476	0.663018	20	10	11	175	425	205	825	#
1477	0.663018	105	305	239	425	205	825	#
1478	0.994353	117	229	209	375	2	3	493	163	503	179	826	#
1479	0.994353	117	229	209	375	2	3	176	189	163	503	179	826	#
1480	0.994353	117	229	209	266	42	123	295	101	135	179	826	#
1481	0.994353	117	229	209	375	239	238	493	163	503	179	826	#
1482	0.994353	117	229	209	266	33	438	101	135	179	826	#
1483	0.988314	341	86	87	162	163	189	422	220	244	108	827	#
1484	0.988314	61	1	356	2	329	235	276	108	827	#
1485	0.988314	62	0	356	2	329	235	276	108	827	#
1486	0.988314	61	1	356	2	329	214	234	276	108	827	#
1487	0.988314	341	86	87	210	433	235	276	108	827	#
1488	0.642544	163	507	159	37	26	828	#
1489	0.642544	163	507	124	254	37	26	828	#
1490	0.36197	87	86	385	88	829	#
1491	0.36197	162	503	135	89	88	829	#
1492	0.36197	87	86	142	38	39	63	101	89	88	829	#
1493	0.932222	491	503	830	#
1494	0.932222	203	444	163	503	830	#
1495	0.17757	33	34	#
1496	0.406255	221	380	831	#
1497	0.406255	214	213	380	831	#
1498	0.406255	235	234	213	380	831	#
1499	0.92194	138	275	436	0	832	#
1500	0.92194	138	137	158	121	468	832	#
1501	0.92194	138	275	436	116	1	832	#
1502	0.92194	138	137	158	84	85	468	832	#
1503	0.92194	138	275	436	62	61	1	832	#
1504	0.559514	170	188	462	134	149	833	#
1505	0.559514	170	188	202	93	351	833	#
1506	0.559514	170	188	462	134	174	173	108	833	#
1507	0.559514	170	323	261	92	351	833	#
1508	1.06488	419	503	834	#
1509	1.06488	164	388	142	38	286	834	#
1510	1.06488	215	426	93	491	503	834	#
1511	1.06488	215	426	373	291	142	38	286	834	#
1512	1.06488	215	197	55	92	93	491	503	834	#
1513	0.537529	162	299	75	835	#
1514	0.537529	162	299	74	177	835	#
1515	0.537529	162	163	493	311	75	835	#
1516	0.537529	162	163	493	311	74	177	835	#
1517	0.79154	225	80	288	227	233	277	138	139	836	#
1518	0.79154	225	80	288	227	233	277	138	18	19	836	#
1519	0.79154	225	80	288	66	15	233	277	138	139	836	#
1520	0.79154	225	80	288	66	15	233	277	138	18	19	836	#
1521	0.79154	225	80	288	227	4	275	138	139	836	#
1522	0.601669	28	403	123	421	235	240	837	#
1523	0.601669	324	104	192	213	234	240	837	#
1524	0.601669	324	104	191	222	213	234	240	837	#
1525	0.601669	324	104	192	221	235	240	837	#
1526	0.601669	324	104	191	222	221	235	240	837	#
1527	0.968001	18	138	137	158	84	218	98	477	469	838	#
1528	0.968001	19	139	138	137	158	84	218	98	477	469	838	#
1529	0.968001	19	265	34	33	266	838	#
1530	0.968001	18	138	137	158	121	85	218	98	477	469	838	#
1531	0.968001	441	302	229	209	838	#
1532	1.0316	492	244	30	839	#
1533	1.0316	492	244	108	29	839	#
1534	1.0316	252	237	288	498	372	839	#
1535	1.0316	432	433	235	276	30	839	#
1536	1.0316	253	80	288	498	372	839	#
1537	0.449758	186	185	214	433	840	#
1538	0.449758	186	185	213	221	433	840	#
1539	1.02114	6	7	33	34	31	501	841	#
1540	1.02114	6	7	42	123	295	101	89	384	841	#
1541	1.02114	6	7	33	438	101	89	384	841	#
1542	1.02114	6	7	33	34	31	291	385	384	841	#
1543	1.02114	6	183	43	123	295	101	89	384	841	#
1544	0.470926	75	311	3	842	#
1545	0.470926	177	74	311	3	842	#
1546	0.872944	332	92	355	394	161	843	#
1547	0.872944	332	92	355	394	21	22	843	#
1548	0.872944	332	92	55	357	394	161	843	#
1549	0.872944	332	92	55	357	394	21	22	843	#
1550	0.872944	127	203	93	92	355	394	161	843	#
1551	0.607994	218	98	410	49	#
1552	0.668319	306	844	#
1553	0.668319	38	142	86	87	210	500	5	195	844	#
1554	0.668319	38	142	86	87	162	211	500	5	195	844	#
1555	0.668319	38	142	86	87	210	500	5	480	107	844	#
1556	0.668319	38	142	86	455	246	114	315	195	844	#
1557	0.720414	68	450	239	175	845	#
1558	0.720414	335	144	375	175	845	#
1559	0.720414	156	67	450	239	175	845	#
1560	0.643437	188	202	93	373	846	#
1561	0.643437	323	261	92	373	846	#
1562	0.643437	323	247	426	373	846	#
1563	0.643437	323	247	197	55	92	373	846	#
1564	0.643437	188	202	203	126	380	192	104	31	846	#
1565	0.741125	84	218	98	99	107	110	352	80	225	#
1566	0.183722	175	2	3	176	#
1567	0.886403	64	400	312	126	127	847	#
1568	0.886403	196	143	142	86	455	345	103	847	#
1569	0.886403	64	400	312	102	103	847	#
1570	0.886403	363	2	329	221	380	126	127	847	#
1571	0.886403	196	143	142	86	87	162	163	189	354	847	#
1572	0.567107	48	304	1	#
1573	0.878183	408	192	213	234	284	848	#
1574	0.878183	408	191	222	213	234	284	848	#
1575	0.878183	408	192	221	235	284	848	#
1576	0.878183	408	191	222	221	235	284	848	#
1577	0.878183	408	192	221	214	234	284	848	#
1578	0.920544	36	364	447	200	849	#
1579	0.920544	36	57	177	350	194	849	#
1580	0.920544	495	33	418	456	849	#
1581	0.920544	36	364	447	14	15	849	#
1582	0.920544	36	57	177	392	200	849	#
1583	0.752599	490	24	37	159	151	#
1584	0.177133	240	234	213	192	850	#
1585	0.177133	240	234	213	222	191	850	#
1586	0.177133	240	235	221	192	850	#
1587	0.177133	240	235	221	222	191	850	#
1588	0.177133	50	51	234	213	192	850	#
1589	0.898175	138	275	500	210	87	86	142	458	130	851	#
1590	0.898175	138	275	132	268	130	851	#
1591	0.384897	439	52	199	17	16	#
1592	0.705152	476	373	93	#
1593	0.468552	211	433	214	185	852	#
1594	0.468552	162	210	433	214	185	852	#
1595	0.468552	211	433	221	213	185	852	#
1596	0.468552	162	210	433	221	213	185	852	#
1597	0.468552	163	493	3	329	214	185	852	#
1598	0.546438	72	73	151	124	255	256	199	17	16	100	853	#
1599	0.546438	72	73	150	125	124	255	256	199	17	16	100	853	#
1600	0.546438	72	73	151	124	255	256	199	17	16	27	28	853	#
1601	0.546438	72	73	150	125	124	255	256	199	17	16	27	28	853	#
1602	0.959865	89	101	285	103	854	#
1603	0.959865	385	86	455	345	103	854	#
1604	0.959865	89	101	293	354	854	#
1605	0.959865	89	101	293	245	345	103	854	#
1606	0.959865	89	135	503	163	189	354	854	#
1607	0.123018	24	23	#
1608	0.431816	138	275	132	#
1609	0.517373	292	411	177	855	#
1610	0.517373	292	123	122	208	75	855	#
1611	0.517373	292	123	122	208	74	177	855	#
1612	0.155864	207	89	856	#
1613	0.155864	206	88	89	856	#
1614	0.165311	411	857	#
1615	0.165311	74	208	122	123	857	#
1616	0.766667	6	7	42	123	295	101	858	#
1617	0.766667	6	7	33	438	101	858	#
1618	0.766667	6	183	43	123	295	101	858	#
1619	1.26643	207	89	101	63	434	859	#
1620	1.26643	206	88	89	101	63	434	859	#
1621	1.26643	207	385	387	188	170	90	859	#
1622	1.26643	207	89	423	314	188	170	90	859	#
1623	1.26643	206	88	385	387	188	170	90	859	#
1624	0.0559307	204	#
1625	1.00367	384	391	228	860	#
1626	1.00367	384	89	101	63	309	77	860	#
1627	1.00367	384	470	502	77	860	#
1628	1.00367	253	443	10	502	77	860	#
1629	1.00367	252	236	443	10	502	77	860	#
1630	1.01802	95	265	34	861	#
1631	1.01802	496	218	98	410	32	31	34	861	#
1632	1.01802	94	212	224	59	147	76	56	9	8	240	418	861	#
1633	1.01802	94	212	224	59	147	76	56	9	8	50	51	418	861	#
1634	1.01802	94	212	224	59	147	76	56	9	413	192	104	34	861	#
1635	0.644649	74	311	176	452	114	862	#
1636	0.644649	74	311	176	245	246	114	862	#
1637	0.644649	74	208	122	417	238	176	452	114	862	#
1638	0.644649	74	311	493	189	452	114	862	#
1639	0.644649	177	75	311	176	452	114	862	#
1640	0.765651	506	195	863	#
1641	0.765651	294	99	195	863	#
1642	0.765651	506	107	480	863	#
1643	0.765651	294	99	107	480	863	#
1644	0.765651	173	29	372	499	4	5	863	#
1645	1.17278	81	395	118	45	44	54	864	#
1646	1.17278	287	154	476	373	92	55	864	#
1647	1.17278	81	420	154	476	373	92	55	864	#
1648	1.17278	287	246	345	103	332	92	55	864	#
1649	1.17278	81	395	118	45	44	79	197	864	#
1650	0.803399	165	79	44	490	865	#
1651	0.803399	165	197	54	44	490	865	#
1652	0.803399	164	215	79	44	490	865	#
1653	0.803399	164	215	197	54	44	490	865	#
1654	0.803399	164	248	247	79	44	490	865	#
1655	0.827134	241	279	325	169	866	#
1656	0.827134	190	184	279	325	169	866	#
1657	0.827134	241	133	134	149	276	284	169	866	#
1658	0.827134	241	133	134	149	244	220	325	169	866	#
1659	0.827134	190	184	133	134	149	276	284	169	866	#
1660	0.650629	40	202	93	461	7	42	123	122	208	867	#
1661	0.650629	40	202	93	461	7	42	411	74	867	#
1662	0.650629	41	127	337	7	42	123	122	208	867	#
1663	0.650629	41	127	337	7	42	411	74	867	#
1664	0.650629	40	202	203	337	7	42	123	122	208	867	#
1665	0.698166	230	342	97	282	179	201	225	868	#
1666	0.698166	72	153	342	97	282	179	201	225	868	#
1667	0.698166	445	89	135	179	201	225	868	#
1668	0.698166	230	342	96	178	282	179	201	225	868	#
1669	0.698166	72	153	342	96	178	282	179	201	225	868	#
1670	0.91242	333	215	79	44	490	24	26	869	#
1671	0.91242	333	215	449	229	301	26	869	#
1672	0.886782	173	108	244	220	422	293	870	#
1673	0.886782	174	149	244	220	422	293	870	#
1674	0.886782	173	29	30	244	220	422	293	870	#
1675	0.886782	173	29	372	219	422	293	870	#
1676	0.886782	173	108	244	166	167	422	293	870	#
1677	0.738022	23	490	44	871	#
1678	0.738022	113	17	466	353	229	117	118	45	44	871	#
1679	0.738022	113	376	92	55	54	871	#
1680	0.738022	113	17	16	100	357	54	871	#
1681	0.738022	113	17	466	171	42	266	152	336	871	#
1682	0.345694	209	469	186	185	#
1683	0.868416	44	45	349	872	#
1684	0.868416	336	145	389	433	872	#
1685	0.868416	54	55	92	93	491	211	872	#
1686	0.868416	54	55	92	93	203	126	380	221	433	872	#
1687	0.868416	54	55	92	93	491	162	210	872	#
1688	0.382774	244	351	92	#
1689	0.902438	196	143	142	86	455	317	198	59	60	873	#
1690	0.902438	196	143	142	86	455	317	146	147	59	60	873	#
1691	0.902438	196	143	142	86	455	317	198	59	224	223	873	#
1692	0.902438	196	143	142	86	455	246	511	198	59	60	873	#
1693	0.902438	196	143	142	86	87	162	163	189	245	317	198	59	60	873	#
1694	0.265207	203	127	242	#
1695	0.72961	3	176	452	114	315	195	99	98	218	85	874	#
1696	0.72961	3	176	452	114	315	195	99	98	218	84	121	874	#
1697	0.72961	3	493	163	211	500	5	195	99	98	218	85	874	#
1698	0.72961	3	493	163	162	210	500	5	195	99	98	218	85	874	#
1699	0.72961	3	493	163	211	500	5	195	99	98	218	84	121	874	#
1700	0.975509	207	89	101	293	422	220	244	30	875	#
1701	0.975509	206	88	89	101	293	422	220	244	30	875	#
1702	0.975509	207	89	101	293	422	220	244	108	29	875	#
1703	0.975509	206	88	89	101	293	422	220	244	108	29	875	#
1704	0.975509	207	89	135	503	163	189	422	220	244	30	875	#
1705	0.70665	170	323	247	449	229	353	876	#
1706	0.70665	170	188	202	93	461	7	42	171	876	#
1707	0.70665	437	215	449	229	353	876	#
1708	0.70665	170	323	247	79	44	45	118	117	229	353	876	#
1709	0.70665	437	215	79	44	45	118	117	229	353	876	#
1710	0.734037	364	69	877	#
1711	0.734037	217	155	452	176	311	397	877	#
1712	0.734037	217	155	452	176	311	75	57	69	877	#
1713	0.734037	217	155	452	176	311	74	177	57	69	877	#
1714	0.734037	250	154	452	176	311	397	877	#
1715	0.560975	6	7	42	123	122	208	473	125	878	#
1716	0.560975	6	7	42	411	74	473	125	878	#
1717	0.560975	6	183	43	123	122	208	473	125	878	#
1718	0.560975	6	7	42	123	122	208	473	151	150	878	#
1719	0.560975	204	182	43	123	122	208	473	125	878	#
1720	1.07592	231	194	456	234	185	129	314	188	879	#
1721	1.07592	231	194	456	234	185	186	128	314	188	879	#
1722	0.575811	205	251	284	234	185	880	#
1723	0.575811	205	168	169	284	234	185	880	#
1724	0.625808	97	430	235	881	#
1725	0.625808	97	430	214	234	881	#
1726	0.625808	97	430	221	213	234	881	#
1727	0.625808	96	178	430	235	881	#
1728	0.625808	96	178	430	214	234	881	#
1729	0.473459	336	152	469	882	#
1730	0.473459	44	45	118	117	229	209	469	882	#
1731	0.449392	403	123	421	#
1732	0.88401	195	5	500	211	163	507	125	883	#
1733	0.88401	195	5	500	210	162	163	507	125	883	#
1734	0.88401	195	315	114	452	176	331	150	883	#
1735	0.88401	195	315	114	452	189	507	125	883	#
1736	0.88401	195	315	114	246	328	150	883	#
1737	0.892309	271	98	218	84	884	#
1738	0.892309	271	98	218	85	121	884	#
1739	0.892309	33	34	31	32	410	98	218	84	884	#
1740	0.892309	33	34	31	32	410	98	218	85	121	884	#
1741	0.892309	42	292	475	884	#
1742	0.549519	122	123	42	484	885	#
1743	0.549519	122	123	421	235	240	8	885	#
1744	0.549519	122	123	421	214	509	885	#
1745	0.549519	122	123	421	221	413	885	#
1746	0.549519	122	123	421	235	51	50	8	885	#
1747	0.686103	48	304	61	886	#
1748	0.686103	48	304	116	62	886	#
1749	0.686103	48	304	1	0	62	886	#
1750	0.686103	226	49	304	61	886	#
1751	0.686103	226	49	304	116	62	886	#
1752	0.607039	60	59	198	317	887	#
1753	0.607039	60	59	147	146	317	887	#
1754	0.607039	223	224	59	198	317	887	#
1755	0.607039	60	59	198	511	246	887	#
1756	0.607039	223	224	59	147	146	317	887	#
1757	0.696282	465	263	207	384	888	#
1758	0.696282	465	263	206	88	384	888	#
1759	0.197432	186	185	234	51	889	#
1760	0.197432	186	185	214	235	51	889	#
1761	0.391411	27	403	123	42	266	144	#
1762	0.0984554	244	30	#
1763	0.183889	253	890	#
1764	0.183889	252	236	890	#
1765	0.93345	52	439	377	137	891	#
1766	0.93345	53	148	439	377	137	891	#
1767	0.93345	52	439	175	2	3	493	163	211	500	275	891	#
1768	0.93345	52	439	175	2	3	493	163	162	210	500	275	891	#
1769	0.93345	52	439	175	2	3	176	189	163	211	500	275	891	#
1770	0.613037	126	337	7	42	411	892	#
1771	0.613037	126	337	7	42	123	122	208	74	892	#
1772	0.613037	126	337	183	43	411	892	#
1773	0.613037	126	337	183	43	123	122	208	74	892	#
1774	0.613037	126	203	93	461	7	42	411	892	#
1775	0.81286	14	392	893	#
1776	0.81286	14	447	217	155	452	176	311	74	893	#
1777	0.81286	15	194	350	893	#
1778	0.81286	15	200	392	893	#
1779	0.81286	4	500	211	299	74	893	#
1780	0.569043	99	195	5	500	210	87	86	142	#
1781	0.751799	148	439	11	443	894	#
1782	0.751799	53	52	439	11	443	894	#
1783	0.751799	53	256	327	97	282	179	201	225	894	#
1784	0.751799	148	52	256	327	97	282	179	201	225	894	#
1785	0.751799	148	439	175	2	3	493	163	503	179	201	225	894	#
1786	0.582731	185	234	284	895	#
1787	0.582731	185	214	235	284	895	#
1788	0.582731	185	213	221	235	284	895	#
1789	0.739125	135	101	295	123	42	896	#
1790	0.739125	135	101	438	33	896	#
1791	0.739125	503	163	493	238	417	123	42	896	#
1792	0.739125	286	38	142	291	31	34	33	896	#
1793	0.739125	503	163	189	176	238	417	123	42	896	#
1794	0.953447	30	508	177	431	897	#
1795	0.953447	29	108	508	177	431	897	#
1796	0.953447	30	508	74	75	431	897	#
1797	0.953447	29	108	508	74	75	431	897	#
1798	0.953447	30	149	134	133	292	411	177	431	897	#
1799	0.564246	232	447	217	155	452	176	3	2	898	#
1800	0.564246	233	14	447	217	155	452	176	3	2	898	#
1801	0.564246	232	447	250	154	452	176	3	2	898	#
1802	0.564246	233	15	194	193	425	898	#
1803	0.564246	232	447	217	157	154	452	176	3	2	898	#
1804	0.898619	381	144	899	#
1805	0.898619	356	375	144	899	#
1806	0.898619	381	152	145	899	#
1807	0.898619	356	375	152	145	899	#
1808	0.898619	356	2	329	389	899	#
1809	0.544925	112	435	33	900	#
1810	0.544925	249	77	228	27	403	123	42	33	900	#
1811	0.544925	112	78	77	228	27	403	123	42	33	900	#
1812	0.544925	112	267	7	33	900	#
1813	0.544925	249	77	228	27	58	57	177	411	42	33	900	#
1814	0.140086	493	163	162	901	#
1815	0.140086	176	189	163	162	901	#
1816	0.681419	240	234	185	129	314	188	187	83	902	#
1817	0.681419	240	234	185	186	128	314	188	187	83	902	#
1818	0.681419	50	51	234	185	129	314	188	187	83	902	#
1819	0.681419	50	51	234	185	186	128	314	188	187	83	902	#
1820	0.681419	240	234	213	274	82	902	#
1821	0.478408	214	421	123	403	903	#
1822	0.478408	213	222	460	57	58	903	#
1823	0.478408	213	221	421	123	403	903	#
1824	0.478408	213	192	424	57	58	903	#
1825	0.478408	213	222	191	424	57	58	903	#
1826	0.971025	4	500	211	464	22	904	#
1827	0.971025	4	500	210	87	338	904	#
1828	0.971025	4	500	210	162	464	22	904	#
1829	0.971025	14	447	217	494	412	22	904	#
1830	0.971025	4	500	211	464	161	21	904	#
1831	0.566874	456	200	905	#
1832	0.566874	456	15	14	905	#
1833	0.566874	456	66	227	14	905	#
1834	0.566874	456	15	233	232	905	#
1835	0.566874	240	8	9	374	132	4	14	905	#
1836	1.16462	187	188	314	485	116	#
1837	0.722973	323	297	35	906	#
1838	0.722973	323	297	69	36	906	#
1839	0.722973	187	333	248	297	35	906	#
1840	0.722973	187	333	215	247	297	35	906	#
1841	0.722973	188	202	93	461	7	495	906	#
1842	0.799516	125	124	369	97	282	270	193	907	#
1843	0.799516	150	347	66	194	907	#
1844	0.799516	125	124	255	256	52	439	360	193	907	#
1845	0.799516	150	151	124	369	97	282	270	193	907	#
1846	0.799516	125	124	369	96	178	282	270	193	907	#
1847	1.10629	70	335	144	469	477	99	107	109	908	#
1848	1.10629	408	192	213	185	186	477	99	107	109	908	#
1849	1.10629	408	191	222	213	185	186	477	99	107	109	908	#
1850	1.10629	408	192	221	214	185	186	477	99	107	109	908	#
1851	1.10629	408	191	222	221	214	185	186	477	99	107	109	908	#
1852	0.616874	98	99	195	315	114	452	176	3	#
1853	0.917987	179	503	163	189	422	220	244	149	909	#
1854	0.917987	179	503	211	433	235	276	149	909	#
1855	0.917987	179	503	163	493	176	422	220	244	149	909	#
1856	0.917987	179	503	163	189	422	220	244	108	173	174	909	#
1857	0.917987	179	503	162	210	433	235	276	149	909	#
1858	0.97084	158	475	184	382	45	44	910	#
1859	0.97084	137	313	119	120	219	220	244	351	92	55	54	910	#
1860	0.97084	137	138	18	441	351	92	55	54	910	#
1861	0.97084	158	475	241	190	382	45	44	910	#
1862	0.97084	137	313	119	120	372	30	351	92	55	54	910	#
1863	0.675551	105	106	410	#
1864	0.682873	192	280	37	911	#
1865	0.682873	222	191	280	37	911	#
1866	0.682873	222	460	57	453	911	#
1867	0.682873	192	424	57	453	911	#
1868	0.682873	222	191	424	57	453	911	#
1869	0.546507	262	31	104	192	912	#
1870	0.546507	262	31	104	191	222	912	#
1871	0.546507	143	142	291	31	104	192	912	#
1872	0.546507	143	142	291	31	104	191	222	912	#
1873	0.546507	143	142	86	87	210	433	221	912	#
1874	0.430246	108	244	220	497	76	913	#
1875	0.430246	29	372	120	119	146	76	913	#
1876	0.940423	130	458	142	86	87	210	500	275	138	18	914	#
1877	0.940423	130	268	132	275	138	18	914	#
1878	0.940423	399	218	84	158	137	138	18	914	#
1879	0.940423	130	458	142	86	87	210	500	275	138	139	19	914	#
1880	0.940423	130	458	142	86	87	162	211	500	275	138	18	914	#
1881	0.459226	10	11	175	2	3	176	452	114	915	#
1882	0.459226	10	11	175	2	3	176	245	246	114	915	#
1883	0.459226	10	11	175	2	3	493	189	452	114	915	#
1884	0.459226	10	11	175	239	238	176	452	114	915	#
1885	0.459226	10	11	175	2	3	176	452	155	115	915	#
1886	1.03563	212	223	318	916	#
1887	1.03563	212	224	59	147	365	74	916	#
1888	1.03563	212	223	60	59	147	365	74	916	#
1889	1.03563	212	224	483	508	916	#
1890	1.03563	310	452	176	311	74	916	#
1891	0.958162	384	391	16	917	#
1892	0.958162	384	88	390	255	256	199	17	917	#
1893	0.958162	432	211	163	493	3	258	17	917	#
1894	0.958162	432	210	162	163	493	3	258	17	917	#
1895	0.958162	432	211	163	189	176	3	258	17	917	#
1896	0.486399	337	7	42	918	#
1897	0.486399	337	183	43	918	#
1898	0.486399	203	93	461	7	42	918	#
1899	0.545392	455	86	341	62	919	#
1900	0.545392	455	86	341	61	116	919	#
1901	0.545392	245	176	3	2	356	0	919	#
1902	0.545392	245	189	163	162	87	86	341	62	919	#
1903	0.545392	455	86	341	61	1	0	919	#
1904	0.490814	202	93	461	183	920	#
1905	0.490814	202	203	337	183	920	#
1906	0.490814	202	93	461	6	204	182	920	#
1907	0.797423	224	483	302	921	#
1908	0.797423	223	60	483	302	921	#
1909	0.797423	224	483	149	134	133	371	117	921	#
1910	0.861337	40	202	93	376	199	52	922	#
1911	0.861337	40	202	93	376	199	53	148	922	#
1912	0.861337	41	332	376	199	52	922	#
1913	0.861337	41	127	203	93	376	199	52	922	#
1914	0.861337	40	202	93	92	55	54	336	145	486	922	#
1915	0.938233	494	115	315	195	99	923	#
1916	0.938233	124	507	163	211	500	5	195	99	923	#
1917	0.938233	124	507	163	162	210	500	5	195	99	923	#
1918	0.938233	124	507	189	452	114	315	195	99	923	#
1919	0.938233	255	256	52	439	175	2	3	176	452	114	315	195	99	923	#
1920	0.790227	15	194	193	360	439	52	256	924	#
1921	0.790227	14	447	217	494	255	924	#
1922	0.790227	14	447	217	155	452	176	3	2	175	439	52	256	924	#
1923	0.790227	15	194	193	425	175	439	52	256	924	#
1924	0.790227	4	500	211	163	493	3	2	175	439	52	256	924	#
1925	0.918703	209	266	42	123	295	101	89	925	#
1926	0.918703	209	266	33	438	101	89	925	#
1927	0.918703	209	266	33	34	31	291	385	925	#
1928	0.918703	353	172	295	101	89	925	#
1929	0.918703	209	375	2	3	176	293	101	89	925	#
1930	0.572579	277	232	447	217	155	926	#
1931	0.572579	137	158	84	218	98	99	195	315	114	926	#
1932	0.572579	275	5	315	114	926	#
1933	0.572579	277	233	14	447	217	155	926	#
1934	0.238205	16	27	58	69	#
1935	0.693423	295	123	927	#
1936	0.693423	438	33	42	927	#
1937	0.693423	295	172	171	927	#
1938	0.693423	293	176	238	417	123	927	#
1939	0.693423	63	39	38	142	291	31	34	33	42	927	#
1940	0.385751	243	173	29	372	#
1941	0.453995	164	383	128	#
1942	0.0727523	213	192	928	#
1943	0.0727523	213	222	191	928	#
1944	0.335974	266	42	411	177	929	#
1945	0.335974	266	42	123	122	208	75	929	#
1946	0.335974	266	42	123	122	208	74	177	929	#
1947	0.335974	266	42	411	74	75	929	#
1948	0.914314	84	218	98	477	469	930	#
1949	0.914314	121	85	218	98	477	469	930	#
1950	0.914314	84	218	98	271	266	930	#
1951	0.914314	475	371	117	229	209	930	#
1952	0.914314	121	85	218	98	271	266	930	#
1953	0.803956	500	211	163	493	3	258	17	931	#
1954	0.803956	500	210	162	163	493	3	258	17	931	#
1955	0.803956	500	211	163	189	176	3	258	17	931	#
1956	0.803956	500	210	162	163	189	176	3	258	17	931	#
1957	0.803956	500	211	163	493	3	2	175	439	52	199	17	931	#
1958	0.594969	95	139	138	275	932	#
1959	0.594969	95	19	18	138	275	932	#
1960	0.594969	496	218	98	99	195	5	932	#
1961	0.594969	496	84	158	137	275	932	#
1962	0.594969	95	139	138	277	233	4	932	#
1963	0.682742	212	224	483	149	134	133	241	933	#
1964	0.682742	212	224	483	149	134	133	184	190	933	#
1965	0.682742	212	223	60	483	149	134	133	241	933	#
1966	0.682742	212	224	59	147	497	279	241	933	#
1967	0.989602	249	77	228	27	403	123	292	279	219	934	#
1968	0.989602	112	78	77	228	27	403	123	292	279	219	934	#
1969	0.989602	112	435	42	292	279	219	934	#
1970	0.989602	249	77	228	27	403	123	292	133	134	149	244	220	219	934	#
1971	0.989602	112	78	77	228	27	403	123	292	133	134	149	244	220	219	934	#
1972	0.641029	149	441	19	935	#
1973	0.641029	149	441	18	139	935	#
1974	0.641029	174	173	108	441	19	935	#
1975	1.00203	99	195	5	500	210	87	86	142	458	180	97	342	936	#
1976	1.00203	99	195	5	132	268	180	97	342	936	#
1977	1.00203	99	195	5	436	362	936	#
1978	1.00203	99	195	5	4	15	194	193	270	282	97	342	936	#
1979	1.00203	99	195	5	436	116	465	936	#
1980	0.235846	184	279	#
1981	0.697277	131	282	270	193	194	937	#
1982	0.697277	130	180	282	270	193	194	937	#
1983	0.697277	130	458	142	86	87	210	500	4	15	937	#
1984	0.697277	130	268	132	4	15	937	#
1985	0.677904	118	117	229	209	375	2	#
1986	0.471276	17	199	52	439	175	239	938	#
1987	0.471276	17	258	2	239	938	#
1988	0.471276	17	258	3	238	938	#
1989	0.471276	17	199	53	148	439	175	239	938	#
1990	0.562163	221	380	126	127	339	939	#
1991	0.562163	221	380	126	203	93	92	261	939	#
1992	0.562163	221	380	102	103	339	939	#
1993	0.562163	214	213	380	126	127	339	939	#
1994	0.50611	37	159	507	940	#
1995	0.50611	37	254	124	507	940	#
1996	0.981133	30	276	235	329	2	356	0	941	#
1997	0.981133	29	108	276	235	329	2	356	0	941	#
1998	0.981133	30	276	234	214	329	2	356	0	941	#
1999	0.981133	29	108	276	234	214	329	2	356	0	941	#
2000	0.981133	30	276	234	213	221	329	2	356	0	941	#
