%% File generated by CATS v.2.1Mon Jul  4 11:06:49 2011

%% The CATS webpage is http://robotics.stanford.edu/CATS

%% PARAMETER SETTINGS:
% Goods: 500; Bids: 1000; Distribution: paths; Runs: 1; Seed: 1309806537
% Paths Distribution Parameters:
% Initial connections:       = 2
% Edge density:              = 3.000000
% Shipping cost factor:      = 1.500000
% Max bid set size:          = 5
% Building penalty:          = 1.700000



goods 500
bids 1000
dummy 512

0	1.06598	20	21	137	142	147	205	462	494	500	#
1	1.06598	136	142	147	272	281	495	500	#
2	1.06598	12	13	136	142	147	201	281	495	500	#
3	1.06598	20	21	136	142	147	205	215	462	494	500	#
4	1.06598	87	136	142	148	219	320	495	500	#
5	0.809969	41	45	289	501	#
6	0.809969	40	45	131	289	501	#
7	1.05249	37	64	241	470	502	#
8	1.05249	37	64	65	92	470	502	#
9	1.05249	80	153	304	502	#
10	1.05249	37	132	133	241	470	502	#
11	1.05249	56	57	80	304	502	#
12	0.873669	12	13	87	97	296	503	#
13	0.873669	97	219	296	361	503	#
14	0.873669	12	87	158	196	296	503	#
15	0.823481	103	104	186	227	239	250	256	504	#
16	0.823481	103	104	176	186	226	227	239	256	504	#
17	0.823481	26	117	118	124	195	206	227	233	250	322	504	#
18	0.823481	26	117	118	124	176	195	206	226	227	233	322	504	#
19	0.823481	103	104	186	206	227	246	250	256	504	#
20	0.930237	45	46	142	147	202	281	505	#
21	0.930237	45	142	147	202	209	210	281	505	#
22	0.930237	45	46	97	142	147	201	281	505	#
23	0.930237	97	103	104	186	344	406	505	#
24	0.519786	103	104	126	127	211	212	239	506	#
25	0.519786	103	104	126	127	206	211	212	246	506	#
26	0.519786	206	228	466	506	#
27	0.519786	85	206	228	400	506	#
28	0.575702	156	467	507	#
29	0.575702	102	155	467	507	#
30	0.575702	101	274	507	#
31	1.09343	123	166	376	508	#
32	1.09343	124	154	166	376	508	#
33	1.09343	26	41	124	233	410	508	#
34	1.09343	10	11	41	124	233	410	508	#
35	1.09343	83	84	123	131	166	221	365	460	508	#
36	0.48442	0	370	509	#
37	0.48442	1	149	370	509	#
38	1.0866	10	163	410	510	#
39	1.0866	10	40	162	410	510	#
40	1.0866	11	26	163	410	510	#
41	1.0866	11	41	154	163	166	233	376	510	#
42	1.0866	11	131	154	162	166	233	376	510	#
43	0.642541	26	122	124	178	233	309	511	#
44	0.642541	10	11	122	124	178	233	309	511	#
45	0.642541	26	121	124	177	178	233	309	511	#
46	0.642541	44	122	171	175	178	229	483	511	#
47	0.642541	10	11	121	124	177	178	233	309	511	#
48	0.810599	44	175	283	352	512	#
49	0.810599	44	69	144	175	352	512	#
50	0.810599	69	213	234	434	512	#
51	0.810599	143	234	283	434	512	#
52	0.810599	44	69	143	175	213	352	512	#
53	0.209471	31	61	174	205	513	#
54	0.209471	30	31	60	174	205	513	#
55	0.209471	173	205	411	513	#
56	0.209471	30	31	173	205	237	513	#
57	0.397994	59	151	449	#
58	1.04772	74	170	207	296	423	514	#
59	1.04772	74	170	230	231	296	514	#
60	1.04772	54	74	169	207	296	423	514	#
61	1.04772	73	230	296	372	514	#
62	1.04772	54	74	169	230	231	296	514	#
63	1.16957	297	515	#
64	1.16957	142	147	468	515	#
65	1.16957	142	148	184	468	515	#
66	1.16957	142	147	226	313	515	#
67	1.16957	142	147	176	250	313	515	#
68	0.929908	469	516	#
69	0.929908	126	127	407	422	516	#
70	0.929908	7	69	85	179	180	213	234	335	516	#
71	0.929908	6	69	85	213	234	335	378	516	#
72	0.929908	7	85	143	179	180	234	283	335	516	#
73	0.0298252	53	#
74	0.959949	101	171	182	183	229	287	#
75	0.597012	76	119	120	150	169	307	517	#
76	0.597012	54	76	119	120	150	170	307	517	#
77	0.597012	75	115	119	120	150	169	307	517	#
78	0.597012	55	76	119	120	150	170	189	307	517	#
79	0.597012	54	75	115	119	120	150	170	307	517	#
80	0.839056	65	91	306	416	518	#
81	0.839056	91	92	241	306	416	518	#
82	0.839056	65	91	99	132	277	306	518	#
83	0.839056	64	65	91	99	133	277	306	518	#
84	0.839056	91	92	99	132	241	277	306	518	#
85	0.4309	8	9	68	69	116	213	234	519	#
86	0.4309	8	9	68	116	143	234	283	519	#
87	0.4309	8	9	68	69	116	143	144	234	519	#
88	0.4309	1	179	312	519	#
89	0.925437	5	19	251	#
90	1.0524	41	176	351	520	#
91	1.0524	43	44	47	48	265	520	#
92	1.0524	40	131	176	351	520	#
93	0.459405	77	331	521	#
94	0.459405	78	216	331	521	#
95	0.459405	8	78	199	200	484	521	#
96	0.959937	96	207	310	398	484	522	#
97	0.959937	96	199	200	207	286	310	484	522	#
98	0.170288	200	224	523	#
99	0.170288	107	200	223	523	#
100	0.945002	5	232	329	524	#
101	0.945002	95	225	329	524	#
102	0.945002	4	5	225	329	524	#
103	0.945002	4	95	232	329	524	#
104	0.945002	69	213	335	375	524	#
105	0.918502	109	139	216	349	368	525	#
106	0.918502	109	138	216	219	349	368	525	#
107	0.918502	78	110	139	349	368	525	#
108	0.918502	78	110	138	219	349	368	525	#
109	0.918502	77	78	109	139	349	368	525	#
110	0.988559	90	238	302	526	#
111	0.988559	85	86	238	302	526	#
112	0.988559	44	86	127	175	238	336	440	526	#
113	0.988559	29	44	159	175	419	526	#
114	0.988559	28	44	160	175	419	526	#
115	0.720764	178	229	230	428	483	#
116	1.02115	62	199	200	203	260	330	527	#
117	1.02115	172	343	356	527	#
118	1.02115	6	7	343	356	527	#
119	1.02115	170	204	300	527	#
120	1.02115	62	199	200	203	207	230	310	330	484	527	#
121	0.888957	31	35	61	205	364	378	441	528	#
122	0.888957	31	35	61	172	179	180	205	364	441	528	#
123	0.888957	30	31	35	60	205	364	378	441	528	#
124	0.888957	6	7	31	35	61	179	180	205	364	441	528	#
125	0.888957	31	34	61	82	205	364	378	441	528	#
126	0.779064	36	37	80	420	529	#
127	0.779064	16	80	179	438	529	#
128	0.779064	37	80	179	472	529	#
129	0.779064	16	17	80	420	529	#
130	0.779064	18	19	27	140	179	381	401	529	#
131	0.932755	126	186	211	212	227	250	256	530	#
132	0.932755	127	176	482	530	#
133	0.932755	126	176	186	211	212	226	227	256	530	#
134	0.932755	59	126	186	211	212	227	250	354	530	#
135	0.932755	59	126	176	186	211	212	226	227	354	530	#
136	0.7008	31	61	63	159	295	531	#
137	0.7008	31	62	306	374	531	#
138	0.7008	30	31	60	63	159	295	531	#
139	0.7008	31	186	212	374	394	531	#
140	0.7008	31	59	62	306	442	531	#
141	0.713573	44	175	350	#
142	1.15982	20	77	415	432	532	#
143	1.15982	20	78	216	415	432	532	#
144	1.15982	20	78	188	368	432	532	#
145	1.15982	21	31	199	205	216	374	377	415	532	#
146	1.15982	20	77	188	216	368	432	532	#
147	0.670198	91	480	#
148	0.784335	173	174	385	533	#
149	0.784335	60	237	385	533	#
150	0.784335	30	61	237	385	533	#
151	0.784335	31	61	385	411	533	#
152	0.784335	30	31	60	385	411	533	#
153	0.601971	104	246	402	534	#
154	0.601971	104	206	239	402	534	#
155	0.933357	86	119	165	238	278	535	#
156	0.933357	85	90	119	165	238	278	535	#
157	0.34466	18	42	140	337	#
158	0.836012	85	335	536	#
159	0.836012	86	90	335	536	#
160	0.391221	22	486	537	#
161	0.391221	23	240	486	537	#
162	1.01507	91	125	256	306	538	#
163	1.01507	59	91	125	306	354	538	#
164	1.01507	286	395	538	#
165	1.01507	58	91	125	128	306	354	538	#
166	1.01507	62	91	125	186	212	256	394	538	#
167	0.849741	45	210	266	#
168	0.688398	5	87	219	221	232	319	460	495	539	#
169	0.688398	5	52	53	87	219	232	319	460	495	539	#
170	0.688398	5	87	138	139	221	232	319	460	495	539	#
171	0.688398	87	95	219	221	225	319	460	495	539	#
172	0.688398	4	5	87	219	221	225	319	460	495	539	#
173	1.01756	45	297	#
174	0.907519	16	79	80	267	540	#
175	0.907519	16	80	111	112	267	540	#
176	0.789929	29	83	90	238	375	458	541	#
177	0.789929	29	53	83	90	238	261	458	460	541	#
178	0.789929	28	83	90	220	238	375	458	541	#
179	0.789929	28	53	83	90	220	238	261	458	460	541	#
180	0.789929	29	83	85	86	238	375	458	541	#
181	0.634512	27	45	46	142	257	542	#
182	0.634512	27	45	142	209	210	257	542	#
183	0.634512	19	46	348	542	#
184	0.530582	53	279	543	#
185	0.530582	52	221	279	543	#
186	0.625909	61	179	441	544	#
187	0.625909	30	60	179	441	544	#
188	0.625909	61	143	179	234	263	544	#
189	0.625909	30	60	143	179	234	263	544	#
190	0.625909	61	144	179	213	234	263	544	#
191	0.512708	58	105	152	449	545	#
192	0.512708	59	105	128	152	449	545	#
193	0.512708	105	128	185	294	545	#
194	0.841863	18	19	96	140	214	334	#
195	0.830911	64	65	305	546	#
196	0.830911	64	92	241	305	546	#
197	0.830911	65	132	133	305	546	#
198	0.830911	92	132	133	241	305	546	#
199	0.830911	92	153	244	295	380	546	#
200	0.817495	183	229	295	424	#
201	1.07108	5	83	232	388	547	#
202	1.07108	83	95	225	388	547	#
203	1.07108	4	5	83	225	388	547	#
204	1.07108	83	155	225	285	547	#
205	1.07108	4	83	95	232	388	547	#
206	0.764043	9	68	69	184	213	234	242	303	548	#
207	0.764043	9	68	143	184	234	242	283	303	548	#
208	0.764043	9	68	69	143	144	184	234	242	303	548	#
209	0.764043	147	179	270	401	548	#
210	0.764043	9	68	69	145	146	184	213	234	303	548	#
211	1.01594	55	63	300	549	#
212	1.01594	54	63	189	300	549	#
213	1.01594	55	62	63	199	200	310	330	423	484	549	#
214	1.01594	54	62	63	189	199	200	310	330	423	484	549	#
215	1.01594	33	62	63	199	200	208	310	330	484	549	#
216	0.598494	98	197	214	236	245	433	#
217	0.938228	14	59	100	103	104	186	246	390	550	#
218	0.938228	14	59	100	103	104	186	206	239	390	550	#
219	0.938228	14	59	98	99	100	198	236	245	390	550	#
220	0.938228	14	58	100	103	104	128	186	246	390	550	#
221	0.938228	14	58	100	103	104	128	186	206	239	390	550	#
222	0.15637	364	#
223	0.608782	1	8	116	203	207	230	310	551	#
224	0.608782	7	157	356	422	551	#
225	0.608782	1	8	116	170	204	310	423	551	#
226	0.608782	6	157	172	356	422	551	#
227	0.608782	1	8	54	116	169	204	310	423	551	#
228	0.50476	144	174	263	#
229	0.509215	4	216	323	552	#
230	0.509215	4	77	78	323	552	#
231	0.509215	216	225	232	323	552	#
232	0.509215	5	95	216	323	552	#
233	0.509215	216	232	279	460	552	#
234	0.213807	254	#
235	0.601107	73	93	481	553	#
236	0.601107	73	194	273	553	#
237	0.601107	73	464	492	553	#
238	0.601107	27	73	94	492	553	#
239	0.601107	73	94	243	481	553	#
240	0.834164	126	211	212	308	464	#
241	0.556674	199	216	323	554	#
242	0.556674	77	78	199	323	554	#
243	0.997035	177	221	402	460	487	555	#
244	0.997035	52	53	177	402	460	487	555	#
245	0.997035	122	341	555	#
246	0.997035	121	177	341	555	#
247	0.997035	121	122	221	402	460	487	555	#
248	0.861421	85	120	150	177	278	556	#
249	0.861421	85	103	126	127	177	211	212	487	556	#
250	0.946758	210	444	557	#
251	0.946758	45	210	269	557	#
252	0.946758	46	209	444	557	#
253	0.946758	45	46	209	269	557	#
254	0.946758	45	142	148	207	210	242	303	310	557	#
255	0.849099	184	242	281	446	558	#
256	0.849099	235	254	446	490	558	#
257	0.849099	35	342	558	#
258	0.849099	34	82	342	558	#
259	0.849099	145	146	184	281	446	558	#
260	0.902505	230	269	559	#
261	0.902505	45	230	444	559	#
262	0.902505	142	148	207	230	242	303	310	559	#
263	0.902505	142	147	184	207	230	242	303	310	559	#
264	0.902505	55	70	231	404	559	#
265	0.548177	12	13	97	336	560	#
266	0.548177	12	158	196	336	560	#
267	0.548177	87	219	258	560	#
268	0.548177	87	97	219	336	361	560	#
269	0.548177	87	138	139	258	560	#
270	0.70366	19	233	253	#
271	0.688768	169	298	561	#
272	0.688768	54	170	298	561	#
273	0.688768	169	227	389	561	#
274	0.688768	55	170	189	298	561	#
275	0.688768	170	207	249	423	561	#
276	0.668078	26	124	195	233	322	562	#
277	0.668078	10	11	124	195	233	322	562	#
278	0.668078	26	123	154	195	233	322	562	#
279	0.668078	10	11	123	154	195	233	322	562	#
280	0.853147	152	185	449	467	563	#
281	0.853147	99	108	316	467	563	#
282	0.853147	107	108	151	449	467	563	#
283	0.853147	59	294	467	563	#
284	0.853147	108	200	377	467	563	#
285	0.52839	206	322	564	#
286	0.52839	239	246	322	564	#
287	0.370717	31	61	424	565	#
288	0.370717	30	31	60	424	565	#
289	0.370717	31	61	182	380	565	#
290	0.370717	30	31	60	182	380	565	#
291	0.863758	24	74	244	292	461	566	#
292	0.863758	74	76	119	120	150	169	307	317	566	#
293	0.863758	54	74	76	119	120	150	170	307	317	566	#
294	0.863758	74	75	115	119	120	150	169	307	317	566	#
295	0.863758	55	74	76	119	120	150	170	189	307	317	566	#
296	0.175653	58	98	99	236	#
297	0.798577	16	438	567	#
298	0.798577	37	472	567	#
299	0.798577	36	37	179	420	567	#
300	0.798577	16	17	179	420	567	#
301	0.798577	17	36	37	438	567	#
302	0.876244	186	308	344	361	568	#
303	0.876244	67	186	308	426	568	#
304	0.876244	66	138	186	308	426	568	#
305	0.876244	19	361	463	568	#
306	0.876244	12	13	87	186	219	308	344	568	#
307	1.05858	39	182	183	229	287	569	#
308	1.05858	38	171	182	183	229	287	569	#
309	1.05858	39	76	101	119	182	183	229	244	317	359	569	#
310	1.05858	39	75	101	115	119	182	183	229	244	317	359	569	#
311	1.05858	38	76	101	119	171	182	183	229	244	317	359	569	#
312	0.956875	87	109	216	349	368	570	#
313	0.956875	78	87	110	349	368	570	#
314	0.956875	77	78	87	109	349	368	570	#
315	0.956875	77	87	110	216	349	368	570	#
316	0.956875	111	187	321	570	#
317	0.459045	123	178	203	428	#
318	1.09777	52	332	571	#
319	1.09777	53	221	332	571	#
320	1.09777	49	52	104	208	275	387	402	571	#
321	0.0889965	33	55	572	#
322	0.0889965	33	54	189	572	#
323	0.0889965	32	55	70	572	#
324	0.0889965	32	54	70	189	572	#
325	0.529663	2	32	124	181	299	573	#
326	0.529663	2	55	178	231	428	491	573	#
327	0.529663	2	54	178	189	231	428	491	573	#
328	0.529663	2	55	70	178	181	231	428	573	#
329	0.529663	2	54	70	178	181	189	231	428	573	#
330	0.830511	2	3	32	42	101	141	156	181	233	299	574	#
331	0.830511	2	3	42	101	141	156	427	491	574	#
332	0.830511	2	3	42	70	101	141	156	181	427	574	#
333	0.830511	2	3	32	42	101	102	141	155	181	233	299	574	#
334	0.830511	2	3	42	101	102	141	155	427	491	574	#
335	0.530263	220	295	#
336	0.557762	105	143	179	234	367	575	#
337	0.557762	105	179	213	234	478	575	#
338	0.557762	151	152	179	399	575	#
339	0.557762	105	143	144	179	234	478	575	#
340	0.557762	151	152	172	180	493	575	#
341	1.12434	1	83	84	116	162	232	318	576	#
342	1.12434	1	4	83	84	116	162	225	318	576	#
343	1.12434	85	126	127	157	261	407	476	576	#
344	1.12434	1	40	83	84	116	163	232	318	576	#
345	1.12434	1	4	40	83	84	116	163	225	318	576	#
346	0.650007	26	124	195	228	233	322	577	#
347	0.650007	10	11	124	195	228	233	322	577	#
348	0.650007	26	124	195	197	198	233	322	577	#
349	0.880348	23	288	578	#
350	0.880348	22	240	288	578	#
351	0.880348	12	13	87	97	240	421	578	#
352	0.880348	97	219	240	361	421	578	#
353	0.880348	12	87	158	196	240	421	578	#
354	0.748216	18	19	27	79	135	140	381	579	#
355	0.748216	18	19	27	112	134	140	381	579	#
356	0.748216	18	19	27	79	111	134	140	381	579	#
357	0.748216	18	19	27	111	112	135	140	381	579	#
358	0.748216	18	19	140	188	445	579	#
359	1.06926	362	580	#
360	1.06926	147	171	175	456	580	#
361	1.06926	147	171	175	452	494	580	#
362	1.06926	148	171	175	184	456	580	#
363	1.06926	153	171	175	182	183	229	241	244	291	580	#
364	0.540431	66	103	104	186	239	426	581	#
365	0.540431	103	104	138	186	239	344	361	581	#
366	0.540431	67	103	104	138	186	239	426	581	#
367	0.540431	66	103	104	186	206	246	426	581	#
368	0.540431	103	104	138	186	206	246	344	361	581	#
369	0.790705	146	170	303	310	423	582	#
370	0.790705	54	146	169	303	310	423	582	#
371	0.790705	145	169	189	491	498	582	#
372	0.790705	70	145	169	181	189	498	582	#
373	0.790705	55	146	169	189	303	310	423	582	#
374	0.869998	86	127	471	583	#
375	0.869998	85	90	127	471	583	#
376	0.869998	22	29	86	127	238	439	583	#
377	0.869998	22	28	86	127	220	238	439	583	#
378	0.869998	23	103	104	126	191	211	212	214	228	246	433	583	#
379	0.932537	179	191	214	226	240	290	401	584	#
380	0.932537	22	47	176	488	584	#
381	0.932537	22	23	179	191	214	226	290	401	584	#
382	0.932537	176	179	191	214	240	250	290	401	584	#
383	0.932537	23	47	176	240	488	584	#
384	0.863775	45	141	142	270	337	585	#
385	0.863775	18	140	141	337	348	585	#
386	0.863775	141	214	337	338	585	#
387	0.863775	18	19	27	45	140	141	142	257	337	585	#
388	0.863775	45	142	254	274	392	585	#
389	0.689323	164	417	586	#
390	0.689323	81	82	417	586	#
391	0.909794	85	126	127	261	407	587	#
392	0.909794	86	90	126	127	261	407	587	#
393	0.930361	18	19	27	37	80	140	381	497	#
394	0.648593	339	588	#
395	0.648593	59	62	100	192	306	588	#
396	0.648593	59	100	186	192	212	394	588	#
397	0.648593	58	62	100	128	192	306	588	#
398	0.648593	58	100	128	186	192	212	394	588	#
399	0.492983	31	61	205	364	380	589	#
400	0.492983	35	153	244	485	589	#
401	0.492983	30	31	60	205	364	380	589	#
402	0.492983	31	61	182	205	364	424	589	#
403	0.492983	34	82	153	244	485	589	#
404	0.972422	51	90	238	333	590	#
405	0.972422	24	25	90	238	333	590	#
406	0.972422	51	85	86	238	333	590	#
407	0.972422	24	25	85	86	238	333	590	#
408	0.972422	29	63	159	276	590	#
409	0.50836	9	146	303	591	#
410	0.50836	9	145	242	303	591	#
411	1.09431	83	84	199	200	216	225	323	413	592	#
412	1.09431	83	84	199	200	216	279	413	460	592	#
413	1.09431	77	78	83	84	199	200	225	323	413	592	#
414	1.09431	4	83	84	199	200	216	232	323	413	592	#
415	1.09431	77	78	83	84	199	200	279	413	460	592	#
416	0.711541	19	59	186	308	593	#
417	0.711541	19	58	128	186	308	593	#
418	0.711541	18	59	98	99	140	197	236	245	433	593	#
419	0.711541	18	58	98	99	128	140	197	236	245	433	593	#
420	0.711541	18	59	103	104	140	186	228	246	433	593	#
421	0.503516	52	81	379	594	#
422	0.503516	52	82	164	379	594	#
423	0.503516	53	81	221	379	594	#
424	0.503516	34	35	52	164	379	594	#
425	0.503516	53	82	164	221	379	594	#
426	0.889535	11	103	104	124	211	212	233	246	322	595	#
427	0.889535	11	103	104	124	206	211	212	233	239	322	595	#
428	0.889535	10	26	103	104	124	211	212	233	246	322	595	#
429	0.889535	10	26	103	104	124	206	211	212	233	239	322	595	#
430	0.889535	11	103	124	177	178	211	212	233	487	595	#
431	0.330438	18	32	140	497	#
432	0.780863	57	92	221	371	596	#
433	0.780863	56	221	405	596	#
434	0.780863	52	53	57	92	371	596	#
435	0.780863	52	53	56	405	596	#
436	0.780863	56	92	153	221	371	596	#
437	0.902892	105	106	152	168	190	311	446	597	#
438	0.902892	167	254	446	490	597	#
439	0.902892	167	184	235	242	281	446	597	#
440	0.902892	152	167	185	254	311	446	597	#
441	0.902892	35	167	235	342	597	#
442	1.08007	74	98	99	170	186	211	212	236	275	423	598	#
443	1.08007	74	103	169	211	212	307	487	598	#
444	1.08007	54	74	98	99	169	186	211	212	236	275	423	598	#
445	1.08007	42	211	212	325	451	598	#
446	1.08007	54	74	103	170	211	212	307	487	598	#
447	0.526129	107	108	254	355	599	#
448	0.526129	151	152	185	254	355	599	#
449	0.526129	184	235	242	494	599	#
450	0.956824	76	119	120	232	414	460	600	#
451	0.956824	85	120	232	278	375	600	#
452	0.956824	53	85	120	232	261	278	460	600	#
453	0.956824	4	76	119	120	225	414	460	600	#
454	0.956824	4	85	120	225	278	375	600	#
455	0.733821	134	259	601	#
456	0.733821	111	135	259	601	#
457	0.733821	155	187	301	601	#
458	0.894197	125	310	398	484	602	#
459	0.894197	125	199	200	286	310	484	602	#
460	0.894197	91	199	200	310	330	484	602	#
461	0.894197	8	125	216	286	310	331	602	#
462	0.894197	8	77	78	125	286	310	331	602	#
463	0.660859	73	149	240	475	486	603	#
464	0.660859	0	8	73	74	116	170	310	423	603	#
465	0.660859	22	23	73	149	475	486	603	#
466	0.660859	0	8	54	73	74	116	169	310	423	603	#
467	0.660859	0	1	73	240	475	486	603	#
468	0.320933	111	209	248	604	#
469	0.320933	79	112	209	248	604	#
470	0.380676	54	310	423	605	#
471	0.380676	55	189	310	423	605	#
472	0.380676	33	189	208	310	605	#
473	0.380676	32	70	189	208	310	605	#
474	0.380676	169	170	310	423	605	#
475	0.610237	179	213	234	328	606	#
476	0.610237	143	144	179	234	328	606	#
477	0.695215	87	136	219	221	225	319	460	495	607	#
478	0.695215	52	53	87	136	219	225	319	460	495	607	#
479	0.695215	4	87	136	219	221	232	319	460	495	607	#
480	0.695215	87	136	138	139	221	225	319	460	495	607	#
481	0.695215	4	52	53	87	136	219	232	319	460	495	607	#
482	0.501859	18	19	140	206	228	433	#
483	0.276259	26	124	177	178	233	#
484	0.905019	108	167	199	200	216	254	323	608	#
485	0.905019	77	78	108	167	199	200	254	323	608	#
486	0.905019	29	90	146	167	225	235	238	375	458	608	#
487	0.905019	29	53	90	146	167	225	235	238	261	458	460	608	#
488	0.905019	28	90	146	167	220	225	235	238	375	458	608	#
489	0.216584	87	495	#
490	0.783907	360	361	609	#
491	0.783907	12	13	87	219	360	609	#
492	0.783907	12	13	87	138	139	360	609	#
493	0.783907	12	87	97	158	196	219	360	609	#
494	0.783907	391	484	609	#
495	0.806753	367	477	610	#
496	0.806753	144	477	478	610	#
497	0.806753	62	68	199	283	330	436	610	#
498	0.806753	62	68	69	144	199	330	436	610	#
499	0.806753	9	62	68	199	200	283	330	484	610	#
500	0.203259	18	19	27	72	140	611	#
501	0.203259	18	19	27	71	140	218	611	#
502	0.748888	27	124	243	253	612	#
503	0.748888	93	124	496	612	#
504	0.748888	93	124	253	464	612	#
505	0.748888	27	123	154	243	253	612	#
506	0.748888	27	93	94	124	253	612	#
507	0.993948	29	64	305	435	613	#
508	0.993948	28	64	220	305	435	613	#
509	0.993948	29	132	133	305	435	613	#
510	0.993948	86	119	154	165	166	233	238	278	613	#
511	0.993948	28	132	133	220	305	435	613	#
512	0.954442	25	98	99	236	245	315	344	614	#
513	0.954442	24	51	98	99	236	245	315	344	614	#
514	0.954442	25	103	104	186	198	246	315	344	614	#
515	0.954442	25	103	104	186	198	206	239	315	344	614	#
516	0.954442	14	15	25	59	98	99	100	161	201	236	245	315	614	#
517	0.893235	24	85	333	615	#
518	0.893235	197	315	466	615	#
519	0.893235	85	197	315	400	615	#
520	0.893235	24	86	90	333	615	#
521	0.893235	25	51	85	333	615	#
522	0.587546	82	127	202	440	446	616	#
523	0.587546	34	35	127	202	440	446	616	#
524	0.587546	81	127	164	202	440	446	616	#
525	0.587546	82	97	127	201	440	446	616	#
526	0.587546	52	85	164	261	379	616	#
527	0.436666	73	240	486	617	#
528	0.436666	22	23	73	486	617	#
529	1.13237	80	114	158	252	403	618	#
530	1.13237	12	79	80	114	196	252	321	618	#
531	1.13237	80	113	158	222	252	403	618	#
532	1.13237	13	80	97	114	196	252	403	618	#
533	1.13237	79	80	87	113	217	321	454	618	#
534	0.738068	132	153	182	241	244	268	619	#
535	0.738068	65	92	132	153	182	244	268	619	#
536	0.738068	64	133	153	182	241	244	268	619	#
537	0.738068	64	65	92	133	153	182	244	268	619	#
538	0.738068	56	57	132	182	241	244	268	619	#
539	0.914724	23	72	191	214	488	620	#
540	0.914724	23	71	191	214	218	488	620	#
541	0.914724	22	72	191	214	240	488	620	#
542	0.914724	22	71	191	214	218	240	488	620	#
543	1.09811	32	158	181	207	208	252	296	621	#
544	1.09811	32	59	98	99	181	208	236	252	275	479	621	#
545	1.09811	13	32	98	99	181	196	208	236	252	275	344	621	#
546	1.09811	32	98	99	181	208	222	236	275	426	443	621	#
547	1.09811	32	98	99	113	114	181	208	236	275	426	443	621	#
548	0.724231	430	454	622	#
549	0.724231	88	171	229	350	622	#
550	0.724231	12	13	87	97	171	229	336	454	622	#
551	0.724231	171	219	229	258	454	622	#
552	0.724231	97	171	219	229	336	361	454	622	#
553	0.972104	179	250	290	312	623	#
554	0.972104	176	179	226	290	312	623	#
555	0.972104	26	117	118	124	178	195	227	233	250	455	623	#
556	0.972104	26	117	118	124	176	178	195	226	227	233	455	623	#
557	0.972104	10	11	117	118	124	178	195	227	233	250	455	623	#
558	0.844734	76	92	101	119	153	317	359	#
559	0.0254497	136	#
560	0.382176	310	423	624	#
561	0.382176	33	55	208	310	624	#
562	0.382176	33	54	189	208	310	624	#
563	0.382176	32	55	70	208	310	624	#
564	0.382176	32	54	70	189	208	310	624	#
565	0.950589	2	43	425	625	#
566	0.950589	2	32	48	181	340	625	#
567	0.950589	2	26	32	43	181	233	299	309	625	#
568	0.950589	2	26	43	309	427	491	625	#
569	0.950589	2	26	43	70	181	309	427	625	#
570	0.807198	32	78	199	200	208	310	484	626	#
571	0.807198	8	32	77	208	310	331	626	#
572	0.807198	32	77	199	200	208	216	310	484	626	#
573	0.807198	8	32	78	208	216	310	331	626	#
574	0.807198	55	70	78	199	200	310	423	484	626	#
575	1.06128	26	36	124	178	195	233	412	627	#
576	1.06128	10	11	36	124	178	195	233	412	627	#
577	0.820668	106	143	179	180	234	356	367	628	#
578	0.820668	106	179	180	213	234	356	478	628	#
579	0.820668	105	106	151	152	172	356	493	628	#
580	0.820668	6	7	105	106	151	152	356	493	628	#
581	0.820668	106	143	144	179	180	234	356	478	628	#
582	0.387429	99	126	186	211	212	#
583	0.734343	58	98	99	170	236	275	423	629	#
584	0.734343	54	58	98	99	169	236	275	423	629	#
585	0.734343	55	58	98	99	169	189	236	275	423	629	#
586	0.734343	59	98	99	128	170	236	275	423	629	#
587	0.734343	33	58	98	99	169	189	208	236	275	629	#
588	0.660838	133	268	630	#
589	0.660838	64	132	268	630	#
590	0.660838	64	416	449	630	#
591	0.660838	99	133	277	449	630	#
592	0.660838	107	133	151	277	316	630	#
593	0.908288	57	147	241	291	631	#
594	0.908288	57	65	92	147	291	631	#
595	0.908288	56	147	153	241	291	631	#
596	0.908288	56	65	92	147	153	291	631	#
597	0.908288	57	148	184	241	291	631	#
598	1.00568	76	123	165	166	178	412	#
599	0.706222	31	35	52	81	205	364	379	632	#
600	0.706222	31	34	52	164	205	364	379	632	#
601	0.706222	31	34	52	81	82	205	364	379	632	#
602	0.706222	31	35	52	82	164	205	364	379	632	#
603	0.706222	31	35	53	81	205	221	364	379	632	#
604	0.745219	105	106	151	152	245	355	489	633	#
605	0.745219	105	106	107	108	185	245	355	489	633	#
606	0.745219	190	236	264	489	633	#
607	0.745219	30	105	106	152	237	374	449	633	#
608	0.745219	30	59	105	106	152	237	442	449	633	#
609	0.666169	2	3	42	51	141	169	189	461	491	634	#
610	0.666169	2	3	42	51	70	141	169	181	189	461	634	#
611	0.666169	2	3	24	25	42	141	169	189	461	491	634	#
612	0.666169	2	3	24	25	42	70	141	169	181	189	461	634	#
613	0.790242	23	191	197	214	433	462	635	#
614	0.790242	22	191	197	214	240	433	462	635	#
615	0.912728	20	21	31	54	61	137	205	284	636	#
616	0.912728	20	21	30	31	54	60	137	205	284	636	#
617	0.912728	20	21	31	55	61	137	189	205	284	636	#
618	0.912728	20	21	31	54	61	137	205	423	448	636	#
619	0.912728	20	21	30	31	55	60	137	189	205	284	636	#
620	0.742345	59	98	99	208	236	275	637	#
621	0.742345	58	98	99	128	208	236	275	637	#
622	0.742345	33	55	59	98	99	236	275	423	637	#
623	0.742345	33	54	59	98	99	189	236	275	423	637	#
624	0.742345	32	55	59	70	98	99	236	275	423	637	#
625	0.631693	107	355	462	638	#
626	0.631693	31	99	316	374	638	#
627	0.631693	31	59	99	316	442	638	#
628	0.631693	31	107	151	374	449	638	#
629	0.631693	31	59	107	151	442	449	638	#
630	0.858754	47	48	249	250	639	#
631	0.858754	47	48	176	226	249	639	#
632	0.858754	26	43	124	178	230	233	309	428	639	#
633	0.858754	10	11	43	124	178	230	233	309	428	639	#
634	0.858754	43	44	171	175	178	229	230	428	483	639	#
635	0.873542	447	640	#
636	0.873542	13	129	196	252	360	640	#
637	0.873542	97	129	158	252	360	640	#
638	0.873542	13	114	130	196	252	360	640	#
639	0.873542	97	114	130	158	252	360	640	#
640	0.947489	52	69	213	234	261	335	641	#
641	0.947489	52	143	234	261	283	335	641	#
642	0.947489	52	69	143	144	234	261	335	641	#
643	0.947489	52	378	383	641	#
644	0.947489	52	172	179	180	383	641	#
645	0.535525	103	104	228	246	433	642	#
646	0.535525	103	104	206	228	239	433	642	#
647	0.68652	207	230	303	310	#
648	0.903953	40	83	84	232	437	643	#
649	0.903953	4	40	83	84	225	437	643	#
650	0.903953	5	40	83	84	95	225	437	643	#
651	0.903953	41	83	84	131	232	437	643	#
652	0.903953	40	84	132	241	409	485	643	#
653	0.655922	61	63	159	295	644	#
654	0.655922	62	306	374	644	#
655	0.655922	30	60	63	159	295	644	#
656	0.655922	186	212	374	394	644	#
657	0.655922	59	62	306	442	644	#
658	0.748041	61	207	448	645	#
659	0.748041	30	60	207	448	645	#
660	0.732559	121	457	646	#
661	0.732559	35	81	120	121	150	346	646	#
662	0.732559	34	120	121	150	164	346	646	#
663	0.732559	122	177	457	646	#
664	0.732559	34	81	82	120	121	150	346	646	#
665	0.497077	123	246	322	647	#
666	0.497077	123	206	239	322	647	#
667	0.610606	113	217	499	648	#
668	0.610606	103	104	113	186	246	426	443	648	#
669	0.610606	103	104	113	186	206	239	426	443	648	#
670	0.610606	89	103	104	113	186	246	363	426	648	#
671	0.610606	89	103	104	113	186	206	239	363	426	648	#
672	0.935618	36	37	178	412	649	#
673	0.935618	16	122	178	267	649	#
674	0.935618	16	17	178	412	649	#
675	0.935618	16	121	177	178	267	649	#
676	0.935618	37	322	390	649	#
677	0.884342	41	123	166	376	#
678	0.847253	23	191	197	214	433	462	650	#
679	0.847253	22	191	197	214	240	433	462	650	#
680	0.847253	23	191	198	214	228	433	462	650	#
681	0.847253	23	191	197	214	245	411	433	489	650	#
682	0.847253	23	30	31	191	197	214	237	245	433	489	650	#
683	0.114974	104	239	#
684	0.887848	2	3	24	169	182	189	292	461	491	651	#
685	0.887848	2	3	24	70	169	181	182	189	292	461	651	#
686	0.887848	2	3	24	32	33	169	181	182	189	292	461	651	#
687	0.887848	2	3	24	55	170	182	292	461	491	651	#
688	0.887848	2	3	24	54	170	182	189	292	461	491	651	#
689	0.907896	103	104	124	126	211	212	233	246	322	652	#
690	0.907896	103	104	124	126	206	211	212	233	239	322	652	#
691	0.907896	103	124	126	177	178	211	212	233	487	652	#
692	0.907896	103	104	123	126	154	211	212	233	246	322	652	#
693	0.907896	103	104	123	126	154	206	211	212	233	239	322	652	#
694	0.324365	3	42	101	141	156	653	#
695	0.324365	3	42	101	102	141	155	653	#
696	0.627498	295	#
697	0.704871	179	180	227	290	#
698	0.872454	294	354	654	#
699	0.872454	152	185	256	449	654	#
700	0.872454	99	108	256	316	654	#
701	0.872454	59	152	185	354	449	654	#
702	0.872454	59	99	108	316	354	654	#
703	0.685761	29	295	655	#
704	0.685761	28	220	295	655	#
705	0.685761	28	159	160	295	655	#
706	0.514931	222	324	656	#
707	0.514931	113	114	324	656	#
708	1.13097	172	356	383	657	#
709	1.13097	6	7	356	383	657	#
710	1.13097	52	177	203	402	428	487	657	#
711	1.13097	53	172	356	369	657	#
712	1.13097	33	49	52	169	189	204	332	657	#
713	0.976059	179	226	290	312	658	#
714	0.976059	26	117	118	124	178	195	226	227	233	455	658	#
715	0.976059	10	11	117	118	124	178	195	226	227	233	455	658	#
716	0.976059	176	179	250	290	312	658	#
717	0.976059	121	149	150	226	370	453	658	#
718	0.761366	159	295	659	#
719	0.761366	160	220	295	659	#
720	0.761366	28	29	160	295	659	#
721	0.761366	61	62	63	306	374	659	#
722	0.761366	61	63	186	212	374	394	659	#
723	0.870644	73	74	169	226	298	660	#
724	0.870644	54	73	74	170	226	298	660	#
725	0.870644	73	74	169	226	227	389	660	#
726	0.940038	140	282	661	#
727	0.940038	20	21	140	197	205	433	462	661	#
728	0.940038	18	20	21	31	61	205	263	396	661	#
729	0.940038	18	20	21	30	31	60	205	263	396	661	#
730	0.940038	20	21	140	198	205	228	433	462	661	#
731	0.727562	184	242	281	662	#
732	0.727562	235	254	490	662	#
733	0.727562	145	146	184	281	662	#
734	0.954122	20	21	181	215	408	663	#
735	0.954122	20	21	181	205	215	357	663	#
736	0.954122	20	21	32	181	205	215	326	663	#
737	0.954122	20	21	136	137	181	408	663	#
738	0.954122	50	181	271	663	#
739	0.387219	113	345	#
740	0.60085	62	87	91	465	#
741	1.15172	170	418	664	#
742	1.15172	54	169	418	664	#
743	1.15172	55	169	189	418	664	#
744	1.15172	5	8	170	310	318	423	664	#
745	1.15172	5	8	54	169	310	318	423	664	#
746	1.17075	55	70	131	293	665	#
747	1.17075	54	70	131	189	293	665	#
748	1.17075	32	33	55	131	293	665	#
749	1.17075	32	33	54	131	189	293	665	#
750	1.17075	40	41	55	70	293	665	#
751	0.552928	280	460	#
752	0.820503	18	19	23	140	191	214	334	666	#
753	0.820503	18	19	22	140	191	214	240	334	666	#
754	0.601339	13	97	171	336	667	#
755	0.601339	158	171	196	336	667	#
756	0.601339	13	171	201	202	336	667	#
757	0.601339	12	87	229	430	667	#
758	0.601339	12	87	171	219	258	667	#
759	0.615091	97	127	384	440	668	#
760	0.615091	13	127	158	196	384	440	668	#
761	0.615091	127	201	202	384	440	668	#
762	0.615091	12	13	87	192	465	668	#
763	0.615091	29	86	97	127	159	193	238	440	668	#
764	0.925589	99	213	234	327	328	669	#
765	0.925589	88	99	213	234	328	363	426	669	#
766	0.925589	179	180	397	669	#
767	0.925589	99	143	144	234	327	328	669	#
768	0.925589	88	99	143	144	234	328	363	426	669	#
769	0.950879	18	19	140	181	445	497	670	#
770	0.950879	2	3	42	101	141	353	670	#
771	0.950879	2	3	42	101	141	156	301	670	#
772	0.950879	18	19	27	112	140	181	187	381	497	670	#
773	0.950879	18	19	27	79	111	140	181	187	381	497	670	#
774	0.454006	18	19	27	140	181	497	#
775	0.81552	12	13	43	44	48	97	175	336	671	#
776	0.81552	12	43	44	48	158	175	196	336	671	#
777	0.81552	43	44	48	87	175	219	258	671	#
778	0.81552	43	44	48	87	97	175	219	336	361	671	#
779	0.81552	43	44	48	87	138	139	175	258	671	#
780	0.627108	81	84	162	409	672	#
781	0.627108	40	81	84	163	409	672	#
782	0.627108	82	84	162	164	409	672	#
783	0.770425	73	74	170	236	275	423	673	#
784	0.770425	54	73	74	169	236	275	423	673	#
785	0.770425	55	73	74	169	189	236	275	423	673	#
786	0.770425	33	73	74	169	189	208	236	275	673	#
787	0.770425	2	32	181	194	208	236	275	673	#
788	0.973741	45	142	145	148	255	674	#
789	0.973741	45	142	145	147	184	255	674	#
790	0.973741	45	142	146	148	242	255	674	#
791	0.973741	45	142	146	147	184	242	255	674	#
792	0.973741	45	123	142	147	198	322	494	674	#
793	0.438166	87	88	136	454	495	#
794	0.944613	23	191	214	337	386	675	#
795	0.944613	22	191	214	240	337	386	675	#
796	0.944613	72	229	337	431	675	#
797	0.944613	71	218	229	337	431	675	#
798	0.944613	101	141	182	183	229	287	675	#
799	0.190496	36	37	79	80	#
800	0.921783	61	266	676	#
801	0.921783	30	60	266	676	#
802	0.921783	103	104	186	209	374	406	676	#
803	0.921783	59	103	104	186	209	406	442	676	#
804	0.921783	30	173	174	237	266	676	#
805	0.999923	64	65	220	305	473	677	#
806	0.999923	64	92	220	241	305	473	677	#
807	0.999923	28	29	64	65	305	473	677	#
808	0.999923	47	220	247	250	677	#
809	0.999923	47	176	220	226	247	677	#
810	0.967686	59	99	179	213	234	252	328	479	678	#
811	0.967686	31	61	114	179	205	345	441	678	#
812	0.967686	13	99	179	196	213	234	252	328	344	678	#
813	0.967686	59	99	143	144	179	234	252	328	479	678	#
814	0.967686	30	31	60	114	179	205	345	441	678	#
815	0.720085	121	164	457	679	#
816	0.720085	81	82	121	457	679	#
817	0.720085	34	120	121	150	346	679	#
818	0.720085	34	35	81	121	457	679	#
819	0.720085	35	82	120	121	150	346	679	#
820	0.944943	84	92	162	409	485	680	#
821	0.944943	65	83	84	132	162	232	437	680	#
822	0.944943	53	371	476	680	#
823	0.944943	4	65	83	84	132	162	225	437	680	#
824	0.944943	64	65	83	84	133	162	232	437	680	#
825	1.02031	202	203	230	296	681	#
826	1.02031	97	201	203	230	296	681	#
827	1.02031	14	15	59	98	99	100	161	203	207	230	236	275	681	#
828	1.02031	14	15	59	98	99	100	161	170	204	236	275	423	681	#
829	1.02031	98	99	201	203	207	230	236	275	344	681	#
830	0.492107	99	327	682	#
831	0.492107	88	99	363	426	682	#
832	0.492107	99	217	426	443	682	#
833	0.492107	89	99	217	363	426	682	#
834	0.492107	12	13	87	99	344	454	682	#
835	0.332774	59	98	99	197	236	245	683	#
836	0.332774	58	98	99	128	197	236	245	683	#
837	0.332774	59	103	104	186	228	246	683	#
838	0.332774	59	103	104	186	206	228	239	683	#
839	0.814265	234	459	#
840	0.680953	69	153	182	244	373	684	#
841	0.680953	56	57	69	182	244	373	684	#
842	0.680953	64	153	182	241	244	450	684	#
843	0.680953	64	65	92	153	182	244	450	684	#
844	0.680953	64	153	182	241	244	283	366	684	#
845	0.750529	54	146	303	310	423	685	#
846	0.750529	145	189	491	498	685	#
847	0.610478	52	104	239	402	686	#
848	0.610478	52	104	206	246	402	686	#
849	0.610478	53	104	221	239	402	686	#
850	0.610478	53	104	206	221	246	402	686	#
851	0.610478	85	103	104	126	127	211	212	239	261	686	#
852	0.816598	419	#
853	0.551714	123	166	246	322	687	#
854	0.551714	123	166	206	239	322	687	#
855	0.872726	45	46	262	688	#
856	0.872726	42	45	46	142	270	337	688	#
857	0.872726	45	209	210	262	688	#
858	0.872726	18	42	46	140	337	348	688	#
859	0.872726	42	46	214	337	338	688	#
860	1.03617	128	393	479	689	#
861	1.03617	2	32	158	181	207	208	296	689	#
862	1.03617	2	32	59	98	99	181	208	236	275	479	689	#
863	1.03617	2	13	32	98	99	181	196	208	236	275	344	689	#
864	1.03617	58	59	393	479	689	#
865	0.952468	153	182	183	241	244	291	690	#
866	0.952468	65	92	153	182	183	244	291	690	#
867	0.952468	147	229	456	690	#
868	0.952468	147	229	452	494	690	#
869	0.952468	56	57	182	183	241	244	291	690	#
870	0.72605	55	59	98	99	236	275	423	691	#
871	0.72605	54	59	98	99	189	236	275	423	691	#
872	0.72605	33	59	98	99	208	236	275	691	#
873	0.72605	32	59	70	98	99	208	236	275	691	#
874	0.72605	55	58	98	99	128	236	275	423	691	#
875	1.09114	19	175	352	396	464	692	#
876	1.09114	19	27	94	175	352	396	692	#
877	1.09114	171	175	198	429	452	692	#
878	1.09114	18	19	23	140	171	175	191	214	386	464	692	#
879	1.09114	18	19	23	27	94	140	171	175	191	214	386	692	#
880	0.653317	31	61	441	693	#
881	0.653317	30	31	60	441	693	#
882	0.653317	31	61	143	234	263	693	#
883	0.653317	30	31	60	143	234	263	693	#
884	0.653317	31	61	144	213	234	263	693	#
885	0.829015	118	252	382	694	#
886	0.829015	114	117	227	347	694	#
887	0.0405415	0	#
888	0.694749	19	445	695	#
889	0.694749	19	27	112	187	381	695	#
890	0.694749	19	27	79	111	187	381	695	#
891	0.694749	19	27	79	135	188	381	695	#
892	0.694749	19	27	112	134	188	381	695	#
893	0.53528	133	450	#
894	0.401767	2	3	42	141	169	189	491	696	#
895	0.401767	2	3	42	70	141	169	181	189	696	#
896	0.401767	2	3	32	33	42	141	169	181	189	696	#
897	0.401767	2	3	42	55	141	170	491	696	#
898	0.401767	2	3	42	54	141	170	189	491	696	#
899	1.06519	11	124	209	233	246	322	406	697	#
900	1.06519	11	124	206	209	233	239	322	406	697	#
901	1.06519	10	45	142	147	210	314	697	#
902	1.06519	10	26	124	209	233	246	322	406	697	#
903	1.06519	10	26	124	206	209	233	239	322	406	697	#
904	1.05963	26	43	124	178	233	309	455	698	#
905	1.05963	10	11	43	124	178	233	309	455	698	#
906	1.05963	43	179	312	434	698	#
907	1.05963	43	44	171	175	178	229	455	483	698	#
908	1.05963	26	43	123	154	178	233	309	455	698	#
909	0.537308	98	132	236	241	245	277	699	#
910	0.537308	65	92	98	132	236	245	277	699	#
911	0.537308	64	98	133	236	241	245	277	699	#
912	0.537308	64	65	92	98	133	236	245	277	699	#
913	0.987219	86	482	700	#
914	0.987219	85	90	482	700	#
915	0.987219	29	226	238	247	700	#
916	0.987219	28	220	226	238	247	700	#
917	0.987219	86	126	127	186	211	212	226	227	256	700	#
918	0.284779	45	142	148	210	701	#
919	0.284779	45	142	147	184	210	701	#
920	0.284779	45	46	142	148	209	701	#
921	0.284779	45	46	142	147	184	209	701	#
922	0.583264	207	249	#
923	0.755271	205	326	702	#
924	0.755271	31	61	205	208	448	702	#
925	0.755271	32	408	702	#
926	0.755271	30	31	60	205	208	448	702	#
927	0.755271	32	205	357	702	#
928	0.964109	13	98	99	170	236	275	344	423	703	#
929	0.964109	13	54	98	99	169	236	275	344	423	703	#
930	0.964109	13	97	170	207	296	423	703	#
931	0.964109	13	55	98	99	169	189	236	275	344	423	703	#
932	0.964109	13	97	170	230	231	296	703	#
933	0.6549	108	199	200	216	221	279	704	#
934	0.6549	77	78	108	199	200	221	279	704	#
935	0.6549	52	53	108	199	200	216	279	704	#
936	0.6549	52	53	77	78	108	199	200	279	704	#
937	1.08444	108	156	199	200	216	221	279	467	#
938	0.994787	98	99	207	236	275	363	426	#
939	0.993138	2	181	364	408	705	#
940	0.993138	2	181	205	357	364	705	#
941	0.993138	2	32	181	205	326	364	705	#
942	0.993138	2	31	32	61	181	205	208	364	448	705	#
943	0.993138	2	30	31	32	60	181	205	208	364	448	705	#
944	0.62547	87	349	706	#
945	0.62547	12	13	219	349	361	706	#
946	0.650359	158	358	707	#
947	0.650359	12	87	110	196	349	707	#
948	0.650359	12	77	87	109	196	349	707	#
949	0.650359	13	97	196	358	707	#
950	0.650359	12	78	87	109	196	216	349	707	#
951	0.706892	98	99	208	236	275	708	#
952	0.706892	33	55	98	99	236	275	423	708	#
953	0.706892	33	54	98	99	189	236	275	423	708	#
954	0.706892	32	55	70	98	99	236	275	423	708	#
955	0.706892	32	54	70	98	99	189	236	275	423	708	#
956	0.723913	166	474	#
957	1.13057	418	55	709	#
958	1.13057	418	54	189	709	#
959	1.13057	418	170	169	189	709	#
960	1.13057	5	318	8	310	423	55	709	#
961	1.13057	5	318	8	310	423	54	189	709	#
962	0.878254	203	230	207	310	303	242	184	710	#
963	0.878254	204	169	189	491	498	184	710	#
964	0.878254	204	169	189	70	181	498	184	710	#
965	0.878254	204	170	423	310	303	242	184	710	#
966	0.878254	204	169	189	33	32	181	498	184	710	#
967	1.04158	162	84	83	232	318	8	711	#
968	1.04158	162	84	83	225	4	318	8	711	#
969	1.04158	163	40	84	83	232	318	8	711	#
970	1.04158	163	40	84	83	225	4	318	8	711	#
971	0.77637	54	284	61	31	205	712	#
972	0.77637	54	284	60	30	31	205	712	#
973	0.77637	189	55	284	61	31	205	712	#
974	0.77637	54	423	448	61	31	205	712	#
975	0.77637	189	55	284	60	30	31	205	712	#
976	0.341565	51	461	169	189	713	#
977	0.341565	25	24	461	169	189	713	#
978	0.341565	51	461	170	55	713	#
979	0.341565	51	461	170	54	189	713	#
980	0.341565	25	24	461	170	55	713	#
981	0.440233	47	473	65	132	714	#
982	0.440233	47	473	65	64	133	714	#
983	0.440233	47	473	92	241	132	714	#
984	0.440233	47	473	92	241	64	133	714	#
985	0.0831586	84	#
986	0.615305	179	234	143	366	64	65	715	#
987	0.615305	179	234	143	366	64	241	92	715	#
988	0.615305	179	234	213	373	92	715	#
989	0.615305	179	234	143	366	133	132	65	715	#
990	0.615305	179	234	143	144	373	92	715	#
991	0.314464	212	103	104	239	716	#
992	0.314464	212	103	104	246	206	716	#
993	0.767903	49	326	717	#
994	0.767903	49	208	448	61	31	717	#
995	0.767903	49	208	448	60	30	31	717	#
996	0.767903	50	357	717	#
997	0.767903	50	32	326	717	#
998	0.482699	146	458	718	#
999	0.482699	242	145	458	718	#
