%% File generated by CATS v.2.1Mon Jul  4 11:06:49 2011

%% The CATS webpage is http://robotics.stanford.edu/CATS

%% PARAMETER SETTINGS:
% Goods: 500; Bids: 1000; Distribution: paths; Runs: 1; Seed: 1309806533
% Paths Distribution Parameters:
% Initial connections:       = 2
% Edge density:              = 3.000000
% Shipping cost factor:      = 1.500000
% Max bid set size:          = 5
% Building penalty:          = 1.700000



goods 500
bids 1001
dummy 472

0	0.432518	69	390	500	#
1	0.432518	68	105	390	500	#
2	0.971194	77	99	143	370	461	501	#
3	0.971194	76	99	144	370	461	501	#
4	0.971194	76	99	143	208	370	461	501	#
5	0.971194	77	99	144	208	370	461	501	#
6	0.93026	44	112	129	166	234	255	286	502	#
7	0.93026	44	112	113	128	166	234	255	286	502	#
8	0.93026	112	129	147	148	166	234	255	286	502	#
9	0.93026	112	113	128	147	148	166	234	255	286	502	#
10	0.93026	126	128	166	234	442	502	#
11	0.826059	76	222	237	306	335	484	503	#
12	0.826059	103	110	120	121	190	237	301	321	503	#
13	0.826059	104	110	120	121	190	237	251	301	321	503	#
14	0.826059	103	110	120	121	189	237	246	301	321	503	#
15	0.826059	104	110	120	121	189	237	246	251	301	321	503	#
16	0.109961	177	178	#
17	0.521331	34	46	157	170	265	446	504	#
18	0.521331	34	46	156	170	209	265	446	504	#
19	0.289918	33	34	170	209	265	505	#
20	0.289918	32	35	170	209	265	505	#
21	0.289918	32	34	107	170	209	265	505	#
22	0.0847433	51	#
23	0.755507	25	56	105	479	506	#
24	0.755507	25	55	100	105	479	506	#
25	0.755507	9	56	85	86	96	97	337	378	506	#
26	0.755507	25	56	68	69	479	506	#
27	0.755507	9	55	85	86	96	97	100	337	378	506	#
28	0.5974	45	282	423	484	507	#
29	0.5974	45	95	252	423	474	507	#
30	0.5974	45	94	196	252	423	474	507	#
31	1.10429	86	141	243	358	508	#
32	1.10429	86	96	97	247	358	508	#
33	1.10429	86	142	186	243	358	508	#
34	1.10429	242	348	508	#
35	1.10429	85	86	133	134	135	141	218	232	243	313	508	#
36	1.01588	297	346	509	#
37	1.01588	30	104	120	121	218	250	297	443	509	#
38	1.01588	30	103	120	121	218	250	251	297	443	509	#
39	1.01588	30	104	120	121	135	136	218	297	443	509	#
40	1.01588	118	119	182	231	321	439	509	#
41	1.14334	295	483	510	#
42	1.14334	60	64	205	357	413	510	#
43	1.14334	60	65	102	357	413	510	#
44	1.14334	60	64	79	102	357	413	510	#
45	1.14334	81	121	167	168	184	190	295	387	510	#
46	0.724178	183	226	251	255	320	511	#
47	0.724178	43	44	226	251	255	320	511	#
48	0.724178	103	104	183	226	255	320	511	#
49	0.724178	43	44	103	104	226	255	320	511	#
50	0.724178	43	147	148	226	251	255	320	511	#
51	0.864294	29	147	239	249	257	274	512	#
52	0.864294	29	183	226	239	249	257	464	512	#
53	0.864294	29	43	44	226	239	249	257	464	512	#
54	0.864294	28	147	193	239	249	257	274	512	#
55	0.864294	29	44	148	239	249	257	274	512	#
56	1.27235	37	101	414	513	#
57	1.27235	36	57	101	414	513	#
58	1.27235	225	230	344	381	513	#
59	1.27235	194	195	230	344	381	513	#
60	1.27235	76	162	206	230	268	344	453	513	#
61	0.709557	71	359	514	#
62	0.709557	71	109	160	177	178	199	454	514	#
63	0.709557	71	159	177	178	310	514	#
64	0.709557	71	78	109	160	177	178	198	454	514	#
65	0.709557	71	108	160	177	178	199	240	454	514	#
66	0.609861	85	86	96	97	133	134	298	515	#
67	0.609861	85	86	133	134	243	248	298	515	#
68	0.609861	85	86	133	134	141	243	247	298	515	#
69	0.609861	133	134	142	248	298	477	515	#
70	0.609861	133	134	186	247	298	477	515	#
71	0.515632	93	139	185	217	330	432	516	#
72	0.515632	93	110	111	139	185	330	432	516	#
73	0.515632	112	113	139	185	288	311	516	#
74	0.515632	112	139	185	275	361	516	#
75	0.515632	53	54	93	111	139	185	330	432	516	#
76	1.04549	4	94	110	112	113	330	394	484	517	#
77	1.04549	4	63	113	196	252	361	394	517	#
78	1.04549	4	94	111	112	113	217	330	394	484	517	#
79	1.04549	5	81	112	113	190	305	387	517	#
80	1.04549	4	53	54	94	112	113	330	394	484	517	#
81	0.326839	94	139	373	518	#
82	0.326839	63	95	139	252	275	518	#
83	0.326839	63	94	139	196	252	275	518	#
84	0.326839	20	21	63	92	93	95	139	252	518	#
85	0.326839	63	94	139	200	201	260	275	518	#
86	1.11372	52	68	435	490	519	#
87	1.11372	52	69	105	435	490	519	#
88	1.11372	52	211	435	441	519	#
89	1.11372	52	261	262	435	490	519	#
90	1.11372	25	52	69	212	231	435	489	519	#
91	0.653516	57	66	341	#
92	0.789463	227	377	520	#
93	0.789463	58	59	377	520	#
94	0.789463	296	303	520	#
95	0.789463	58	303	407	520	#
96	0.789463	220	296	452	520	#
97	0.631402	5	114	340	521	#
98	0.631402	2	3	5	340	521	#
99	0.631402	2	5	215	216	340	521	#
100	0.631402	60	114	214	340	521	#
101	0.631402	3	5	122	123	340	521	#
102	0.968743	70	71	101	177	178	198	336	522	#
103	0.968743	70	71	101	143	177	178	291	522	#
104	0.968743	77	143	150	151	162	206	230	268	522	#
105	0.968743	41	42	77	143	150	151	162	230	268	522	#
106	0.968743	76	144	150	151	162	206	230	268	522	#
107	0.618319	42	101	150	151	230	343	523	#
108	0.618319	41	101	150	151	206	230	343	523	#
109	1.00995	34	112	113	162	169	170	174	185	256	288	389	524	#
110	1.00995	34	112	113	124	125	162	169	170	174	185	288	389	524	#
111	1.00995	9	41	124	162	343	349	524	#
112	1.00995	83	120	124	161	167	168	253	254	360	524	#
113	1.00995	41	124	162	196	283	480	524	#
114	1.02632	30	31	197	322	478	525	#
115	1.02632	14	73	192	210	245	338	525	#
116	1.02632	14	72	73	173	210	245	338	525	#
117	1.02632	14	30	245	347	443	525	#
118	1.02632	157	197	210	322	478	525	#
119	0.861669	28	37	151	223	239	249	299	433	526	#
120	0.861669	28	37	118	151	222	239	249	299	433	526	#
121	0.861669	37	70	71	101	109	119	177	178	199	454	526	#
122	0.861669	37	118	202	434	526	#
123	0.861669	118	206	230	344	421	526	#
124	0.696421	167	253	372	527	#
125	0.696421	147	167	393	527	#
126	0.696421	44	148	167	393	527	#
127	0.696421	43	148	167	183	393	527	#
128	0.696421	41	43	83	148	161	162	167	253	254	334	527	#
129	1.033	273	434	528	#
130	1.033	70	71	101	159	273	359	528	#
131	1.033	70	71	101	177	178	273	310	528	#
132	1.033	70	71	101	109	159	160	177	178	199	273	454	528	#
133	1.033	5	36	215	340	456	528	#
134	1.20685	52	116	302	403	435	529	#
135	1.20685	8	9	25	52	69	116	293	435	529	#
136	1.20685	106	116	445	448	529	#
137	1.20685	152	342	403	529	#
138	1.20685	158	424	453	529	#
139	0.819671	85	182	423	484	499	530	#
140	0.819671	85	181	240	423	484	499	530	#
141	0.819671	85	108	109	181	423	484	499	530	#
142	0.819671	111	133	182	231	297	427	530	#
143	0.819671	111	133	181	231	240	297	427	530	#
144	0.500807	145	443	531	#
145	0.500807	104	146	443	531	#
146	0.500807	103	146	251	443	531	#
147	0.651055	70	135	374	532	#
148	0.651055	71	135	177	178	198	257	258	356	532	#
149	0.929442	41	157	303	369	533	#
150	0.929442	41	156	209	303	369	533	#
151	0.929442	42	156	195	303	436	444	533	#
152	0.929442	41	156	303	405	436	444	533	#
153	0.929442	41	157	220	369	452	533	#
154	0.894671	112	181	324	482	534	#
155	0.894671	112	182	240	324	482	534	#
156	0.894671	108	109	112	182	324	482	534	#
157	0.894671	8	112	240	366	482	534	#
158	0.894671	8	108	109	112	366	482	534	#
159	0.370984	19	93	111	282	432	#
160	0.766489	33	34	38	169	170	492	535	#
161	0.766489	32	35	38	169	170	492	535	#
162	0.766489	32	34	38	107	169	170	492	535	#
163	0.766489	16	38	169	170	364	535	#
164	0.766489	33	35	38	107	169	170	492	535	#
165	0.487318	15	159	160	182	231	430	536	#
166	0.487318	15	159	160	181	231	240	430	536	#
167	0.487318	15	108	109	159	160	181	231	430	536	#
168	0.487318	14	159	160	182	197	231	430	536	#
169	0.487318	14	159	160	181	197	231	240	430	536	#
170	1.26388	112	113	174	185	221	256	288	410	537	#
171	1.26388	1	9	124	343	349	452	537	#
172	1.26388	112	113	124	125	174	185	221	288	410	537	#
173	1.26388	6	7	66	124	221	309	462	465	537	#
174	1.26388	1	112	113	174	185	220	256	288	410	537	#
175	1.02129	29	93	103	120	122	217	301	331	363	432	538	#
176	1.02129	29	93	103	110	111	120	122	301	331	363	432	538	#
177	1.02129	29	93	104	120	122	217	251	301	331	363	432	538	#
178	1.02129	29	93	104	110	111	120	122	251	301	331	363	432	538	#
179	1.02129	28	93	103	120	122	193	217	301	331	363	432	538	#
180	0.822792	93	116	277	383	539	#
181	0.822792	116	156	217	307	383	432	539	#
182	0.822792	110	111	116	156	307	383	432	539	#
183	0.822792	22	116	236	289	448	539	#
184	0.822792	23	116	235	289	448	539	#
185	0.352836	38	122	216	239	249	363	#
186	0.229577	53	217	290	#
187	0.710993	43	70	71	197	322	327	#
188	0.750236	111	174	263	367	540	#
189	0.750236	110	174	217	263	367	540	#
190	0.750236	112	113	169	174	185	209	265	288	444	540	#
191	0.750236	112	113	156	157	169	174	185	265	288	444	540	#
192	0.750236	53	54	174	217	263	367	540	#
193	0.662666	9	42	343	431	541	#
194	0.662666	9	41	206	343	431	541	#
195	0.86449	156	177	178	199	478	542	#
196	0.86449	78	156	177	178	198	478	542	#
197	0.86449	6	7	22	236	444	485	542	#
198	0.86449	6	7	23	235	444	485	542	#
199	0.86449	6	7	22	235	238	444	485	542	#
200	0.467126	185	217	330	432	543	#
201	0.467126	110	111	185	330	432	543	#
202	0.467126	53	54	111	185	330	432	543	#
203	0.467126	20	21	92	112	185	361	543	#
204	0.522567	50	51	80	107	226	355	544	#
205	0.522567	34	35	50	51	80	226	355	544	#
206	0.522567	32	33	50	51	80	226	355	544	#
207	0.522567	39	40	51	80	107	226	355	544	#
208	0.522567	34	35	39	40	51	80	226	355	544	#
209	0.898339	9	85	86	243	337	426	545	#
210	0.898339	9	142	337	426	477	545	#
211	0.898339	9	25	51	52	69	80	85	86	243	337	545	#
212	0.898339	9	25	51	52	68	80	85	86	105	243	337	545	#
213	0.898339	9	130	131	337	426	477	545	#
214	0.33655	194	204	384	#
215	0.462604	83	121	167	168	190	253	254	546	#
216	0.462604	83	121	167	168	189	246	253	254	546	#
217	0.964628	125	174	227	242	278	288	547	#
218	0.964628	58	59	125	174	242	278	288	547	#
219	0.964628	124	174	227	242	256	278	288	547	#
220	0.269666	63	200	260	275	548	#
221	0.269666	20	21	63	92	93	200	260	548	#
222	0.269666	63	200	229	252	275	548	#
223	0.511649	99	138	171	461	549	#
224	0.511649	10	11	99	138	461	549	#
225	0.95806	203	204	241	285	550	#
226	0.95806	179	180	203	280	550	#
227	0.95806	203	228	241	280	550	#
228	0.95806	183	203	204	226	241	422	550	#
229	0.95806	43	44	203	204	226	241	422	550	#
230	0.814296	28	62	76	99	239	249	299	335	551	#
231	0.814296	28	363	451	551	#
232	0.814296	29	62	76	99	193	239	249	299	335	551	#
233	0.732598	85	86	141	243	491	552	#
234	0.732598	186	477	491	552	#
235	1.03683	114	215	244	245	437	553	#
236	1.03683	2	216	244	245	437	553	#
237	1.03683	2	64	205	235	413	475	494	553	#
238	1.03683	3	114	216	244	245	437	553	#
239	1.03683	2	3	215	244	245	437	553	#
240	1.08085	62	99	220	279	554	#
241	1.08085	41	316	452	554	#
242	1.08085	41	220	303	316	554	#
243	1.08085	1	62	99	221	279	554	#
244	1.08085	0	24	62	99	221	279	554	#
245	0.380678	133	135	218	257	258	#
246	0.932699	10	43	428	555	#
247	0.932699	50	51	80	175	226	345	355	408	555	#
248	0.932699	10	93	111	138	139	365	432	555	#
249	0.932699	10	50	80	138	139	226	469	555	#
250	0.932699	10	93	110	138	139	217	365	432	555	#
251	0.618873	46	85	86	96	133	134	298	556	#
252	0.618873	47	85	86	91	96	133	134	298	556	#
253	0.637396	14	48	49	180	182	228	231	430	557	#
254	0.637396	14	48	49	180	181	228	231	240	430	557	#
255	0.637396	14	48	49	179	182	231	241	430	557	#
256	0.637396	14	48	49	179	181	231	240	241	430	557	#
257	0.637396	14	48	49	108	109	180	181	228	231	430	557	#
258	0.807888	34	112	129	169	170	185	234	389	405	558	#
259	0.807888	34	112	113	128	169	170	185	234	389	405	558	#
260	0.807888	34	112	129	169	170	185	195	206	234	389	558	#
261	0.807888	34	41	42	112	129	169	170	185	195	234	389	558	#
262	0.807888	34	112	113	128	169	170	185	195	206	234	389	558	#
263	0.177697	71	188	#
264	1.01895	11	29	122	363	487	559	#
265	1.01895	11	28	122	193	363	487	559	#
266	1.01895	10	29	122	171	363	487	559	#
267	1.01895	2	11	29	123	363	487	559	#
268	1.01895	10	122	239	249	363	375	491	559	#
269	0.854217	8	9	303	343	560	#
270	0.854217	8	9	220	343	452	560	#
271	0.854217	9	115	191	303	343	560	#
272	0.854217	1	8	9	221	343	452	560	#
273	0.854217	0	8	9	24	221	343	452	560	#
274	0.304014	356	#
275	0.979824	4	5	154	373	394	561	#
276	0.979824	4	5	63	154	196	252	275	394	561	#
277	0.979824	4	5	20	21	63	92	155	196	252	394	561	#
278	0.979824	4	5	63	154	200	201	260	275	394	561	#
279	0.979824	4	5	63	94	95	154	252	275	394	561	#
280	0.851105	20	231	459	499	562	#
281	0.851105	20	63	85	95	231	252	423	499	562	#
282	0.851105	20	63	85	94	196	231	252	423	499	562	#
283	0.851105	20	63	95	133	134	252	297	423	562	#
284	0.851105	20	63	94	133	134	196	252	297	423	562	#
285	0.702494	27	86	149	161	269	563	#
286	0.702494	83	84	86	140	161	269	563	#
287	0.972894	2	475	494	564	#
288	0.972894	3	114	475	494	564	#
289	0.972894	42	123	195	235	402	436	564	#
290	0.972894	41	123	235	402	405	436	564	#
291	0.972894	122	123	475	494	564	#
292	0.745618	58	415	565	#
293	0.745618	59	227	415	565	#
294	0.716566	75	88	371	566	#
295	0.716566	74	87	88	371	566	#
296	0.716566	14	119	131	182	231	430	472	566	#
297	0.716566	14	119	130	142	182	231	430	472	566	#
298	0.716566	14	119	131	181	231	240	430	472	566	#
299	1.06191	56	97	378	458	567	#
300	1.06191	37	56	398	567	#
301	1.06191	55	97	100	378	458	567	#
302	1.06191	37	55	100	398	567	#
303	1.06191	36	56	57	398	567	#
304	1.07031	9	25	52	69	85	86	116	337	435	568	#
305	1.07031	9	25	52	68	85	86	105	116	337	435	568	#
306	1.07031	9	25	52	69	85	86	117	213	337	435	568	#
307	1.07031	9	25	52	68	85	86	105	117	213	337	435	568	#
308	1.07031	9	85	86	337	339	426	568	#
309	0.84684	14	48	49	228	245	347	569	#
310	0.84684	15	48	49	197	228	245	347	569	#
311	0.84684	14	49	207	224	228	245	347	569	#
312	0.977482	15	22	177	245	322	396	570	#
313	0.977482	73	83	161	162	236	405	419	436	570	#
314	1.05369	31	156	390	441	571	#
315	1.05369	30	219	231	297	346	571	#
316	1.05369	31	68	156	211	390	490	571	#
317	1.05369	30	211	212	297	346	571	#
318	1.05369	30	209	210	390	441	571	#
319	0.563091	85	423	484	572	#
320	0.563091	85	111	134	427	572	#
321	0.563091	85	110	134	217	427	572	#
322	0.563091	53	54	85	134	217	427	572	#
323	0.75861	118	206	230	421	573	#
324	0.75861	41	42	118	230	421	573	#
325	0.766489	33	34	38	169	170	492	574	#
326	0.766489	32	35	38	169	170	492	574	#
327	0.766489	32	34	38	107	169	170	492	574	#
328	0.766489	16	38	169	170	364	574	#
329	0.766489	33	35	38	107	169	170	492	574	#
330	0.692335	72	183	353	575	#
331	0.692335	43	44	72	353	575	#
332	0.692335	41	83	161	162	334	419	575	#
333	0.692335	41	83	84	161	162	192	334	417	575	#
334	0.692335	43	72	147	148	353	575	#
335	0.239305	36	70	71	101	177	#
336	1.16821	131	266	407	576	#
337	1.16821	58	131	266	296	576	#
338	1.16821	130	142	266	407	576	#
339	1.16821	58	130	142	266	296	576	#
340	1.16821	130	141	186	266	407	576	#
341	0.276921	121	167	168	253	#
342	0.108517	109	118	119	577	#
343	0.108517	108	118	119	240	577	#
344	0.108517	109	160	237	577	#
345	0.630683	149	161	162	194	204	384	405	578	#
346	0.630683	149	161	162	204	206	225	384	578	#
347	0.630683	41	42	149	161	162	204	225	384	578	#
348	0.630683	149	161	162	194	195	204	206	384	578	#
349	0.630683	41	42	149	161	162	194	195	204	384	578	#
350	0.72259	147	257	274	579	#
351	0.72259	183	226	257	464	579	#
352	0.72259	43	44	226	257	464	579	#
353	0.72259	44	148	257	274	579	#
354	0.72259	43	147	148	226	257	464	579	#
355	1.03688	178	187	198	350	378	580	#
356	1.03688	177	178	188	198	350	378	580	#
357	1.03688	85	86	96	97	188	378	486	580	#
358	1.03688	78	178	187	199	350	378	580	#
359	1.03688	188	319	378	447	580	#
360	0.550598	22	150	195	230	236	436	581	#
361	0.550598	23	150	195	230	235	436	581	#
362	0.550598	22	150	195	230	235	238	436	581	#
363	0.550598	22	150	194	225	230	236	436	581	#
364	0.550598	23	150	194	225	230	235	436	581	#
365	0.914988	85	491	499	582	#
366	0.914988	76	99	119	171	182	223	335	461	582	#
367	0.914988	10	11	76	99	119	182	223	335	461	582	#
368	0.914988	76	99	118	119	171	182	222	335	461	582	#
369	0.914988	10	11	76	99	118	119	182	222	335	461	582	#
370	0.942196	147	217	255	411	432	583	#
371	0.942196	111	183	255	365	432	583	#
372	0.942196	43	44	111	255	365	432	583	#
373	0.942196	110	111	147	255	411	432	583	#
374	0.942196	110	183	217	255	365	432	583	#
375	1.2225	21	92	93	180	284	584	#
376	1.2225	154	175	176	308	584	#
377	1.2225	164	179	373	481	584	#
378	1.2225	94	163	179	373	481	584	#
379	1.2225	20	180	275	284	584	#
380	0.667534	120	146	158	403	#
381	0.655078	150	151	206	230	389	585	#
382	0.655078	41	42	150	151	230	389	585	#
383	0.655078	37	206	230	344	389	585	#
384	0.655078	37	41	42	230	344	389	585	#
385	0.655078	36	57	206	230	344	389	585	#
386	0.74768	83	103	120	150	161	162	167	168	206	230	253	254	586	#
387	0.74768	41	42	83	103	120	150	161	162	167	168	230	253	254	586	#
388	0.74768	83	104	120	150	161	162	167	168	206	230	251	253	254	586	#
389	0.74768	41	42	83	104	120	150	161	162	167	168	230	251	253	254	586	#
390	0.552414	41	43	148	149	161	162	334	587	#
391	0.552414	41	147	149	161	162	183	334	587	#
392	0.552414	41	43	44	147	149	161	162	334	587	#
393	0.931186	41	43	148	202	334	421	588	#
394	0.931186	41	147	183	202	334	421	588	#
395	0.931186	41	43	44	147	202	334	421	588	#
396	0.931186	41	43	148	159	237	334	421	588	#
397	0.931186	41	147	159	183	237	334	421	588	#
398	0.862753	132	183	334	425	589	#
399	0.862753	43	44	132	334	425	589	#
400	0.862753	81	132	183	190	226	457	589	#
401	0.862753	43	44	81	132	190	226	457	589	#
402	0.862753	81	121	132	167	168	190	393	589	#
403	0.98876	32	175	199	318	345	590	#
404	0.98876	32	78	175	198	318	345	590	#
405	0.98876	6	34	199	397	495	590	#
406	0.98876	45	66	98	175	198	282	323	462	590	#
407	0.98876	6	34	78	198	397	495	590	#
408	0.759134	20	42	63	196	252	480	591	#
409	0.759134	20	42	63	200	201	260	480	591	#
410	0.759134	20	42	63	94	95	252	480	591	#
411	0.759134	20	41	63	196	206	252	480	591	#
412	0.759134	20	42	63	196	229	260	480	591	#
413	1.08312	50	51	52	56	68	80	226	479	592	#
414	1.08312	50	51	52	55	68	80	100	226	479	592	#
415	1.08312	56	105	412	479	592	#
416	1.08312	55	100	105	412	479	592	#
417	1.08312	39	40	51	52	56	68	80	226	479	592	#
418	1.03806	35	169	170	333	593	#
419	1.03806	34	107	169	170	333	593	#
420	1.03806	32	33	34	169	170	333	593	#
421	1.03806	220	224	410	488	593	#
422	1.03806	34	49	169	170	184	197	224	253	368	446	593	#
423	0.815454	53	133	217	297	427	594	#
424	0.815454	54	111	133	297	427	594	#
425	0.815454	53	110	111	133	297	427	594	#
426	0.815454	54	110	133	217	297	427	594	#
427	0.815454	54	85	231	423	484	499	594	#
428	0.543477	11	34	397	408	#
429	0.636625	178	310	595	#
430	0.636625	109	159	160	178	199	454	595	#
431	0.636625	78	109	159	160	178	198	454	595	#
432	0.636625	108	159	160	178	199	240	454	595	#
433	0.636625	78	108	159	160	178	198	240	454	595	#
434	0.650496	8	324	596	#
435	0.650496	182	366	596	#
436	0.650496	181	240	366	596	#
437	0.650496	108	109	181	366	596	#
438	0.650496	8	9	489	596	#
439	0.627223	61	62	77	99	401	597	#
440	0.627223	61	62	76	99	208	401	597	#
441	0.627223	77	175	306	323	484	597	#
442	0.627223	77	94	175	201	306	385	597	#
443	0.627223	61	62	76	99	143	144	401	597	#
444	1.14426	52	68	116	435	490	598	#
445	1.14426	52	69	105	116	435	490	598	#
446	1.14426	52	68	117	213	435	490	598	#
447	1.14426	52	116	211	435	441	598	#
448	1.14426	52	116	261	262	435	490	598	#
449	1.00333	183	248	266	334	599	#
450	1.00333	43	44	248	266	334	599	#
451	1.00333	141	183	247	266	334	599	#
452	1.00333	43	44	141	247	266	334	599	#
453	1.00333	43	147	148	248	266	334	599	#
454	0.417408	110	301	323	600	#
455	0.417408	111	217	301	323	600	#
456	0.417408	53	54	301	323	600	#
457	0.417408	54	153	251	290	323	600	#
458	0.417408	53	110	153	251	290	323	600	#
459	0.41686	124	252	283	601	#
460	0.41686	124	229	260	283	601	#
461	0.694885	16	29	38	239	249	467	602	#
462	0.694885	16	28	38	193	239	249	467	602	#
463	0.694885	16	29	38	78	239	249	309	356	602	#
464	0.694885	16	38	221	328	602	#
465	0.694885	1	16	38	220	328	602	#
466	0.864807	54	227	282	476	603	#
467	0.864807	53	110	227	282	476	603	#
468	0.864807	128	227	242	278	325	603	#
469	0.864807	54	58	59	282	476	603	#
470	0.864807	53	58	59	110	282	476	603	#
471	0.418976	32	388	604	#
472	0.418976	33	107	388	604	#
473	1.14605	39	85	86	96	126	183	226	255	449	605	#
474	1.14605	39	43	44	85	86	96	126	226	255	449	605	#
475	1.14605	9	25	85	86	96	126	183	255	337	412	605	#
476	1.14605	9	25	43	44	85	86	96	126	255	337	412	605	#
477	1.14605	39	43	85	86	96	126	147	148	226	255	449	605	#
478	0.764849	29	103	120	169	185	331	395	606	#
479	0.764849	29	104	120	169	185	251	331	395	606	#
480	0.764849	33	34	38	170	239	249	492	606	#
481	0.764849	32	35	38	170	239	249	492	606	#
482	0.764849	32	34	38	107	170	239	249	492	606	#
483	0.68425	53	147	411	607	#
484	0.68425	54	183	365	607	#
485	0.68425	43	44	54	365	607	#
486	0.68425	53	110	183	365	607	#
487	0.68425	43	44	53	110	365	607	#
488	0.732459	98	178	198	267	608	#
489	0.732459	6	7	178	199	267	608	#
490	0.732459	6	7	78	178	198	267	608	#
491	0.732459	78	98	178	199	267	608	#
492	0.50861	172	175	262	294	609	#
493	0.50861	68	172	175	261	294	609	#
494	0.765627	6	34	169	170	185	495	610	#
495	0.765627	33	34	169	170	185	318	610	#
496	0.765627	32	35	169	170	185	318	610	#
497	0.765627	32	34	107	169	170	185	318	610	#
498	1.04471	41	369	399	611	#
499	1.04471	6	34	170	265	304	495	611	#
500	1.04471	33	34	170	265	304	318	611	#
501	1.04471	32	35	170	265	304	318	611	#
502	1.04471	32	34	107	170	265	304	318	611	#
503	0.678916	239	249	299	335	363	#
504	0.15719	114	215	244	612	#
505	0.15719	2	216	244	612	#
506	0.115617	84	140	#
507	0.693121	126	178	198	267	613	#
508	0.693121	78	126	178	199	267	613	#
509	0.693121	44	70	71	177	178	198	255	327	613	#
510	0.693121	70	71	101	147	177	178	198	255	392	613	#
511	0.693121	70	71	147	148	177	178	198	255	327	613	#
512	0.0365095	1	#
513	0.587331	200	260	429	614	#
514	0.587331	85	86	95	141	243	252	423	614	#
515	0.587331	85	86	94	141	196	243	252	423	614	#
516	0.587331	95	186	252	423	477	614	#
517	0.587331	200	229	252	429	614	#
518	0.861113	227	476	615	#
519	0.861113	58	59	476	615	#
520	0.861113	53	169	170	185	330	415	615	#
521	0.861113	54	110	169	170	185	330	415	615	#
522	0.861113	54	111	169	170	185	217	330	415	615	#
523	0.368494	94	134	423	#
524	0.663419	83	161	162	194	203	204	384	405	#
525	0.567346	183	393	616	#
526	0.567346	43	44	393	616	#
527	0.567346	43	148	253	372	616	#
528	0.567346	43	147	148	393	616	#
529	0.567346	147	183	253	372	616	#
530	0.912902	35	169	170	224	333	617	#
531	0.912902	34	107	169	170	224	333	617	#
532	0.912902	32	33	34	169	170	224	333	617	#
533	0.912902	35	48	169	170	207	333	617	#
534	0.912902	34	48	107	169	170	207	333	617	#
535	0.585182	29	103	120	123	331	363	618	#
536	0.585182	29	104	120	123	251	331	363	618	#
537	0.585182	2	29	103	120	122	331	363	618	#
538	0.585182	28	103	120	123	193	331	363	618	#
539	0.585182	2	29	104	120	122	251	331	363	618	#
540	0.857014	42	131	225	266	619	#
541	0.857014	42	131	194	195	266	619	#
542	0.857014	42	130	142	225	266	619	#
543	0.857014	41	131	194	266	405	619	#
544	0.857014	42	130	142	194	195	266	619	#
545	0.78915	81	235	438	439	#
546	0.609055	34	167	170	184	265	446	620	#
547	0.609055	30	104	120	168	210	443	620	#
548	0.609055	30	103	120	168	210	251	443	620	#
549	0.773669	85	86	107	133	134	298	446	621	#
550	0.773669	34	35	85	86	133	134	298	446	621	#
551	0.773669	32	33	85	86	133	134	298	446	621	#
552	0.773669	9	25	52	69	85	86	337	355	621	#
553	0.773669	35	86	170	272	621	#
554	1.00878	45	66	98	198	462	473	622	#
555	1.00878	19	67	98	198	462	473	622	#
556	1.00878	18	19	66	98	198	462	473	622	#
557	1.00878	6	7	45	66	199	462	473	622	#
558	1.00878	6	7	45	66	78	198	462	473	622	#
559	0.402279	133	297	#
560	0.596056	92	93	167	351	623	#
561	0.596056	93	103	120	168	217	301	432	623	#
562	0.596056	93	103	110	111	120	168	301	432	623	#
563	0.596056	93	104	120	168	217	251	301	432	623	#
564	0.596056	93	104	110	111	120	168	251	301	432	623	#
565	0.911894	45	66	172	282	323	462	624	#
566	0.911894	19	67	172	282	323	462	624	#
567	0.911894	18	19	66	172	282	323	462	624	#
568	0.911894	6	7	32	172	318	345	624	#
569	0.911894	12	13	45	66	282	323	462	624	#
570	0.594178	112	129	190	305	625	#
571	0.594178	112	113	128	190	305	625	#
572	0.594178	103	112	120	121	129	190	395	625	#
573	0.594178	112	129	189	246	305	625	#
574	0.594178	103	112	113	120	121	128	190	395	625	#
575	0.444067	112	113	169	170	185	288	626	#
576	0.444067	112	129	165	166	169	170	185	234	626	#
577	0.215261	93	432	#
578	0.305805	50	80	183	226	627	#
579	0.305805	43	44	50	80	226	627	#
580	0.305805	43	50	80	147	148	226	627	#
581	0.783009	8	9	426	463	628	#
582	0.783009	8	9	25	51	52	69	80	463	628	#
583	0.783009	8	9	25	51	52	68	80	105	463	628	#
584	0.783009	51	62	80	386	628	#
585	0.783009	9	115	191	426	463	628	#
586	0.148424	120	146	152	629	#
587	0.148424	104	120	153	629	#
588	0.879194	17	170	222	237	364	630	#
589	0.879194	17	159	170	202	222	364	630	#
590	0.879194	17	118	170	223	237	364	630	#
591	0.879194	33	34	38	170	222	237	299	492	630	#
592	0.879194	32	35	38	170	222	237	299	492	630	#
593	0.555022	3	340	631	#
594	0.555022	2	114	340	631	#
595	0.555022	215	216	340	631	#
596	1.10038	0	20	63	196	252	452	480	632	#
597	1.10038	0	20	63	200	201	260	452	480	632	#
598	1.10038	0	20	63	94	95	252	452	480	632	#
599	1.10038	1	20	24	63	196	252	452	480	632	#
600	1.10038	0	20	63	196	220	252	303	480	632	#
601	1.00516	0	201	452	480	633	#
602	1.00516	1	24	201	452	480	633	#
603	1.00516	0	196	200	229	452	480	633	#
604	1.00516	0	201	220	303	480	633	#
605	1.00516	24	201	221	303	480	633	#
606	0.709903	14	73	245	332	634	#
607	0.709903	14	119	141	182	231	430	472	634	#
608	0.709903	14	119	141	181	231	240	430	472	634	#
609	0.709903	14	122	216	244	245	247	319	634	#
610	0.709903	14	86	141	243	245	264	634	#
611	0.990775	92	155	253	254	351	354	635	#
612	0.990775	84	92	155	173	253	254	351	417	635	#
613	0.990775	92	93	154	253	254	351	354	635	#
614	0.990775	84	92	93	154	173	253	254	351	417	635	#
615	0.990775	13	140	173	175	176	406	417	431	635	#
616	0.155321	76	99	#
617	0.419629	13	175	431	636	#
618	0.419629	12	172	175	431	636	#
619	0.731984	26	84	103	120	167	168	253	254	301	637	#
620	0.731984	83	103	120	149	167	168	253	254	301	637	#
621	0.731984	26	84	104	120	167	168	251	253	254	301	637	#
622	0.731984	83	104	120	149	167	168	251	253	254	301	637	#
623	0.731984	27	84	103	120	140	167	168	253	254	301	637	#
624	1.0098	14	48	49	245	251	301	347	638	#
625	1.0098	14	48	49	103	104	245	301	347	638	#
626	1.0098	15	48	49	197	245	251	301	347	638	#
627	1.0098	14	48	49	53	153	245	290	347	638	#
628	1.0098	15	48	49	103	104	197	245	301	347	638	#
629	1.0537	73	192	215	244	270	639	#
630	1.0537	3	29	103	110	120	122	301	331	363	367	639	#
631	1.0537	103	110	120	121	136	215	301	329	367	639	#
632	1.0537	103	110	120	121	135	215	250	301	329	367	639	#
633	1.0537	29	103	110	114	120	123	301	331	363	367	639	#
634	0.809187	34	41	389	452	640	#
635	0.809187	34	41	220	303	389	640	#
636	0.809187	34	42	206	389	452	640	#
637	0.809187	1	34	41	221	303	389	640	#
638	0.809187	35	41	107	389	452	640	#
639	0.832665	81	102	121	167	168	184	190	295	641	#
640	0.832665	82	102	121	167	168	184	246	295	641	#
641	0.832665	81	102	121	167	168	184	189	246	295	641	#
642	0.832665	82	102	121	167	168	184	189	190	295	641	#
643	0.71748	477	491	#
644	0.603906	91	297	298	642	#
645	0.603906	46	47	297	298	642	#
646	0.798168	46	120	167	168	184	360	643	#
647	0.798168	34	46	112	113	125	169	170	174	185	288	446	643	#
648	0.798168	34	46	112	113	124	169	170	174	185	256	288	446	643	#
649	0.798168	47	91	120	167	168	184	360	643	#
650	0.798168	34	47	91	112	113	125	169	170	174	185	288	446	643	#
651	0.618012	111	133	323	427	644	#
652	0.618012	110	133	217	323	427	644	#
653	0.618012	53	54	133	217	323	427	644	#
654	0.618012	133	134	323	423	484	644	#
655	0.618012	94	133	134	201	385	423	644	#
656	0.97467	113	232	278	361	645	#
657	0.97467	113	233	242	278	361	645	#
658	0.97467	128	129	232	278	361	645	#
659	0.97467	54	63	95	233	252	476	484	645	#
660	0.97467	53	63	95	110	233	252	476	484	645	#
661	0.725827	355	391	646	#
662	0.725827	8	9	25	52	69	99	463	646	#
663	0.725827	8	9	25	52	68	99	105	463	646	#
664	0.725827	62	99	386	646	#
665	0.725827	9	25	52	69	99	115	191	463	646	#
666	0.72096	49	81	416	#
667	0.663678	128	232	278	#
668	1.08167	37	60	273	434	647	#
669	1.08167	36	57	60	273	434	647	#
670	1.08167	206	230	344	470	647	#
671	1.08167	41	42	230	344	470	647	#
672	1.08167	37	60	70	71	101	159	273	359	647	#
673	0.550535	41	296	648	#
674	0.550535	41	58	407	648	#
675	0.550535	42	206	296	648	#
676	0.550535	42	58	206	407	648	#
677	0.73232	135	257	258	467	649	#
678	0.73232	78	135	257	258	309	356	649	#
679	0.73232	135	198	199	257	258	309	356	649	#
680	0.73232	6	7	98	135	257	258	309	356	649	#
681	0.73232	136	250	257	258	467	649	#
682	0.623215	133	134	298	477	650	#
683	0.623215	85	86	133	134	142	243	298	650	#
684	0.623215	85	86	130	131	133	134	243	298	650	#
685	0.623215	85	86	133	134	141	186	243	298	650	#
686	0.959402	4	5	446	483	#
687	1.24978	317	651	#
688	1.24978	41	132	183	334	470	651	#
689	1.24978	41	43	44	132	334	470	651	#
690	1.24978	41	43	132	147	148	334	470	651	#
691	1.24978	41	60	132	183	202	273	334	421	651	#
692	0.778615	42	150	201	230	480	652	#
693	0.778615	41	150	201	206	230	480	652	#
694	0.778615	42	150	196	200	229	230	480	652	#
695	0.778615	42	94	95	150	200	229	230	480	652	#
696	0.778615	41	150	196	200	206	229	230	480	652	#
697	0.965939	77	94	143	201	281	306	653	#
698	0.965939	76	94	144	201	281	306	653	#
699	0.965939	76	94	143	201	208	281	306	653	#
700	0.965939	50	51	77	80	143	355	391	653	#
701	0.965939	8	9	50	77	99	143	426	463	653	#
702	0.18474	120	121	250	#
703	0.0606117	242	#
704	1.12131	30	145	158	403	443	654	#
705	1.12131	30	104	146	158	403	443	654	#
706	1.12131	30	103	146	158	251	403	443	654	#
707	1.12131	30	152	153	158	403	443	654	#
708	1.12131	62	76	90	99	400	453	654	#
709	0.664547	150	157	382	655	#
710	0.664547	150	156	209	382	655	#
711	0.664547	150	206	230	369	655	#
712	0.664547	41	42	150	230	369	655	#
713	0.664547	150	195	209	230	436	444	655	#
714	0.437454	282	325	484	656	#
715	0.437454	95	252	325	474	656	#
716	0.437454	110	112	129	330	484	656	#
717	0.437454	110	112	113	128	330	484	656	#
718	0.437454	94	196	252	325	474	656	#
719	0.615561	81	103	120	121	190	387	657	#
720	0.615561	82	103	120	121	246	387	657	#
721	0.615561	81	104	120	121	190	251	387	657	#
722	0.615561	81	103	120	121	189	246	387	657	#
723	0.615561	82	104	120	121	246	251	387	657	#
724	0.142606	64	205	235	413	#
725	0.797217	29	78	85	86	239	249	356	375	658	#
726	0.797217	78	96	97	350	658	#
727	0.797217	109	119	243	454	472	658	#
728	0.797217	78	85	86	133	134	135	218	257	258	356	658	#
729	0.797217	108	119	240	243	454	472	658	#
730	1.0404	31	197	322	478	659	#
731	1.0404	14	245	347	443	659	#
732	1.0404	14	30	73	192	210	245	338	659	#
733	1.0404	14	30	72	73	173	210	245	338	659	#
734	1.0404	14	15	31	322	478	659	#
735	0.682082	42	122	225	402	660	#
736	0.682082	42	122	194	195	402	660	#
737	0.682082	41	122	194	402	405	660	#
738	0.682082	41	122	206	225	402	660	#
739	0.682082	41	122	194	195	206	402	660	#
740	0.766819	56	86	96	97	269	378	661	#
741	0.766819	55	86	96	97	100	269	378	661	#
742	0.766819	56	86	243	248	269	378	661	#
743	0.766819	55	86	100	243	248	269	378	661	#
744	0.766819	56	86	141	243	247	269	378	661	#
745	0.498934	203	204	213	225	384	662	#
746	0.498934	194	195	203	204	213	384	662	#
747	0.498934	42	203	204	213	226	334	662	#
748	0.498934	194	203	204	206	213	384	405	662	#
749	0.498934	41	42	194	203	204	213	384	405	662	#
750	0.641474	489	663	#
751	0.641474	9	324	663	#
752	0.641474	119	182	380	663	#
753	0.641474	119	181	240	380	663	#
754	0.641474	108	109	119	181	380	663	#
755	0.018175	130	#
756	0.726004	103	110	120	172	301	323	331	#
757	0.872302	95	130	283	423	477	664	#
758	0.872302	94	130	196	283	423	477	664	#
759	0.872302	85	86	95	131	243	283	423	664	#
760	0.872302	125	496	664	#
761	0.872302	85	86	95	130	142	243	283	423	664	#
762	0.450644	125	200	229	283	665	#
763	0.450644	63	174	200	260	275	311	665	#
764	0.450644	125	196	201	283	665	#
765	0.450644	124	200	229	256	283	665	#
766	0.450644	94	174	201	367	484	665	#
767	1.03195	93	111	282	432	493	666	#
768	1.03195	71	154	276	666	#
769	1.03195	93	110	217	282	432	493	666	#
770	1.03195	63	275	474	493	666	#
771	1.03195	45	71	93	111	271	282	432	666	#
772	0.720015	26	84	103	110	120	167	168	253	254	301	667	#
773	0.720015	83	103	110	120	149	167	168	253	254	301	667	#
774	0.720015	26	84	104	110	120	167	168	251	253	254	301	667	#
775	0.720015	83	104	110	120	149	167	168	251	253	254	301	667	#
776	0.720015	26	84	103	111	120	167	168	217	253	254	301	667	#
777	0.307149	345	#
778	0.420299	96	109	119	243	472	668	#
779	0.420299	97	109	119	248	472	668	#
780	0.420299	96	108	119	240	243	472	668	#
781	0.420299	97	108	119	240	248	472	668	#
782	0.856768	22	64	178	205	236	396	413	669	#
783	0.856768	44	70	71	177	178	327	440	669	#
784	0.856768	23	64	178	205	235	396	413	669	#
785	0.856768	22	64	178	205	235	238	396	413	669	#
786	0.856768	22	65	102	178	236	396	413	669	#
787	0.565106	77	143	306	323	484	670	#
788	0.565106	13	376	670	#
789	0.565106	12	172	376	670	#
790	0.565106	77	94	143	201	306	385	670	#
791	0.565106	76	144	306	323	484	670	#
792	0.741198	86	96	272	#
793	0.826852	43	70	71	117	177	203	204	226	327	671	#
794	0.826852	43	70	71	116	177	203	204	213	226	327	671	#
795	0.826852	116	267	466	671	#
796	0.826852	116	396	448	671	#
797	0.826852	44	70	71	117	177	183	203	204	226	327	671	#
798	0.129508	188	672	#
799	0.129508	177	187	672	#
800	0.632591	152	403	#
801	0.958849	232	258	313	673	#
802	0.958849	233	242	258	313	673	#
803	0.59558	199	352	674	#
804	0.59558	78	198	352	674	#
805	0.635915	9	42	150	230	343	675	#
806	0.635915	9	41	150	206	230	343	675	#
807	0.635915	9	41	150	195	230	343	405	675	#
808	0.600044	134	287	676	#
809	0.600044	85	245	264	676	#
810	0.699094	219	324	677	#
811	0.699094	9	219	489	677	#
812	0.699094	8	182	219	366	677	#
813	0.699094	211	212	231	324	677	#
814	0.699094	8	181	219	240	366	677	#
815	0.610268	62	76	99	453	#
816	0.548275	76	99	138	171	461	678	#
817	0.548275	10	11	76	99	138	461	678	#
818	0.608525	480	#
819	0.95489	8	85	86	141	238	243	337	494	679	#
820	0.95489	8	85	86	141	235	236	243	337	494	679	#
821	0.95489	8	186	238	337	477	494	679	#
822	0.95489	8	186	235	236	337	477	494	679	#
823	0.95489	8	141	142	238	337	477	494	679	#
824	1.14086	15	73	174	192	245	270	680	#
825	1.14086	174	197	418	680	#
826	1.14086	15	72	73	173	174	245	270	680	#
827	1.14086	15	73	165	174	192	245	417	450	680	#
828	1.14086	15	110	174	245	251	301	347	367	680	#
829	0.515832	39	468	681	#
830	0.515832	39	209	314	413	444	681	#
831	0.515832	39	156	157	314	413	444	681	#
832	0.515832	40	50	468	681	#
833	0.515832	39	157	203	204	213	383	681	#
834	1.01957	0	196	252	452	480	682	#
835	1.01957	0	200	201	260	452	480	682	#
836	1.01957	0	94	95	252	452	480	682	#
837	1.01957	1	24	196	252	452	480	682	#
838	1.01957	0	196	220	252	303	480	682	#
839	0.977656	125	174	227	242	278	288	683	#
840	0.977656	58	59	125	174	242	278	288	683	#
841	0.977656	124	174	227	242	256	278	288	683	#
842	0.977656	125	174	227	232	233	278	288	683	#
843	0.977656	58	59	124	174	242	256	278	288	683	#
844	0.22312	37	70	71	101	#
845	0.465928	110	423	484	684	#
846	0.465928	111	217	423	484	684	#
847	0.465928	53	54	423	484	684	#
848	0.465928	134	217	427	684	#
849	0.465928	110	111	134	427	684	#
850	0.790302	33	108	409	492	685	#
851	0.790302	32	107	108	409	492	685	#
852	0.790302	32	34	35	108	409	492	685	#
853	0.790302	33	109	240	409	492	685	#
854	0.863241	54	476	484	686	#
855	0.863241	53	110	476	484	686	#
856	0.863241	53	111	217	476	484	686	#
857	1.1397	348	687	#
858	1.1397	86	141	242	243	358	687	#
859	1.1397	86	96	97	242	247	358	687	#
860	1.1397	86	142	186	242	243	358	687	#
861	1.1397	85	86	133	134	135	141	218	233	243	313	687	#
862	0.0612961	109	119	#
863	0.351662	175	345	688	#
864	0.351662	35	397	688	#
865	0.351662	34	107	397	688	#
866	0.351662	32	33	34	397	688	#
867	0.356226	37	70	71	101	177	178	689	#
868	0.356226	36	57	70	71	101	177	178	689	#
869	0.446689	156	217	307	690	#
870	0.446689	110	111	156	307	690	#
871	0.446689	53	54	111	156	307	690	#
872	1.20302	207	453	460	691	#
873	1.20302	48	312	335	453	691	#
874	1.20302	48	224	453	460	691	#
875	0.438355	86	96	499	692	#
876	0.438355	96	119	182	243	472	692	#
877	0.438355	96	119	181	240	243	472	692	#
878	0.438355	97	119	182	248	472	692	#
879	0.438355	97	119	181	240	248	472	692	#
880	0.646337	218	315	#
881	0.765925	74	131	248	371	378	693	#
882	0.765925	74	130	142	248	371	378	693	#
883	0.765925	74	130	186	247	371	378	693	#
884	0.765925	74	131	141	247	371	378	693	#
885	0.824158	5	273	310	694	#
886	0.824158	5	109	159	160	199	273	454	694	#
887	0.824158	5	78	109	159	160	198	273	454	694	#
888	0.824158	5	108	159	160	199	240	273	454	694	#
889	0.824158	5	78	108	159	160	198	240	273	454	694	#
890	0.552397	21	68	92	498	695	#
891	0.552397	20	21	68	92	326	695	#
892	0.191971	110	163	484	#
893	0.915064	2	8	12	431	475	696	#
894	0.915064	68	123	294	379	696	#
895	0.915064	3	8	12	114	431	475	696	#
896	0.915064	2	68	122	294	379	696	#
897	0.915064	2	8	13	172	431	475	696	#
898	0.864477	13	324	431	697	#
899	0.864477	12	172	324	431	697	#
900	0.864477	13	231	455	697	#
901	0.864477	12	172	231	455	697	#
902	0.864477	85	323	423	484	499	697	#
903	0.618856	30	81	439	698	#
904	0.618856	81	104	120	121	190	443	698	#
905	0.618856	81	103	120	121	190	251	443	698	#
906	0.618856	82	104	120	121	246	443	698	#
907	0.618856	81	104	120	121	189	246	443	698	#
908	0.532216	112	113	395	699	#
909	0.532216	112	128	129	395	699	#
910	0.532216	112	113	301	330	699	#
911	0.42535	95	423	700	#
912	0.42535	94	196	423	700	#
913	0.42535	94	200	201	229	423	700	#
914	0.42535	163	164	196	423	700	#
915	0.42535	94	200	201	252	260	423	700	#
916	0.721983	222	299	328	701	#
917	0.721983	109	118	119	221	309	454	701	#
918	0.721983	108	118	119	221	240	309	454	701	#
919	0.721983	1	14	49	118	119	182	231	430	488	701	#
920	0.721983	1	109	118	119	220	309	454	701	#
921	0.913409	233	258	313	702	#
922	0.913409	232	242	258	313	702	#
923	1.07454	89	127	497	703	#
924	1.07454	9	25	126	183	191	255	412	471	703	#
925	1.07454	9	25	43	44	126	191	255	412	471	703	#
926	1.07454	8	9	25	115	126	183	255	412	471	703	#
927	1.07454	8	9	25	43	44	115	126	255	412	471	703	#
928	0.239811	196	252	474	704	#
929	0.239811	94	282	484	704	#
930	0.985169	14	49	215	244	245	259	340	488	705	#
931	0.985169	15	49	197	215	244	245	259	340	488	705	#
932	0.985169	4	14	49	137	215	244	245	340	488	705	#
933	0.985169	3	14	49	216	244	245	259	340	488	705	#
934	0.985169	48	137	241	404	488	705	#
935	1.02119	36	273	434	706	#
936	1.02119	36	70	71	101	159	273	359	706	#
937	1.02119	36	70	71	101	177	178	273	310	706	#
938	1.02119	5	215	340	456	706	#
939	1.02119	37	57	273	434	706	#
940	0.0753006	10	138	#
941	1.00776	118	119	165	240	300	707	#
942	1.00776	108	109	118	119	165	300	707	#
943	1.00776	160	165	237	240	300	707	#
944	1.00776	108	109	160	165	237	300	707	#
945	1.00776	85	181	367	423	484	499	707	#
946	0.857843	54	476	708	#
947	0.857843	53	110	476	708	#
948	0.857843	53	111	217	476	708	#
949	0.857843	110	112	113	242	278	330	708	#
950	0.857843	111	112	113	217	242	278	330	708	#
951	0.941914	173	242	292	417	709	#
952	0.941914	72	192	242	292	417	709	#
953	0.941914	173	232	233	292	417	709	#
954	0.941914	72	192	232	233	292	417	709	#
955	0.941914	41	83	161	162	227	296	354	709	#
956	0.870249	34	112	113	169	170	174	185	288	389	710	#
957	0.870249	34	112	129	165	166	169	170	174	185	234	389	710	#
958	0.870249	34	112	113	128	165	166	169	170	174	185	234	389	710	#
959	0.870249	41	111	174	362	367	710	#
960	0.870249	41	110	174	217	362	367	710	#
961	0.112468	183	226	711	#
962	0.112468	43	44	226	711	#
963	0.721954	194	405	421	712	#
964	0.721954	206	225	421	712	#
965	0.721954	41	42	225	421	712	#
966	0.721954	194	195	206	421	712	#
967	0.721954	41	42	194	195	421	712	#
968	0.965514	68	379	390	713	#
969	0.965514	69	105	379	390	713	#
970	0.965514	261	262	379	390	713	#
971	0.965514	29	31	104	120	156	331	363	443	713	#
972	0.965514	38	239	249	363	420	713	#
973	0.0488226	42	#
974	0.520166	163	484	367	165	166	#
975	0.561685	197	322	71	70	101	151	#
976	0.72559	336	143	714	#
977	0.72559	198	291	714	#
978	0.93151	150	230	206	389	34	170	169	185	112	129	234	715	#
979	0.93151	150	230	42	41	389	34	170	169	185	112	129	234	715	#
980	0.93151	150	230	206	389	34	170	169	185	112	113	128	234	715	#
981	0.93151	150	230	42	41	389	34	170	169	185	112	113	128	234	715	#
982	0.93151	150	230	206	389	107	35	170	169	185	112	129	234	715	#
983	0.387764	178	177	71	70	101	37	716	#
984	0.387764	178	177	71	70	101	36	57	716	#
985	1.01934	116	435	52	68	379	122	#
986	0.747062	236	22	485	7	6	717	#
987	0.747062	235	23	485	7	6	717	#
988	0.747062	235	238	22	485	7	6	717	#
989	0.747062	236	22	485	98	78	717	#
990	0.747062	235	23	485	98	78	717	#
991	0.824284	110	484	94	394	4	718	#
992	0.824284	217	111	484	94	394	4	718	#
993	0.824284	53	54	484	94	394	4	718	#
994	0.824284	110	484	95	196	394	4	718	#
995	0.824284	110	484	94	394	137	259	718	#
996	1.05712	174	367	484	306	76	453	719	#
997	1.05712	125	283	95	306	76	453	719	#
998	1.05712	125	283	196	94	306	76	453	719	#
999	1.05712	174	311	139	138	171	461	99	76	453	719	#
1000	1.05712	174	311	139	138	10	11	461	99	76	453	719	#
