%% File generated by CATS v.2.1Wed Jun 29 16:15:15 2011

%% The CATS webpage is http://robotics.stanford.edu/CATS

%% PARAMETER SETTINGS:
% Goods: 50; Bids: 400; Distribution: paths; Runs: 1; Seed: 1309382032
% Paths Distribution Parameters:
% Initial connections:       = 2
% Edge density:              = 3.000000
% Shipping cost factor:      = 1.500000
% Max bid set size:          = 5
% Building penalty:          = 1.700000



goods 50
bids 403
dummy 169

0	1.0948	6	36	50	#
1	1.0948	12	46	50	#
2	1.0948	6	20	22	48	50	#
3	0.415312	19	23	51	#
4	0.415312	8	9	19	51	#
5	0.415312	10	11	23	51	#
6	0.415312	8	9	10	11	51	#
7	0.72682	8	42	#
8	0.692736	23	26	52	#
9	0.692736	8	9	26	52	#
10	0.423933	20	22	#
11	0.212655	11	53	#
12	0.212655	10	19	53	#
13	0.555274	8	26	#
14	0.737515	37	54	#
15	0.737515	18	34	54	#
16	1.04111	6	16	47	55	#
17	1.04111	6	13	22	48	55	#
18	0.632734	15	17	#
19	0.315404	21	#
20	1.04978	39	56	#
21	1.04978	4	15	38	56	#
22	1.04978	15	30	40	56	#
23	1.04978	4	15	21	40	56	#
24	0.90651	45	57	#
25	0.90651	18	28	57	#
26	0.90651	7	15	28	57	#
27	0.90651	5	15	40	57	#
28	0.90651	0	37	57	#
29	0.289211	22	#
30	1.24465	24	58	#
31	1.24465	25	32	58	#
32	1.24465	8	26	31	58	#
33	1.24465	0	1	2	5	21	22	58	#
34	1.24465	3	41	58	#
35	0.439943	35	#
36	0.294737	6	#
37	0.542354	8	27	#
38	0.897986	0	43	59	#
39	0.897986	16	28	59	#
40	0.897986	0	16	34	59	#
41	0.220862	19	60	#
42	0.220862	10	11	60	#
43	0.585351	35	61	#
44	0.585351	20	25	61	#
45	0.430496	10	35	#
46	0.998575	19	23	29	62	#
47	0.998575	8	9	19	29	62	#
48	0.998575	10	11	23	29	62	#
49	0.998575	8	9	10	11	29	62	#
50	0.998575	2	32	62	#
51	0.748039	19	35	63	#
52	0.748039	10	11	35	63	#
53	0.748039	19	20	25	63	#
54	0.600499	15	17	#
55	1.29684	7	33	64	#
56	1.29684	7	27	34	64	#
57	1.29684	29	38	64	#
58	1.29684	15	18	33	64	#
59	1.29684	0	7	27	28	64	#
60	0.799885	36	65	#
61	0.799885	20	22	48	65	#
62	0.499626	26	#
63	0.998575	19	23	29	66	#
64	0.998575	8	9	19	29	66	#
65	0.998575	10	11	23	29	66	#
66	0.998575	8	9	10	11	29	66	#
67	0.998575	2	32	66	#
68	0.995833	46	67	#
69	0.995833	0	1	5	20	22	67	#
70	0.733311	13	25	68	#
71	0.733311	10	44	68	#
72	0.733311	14	35	68	#
73	0.733311	13	20	35	68	#
74	0.897554	7	48	69	#
75	0.897554	1	7	34	69	#
76	0.897554	15	18	48	69	#
77	1.28618	7	10	49	#
78	0.672193	22	48	#
79	0.855067	1	0	5	21	#
80	0.851146	2	21	12	#
81	0.670617	1	22	20	#
82	0.763286	45	#
83	0.960189	13	31	8	70	#
84	0.960189	44	11	23	70	#
85	0.960189	44	11	9	8	70	#
86	0.960189	13	25	19	23	70	#
87	0.960189	13	25	19	9	8	70	#
88	0.992121	42	71	#
89	0.992121	26	3	71	#
90	0.992121	29	4	71	#
91	0.992121	26	2	4	71	#
92	0.328553	7	#
93	0.470181	27	#
94	0.464497	20	22	#
95	0.241143	1	#
96	0.376519	12	#
97	1.26509	18	49	72	#
98	1.26509	15	7	49	72	#
99	1.08744	10	32	3	73	#
100	1.08744	11	23	42	73	#
101	1.08744	11	9	8	42	73	#
102	1.08744	11	23	26	3	73	#
103	1.08744	11	9	8	26	3	73	#
104	1.23425	24	20	74	#
105	1.23425	32	35	74	#
106	1.23425	2	21	46	74	#
107	1.23425	26	23	19	35	74	#
108	1.23425	26	8	9	19	35	74	#
109	1.29224	13	22	1	0	5	21	75	#
110	1.29224	14	46	21	75	#
111	1.29224	13	20	46	21	75	#
112	1.29224	13	41	4	75	#
113	1.29224	14	20	22	1	0	5	21	75	#
114	1.3367	49	7	76	#
115	1.3367	49	18	15	76	#
116	1.3367	25	13	47	17	76	#
117	1.3367	10	44	47	17	76	#
118	1.3367	25	22	48	7	76	#
119	0.700323	16	6	#
120	0.707282	40	#
121	0.318625	5	0	#
122	0.501355	12	5	#
123	1.36079	7	49	10	77	#
124	1.36079	15	18	49	10	77	#
125	1.36079	17	47	44	77	#
126	1.36079	17	47	13	25	10	77	#
127	1.36079	7	48	22	25	10	77	#
128	0.555517	47	#
129	1.45922	18	49	10	78	#
130	1.45922	15	7	49	10	78	#
131	1.45922	15	17	47	44	78	#
132	1.45922	15	17	47	13	25	10	78	#
133	1.45922	18	48	22	25	10	78	#
134	0.249866	22	#
135	0.462708	47	#
136	1.43833	49	18	79	#
137	1.43833	49	7	15	79	#
138	1.43833	25	13	47	17	15	79	#
139	1.43833	25	22	48	18	79	#
140	1.43833	10	44	47	17	15	79	#
141	0.297807	3	#
142	0.21272	19	80	#
143	0.21272	11	10	80	#
144	0.619881	25	13	81	#
145	0.619881	10	44	81	#
146	0.619881	35	14	81	#
147	0.938565	37	82	#
148	0.938565	34	18	82	#
149	0.938565	34	7	15	82	#
150	0.938565	0	45	82	#
151	0.938565	0	28	18	82	#
152	0.594671	26	#
153	0.998575	29	23	19	83	#
154	0.998575	29	8	9	19	83	#
155	0.998575	29	23	11	10	83	#
156	0.998575	29	8	9	11	10	83	#
157	0.998575	2	32	83	#
158	1.00212	46	84	#
159	1.00212	20	22	1	0	5	84	#
160	0.938565	37	85	#
161	0.938565	18	34	85	#
162	0.938565	15	7	34	85	#
163	0.938565	45	0	85	#
164	0.938565	18	28	0	85	#
165	1.0143	14	47	17	86	#
166	1.0143	36	7	86	#
167	1.0143	20	13	47	17	86	#
168	0.946305	8	42	87	#
169	0.946305	8	26	3	87	#
170	0.946305	8	29	4	87	#
171	0.946305	8	26	2	4	87	#
172	1.16985	15	17	47	13	88	#
173	1.16985	18	48	22	88	#
174	1.16985	15	7	48	22	88	#
175	1.16985	37	1	22	88	#
176	1.16985	18	34	1	22	88	#
177	0.188196	9	#
178	0.632873	10	25	89	#
179	0.632873	10	35	20	89	#
180	0.382016	30	90	#
181	0.382016	4	21	90	#
182	0.388719	11	9	91	#
183	0.388719	10	19	9	91	#
184	1.00764	39	92	#
185	1.00764	4	38	15	92	#
186	1.00764	30	40	15	92	#
187	1.00764	4	21	40	15	92	#
188	0.747112	38	#
189	0.870204	47	17	#
190	0.276588	23	93	#
191	0.276588	9	8	93	#
192	0.389645	22	13	#
193	0.865589	36	94	#
194	0.865589	48	22	20	94	#
195	0.659963	29	#
196	0.977466	25	13	47	95	#
197	0.977466	10	44	47	95	#
198	0.213229	19	96	#
199	0.213229	11	10	96	#
200	0.576501	6	18	#
201	0.465911	11	23	97	#
202	0.465911	11	9	8	97	#
203	0.465911	10	19	23	97	#
204	0.465911	10	19	9	8	97	#
205	0.152865	20	#
206	0.868175	35	19	23	98	#
207	0.868175	35	19	9	8	98	#
208	0.868175	35	10	11	23	98	#
209	0.868175	35	10	11	9	8	98	#
210	0.868175	20	31	8	98	#
211	1.31276	13	24	99	#
212	1.31276	14	20	24	99	#
213	1.31276	13	25	32	99	#
214	1.31276	13	31	8	26	99	#
215	1.31276	44	10	32	99	#
216	1.14656	33	8	100	#
217	1.14656	34	27	8	100	#
218	1.14656	28	0	27	8	100	#
219	1.14656	49	19	9	100	#
220	1.14656	49	10	11	9	100	#
221	0.702411	29	8	#
222	0.129563	15	#
223	0.89145	13	47	17	#
224	0.899289	21	5	0	1	#
225	0.537962	1	0	#
226	0.336388	3	#
227	0.480694	30	101	#
228	0.480694	21	4	101	#
229	0.271016	3	#
230	0.811813	29	102	#
231	0.811813	26	2	102	#
232	0.811813	42	4	102	#
233	1.00299	19	49	103	#
234	1.00299	11	10	49	103	#
235	0.868175	23	19	35	104	#
236	0.868175	8	9	19	35	104	#
237	0.868175	23	11	10	35	104	#
238	0.868175	8	9	11	10	35	104	#
239	0.868175	8	31	20	104	#
240	0.403402	13	22	#
241	0.92012	13	31	105	#
242	0.92012	44	11	9	105	#
243	0.92012	13	25	19	9	105	#
244	0.92012	13	25	10	11	9	105	#
245	0.848254	8	31	106	#
246	0.848254	23	19	25	106	#
247	0.848254	8	9	19	25	106	#
248	0.848254	23	11	10	25	106	#
249	0.848254	8	9	11	10	25	106	#
250	0.225648	9	#
251	0.770076	42	107	#
252	0.770076	26	3	107	#
253	0.770076	29	4	107	#
254	0.685661	8	26	#
255	0.57555	5	30	108	#
256	0.57555	5	21	4	108	#
257	0.49999	25	#
258	0.479784	34	#
259	0.96433	33	109	#
260	0.96433	34	27	109	#
261	1.11866	10	49	6	#
262	0.220945	0	#
263	0.746406	1	22	13	#
264	0.762708	29	110	#
265	0.762708	2	26	110	#
266	0.779169	43	111	#
267	0.779169	34	16	111	#
268	0.499843	26	8	#
269	0.431685	22	13	#
270	1.3367	7	49	112	#
271	1.3367	15	18	49	112	#
272	1.3367	17	47	13	25	112	#
273	1.3367	17	47	44	10	112	#
274	1.3367	7	48	22	25	112	#
275	0.912758	0	43	113	#
276	0.912758	28	16	113	#
277	0.912758	0	34	16	113	#
278	0.823602	47	16	114	#
279	0.823602	13	22	48	114	#
280	0.904652	7	48	115	#
281	0.904652	7	34	1	115	#
282	0.904652	15	18	48	115	#
283	1.1064	13	22	1	0	5	21	#
284	0.155675	13	#
285	1.11585	25	13	47	116	#
286	1.11585	10	44	47	116	#
287	1.11585	35	14	47	116	#
288	1.11585	35	20	13	47	116	#
289	1.11585	49	16	116	#
290	0.479289	17	15	#
291	0.50175	30	117	#
292	0.50175	21	4	117	#
293	0.849812	48	7	#
294	1.03626	13	47	17	118	#
295	1.03626	22	48	7	118	#
296	0.591247	17	15	#
297	0.773868	0	1	22	#
298	0.879683	1	0	5	21	#
299	1.3367	7	49	119	#
300	1.3367	15	18	49	119	#
301	1.3367	17	47	13	25	119	#
302	1.3367	17	47	44	10	119	#
303	1.3367	7	48	22	25	119	#
304	0.256764	9	#
305	0.495583	30	120	#
306	0.495583	4	21	120	#
307	1.216	21	46	121	#
308	1.216	21	5	0	1	22	20	121	#
309	1.216	4	30	46	121	#
310	0.293763	14	122	#
311	0.293763	20	13	122	#
312	0.6593	8	26	#
313	0.641119	26	#
314	0.371769	19	9	123	#
315	0.371769	10	11	9	123	#
316	0.444247	13	22	#
317	1.17483	10	49	6	#
318	1.3367	7	49	124	#
319	1.3367	15	18	49	124	#
320	1.3367	17	47	13	25	124	#
321	1.3367	17	47	44	10	124	#
322	1.3367	7	48	22	25	124	#
323	1.15967	13	41	#
324	0.593222	21	5	0	#
325	0.524619	35	#
326	0.547081	35	#
327	0.765568	36	#
328	0.677165	27	#
329	0.820101	42	125	#
330	0.820101	26	3	125	#
331	0.820101	29	4	125	#
332	0.161044	20	#
333	0.604842	0	5	12	#
334	0.73006	30	5	0	126	#
335	0.73006	4	21	5	0	126	#
336	0.466257	18	127	#
337	0.466257	7	15	127	#
338	0.574585	44	#
339	1.07912	3	32	10	128	#
340	1.07912	42	23	11	128	#
341	1.07912	42	8	9	11	128	#
342	0.948836	42	23	129	#
343	0.948836	42	8	9	129	#
344	0.948836	3	26	23	129	#
345	0.948836	3	26	8	9	129	#
346	0.948836	4	29	23	129	#
347	0.596032	1	22	13	#
348	0.394421	11	9	130	#
349	0.394421	10	19	9	130	#
350	1.32466	7	49	10	131	#
351	1.32466	15	18	49	10	131	#
352	1.32466	17	47	44	131	#
353	0.955738	36	132	#
354	0.955738	20	22	48	132	#
355	0.955738	14	47	16	132	#
356	0.955738	20	22	1	34	132	#
357	0.736572	8	29	#
358	1.03127	6	48	22	#
359	0.185667	20	#
360	1.17498	15	38	2	133	#
361	1.17498	39	3	133	#
362	1.17498	15	40	21	2	133	#
363	1.17498	39	4	2	133	#
364	1.17498	15	38	4	3	133	#
365	0.0699974	8	#
366	0.938565	37	134	#
367	0.938565	18	34	134	#
368	0.938565	15	7	34	134	#
369	0.938565	45	0	134	#
370	0.938565	18	28	0	134	#
371	0.943426	36	135	#
372	0.943426	48	22	20	135	#
373	0.943426	16	47	14	135	#
374	0.387127	1	0	#
375	0.569424	1	0	#
376	0.43637	20	22	#
377	0.778001	8	31	#
378	0.857518	8	42	136	#
379	0.857518	8	26	3	136	#
380	0.857518	8	29	4	136	#
381	0.884286	1	0	5	21	#
382	0.414576	12	#
383	0.656966	40	#
384	0.0287749	10	#
385	0.270887	23	137	#
386	0.270887	9	8	137	#
387	0.584765	2	21	#
388	0.464221	22	1	#
389	0.667288	22	48	#
390	0.47946	47	#
391	0.207368	11	138	#
392	0.207368	19	10	138	#
393	1.20787	33	18	139	#
394	1.20787	33	7	15	139	#
395	1.20787	27	37	139	#
396	1.20787	27	34	18	139	#
397	1.20787	27	34	7	15	139	#
398	1.19306	41	140	#
399	1.19306	22	1	0	5	30	140	#
400	1.19306	22	1	0	5	21	4	140	#
401	1.19306	20	46	30	140	#
402	1.19306	20	46	21	4	140	#
