%% File generated by CATS v.2.1Mon Jul  4 11:06:49 2011

%% The CATS webpage is http://robotics.stanford.edu/CATS

%% PARAMETER SETTINGS:
% Goods: 512; Bids: 2000; Distribution: paths; Runs: 1; Seed: 1309806546
% Paths Distribution Parameters:
% Initial connections:       = 2
% Edge density:              = 3.000000
% Shipping cost factor:      = 1.500000
% Max bid set size:          = 5
% Building penalty:          = 1.700000



goods 512
bids 2000
dummy 917

0	0.621237	190	373	512	#
1	0.621237	190	229	258	497	512	#
2	0.621237	53	108	373	512	#
3	0.621237	53	108	229	258	497	512	#
4	0.621237	183	190	229	257	497	512	#
5	0.826193	115	321	513	#
6	0.826193	175	176	195	509	513	#
7	0.826193	175	176	182	183	509	513	#
8	0.826193	58	106	175	176	195	253	310	513	#
9	0.826193	183	226	327	509	513	#
10	0.568427	26	199	212	231	232	240	392	514	#
11	0.568427	26	85	86	199	231	232	240	392	514	#
12	0.902919	1	23	83	84	88	148	200	223	479	515	#
13	0.902919	1	23	84	223	279	365	372	515	#
14	0.902919	1	23	83	84	88	118	119	148	200	479	515	#
15	0.902919	1	23	84	118	119	279	365	372	515	#
16	0.902919	1	22	83	84	88	148	151	200	223	479	515	#
17	1.23437	139	140	254	312	416	516	#
18	1.23437	92	139	140	205	312	416	516	#
19	1.23437	15	139	140	194	205	287	301	312	356	516	#
20	1.23437	64	224	254	312	416	516	#
21	1.23437	64	92	205	224	312	416	516	#
22	1.02905	46	149	150	167	202	372	447	517	#
23	1.02905	17	46	149	150	166	202	372	447	517	#
24	1.02905	221	386	517	#
25	1.02905	71	73	149	150	167	201	202	422	517	#
26	1.02905	17	71	73	149	150	166	201	202	422	517	#
27	0.731089	9	41	42	47	88	266	518	#
28	0.731089	8	24	41	42	47	88	266	518	#
29	0.731089	9	12	42	47	88	266	302	518	#
30	0.731089	8	41	42	47	83	246	247	266	518	#
31	0.731089	8	12	24	42	47	88	266	302	518	#
32	0.933704	199	279	508	519	#
33	0.933704	15	16	199	200	508	519	#
34	0.933704	16	25	199	392	508	519	#
35	0.933704	26	199	206	231	232	240	392	429	519	#
36	0.933704	212	214	242	483	485	519	#
37	0.688611	32	36	106	107	111	259	493	520	#
38	0.688611	31	36	55	106	107	111	259	493	520	#
39	0.688611	32	35	106	107	111	245	259	493	520	#
40	0.688611	31	35	55	106	107	111	245	259	493	520	#
41	0.688611	36	106	107	112	362	520	#
42	0.578911	82	299	#
43	0.956877	242	408	521	#
44	0.956877	15	16	37	38	45	125	143	242	272	521	#
45	0.956877	15	16	37	38	46	87	125	143	242	272	521	#
46	0.956877	11	38	242	347	474	521	#
47	0.956877	15	16	37	38	45	126	143	242	244	272	521	#
48	0.629654	4	144	213	241	360	522	#
49	0.629654	91	215	364	482	522	#
50	0.629654	4	91	144	198	241	360	522	#
51	0.629654	4	6	213	215	296	364	522	#
52	0.629654	4	6	91	198	215	296	364	522	#
53	0.949312	6	32	106	107	111	121	245	259	350	358	493	523	#
54	0.949312	6	31	55	106	107	111	121	245	259	350	358	493	523	#
55	0.949312	6	32	106	107	111	157	158	245	259	350	358	493	523	#
56	0.949312	6	32	79	80	106	107	111	121	179	245	259	350	493	523	#
57	0.949312	6	31	55	106	107	111	157	158	245	259	350	358	493	523	#
58	1.02845	195	395	504	524	#
59	1.02845	182	183	395	504	524	#
60	1.02845	82	182	257	384	524	#
61	1.02845	81	175	176	208	384	524	#
62	1.02845	47	48	49	112	176	242	245	286	371	483	524	#
63	0.924856	77	78	403	525	#
64	0.924856	101	122	403	525	#
65	0.924856	2	3	101	403	525	#
66	0.924856	74	77	78	218	331	340	525	#
67	0.924856	73	77	78	169	217	331	439	525	#
68	0.463343	79	179	338	#
69	0.666686	10	17	121	424	#
70	0.0577723	231	#
71	0.491581	9	57	110	148	437	526	#
72	0.491581	57	109	253	341	526	#
73	0.491581	9	52	57	110	147	437	526	#
74	0.491581	8	24	57	110	148	437	526	#
75	0.491581	8	24	52	57	110	147	437	526	#
76	0.644804	14	16	25	26	202	372	527	#
77	0.644804	13	16	25	26	72	202	372	527	#
78	0.892649	2	357	#
79	0.707594	220	264	466	#
80	0.698528	79	80	93	335	528	#
81	0.698528	79	80	197	257	291	528	#
82	0.554464	374	529	#
83	0.554464	162	163	283	529	#
84	0.554464	162	194	196	283	529	#
85	0.212397	155	234	445	530	#
86	0.212397	0	1	155	445	530	#
87	1.13524	43	96	385	531	#
88	1.13524	44	69	73	149	150	184	201	202	422	531	#
89	1.13524	44	46	69	70	149	150	202	372	447	531	#
90	1.13524	44	68	73	120	149	150	184	201	202	422	531	#
91	1.13524	44	46	68	70	120	149	150	202	372	447	531	#
92	0.318445	5	101	292	#
93	0.27249	65	86	97	98	156	214	532	#
94	0.27249	65	86	97	98	174	214	225	532	#
95	0.27249	65	85	97	98	156	212	214	532	#
96	0.805949	115	226	321	533	#
97	0.805949	183	327	509	533	#
98	0.805949	115	207	208	321	533	#
99	0.805949	175	176	195	226	509	533	#
100	0.0530409	211	#
101	1.00583	95	256	268	349	534	#
102	1.00583	95	135	153	268	349	534	#
103	1.00583	97	237	238	432	481	534	#
104	1.00583	156	175	226	371	432	481	534	#
105	1.00583	86	95	156	214	256	273	349	481	534	#
106	0.245239	64	332	#
107	1.10116	94	124	131	157	458	463	730	#
108	0.648094	229	249	258	297	535	#
109	0.648094	21	229	248	258	297	535	#
110	0.648094	183	229	249	257	297	535	#
111	0.648094	21	183	229	248	257	297	535	#
112	0.648094	182	230	249	257	297	535	#
113	0.68346	109	115	192	280	341	536	#
114	0.68346	109	115	160	161	280	341	536	#
115	0.675192	45	173	508	#
116	1.05364	74	184	340	422	537	#
117	1.05364	70	71	74	340	422	537	#
118	1.05921	18	57	58	203	259	289	496	538	#
119	1.05921	57	58	203	259	282	312	496	538	#
120	1.05921	19	149	171	185	203	209	505	538	#
121	1.05921	18	56	149	171	185	203	209	505	538	#
122	1.05921	58	91	130	203	254	259	312	322	496	538	#
123	0.948506	97	125	272	412	539	#
124	0.948506	97	225	242	243	408	539	#
125	0.948506	97	156	242	408	483	539	#
126	0.948506	97	156	174	242	243	408	539	#
127	0.948506	97	127	156	214	427	539	#
128	0.450276	33	47	460	540	#
129	0.450276	34	47	48	487	540	#
130	0.450276	33	47	190	409	540	#
131	0.450276	33	47	53	108	409	540	#
132	0.956788	278	282	541	#
133	0.956788	91	129	254	278	322	541	#
134	0.956788	91	92	129	205	278	322	541	#
135	0.956788	205	233	402	433	541	#
136	0.956788	187	188	205	402	433	541	#
137	0.774242	174	212	214	316	542	#
138	0.774242	20	115	174	212	214	275	276	542	#
139	0.774242	85	86	174	214	316	542	#
140	0.774242	20	85	86	115	174	214	275	276	542	#
141	0.774242	58	106	116	378	542	#
142	1.08998	107	170	225	318	378	543	#
143	1.08998	107	156	170	174	318	378	543	#
144	1.08998	37	38	170	225	242	243	475	543	#
145	1.08998	37	38	156	170	242	475	483	543	#
146	1.08998	37	38	156	170	174	242	243	475	543	#
147	0.406444	6	55	80	106	107	259	350	#
148	0.789685	83	88	148	200	479	544	#
149	0.789685	279	365	372	544	#
150	0.789685	52	83	88	147	200	479	544	#
151	0.789685	15	16	200	365	372	544	#
152	0.789685	83	88	201	279	372	423	544	#
153	0.462307	58	106	220	336	545	#
154	0.462307	7	130	219	220	239	350	545	#
155	0.462307	7	58	106	107	219	220	350	545	#
156	0.462307	7	57	129	219	220	239	350	545	#
157	0.462307	6	130	219	220	239	250	350	545	#
158	0.924448	75	236	307	546	#
159	0.924448	93	137	383	394	463	546	#
160	0.924448	76	235	307	546	#
161	0.924448	75	136	235	307	546	#
162	0.924448	94	137	179	383	394	463	546	#
163	0.141159	106	107	#
164	0.888015	32	58	130	213	259	322	493	547	#
165	0.888015	31	55	58	130	213	259	322	493	547	#
166	0.888015	32	58	91	130	198	259	322	493	547	#
167	0.888015	31	55	58	91	130	198	259	322	493	547	#
168	0.888015	32	57	58	129	213	259	322	493	547	#
169	0.508071	79	179	338	#
170	0.72331	107	350	430	548	#
171	0.72331	21	107	233	350	402	443	548	#
172	0.72331	21	107	187	188	350	402	443	548	#
173	0.72331	146	233	402	407	548	#
174	0.72331	33	34	211	233	295	439	548	#
175	0.886653	24	176	182	246	269	549	#
176	0.886653	8	42	86	214	246	285	371	549	#
177	0.67356	11	38	225	242	243	474	550	#
178	0.67356	11	38	156	242	474	483	550	#
179	0.67356	11	38	156	174	242	243	474	550	#
180	0.67356	11	38	174	225	242	474	483	550	#
181	0.67356	10	47	48	69	167	225	242	243	411	550	#
182	0.509652	32	106	111	259	493	551	#
183	0.509652	31	55	106	111	259	493	551	#
184	0.636747	12	38	225	242	243	474	552	#
185	0.636747	12	38	156	242	474	483	552	#
186	0.636747	12	38	156	174	242	243	474	552	#
187	0.636747	47	48	225	242	243	266	552	#
188	0.636747	47	48	156	242	266	483	552	#
189	0.538769	9	52	130	193	437	553	#
190	0.538769	8	24	52	130	193	437	553	#
191	0.538769	9	52	57	129	193	437	553	#
192	0.538769	9	130	147	148	193	437	553	#
193	0.538769	8	24	52	57	129	193	437	553	#
194	0.904348	20	138	201	419	466	494	554	#
195	0.904348	20	137	152	201	419	466	494	554	#
196	0.904348	33	34	152	169	190	201	211	406	554	#
197	0.904348	33	34	53	108	152	169	201	211	406	554	#
198	0.904348	21	138	201	336	443	466	494	554	#
199	0.447324	50	324	336	555	#
200	0.447324	50	67	220	336	555	#
201	0.447324	7	50	107	219	324	350	555	#
202	0.447324	7	50	67	107	219	220	350	555	#
203	0.447324	51	66	220	336	555	#
204	0.887594	149	170	505	556	#
205	0.887594	117	149	171	505	556	#
206	0.887594	21	107	170	201	202	318	443	494	556	#
207	0.887594	149	150	167	449	556	#
208	0.887594	17	149	150	166	449	556	#
209	0.885662	199	212	279	288	557	#
210	0.885662	85	86	199	279	288	557	#
211	0.885662	15	16	199	200	212	288	557	#
212	0.885662	15	16	85	86	199	200	288	557	#
213	0.885662	212	220	275	419	557	#
214	0.882055	108	221	303	558	#
215	0.882055	108	222	339	558	#
216	0.882055	53	190	221	303	558	#
217	0.882055	53	190	222	339	558	#
218	0.882055	71	108	222	303	558	#
219	0.602696	103	271	559	#
220	0.602696	2	271	489	559	#
221	0.602696	77	102	271	559	#
222	0.824892	57	361	560	#
223	0.824892	21	90	217	344	402	454	560	#
224	0.824892	90	187	218	278	344	560	#
225	0.824892	57	58	259	270	560	#
226	0.824892	90	217	233	278	344	560	#
227	1.2023	78	172	234	346	369	561	#
228	1.2023	0	1	78	172	346	369	561	#
229	1.2023	78	102	173	234	346	369	561	#
230	1.2023	0	1	78	102	173	346	369	561	#
231	1.2023	95	155	234	244	334	445	561	#
232	0.529494	213	473	562	#
233	0.529494	91	198	473	562	#
234	0.749739	237	238	432	#
235	0.275962	129	239	350	#
236	0.728845	9	110	148	251	280	437	563	#
237	0.728845	109	251	253	280	341	563	#
238	0.728845	9	52	110	147	251	280	437	563	#
239	0.728845	8	24	110	148	251	280	437	563	#
240	0.728845	8	24	52	110	147	251	280	437	563	#
241	0.754141	109	110	147	210	399	564	#
242	0.754141	17	110	147	426	446	564	#
243	0.754141	10	11	109	110	147	210	426	564	#
244	0.754141	110	147	166	167	426	446	564	#
245	0.754141	9	42	52	302	399	564	#
246	0.988543	20	21	85	273	275	454	565	#
247	0.988543	20	85	248	249	273	275	454	565	#
248	0.988543	20	21	57	58	85	106	273	275	443	565	#
249	0.988543	21	85	105	146	273	275	454	565	#
250	0.988543	20	21	86	212	273	275	454	565	#
251	1.23201	1	23	119	221	259	261	351	566	#
252	1.23201	1	22	119	151	221	259	261	351	566	#
253	1.23201	0	23	119	221	234	259	261	351	566	#
254	1.23201	1	23	118	221	223	259	261	351	566	#
255	1.23201	0	22	119	151	221	234	259	261	351	566	#
256	0.419168	6	157	239	350	358	567	#
257	0.419168	6	79	80	157	179	239	350	567	#
258	0.419168	6	121	158	239	350	358	567	#
259	0.672219	169	201	211	317	#
260	0.189467	122	145	568	#
261	0.189467	2	3	145	568	#
262	0.189467	5	122	144	568	#
263	1.02845	195	395	504	569	#
264	1.02845	182	183	395	504	569	#
265	1.02845	82	182	257	384	569	#
266	1.02845	81	175	176	208	384	569	#
267	1.02845	47	48	49	112	176	242	245	286	371	483	569	#
268	0.878067	185	202	366	372	570	#
269	0.878067	73	185	201	202	333	570	#
270	0.915029	4	5	77	122	172	442	571	#
271	0.915029	2	3	4	5	77	172	442	571	#
272	0.915029	4	5	103	122	173	442	571	#
273	0.915029	3	4	5	173	442	489	571	#
274	0.915029	2	3	4	5	103	173	442	571	#
275	0.8914	7	165	397	572	#
276	0.8914	7	142	164	397	572	#
277	0.8914	6	165	250	397	572	#
278	0.8914	6	142	164	250	397	572	#
279	0.8914	79	80	141	250	377	572	#
280	0.491335	10	120	167	405	573	#
281	0.491335	10	17	120	166	405	573	#
282	0.491335	10	68	69	167	405	573	#
283	0.491335	10	17	68	69	166	405	573	#
284	0.83761	90	217	276	344	402	574	#
285	0.83761	253	361	574	#
286	0.83761	90	188	218	276	344	402	574	#
287	0.83761	49	89	113	114	115	189	468	574	#
288	0.83761	115	116	361	574	#
289	0.409043	6	60	404	575	#
290	0.409043	228	358	434	575	#
291	0.409043	79	80	179	228	434	575	#
292	0.409043	6	227	228	404	575	#
293	0.409043	60	227	358	434	575	#
294	0.524723	52	452	576	#
295	0.524723	147	148	452	576	#
296	1.10745	277	384	577	#
297	1.10745	82	197	384	577	#
298	1.10745	197	258	395	504	577	#
299	1.10745	183	197	257	395	504	577	#
300	1.10745	81	197	311	384	577	#
301	1.03635	179	226	345	472	578	#
302	1.03635	172	207	284	311	578	#
303	1.03635	179	207	260	345	578	#
304	1.03635	179	207	208	345	472	578	#
305	1.03635	94	327	335	345	578	#
306	0.760918	48	354	358	579	#
307	0.760918	6	295	460	579	#
308	0.760918	48	79	80	179	354	579	#
309	0.760918	6	37	38	48	107	294	350	443	579	#
310	0.760918	6	190	295	409	579	#
311	0.266628	206	418	#
312	1.0652	122	156	214	357	580	#
313	1.0652	2	3	156	214	357	580	#
314	1.0652	122	174	214	225	357	580	#
315	1.0652	2	3	174	214	225	357	580	#
316	1.0652	45	77	122	172	412	508	580	#
317	0.199471	107	350	#
318	0.362255	6	80	130	239	350	581	#
319	0.362255	6	58	80	106	107	350	581	#
320	0.362255	6	57	80	129	239	350	581	#
321	0.755945	0	10	151	451	507	582	#
322	0.755945	0	10	17	151	451	495	582	#
323	0.654015	37	38	47	48	49	189	231	232	293	#
324	0.807558	104	204	217	488	583	#
325	0.807558	104	188	204	218	488	583	#
326	0.842322	223	275	313	584	#
327	0.842322	118	119	275	313	584	#
328	0.842322	41	85	285	379	584	#
329	0.842322	9	42	83	84	85	88	285	584	#
330	0.842322	8	24	42	83	84	85	88	285	584	#
331	0.0973491	220	#
332	0.922036	38	109	210	242	243	280	474	585	#
333	0.922036	38	109	174	210	242	280	474	483	585	#
334	0.922036	12	47	48	109	210	242	243	266	280	585	#
335	0.922036	47	48	69	166	242	243	280	411	446	585	#
336	0.922036	47	48	68	120	166	242	243	280	411	446	585	#
337	0.876258	47	48	49	121	141	142	354	586	#
338	0.876258	47	48	49	121	141	164	165	354	586	#
339	1.23123	435	475	587	#
340	1.23123	107	294	318	435	443	587	#
341	1.23123	62	97	98	107	225	318	378	587	#
342	1.23123	62	97	98	107	156	174	318	378	587	#
343	1.23123	37	38	62	97	98	225	242	243	475	587	#
344	0.766487	108	130	239	318	428	588	#
345	0.766487	58	106	107	108	318	428	588	#
346	0.766487	57	108	129	239	318	428	588	#
347	0.766487	56	57	108	171	289	428	588	#
348	0.766487	53	130	190	239	318	428	588	#
349	0.400156	233	402	589	#
350	0.400156	187	188	402	589	#
351	0.606889	85	199	200	256	273	590	#
352	0.606889	85	135	153	199	200	273	590	#
353	0.585601	75	97	156	175	371	390	591	#
354	0.585601	75	226	237	238	390	591	#
355	0.585601	86	97	136	156	214	256	273	591	#
356	0.585601	97	136	225	256	382	591	#
357	0.585601	97	136	156	174	256	382	591	#
358	0.881036	17	59	267	592	#
359	0.881036	17	228	424	434	592	#
360	0.881036	59	166	167	267	592	#
361	0.881036	17	60	227	424	434	592	#
362	0.881036	166	167	228	424	434	592	#
363	0.817231	49	89	113	114	189	420	593	#
364	0.817231	20	90	194	217	344	375	402	593	#
365	0.817231	20	90	188	194	218	344	375	402	593	#
366	0.817231	49	90	113	186	189	420	593	#
367	0.817231	20	90	187	194	218	233	344	375	402	593	#
368	0.592034	21	129	201	202	454	494	#
369	0.653953	355	594	#
370	0.653953	4	5	92	122	154	198	445	502	594	#
371	0.653953	4	5	91	92	122	154	213	445	502	594	#
372	0.653953	2	3	4	5	92	154	198	445	502	594	#
373	0.653953	2	3	4	5	91	92	154	213	445	502	594	#
374	0.925771	65	134	224	469	595	#
375	0.925771	59	65	133	224	469	595	#
376	0.925771	64	65	134	139	140	469	595	#
377	0.925771	59	64	65	133	139	140	469	595	#
378	0.925771	65	97	98	134	156	176	224	230	371	467	595	#
379	0.547118	60	106	107	350	404	#
380	0.567926	34	225	242	243	487	596	#
381	0.567926	34	156	242	483	487	596	#
382	0.567926	34	156	174	242	243	487	596	#
383	0.567926	34	174	225	242	483	487	596	#
384	0.810496	24	61	64	511	#
385	0.683219	47	48	49	113	176	182	186	189	242	371	483	597	#
386	0.683219	47	48	49	113	174	176	182	186	189	242	243	371	597	#
387	0.683219	38	47	48	49	113	186	189	441	597	#
388	0.683219	47	48	49	113	176	183	186	189	195	242	371	483	597	#
389	0.683219	47	48	49	113	174	176	183	186	189	195	242	243	371	597	#
390	0.796797	302	337	598	#
391	0.796797	12	41	337	598	#
392	0.796797	106	107	259	296	308	350	598	#
393	0.796797	4	58	130	213	259	308	322	598	#
394	0.796797	4	58	91	130	198	259	308	322	598	#
395	0.114716	6	79	80	#
396	0.686402	46	76	366	599	#
397	0.686402	46	75	136	366	599	#
398	0.686402	46	85	199	256	273	279	599	#
399	0.686402	46	85	135	153	199	273	279	599	#
400	0.686402	45	76	87	366	599	#
401	0.756349	76	383	463	600	#
402	0.756349	75	136	383	463	600	#
403	0.756349	75	235	236	383	463	600	#
404	0.596615	197	283	#
405	0.824686	228	320	601	#
406	0.824686	79	128	179	352	434	601	#
407	0.824686	79	125	127	179	352	434	601	#
408	0.824686	60	227	320	601	#
409	0.824686	79	126	179	352	414	434	601	#
410	1.11341	456	483	602	#
411	1.11341	174	243	456	602	#
412	1.11341	19	107	171	174	318	378	602	#
413	1.11341	18	56	107	171	174	318	378	602	#
414	1.11341	19	107	117	170	174	318	378	602	#
415	0.723593	18	312	506	603	#
416	0.723593	56	216	453	603	#
417	0.723593	19	56	312	506	603	#
418	0.723593	4	18	144	198	254	312	360	603	#
419	0.723593	56	215	241	453	603	#
420	0.595597	15	37	38	143	287	604	#
421	0.595597	20	21	37	38	294	375	604	#
422	0.595597	37	38	162	163	206	231	232	293	604	#
423	0.753324	47	48	69	166	175	242	371	411	483	605	#
424	0.753324	47	48	69	166	174	175	242	243	371	411	605	#
425	0.753324	47	48	68	120	166	175	242	371	411	483	605	#
426	0.753324	47	48	68	120	166	174	175	242	243	371	411	605	#
427	0.753324	17	47	48	69	167	175	242	371	411	483	605	#
428	1.10116	93	123	157	179	458	463	730	#
429	0.913907	112	265	606	#
430	0.913907	111	159	265	606	#
431	0.913907	58	91	92	130	322	362	606	#
432	0.913907	57	58	91	92	129	322	362	606	#
433	0.913907	57	58	205	282	362	606	#
434	0.805961	49	118	189	266	379	607	#
435	0.805961	49	119	189	223	266	379	607	#
436	0.805961	113	118	186	379	431	607	#
437	0.937225	5	6	79	80	291	296	608	#
438	0.937225	5	6	179	291	296	358	608	#
439	0.54471	84	112	155	223	247	370	609	#
440	0.54471	84	112	118	119	155	247	370	609	#
441	0.935614	152	292	337	610	#
442	0.935614	29	30	292	337	610	#
443	0.935614	137	138	292	337	610	#
444	0.935614	5	8	42	103	122	152	271	292	610	#
445	0.935614	3	5	8	42	152	271	292	489	610	#
446	0.793563	336	430	611	#
447	0.793563	20	233	402	419	611	#
448	0.793563	20	187	188	402	419	611	#
449	0.793563	7	107	219	350	430	611	#
450	0.793563	21	233	336	402	443	611	#
451	0.207794	55	106	259	#
452	1.02432	121	323	612	#
453	1.02432	157	158	323	612	#
454	1.02432	121	252	503	612	#
455	1.02432	121	161	251	503	612	#
456	1.02432	157	158	252	503	612	#
457	0.770439	484	613	#
458	0.770439	94	199	212	279	338	613	#
459	0.770439	85	86	94	199	279	338	613	#
460	0.770439	176	182	214	335	371	613	#
461	0.770439	15	16	94	199	200	212	338	613	#
462	0.850548	91	131	254	477	614	#
463	0.850548	91	92	131	205	477	614	#
464	0.850548	79	91	93	123	254	398	463	614	#
465	0.850548	131	198	213	254	477	614	#
466	0.850548	79	91	92	93	123	205	398	463	614	#
467	0.615179	227	309	615	#
468	0.615179	60	228	309	615	#
469	0.615179	6	107	350	358	434	443	615	#
470	0.615179	20	21	39	162	163	206	227	375	418	615	#
471	0.615179	39	227	241	418	444	615	#
472	0.815391	29	99	413	616	#
473	0.815391	30	99	152	413	616	#
474	0.815391	29	100	255	413	616	#
475	0.815391	99	138	220	264	466	616	#
476	0.815391	99	137	152	220	264	466	616	#
477	0.761508	157	458	617	#
478	0.761508	22	79	125	154	179	352	445	617	#
479	0.761508	121	158	458	617	#
480	0.761508	1	6	23	106	107	119	259	261	350	358	617	#
481	0.761508	1	6	22	106	107	119	151	259	261	350	358	617	#
482	0.905394	29	100	132	197	413	618	#
483	0.905394	29	99	132	197	255	413	618	#
484	0.905394	138	197	291	394	618	#
485	0.905394	137	152	197	291	394	618	#
486	0.905394	30	100	132	152	197	413	618	#
487	0.542436	56	107	171	318	619	#
488	0.542436	56	107	117	170	318	619	#
489	0.542436	18	19	107	171	318	619	#
490	0.542436	57	58	106	289	619	#
491	0.542436	18	19	107	117	170	318	619	#
492	1.14517	4	164	198	296	397	620	#
493	1.14517	4	91	164	213	296	397	620	#
494	1.14517	6	164	397	482	620	#
495	1.14517	92	164	356	498	620	#
496	1.14517	47	49	53	91	130	141	142	322	428	460	620	#
497	0.740036	45	77	122	172	508	#
498	0.725012	53	295	404	621	#
499	0.725012	108	190	295	404	621	#
500	1.01693	15	16	139	140	172	301	508	#
501	0.579793	106	138	336	466	622	#
502	0.579793	106	137	152	336	466	622	#
503	0.182504	130	253	623	#
504	0.182504	57	129	253	623	#
505	0.182504	115	116	130	623	#
506	0.182504	57	115	116	129	623	#
507	0.892039	109	178	210	280	399	624	#
508	0.892039	109	164	177	210	280	399	624	#
509	0.892039	17	178	280	426	446	624	#
510	0.892039	17	164	177	280	426	446	624	#
511	0.892039	10	11	109	178	210	280	426	624	#
512	0.47758	4	5	122	127	502	625	#
513	0.47758	2	3	4	5	127	502	625	#
514	0.47758	4	5	122	125	128	502	625	#
515	0.47758	2	3	4	5	125	128	502	625	#
516	0.672832	47	118	266	379	#
517	0.859265	106	220	336	362	626	#
518	0.859265	32	106	159	220	259	336	493	626	#
519	0.859265	7	106	107	219	220	350	362	626	#
520	0.859265	31	55	106	159	220	259	336	493	626	#
521	0.859265	32	106	111	112	220	259	336	493	626	#
522	0.440698	64	113	186	189	332	#
523	0.255534	83	84	88	148	627	#
524	0.255534	52	83	84	88	147	627	#
525	0.520268	21	389	#
526	0.795444	89	90	218	344	391	#
527	0.623957	5	6	122	296	364	628	#
528	0.623957	2	3	5	6	296	364	628	#
529	0.623957	27	28	77	191	215	367	628	#
530	0.623957	27	28	77	121	191	215	345	628	#
531	0.623957	122	145	216	360	628	#
532	0.879581	15	16	45	143	272	629	#
533	0.879581	15	16	46	87	143	272	629	#
534	0.879581	37	38	125	408	629	#
535	0.879581	45	143	200	272	279	629	#
536	0.879581	11	37	125	347	474	629	#
537	0.774708	47	48	68	176	242	371	411	483	630	#
538	0.774708	47	48	68	174	176	242	243	371	411	630	#
539	0.774708	38	47	48	68	182	411	441	630	#
540	0.774708	47	48	68	156	176	225	242	243	371	411	630	#
541	0.769997	397	#
542	0.442968	10	11	12	118	167	379	631	#
543	0.442968	10	11	12	17	118	166	379	631	#
544	0.442968	150	305	631	#
545	0.442968	10	119	167	234	451	631	#
546	0.442968	10	17	119	166	234	451	631	#
547	0.779193	107	239	258	310	632	#
548	0.779193	107	183	239	257	310	632	#
549	0.697817	9	41	42	90	431	633	#
550	0.697817	8	24	41	42	90	431	633	#
551	0.697817	52	90	217	344	452	633	#
552	0.697817	90	147	148	217	344	452	633	#
553	0.697817	52	89	114	410	633	#
554	1.0649	29	138	336	430	466	634	#
555	1.0649	30	137	336	430	466	634	#
556	1.0649	29	137	152	336	430	466	634	#
557	1.0649	30	33	34	190	211	233	406	439	634	#
558	1.0649	20	29	138	233	402	419	466	634	#
559	0.79096	50	179	281	338	372	635	#
560	0.79096	50	67	288	372	635	#
561	0.79096	20	50	201	324	419	494	635	#
562	0.79096	20	50	67	201	220	419	494	635	#
563	0.79096	21	50	201	324	336	443	494	635	#
564	1.11536	21	89	90	217	319	344	402	636	#
565	1.11536	21	89	90	188	218	319	344	402	636	#
566	1.11536	21	114	186	217	319	344	402	636	#
567	1.11536	37	38	47	48	49	113	114	189	294	319	636	#
568	1.11536	21	89	90	187	218	233	319	344	402	636	#
569	0.211533	237	327	637	#
570	0.211533	175	176	182	226	237	637	#
571	0.599559	110	166	446	465	638	#
572	0.599559	17	110	167	446	465	638	#
573	0.599559	10	127	167	347	638	#
574	0.599559	10	17	127	166	347	638	#
575	0.599559	10	11	109	110	167	210	465	638	#
576	0.754047	79	179	227	352	434	#
577	0.404699	4	213	296	639	#
578	0.404699	4	91	198	296	639	#
579	0.404699	6	91	482	639	#
580	0.966878	47	48	49	113	114	131	189	242	381	#
581	0.712453	21	107	146	171	318	443	640	#
582	0.712453	20	21	105	107	171	318	443	640	#
583	0.712453	21	107	117	146	170	318	443	640	#
584	0.712453	20	21	105	107	117	170	318	443	640	#
585	0.712453	21	56	146	289	454	640	#
586	0.927339	300	641	#
587	0.927339	14	25	26	161	280	446	495	641	#
588	0.927339	14	26	110	161	280	490	641	#
589	0.927339	13	25	26	72	161	280	446	495	641	#
590	0.927339	13	26	72	110	161	280	490	641	#
591	0.54427	21	107	350	443	494	642	#
592	0.54427	146	407	494	642	#
593	0.54427	20	105	407	494	642	#
594	0.54427	33	34	169	211	295	642	#
595	0.54427	107	248	249	350	443	494	642	#
596	0.930608	3	5	30	147	292	400	643	#
597	0.930608	3	5	29	147	152	292	400	643	#
598	0.930608	5	30	122	127	292	465	502	643	#
599	0.930608	5	29	122	127	152	292	465	502	643	#
600	0.930608	5	24	30	103	122	148	271	292	643	#
601	0.27427	137	292	#
602	0.4381	69	166	495	644	#
603	0.4381	68	120	166	495	644	#
604	0.4381	69	167	507	644	#
605	0.4381	17	69	166	507	644	#
606	0.4381	16	69	149	150	202	372	644	#
607	0.562701	20	156	212	214	275	645	#
608	0.562701	20	85	86	156	214	275	645	#
609	0.562701	20	174	212	214	225	275	645	#
610	0.562701	20	85	86	174	214	225	275	645	#
611	0.807998	39	59	60	488	#
612	0.672125	81	175	208	222	299	#
613	0.840822	144	210	302	337	646	#
614	0.840822	12	41	144	210	337	646	#
615	0.690485	7	66	219	220	295	647	#
616	0.690485	6	66	219	220	250	295	647	#
617	0.690485	7	54	219	295	324	647	#
618	0.690485	51	53	262	647	#
619	0.690485	7	54	67	219	220	295	647	#
620	0.954274	47	48	49	176	242	286	371	483	648	#
621	0.954274	47	48	49	174	176	242	243	286	371	648	#
622	0.954274	97	156	176	371	462	648	#
623	0.954274	97	174	176	225	371	462	648	#
624	0.954274	175	176	226	237	238	462	648	#
625	0.874046	17	40	227	424	434	649	#
626	0.874046	17	39	104	227	424	434	649	#
627	0.874046	25	26	104	231	232	240	418	507	649	#
628	0.874046	17	25	26	104	231	232	240	418	495	649	#
629	0.874046	104	120	162	163	167	206	375	418	471	649	#
630	0.615404	56	304	414	650	#
631	0.615404	56	127	244	304	650	#
632	0.615404	56	126	128	304	650	#
633	0.615404	56	125	128	244	304	650	#
634	0.615404	18	19	304	414	650	#
635	0.560673	76	85	199	256	273	651	#
636	0.560673	75	85	136	199	256	273	651	#
637	0.90675	4	5	213	440	652	#
638	0.90675	4	5	91	198	440	652	#
639	0.623287	286	#
640	0.92371	149	150	166	202	366	372	653	#
641	0.92371	73	149	150	166	201	202	333	653	#
642	0.92371	17	149	150	167	202	366	372	653	#
643	0.92371	17	73	149	150	167	201	202	333	653	#
644	0.92371	16	366	495	653	#
645	0.732842	9	91	92	130	322	437	654	#
646	0.732842	8	24	91	92	130	322	437	654	#
647	0.732842	9	57	91	92	129	322	437	654	#
648	0.732842	8	24	57	91	92	129	322	437	654	#
649	0.732842	9	57	205	282	437	654	#
650	1.24132	65	81	98	113	114	189	207	222	237	238	299	332	655	#
651	1.24132	47	48	49	81	113	114	175	189	208	222	242	299	371	483	655	#
652	1.24132	47	48	49	81	113	114	174	175	189	208	222	242	243	299	371	655	#
653	1.24132	74	89	90	218	340	344	422	655	#
654	1.24132	73	89	90	169	217	344	422	439	655	#
655	0.693552	45	126	272	656	#
656	0.693552	45	125	244	272	656	#
657	0.693552	46	87	126	272	656	#
658	0.693552	46	87	125	244	272	656	#
659	0.693552	45	128	272	414	656	#
660	0.595324	15	37	38	48	143	163	287	657	#
661	0.595324	37	38	48	162	206	231	232	293	657	#
662	1.22199	83	88	148	510	658	#
663	1.22199	52	83	88	147	510	658	#
664	1.22199	78	84	172	223	346	369	658	#
665	1.22199	78	84	118	119	172	346	369	658	#
666	1.22199	24	148	246	247	510	658	#
667	0.747389	59	98	469	659	#
668	0.747389	59	97	156	176	230	371	467	659	#
669	0.747389	59	60	97	156	176	195	342	371	659	#
670	0.747389	59	97	156	176	195	229	371	467	659	#
671	0.747389	59	60	97	156	176	182	183	342	371	659	#
672	0.415758	47	53	460	660	#
673	0.415758	47	108	409	660	#
674	1.02024	20	21	97	156	212	214	275	319	661	#
675	1.02024	20	21	85	86	97	156	214	275	319	661	#
676	1.02024	37	38	97	225	242	243	294	319	661	#
677	1.02024	37	38	97	156	242	294	319	483	661	#
678	1.02024	37	38	97	156	174	242	243	294	319	661	#
679	0.679886	47	48	121	354	#
680	1.17369	143	170	301	475	662	#
681	1.17369	15	107	170	248	301	318	443	476	662	#
682	1.17369	107	143	170	294	301	318	443	662	#
683	0.979325	79	91	132	254	291	398	663	#
684	0.979325	79	91	92	132	205	291	398	663	#
685	0.979325	132	194	205	356	374	663	#
686	0.979325	132	162	196	205	283	356	663	#
687	0.979325	79	80	132	254	291	482	663	#
688	0.887077	51	298	664	#
689	0.887077	50	54	298	664	#
690	0.887077	7	50	219	324	350	450	664	#
691	0.887077	7	50	67	219	220	350	450	664	#
692	0.887077	50	106	109	210	259	308	324	336	664	#
693	0.848125	21	107	169	170	318	443	494	665	#
694	0.848125	21	107	117	169	171	318	443	494	665	#
695	0.848125	21	73	74	107	168	170	318	443	494	665	#
696	0.848125	107	169	170	248	249	318	443	494	665	#
697	0.848125	33	34	53	56	57	117	211	289	428	665	#
698	1.15569	70	159	221	363	666	#
699	1.15569	70	111	112	221	363	666	#
700	0.603447	15	148	479	667	#
701	0.603447	15	52	147	479	667	#
702	0.603447	16	201	372	423	667	#
703	0.603447	110	148	446	495	667	#
704	0.603447	438	476	667	#
705	0.580413	55	58	91	130	259	322	668	#
706	0.580413	55	57	58	91	129	259	322	668	#
707	0.580413	55	91	106	107	239	259	322	668	#
708	0.580413	31	32	58	91	130	259	322	668	#
709	0.580413	31	32	57	58	91	129	259	322	668	#
710	0.730496	41	42	157	314	669	#
711	0.730496	10	11	12	17	424	669	#
712	0.730496	6	12	106	107	259	308	350	358	669	#
713	0.730496	6	12	79	80	106	107	179	259	308	350	669	#
714	0.730496	12	42	157	302	314	669	#
715	0.916107	223	470	670	#
716	0.916107	118	119	470	670	#
717	0.916107	20	249	297	313	670	#
718	0.916107	20	21	248	297	313	670	#
719	0.916107	84	223	248	297	436	670	#
720	0.430468	12	37	474	#
721	0.601122	60	144	396	671	#
722	0.601122	59	368	671	#
723	0.601122	5	60	145	396	671	#
724	0.601122	144	227	228	396	671	#
725	0.601122	60	296	404	671	#
726	0.610193	65	97	98	225	242	243	487	672	#
727	0.610193	65	97	98	156	242	483	487	672	#
728	0.610193	65	97	98	156	174	242	243	487	672	#
729	0.610193	47	48	49	332	487	672	#
730	0.610193	65	97	98	174	225	242	483	487	672	#
731	0.435245	52	169	423	673	#
732	0.435245	147	148	169	423	673	#
733	0.86856	269	674	#
734	0.86856	183	229	297	438	674	#
735	0.86856	182	230	297	438	674	#
736	0.86856	182	195	229	297	438	674	#
737	0.86856	9	42	302	441	474	674	#
738	0.408353	38	175	226	242	371	483	675	#
739	0.408353	38	174	175	226	242	243	371	675	#
740	0.408353	327	441	675	#
741	1.10621	32	106	111	137	245	259	336	466	493	676	#
742	1.10621	31	55	106	111	137	245	259	336	466	493	676	#
743	1.10621	7	32	106	107	111	137	219	245	259	350	466	493	676	#
744	1.10621	7	31	55	106	107	111	137	219	245	259	350	466	493	676	#
745	1.10621	106	112	137	245	336	362	466	676	#
746	0.177512	239	350	#
747	0.559779	14	129	417	677	#
748	0.559779	13	72	129	417	677	#
749	0.724513	215	401	678	#
750	0.724513	37	38	47	48	49	189	216	231	232	293	678	#
751	0.0231554	50	#
752	0.977797	10	11	30	167	292	302	337	679	#
753	0.977797	10	11	17	30	166	292	302	337	679	#
754	0.977797	10	11	29	152	167	292	302	337	679	#
755	0.977797	10	11	17	29	152	166	292	302	337	679	#
756	0.977797	10	11	12	30	41	167	292	337	679	#
757	0.350467	65	97	98	332	680	#
758	0.350467	47	48	49	225	242	243	680	#
759	0.350467	47	48	49	156	242	483	680	#
760	0.350467	47	48	49	156	174	242	243	680	#
761	0.128232	61	#
762	0.349424	247	370	#
763	0.345443	37	294	#
764	0.429768	191	248	444	#
765	0.722389	179	277	291	681	#
766	0.722389	82	179	197	291	681	#
767	0.722389	81	179	260	681	#
768	0.623187	57	116	501	682	#
769	0.623187	57	115	253	501	682	#
770	0.623187	116	130	239	350	404	682	#
771	0.623187	115	130	239	253	350	404	682	#
772	0.623187	58	106	107	116	350	404	682	#
773	0.759401	261	421	683	#
774	0.759401	13	119	290	683	#
775	0.759401	13	118	223	290	683	#
776	0.759401	14	72	119	290	683	#
777	0.759401	14	72	118	223	290	683	#
778	0.723186	185	202	203	209	263	#
779	0.604407	43	44	69	115	167	500	684	#
780	0.604407	17	43	44	69	115	166	500	684	#
781	0.604407	43	44	68	115	120	167	500	684	#
782	0.604407	17	43	44	68	115	120	166	500	684	#
783	0.604407	63	115	149	150	167	185	500	684	#
784	0.73338	21	146	181	389	685	#
785	0.73338	20	21	105	181	389	685	#
786	0.73338	146	181	248	249	389	685	#
787	0.73338	20	105	181	248	249	389	685	#
788	0.73338	105	181	313	330	685	#
789	0.977113	281	377	686	#
790	0.977113	47	48	49	179	281	354	686	#
791	0.977113	38	47	48	49	50	274	686	#
792	0.977113	47	48	49	93	281	491	686	#
793	0.977113	47	48	49	93	94	281	354	686	#
794	0.769513	18	33	53	57	289	428	687	#
795	0.769513	33	53	57	282	312	428	687	#
796	0.769513	33	53	91	130	254	312	322	428	687	#
797	0.769513	33	53	57	91	129	254	312	322	428	687	#
798	0.769513	33	53	91	92	130	205	312	322	428	687	#
799	0.848728	171	505	688	#
800	0.848728	117	170	505	688	#
801	0.775428	353	689	#
802	0.775428	5	122	137	155	292	445	502	689	#
803	0.775428	5	77	122	137	172	292	346	689	#
804	0.775428	2	3	5	137	155	292	445	502	689	#
805	0.775428	2	3	5	77	137	172	292	346	689	#
806	0.903686	118	175	176	230	470	#
807	0.825524	149	150	166	202	251	280	372	446	690	#
808	0.825524	17	149	150	167	202	251	280	372	446	690	#
809	0.825524	149	150	161	166	202	252	280	372	446	690	#
810	0.825524	10	11	109	149	150	167	202	210	251	280	372	690	#
811	0.825524	10	11	17	109	149	150	166	202	210	251	280	372	690	#
812	0.831987	455	691	#
813	0.831987	27	191	401	691	#
814	0.831987	27	37	38	47	48	49	189	191	231	232	241	293	691	#
815	0.831987	28	47	48	49	121	189	354	691	#
816	0.831987	27	37	38	47	48	49	189	191	215	216	231	232	293	691	#
817	0.667782	110	148	169	280	423	692	#
818	0.667782	149	150	166	169	201	202	280	446	692	#
819	0.667782	52	110	147	169	280	423	692	#
820	0.667782	17	149	150	167	169	201	202	280	446	692	#
821	0.667782	10	11	109	149	150	167	169	201	202	210	280	692	#
822	0.961504	47	48	49	159	176	242	286	371	483	693	#
823	0.961504	47	48	49	159	174	176	242	243	286	371	693	#
824	0.961504	97	156	159	176	371	462	693	#
825	0.961504	47	48	49	111	112	176	242	286	371	483	693	#
826	0.961504	47	48	49	111	112	174	176	242	243	286	371	693	#
827	0.455349	4	5	122	198	244	502	#
828	0.87816	70	108	303	694	#
829	0.87816	108	184	339	694	#
830	0.87816	53	70	190	303	694	#
831	0.87816	70	71	108	339	694	#
832	0.87816	53	184	190	339	694	#
833	0.921384	30	100	393	413	695	#
834	0.921384	29	100	152	393	413	695	#
835	0.921384	93	137	335	394	695	#
836	0.921384	137	197	257	291	394	695	#
837	0.921384	152	183	227	329	342	695	#
838	0.421092	50	198	473	696	#
839	0.421092	50	91	213	473	696	#
840	0.821215	149	150	166	180	181	202	343	372	697	#
841	0.821215	17	149	150	167	180	181	202	343	372	697	#
842	0.821215	16	180	181	343	495	697	#
843	0.821215	110	147	149	150	166	180	181	193	202	372	446	697	#
844	0.821215	16	17	180	181	343	507	697	#
845	0.873463	20	188	220	402	419	698	#
846	0.873463	187	220	336	430	698	#
847	0.873463	21	188	220	336	402	443	698	#
848	0.873463	20	187	220	233	402	419	698	#
849	0.873463	20	217	218	220	402	419	698	#
850	0.213934	15	37	38	143	#
851	0.414387	47	48	49	89	113	114	189	699	#
852	0.414387	47	48	49	90	113	186	189	699	#
853	0.627524	12	38	242	474	700	#
854	0.627524	47	48	242	266	700	#
855	0.627524	38	41	242	302	474	700	#
856	0.627524	10	11	12	47	48	69	167	242	411	700	#
857	0.627524	10	11	12	17	47	48	69	166	242	411	700	#
858	0.586237	82	258	342	701	#
859	0.586237	82	183	257	342	701	#
860	0.458982	1	119	305	702	#
861	0.458982	0	119	234	305	702	#
862	0.458982	1	118	223	305	702	#
863	0.458982	0	118	223	234	305	702	#
864	0.458982	0	10	150	167	451	702	#
865	0.148263	4	92	198	703	#
866	0.148263	4	91	92	213	703	#
867	0.148263	4	198	205	254	703	#
868	0.642716	175	212	214	275	371	704	#
869	0.642716	85	86	175	214	275	371	704	#
870	0.891173	33	34	73	169	190	211	376	705	#
871	0.891173	33	34	74	168	190	211	376	705	#
872	0.891173	33	34	53	73	108	169	211	376	705	#
873	0.891173	33	34	53	74	108	168	211	376	705	#
874	0.891173	33	34	153	190	242	243	382	487	705	#
875	0.985346	227	309	389	706	#
876	0.985346	39	162	206	227	325	418	706	#
877	0.985346	39	180	193	227	387	706	#
878	0.985346	40	104	162	206	227	325	418	706	#
879	0.985346	60	228	309	389	706	#
880	0.821976	40	60	142	464	707	#
881	0.821976	39	60	104	142	464	707	#
882	0.821976	39	60	164	306	707	#
883	0.821976	40	60	164	165	464	707	#
884	0.821976	39	60	104	164	165	464	707	#
885	0.645453	196	420	708	#
886	0.645453	163	194	420	708	#
887	0.645453	15	37	38	47	48	143	163	287	708	#
888	0.645453	37	38	47	48	162	206	231	232	293	708	#
889	0.645453	47	48	162	242	461	708	#
890	1.02953	97	155	225	238	480	709	#
891	1.02953	97	155	156	174	238	480	709	#
892	1.02953	12	38	97	223	225	238	242	243	379	474	709	#
893	1.02953	97	156	212	214	238	275	313	709	#
894	1.02953	12	38	97	156	223	238	242	379	474	483	709	#
895	0.64804	146	205	433	710	#
896	0.64804	20	105	205	433	710	#
897	0.64804	21	146	282	454	710	#
898	0.64804	20	21	105	282	454	710	#
899	0.64804	21	91	129	146	254	322	454	710	#
900	0.345898	52	83	84	88	155	223	711	#
901	0.345898	52	83	84	88	118	119	155	711	#
902	0.345898	83	84	88	147	148	155	223	711	#
903	0.345898	83	84	88	118	119	147	148	155	711	#
904	0.933026	99	425	445	712	#
905	0.933026	1	99	155	486	712	#
906	0.933026	0	99	155	234	486	712	#
907	0.933026	99	151	154	486	712	#
908	0.933026	99	244	380	445	712	#
909	0.397958	13	15	25	26	37	38	143	#
910	0.704772	113	141	147	189	410	713	#
911	0.704772	12	49	109	110	141	210	266	713	#
912	0.704772	49	69	110	141	166	411	446	713	#
913	0.634566	21	107	318	443	714	#
914	0.634566	107	248	249	318	443	714	#
915	0.461104	9	88	437	715	#
916	0.461104	8	24	88	437	715	#
917	1.09449	70	96	178	256	268	349	716	#
918	1.09449	70	96	164	177	256	268	349	716	#
919	1.09449	70	96	135	153	178	268	349	716	#
920	1.09449	82	164	221	258	299	504	716	#
921	1.09449	70	96	135	153	164	177	268	349	716	#
922	1.05051	175	214	226	371	427	717	#
923	1.05051	175	207	208	214	371	427	717	#
924	1.05051	183	327	359	414	717	#
925	1.05051	175	176	195	226	359	414	717	#
926	1.05051	97	156	214	237	238	427	717	#
927	0.927483	5	101	403	718	#
928	0.927483	4	328	403	718	#
929	0.927483	21	144	217	319	402	718	#
930	0.927483	5	74	101	218	331	340	718	#
931	0.927483	5	73	101	169	217	331	439	718	#
932	0.578272	8	10	11	42	149	150	167	185	209	246	302	719	#
933	0.578272	8	10	11	17	42	149	150	166	185	209	246	302	719	#
934	0.578272	8	10	11	12	41	42	149	150	167	185	209	246	719	#
935	0.578272	8	10	11	12	17	41	42	149	150	166	185	209	246	719	#
936	0.896445	47	49	189	228	315	720	#
937	0.896445	40	60	141	189	464	720	#
938	0.896445	39	60	104	141	189	464	720	#
939	0.896445	37	38	39	47	48	49	60	189	231	232	293	418	720	#
940	0.896445	38	47	48	49	189	228	457	720	#
941	0.382376	73	148	423	#
942	0.872591	32	106	107	259	318	448	721	#
943	0.872591	31	55	106	107	259	318	448	721	#
944	0.872591	69	150	505	721	#
945	0.872591	68	120	150	505	721	#
946	0.872591	69	167	170	449	721	#
947	1.02111	33	34	188	190	211	406	439	722	#
948	1.02111	20	137	188	402	419	466	722	#
949	1.02111	137	187	336	430	466	722	#
950	1.02111	33	34	53	108	188	211	406	439	722	#
951	1.02111	21	137	188	336	402	443	466	722	#
952	1.08774	205	226	356	478	723	#
953	1.08774	205	207	208	356	478	723	#
954	1.08774	79	91	226	254	398	472	723	#
955	1.08774	79	91	92	205	226	398	472	723	#
956	1.08774	79	80	226	254	472	482	723	#
957	0.469142	17	180	181	343	#
958	0.627441	21	129	146	322	454	724	#
959	0.627441	20	21	105	129	322	454	724	#
960	0.627441	21	107	146	239	322	443	724	#
961	0.627441	20	21	105	107	239	322	443	724	#
962	0.616124	60	248	309	725	#
963	0.616124	227	228	248	309	725	#
964	0.616124	21	60	249	309	725	#
965	0.616124	20	162	163	249	326	375	725	#
966	0.616124	20	21	162	163	248	326	375	725	#
967	0.54891	66	264	#
968	0.893895	155	275	313	726	#
969	0.893895	154	275	348	726	#
970	0.893895	1	85	155	285	415	726	#
971	0.893895	174	212	214	480	726	#
972	0.893895	1	151	154	275	313	726	#
973	0.660493	157	175	179	472	#
974	0.519199	13	15	25	26	37	38	48	143	727	#
975	0.519199	14	15	25	26	37	38	48	72	143	727	#
976	0.686449	36	492	728	#
977	0.686449	35	245	492	728	#
978	0.686449	109	110	115	341	499	728	#
979	0.686449	32	36	58	111	116	259	493	728	#
980	0.686449	31	36	55	58	111	116	259	493	728	#
981	0.127262	75	236	#
982	0.792534	50	274	729	#
983	0.792534	15	16	37	143	179	281	338	729	#
984	0.792534	15	16	37	67	143	288	729	#
985	0.762273	59	60	295	404	#
986	0.538982	283	#
987	1.10116	94	123	157	458	463	730	#
988	1.10116	22	79	93	123	125	154	352	445	463	730	#
989	0.869613	38	109	210	242	371	474	483	731	#
990	0.869613	38	109	174	210	242	243	371	474	731	#
991	0.869613	109	176	182	210	441	474	731	#
992	0.869613	38	109	156	210	225	242	243	371	474	731	#
993	0.869613	12	47	48	109	210	242	266	371	483	731	#
994	0.59143	14	15	25	26	37	38	47	48	49	143	732	#
995	0.59143	13	15	25	26	37	38	47	48	49	72	143	732	#
996	0.789586	7	105	275	407	733	#
997	0.789586	7	20	21	107	275	350	443	733	#
998	0.789586	6	105	250	275	407	733	#
999	0.789586	7	20	146	275	407	733	#
1000	0.789586	199	250	279	338	358	733	#
1001	0.996587	50	281	377	734	#
1002	0.996587	38	47	48	49	274	734	#
1003	0.996587	47	48	49	50	179	281	354	734	#
1004	0.996587	51	54	281	377	734	#
1005	0.996587	47	48	49	50	93	281	491	734	#
1006	0.414825	6	80	407	#
1007	0.50226	15	194	200	287	#
1008	0.569205	73	169	459	735	#
1009	0.569205	74	168	459	735	#
1010	0.569205	73	83	84	88	223	423	735	#
1011	0.569205	73	83	84	88	118	119	423	735	#
1012	0.68989	147	193	200	479	#
1013	1.11654	19	20	21	107	171	212	275	318	443	736	#
1014	1.11654	20	205	212	275	312	433	736	#
1015	1.11654	19	20	21	85	86	107	171	275	318	443	736	#
1016	1.11654	18	20	21	56	107	171	212	275	318	443	736	#
1017	1.11654	19	20	21	107	117	170	212	275	318	443	736	#
1018	0.438348	119	234	305	737	#
1019	0.438348	0	1	119	305	737	#
1020	0.438348	118	223	234	305	737	#
1021	0.438348	0	1	118	223	305	737	#
1022	0.185253	182	197	257	738	#
1023	0.185253	195	197	258	738	#
1024	0.665331	7	190	219	220	295	739	#
1025	0.665331	7	53	108	219	220	295	739	#
1026	0.665331	6	190	219	220	250	295	739	#
1027	0.665331	6	53	108	219	220	250	295	739	#
1028	0.665331	58	106	108	220	336	428	739	#
1029	0.96231	85	179	199	279	338	394	740	#
1030	0.96231	85	275	419	466	740	#
1031	0.96231	86	93	394	484	740	#
1032	0.746917	65	224	388	#
1033	0.534494	293	37	38	242	243	225	741	#
1034	0.534494	293	37	38	242	483	156	741	#
1035	0.534494	293	37	38	242	243	174	156	741	#
1036	0.534494	240	26	392	199	212	214	156	741	#
1037	0.534494	240	26	392	199	85	86	214	156	741	#
1038	0.69355	7	350	107	106	259	32	448	742	#
1039	0.69355	7	350	107	106	259	55	31	448	742	#
1040	0.69355	7	407	105	471	68	742	#
1041	0.69355	7	350	107	443	21	20	471	68	742	#
1042	0.69355	250	6	350	107	106	259	32	448	742	#
1043	1.05856	475	37	38	743	#
1044	1.05856	318	107	443	294	37	38	743	#
1045	1.05856	318	107	443	248	476	15	143	37	38	743	#
1046	1.05856	318	239	129	454	294	37	38	743	#
1047	1.05856	171	56	289	454	294	37	38	743	#
1048	0.57532	253	57	289	18	744	#
1049	0.57532	253	57	282	312	744	#
1050	0.57532	253	130	322	91	254	312	744	#
1051	0.57532	115	116	57	289	18	744	#
1052	0.57532	253	57	129	322	91	254	312	744	#
1053	0.613982	341	109	280	#
1054	0.899814	161	280	450	350	6	745	#
1055	0.899814	160	192	280	450	350	6	745	#
1056	0.899814	161	280	109	210	308	259	106	107	350	6	745	#
1057	0.899814	160	192	280	109	210	308	259	106	107	350	6	745	#
1058	0.899814	161	280	110	148	9	437	130	239	350	6	745	#
1059	0.874423	383	463	93	79	80	6	350	107	746	#
1060	0.874423	383	463	94	358	6	350	107	746	#
1061	0.874423	383	463	94	179	79	80	6	350	107	746	#
1062	0.741373	97	98	388	191	27	#
1063	0.0846673	97	98	#
1064	0.856954	227	39	387	747	#
1065	0.856954	434	157	314	9	52	747	#
1066	0.856954	227	40	104	387	747	#
1067	0.856954	434	157	314	8	24	52	747	#
1068	0.856954	434	157	314	9	148	147	747	#
1069	0.668608	226	175	176	230	497	190	748	#
1070	0.668608	327	183	229	497	190	748	#
1071	0.668608	226	175	176	230	497	53	108	748	#
1072	0.668608	327	182	230	497	190	748	#
1073	0.668608	327	183	229	497	53	108	748	#
1074	0.968989	188	402	20	419	466	749	#
1075	0.968989	187	430	336	466	749	#
1076	0.968989	188	402	21	443	336	466	749	#
1077	0.968989	187	233	402	20	419	466	749	#
1078	0.968989	218	217	402	20	419	466	749	#
1079	1.15603	125	352	79	93	463	383	75	750	#
1080	1.15603	125	352	79	179	94	463	383	75	750	#
1081	1.15603	125	272	45	366	75	750	#
1082	1.15603	244	126	352	79	93	463	383	75	750	#
1083	1.15603	502	122	440	236	750	#
1084	0.788334	158	314	9	88	751	#
1085	0.788334	158	314	8	24	88	751	#
1086	0.788334	121	157	314	9	88	751	#
1087	0.788334	121	157	314	8	24	88	751	#
1088	0.788334	158	314	8	246	247	83	751	#
1089	1.19198	75	333	73	169	459	752	#
1090	1.19198	75	333	74	168	459	752	#
1091	1.19198	75	333	73	423	88	83	84	223	752	#
1092	1.19198	75	333	73	423	88	83	84	118	119	752	#
1093	1.19198	136	135	376	73	169	459	752	#
1094	0.511393	16	15	143	37	38	48	47	49	189	#
1095	0.31836	340	187	753	#
1096	0.31836	168	439	233	753	#
1097	0.31836	340	188	233	753	#
1098	0.31836	168	439	188	187	753	#
1099	0.31836	340	218	217	233	753	#
1100	0.897941	124	317	202	149	150	120	754	#
1101	0.897941	131	123	317	202	149	150	120	754	#
1102	0.897941	124	317	202	149	150	69	68	754	#
1103	0.897941	131	123	317	202	149	150	69	68	754	#
1104	0.933026	445	425	99	755	#
1105	0.933026	155	1	486	99	755	#
1106	0.933026	155	234	0	486	99	755	#
1107	0.933026	154	151	486	99	755	#
1108	0.933026	445	244	380	99	755	#
1109	0.334017	393	182	176	371	#
1110	0.165891	52	193	756	#
1111	0.165891	148	147	193	756	#
1112	0.512524	49	266	12	757	#
1113	0.512524	49	411	69	167	10	11	757	#
1114	0.512524	49	411	69	166	17	10	11	757	#
1115	0.512524	49	411	68	120	167	10	11	757	#
1116	0.512524	49	411	68	120	166	17	10	11	757	#
1117	0.0695686	246	#
1118	1.17694	161	280	109	210	474	441	393	758	#
1119	1.17694	160	192	280	109	210	474	441	393	758	#
1120	1.17694	161	280	109	210	474	441	257	197	132	758	#
1121	1.17694	161	280	110	148	269	393	758	#
1122	1.17694	161	280	110	147	52	269	393	758	#
1123	0.718797	82	257	335	759	#
1124	0.718797	277	291	93	759	#
1125	0.718797	82	197	291	93	759	#
1126	0.718797	82	258	183	335	759	#
1127	0.718797	81	208	175	176	182	335	759	#
1128	0.395921	46	372	202	149	150	760	#
1129	0.395921	87	45	372	202	149	150	760	#
1130	0.73184	439	459	1	23	761	#
1131	0.73184	452	52	88	83	84	223	1	23	761	#
1132	0.73184	439	459	1	151	22	761	#
1133	0.73184	439	459	234	0	23	761	#
1134	0.73184	204	203	209	185	149	305	119	1	23	761	#
1135	0.200062	167	10	11	210	762	#
1136	0.200062	166	17	10	11	210	762	#
1137	0.604608	23	0	451	10	167	69	44	763	#
1138	0.604608	23	0	451	10	17	166	69	44	763	#
1139	0.604608	23	0	451	10	167	120	68	44	763	#
1140	0.604608	23	0	451	10	17	166	120	68	44	763	#
1141	0.604608	22	151	0	451	10	167	69	44	763	#
1142	0.960697	396	342	195	176	175	208	764	#
1143	0.960697	396	342	183	182	176	175	208	764	#
1144	0.960697	396	342	183	327	207	764	#
1145	0.960697	396	342	195	176	175	226	207	764	#
1146	0.960697	396	342	183	182	176	175	226	207	764	#
1147	0.985746	144	319	294	37	38	48	765	#
1148	0.985746	144	360	232	231	293	37	38	48	765	#
1149	0.985746	296	295	460	765	#
1150	0.985746	5	122	77	172	485	48	765	#
1151	0.985746	296	6	358	354	48	765	#
1152	0.746583	97	225	243	381	131	766	#
1153	0.746583	97	156	483	381	131	766	#
1154	0.746583	97	156	174	243	381	131	766	#
1155	0.746583	97	225	174	483	381	131	766	#
1156	0.725443	151	1	459	439	188	767	#
1157	0.725443	151	1	223	84	83	88	52	452	188	767	#
1158	0.725443	151	0	234	459	439	188	767	#
1159	0.725443	151	1	119	305	149	185	209	203	204	188	767	#
1160	0.725443	151	1	119	118	84	83	88	52	452	188	767	#
1161	0.612813	132	374	194	768	#
1162	0.612813	132	283	162	196	768	#
1163	0.612813	132	283	162	163	194	768	#
1164	0.109865	225	97	769	#
1165	0.109865	174	156	97	769	#
1166	0.717733	122	5	368	133	770	#
1167	0.717733	122	145	396	60	134	770	#
1168	0.717733	122	145	396	60	59	133	770	#
1169	0.717733	2	3	5	368	133	770	#
1170	0.717733	2	3	145	396	60	134	770	#
1171	0.793389	474	12	379	223	155	771	#
1172	0.793389	474	12	379	118	119	155	771	#
1173	0.793389	474	11	405	771	#
1174	0.793389	474	12	379	223	1	151	154	771	#
1175	0.793389	474	12	379	118	119	1	151	154	771	#
1176	0.174341	101	5	#
1177	0.697447	227	342	195	176	371	772	#
1178	0.697447	227	342	183	182	176	371	772	#
1179	0.697447	228	467	230	176	371	772	#
1180	0.697447	228	60	342	195	176	371	772	#
1181	0.697447	228	467	229	195	176	371	772	#
1182	0.255919	301	#
1183	0.773461	208	175	176	195	310	106	773	#
1184	0.773461	208	175	176	182	183	310	106	773	#
1185	0.773461	207	327	183	310	106	773	#
1186	0.773461	207	226	175	176	195	310	106	773	#
1187	0.773461	207	226	175	176	182	183	310	106	773	#
1188	0.266735	106	107	350	#
1189	1.01388	39	404	350	107	106	259	32	493	774	#
1190	1.01388	39	404	350	107	106	259	55	31	493	774	#
1191	1.01388	104	40	404	350	107	106	259	32	493	774	#
1192	1.01388	104	40	404	350	107	106	259	55	31	493	774	#
1193	1.01388	39	404	350	107	106	362	159	774	#
1194	0.0207725	29	#
1195	0.993444	125	272	45	16	15	301	140	139	#
1196	0.940026	15	287	194	356	205	312	#
1197	0.761765	508	172	77	2	775	#
1198	0.761765	508	173	489	775	#
1199	0.761765	508	173	103	2	775	#
1200	0.761765	508	172	77	122	3	775	#
1201	0.761765	508	173	102	77	2	775	#
1202	0.293915	32	259	106	107	776	#
1203	0.293915	31	55	259	106	107	776	#
1204	0.837144	92	91	322	130	116	500	167	777	#
1205	0.837144	92	91	322	130	116	500	17	166	777	#
1206	0.837144	92	91	322	130	253	115	500	167	777	#
1207	0.837144	92	91	322	130	253	115	500	17	166	777	#
1208	0.837144	92	91	322	129	57	116	500	167	777	#
1209	0.599708	492	112	778	#
1210	0.599708	492	111	159	778	#
1211	0.599708	116	58	362	778	#
1212	0.599708	115	253	58	362	778	#
1213	0.696758	374	194	779	#
1214	0.696758	283	162	196	779	#
1215	0.696758	283	162	163	194	779	#
1216	0.696758	374	163	196	779	#
1217	0.764515	60	320	#
1218	0.878671	318	107	106	259	308	12	780	#
1219	0.878671	318	239	130	437	42	41	780	#
1220	0.878671	318	107	106	58	437	42	41	780	#
1221	0.878671	318	239	129	57	437	42	41	780	#
1222	0.878671	170	449	10	11	12	780	#
1223	0.940312	188	402	20	419	466	#
1224	0.896964	290	13	781	#
1225	0.896964	119	261	421	781	#
1226	0.896964	223	118	261	421	781	#
1227	0.896964	290	14	72	781	#
1228	0.896964	223	84	83	88	148	490	26	13	781	#
1229	0.501592	134	467	782	#
1230	0.501592	133	59	467	782	#
1231	0.288233	358	6	350	783	#
1232	0.288233	179	79	80	6	350	783	#
1233	0.780268	272	#
1234	0.716941	198	4	368	133	784	#
1235	0.716941	91	213	4	368	133	784	#
1236	0.716941	198	4	144	396	60	134	784	#
1237	0.716941	198	4	144	396	60	59	133	784	#
1238	0.716941	91	213	4	144	396	60	134	784	#
1239	0.7945	131	477	91	92	785	#
1240	0.7945	131	477	91	254	205	785	#
1241	0.92587	209	185	202	201	73	331	328	786	#
1242	0.92587	496	259	58	130	322	213	786	#
1243	0.92587	496	259	58	130	322	91	198	786	#
1244	0.92587	496	259	58	57	129	322	213	786	#
1245	0.92587	209	185	202	201	73	331	101	5	4	786	#
1246	0.590945	92	91	322	129	454	787	#
1247	0.590945	205	282	454	787	#
1248	0.590945	92	91	322	239	107	443	787	#
1249	0.590945	205	254	91	322	129	454	787	#
1250	0.590945	433	21	787	#
1251	0.581865	73	169	459	1	151	788	#
1252	0.581865	74	168	459	1	151	788	#
1253	0.581865	73	169	459	234	0	151	788	#
1254	0.581865	74	168	459	234	0	151	788	#
1255	0.581865	73	423	88	83	84	223	1	151	788	#
1256	0.706966	104	488	#
1257	0.727397	388	65	789	#
1258	0.727397	388	62	61	789	#
1259	0.138909	237	226	#
1260	0.883307	24	511	64	61	790	#
1261	0.883307	24	511	64	65	62	790	#
1262	0.883307	9	8	511	64	61	790	#
1263	0.883307	24	511	140	139	224	61	790	#
1264	0.883307	9	42	41	266	49	332	61	790	#
1265	1.11515	160	503	434	791	#
1266	1.11515	192	161	503	434	791	#
1267	1.11515	192	280	110	147	387	39	227	791	#
1268	1.11515	192	280	110	148	9	314	157	434	791	#
1269	1.11515	192	280	446	424	434	791	#
1270	0.0831892	240	#
1271	0.850816	197	258	509	792	#
1272	0.850816	197	257	183	509	792	#
1273	0.850816	374	375	20	276	792	#
1274	0.95636	223	84	83	88	24	511	140	139	793	#
1275	0.95636	119	118	84	83	88	24	511	140	139	793	#
1276	0.95636	223	84	247	246	511	140	139	793	#
1277	0.95636	119	118	84	247	246	511	140	139	793	#
1278	0.95636	223	379	266	49	332	224	793	#
1279	0.707493	180	330	346	172	794	#
1280	0.707493	193	52	24	271	102	794	#
1281	0.707493	193	52	88	83	84	223	346	172	794	#
1282	0.707493	193	52	88	83	84	118	119	346	172	794	#
1283	0.707493	193	147	148	24	271	102	794	#
1284	1.172	221	70	363	111	795	#
1285	1.172	222	184	363	111	795	#
1286	1.172	222	71	70	363	111	795	#
1287	1.172	221	70	363	159	112	795	#
1288	1.172	221	71	184	363	111	795	#
1289	1.01974	183	504	395	796	#
1290	1.01974	182	195	504	395	796	#
1291	1.01974	257	82	384	796	#
1292	1.00154	60	39	488	344	90	797	#
1293	1.00154	60	40	104	488	344	90	797	#
1294	1.00154	228	315	47	49	189	113	114	89	797	#
1295	1.00154	60	40	464	141	189	113	114	89	797	#
1296	1.00154	60	39	104	464	141	189	113	114	89	797	#
1297	0.715768	94	157	314	8	798	#
1298	0.715768	93	179	157	314	8	798	#
1299	0.715768	94	157	314	9	24	798	#
1300	0.715768	93	79	80	6	350	239	130	437	8	798	#
1301	0.715768	93	79	80	6	350	107	106	58	437	8	798	#
1302	0.910007	304	244	445	155	330	799	#
1303	0.910007	18	312	205	355	151	1	330	799	#
1304	0.910007	304	126	125	445	155	330	799	#
1305	0.910007	18	312	205	355	151	0	234	330	799	#
1306	0.910007	304	244	445	154	151	1	330	799	#
1307	0.666316	149	202	201	494	21	443	107	350	#
1308	0.897813	88	9	42	285	86	214	156	97	800	#
1309	0.897813	88	24	511	64	65	98	800	#
1310	0.897813	88	24	8	42	285	86	214	156	97	800	#
1311	0.897813	88	9	42	285	86	214	174	225	97	800	#
1312	0.897813	88	9	42	285	85	212	214	156	97	800	#
1313	1.0861	50	281	377	141	142	177	801	#
1314	1.0861	50	281	377	141	165	178	801	#
1315	1.0861	50	281	377	141	142	164	178	801	#
1316	1.0861	50	281	377	141	165	164	177	801	#
1317	1.0861	50	324	219	7	397	178	801	#
1318	1.09473	296	6	80	79	472	226	237	802	#
1319	1.09473	144	396	342	183	327	237	802	#
1320	1.09473	296	6	80	79	260	207	237	802	#
1321	1.09473	296	6	80	79	472	208	207	237	802	#
1322	1.09473	144	396	342	195	176	175	226	237	802	#
1323	0.401105	45	16	15	301	#
1324	0.804919	193	52	9	314	157	179	803	#
1325	0.804919	193	52	24	8	314	157	179	803	#
1326	0.804919	193	147	148	9	314	157	179	803	#
1327	0.804919	193	147	148	24	8	314	157	179	803	#
1328	0.804919	193	52	9	437	130	239	350	6	80	79	803	#
1329	0.891587	454	248	476	15	301	64	804	#
1330	0.891587	454	294	143	301	64	804	#
1331	0.891587	454	21	20	275	212	214	156	97	98	65	804	#
1332	0.891587	454	21	20	275	85	86	214	156	97	98	65	804	#
1333	0.891587	454	294	37	38	242	243	225	97	98	65	804	#
1334	0.909071	77	78	403	218	805	#
1335	0.909071	77	78	403	217	188	805	#
1336	0.909071	77	78	331	74	340	805	#
1337	0.909071	122	101	403	218	805	#
1338	0.909071	77	78	403	217	233	187	805	#
1339	0.265687	106	443	21	146	806	#
1340	0.265687	106	443	21	20	105	806	#
1341	0.849724	217	402	21	443	107	350	6	358	807	#
1342	0.849724	217	204	203	209	185	202	372	338	807	#
1343	0.849724	218	187	430	107	350	6	358	807	#
1344	0.849724	217	402	146	407	6	358	807	#
1345	0.849724	217	439	211	34	33	295	6	358	807	#
1346	0.480709	500	116	808	#
1347	0.480709	500	115	253	808	#
1348	0.480709	10	11	308	259	58	808	#
1349	0.480709	10	11	302	42	437	808	#
1350	0.400748	103	122	5	4	198	254	312	#
1351	0.835613	174	214	86	285	42	9	88	809	#
1352	0.835613	174	214	86	285	42	8	24	88	809	#
1353	0.835613	243	242	38	474	302	42	9	88	809	#
1354	0.835613	243	242	38	474	12	41	42	9	88	809	#
1355	0.835613	243	242	38	474	302	42	8	24	88	809	#
1356	0.780646	24	148	490	26	14	810	#
1357	0.780646	24	52	147	490	26	14	810	#
1358	0.780646	24	148	490	26	13	72	810	#
1359	0.780646	24	52	147	490	26	13	72	810	#
1360	0.106073	120	150	811	#
1361	0.106073	68	69	150	811	#
1362	1.17249	351	259	261	119	1	812	#
1363	1.17249	351	259	261	119	234	0	812	#
1364	1.17249	351	259	261	118	223	1	812	#
1365	1.17249	351	259	261	118	223	234	0	812	#
1366	0.591592	394	179	434	228	59	#
1367	0.787289	148	490	26	14	813	#
1368	0.787289	52	147	490	26	14	813	#
1369	0.787289	148	490	26	13	72	813	#
1370	0.787289	52	147	490	26	13	72	813	#
1371	0.787289	148	479	15	25	26	14	813	#
1372	0.377845	448	44	#
1373	0.855793	41	285	273	#
1374	1.22612	235	135	376	73	169	459	119	814	#
1375	1.22612	235	135	376	73	423	88	83	84	118	814	#
1376	1.22612	236	75	333	73	169	459	119	814	#
1377	1.22612	236	75	333	73	423	88	83	84	118	814	#
1378	1.22612	235	135	376	74	168	459	119	814	#
1379	0.632895	178	399	815	#
1380	0.632895	177	164	399	815	#
1381	0.632895	178	426	10	11	815	#
1382	0.632895	177	164	426	10	11	815	#
1383	0.835462	282	57	116	500	167	816	#
1384	0.835462	282	57	116	500	17	166	816	#
1385	0.835462	282	57	253	115	500	167	816	#
1386	0.835462	282	57	253	115	500	17	166	816	#
1387	0.835462	254	91	322	130	116	500	167	816	#
1388	0.621253	188	439	211	34	33	53	428	817	#
1389	0.621253	187	233	439	211	34	33	53	428	817	#
1390	0.621253	340	168	211	34	33	53	428	817	#
1391	0.621253	187	430	106	58	817	#
1392	0.621253	187	278	57	817	#
1393	0.89696	40	464	141	189	113	818	#
1394	0.89696	39	104	464	141	189	113	818	#
1395	0.89696	39	418	232	231	293	37	38	48	47	49	189	113	818	#
1396	0.89696	227	315	47	49	189	113	818	#
1397	0.89696	40	104	418	232	231	293	37	38	48	47	49	189	113	818	#
1398	1.11483	171	318	450	280	192	819	#
1399	1.11483	117	170	318	450	280	192	819	#
1400	1.11483	171	318	450	280	161	160	819	#
1401	1.11483	117	170	318	450	280	161	160	819	#
1402	1.11483	56	289	57	437	9	148	110	280	192	819	#
1403	0.867847	90	344	217	402	20	375	163	162	820	#
1404	0.867847	90	344	218	188	402	20	375	163	162	820	#
1405	0.867847	89	114	113	189	49	47	48	38	37	293	231	232	206	820	#
1406	0.867847	89	114	113	189	49	420	196	162	820	#
1407	0.867847	90	344	217	402	20	375	194	196	162	820	#
1408	1.27185	161	280	109	210	302	285	273	256	821	#
1409	1.27185	161	280	109	210	12	41	285	273	256	821	#
1410	0.686326	336	106	259	261	118	822	#
1411	0.686326	219	7	350	107	106	259	261	118	822	#
1412	0.686326	336	106	259	261	119	223	822	#
1413	0.686326	219	250	6	350	107	106	259	261	118	822	#
1414	0.767102	350	107	443	389	823	#
1415	0.767102	350	107	106	259	261	119	330	823	#
1416	0.767102	350	107	106	259	261	118	223	330	823	#
1417	0.767102	350	239	130	437	9	52	193	180	823	#
1418	0.767102	350	107	106	58	437	9	52	193	180	823	#
1419	0.711423	89	114	113	189	49	47	48	38	37	143	15	16	46	824	#
1420	0.711423	89	114	113	189	49	47	48	38	37	143	15	16	45	87	824	#
1421	0.711423	90	186	113	189	49	47	48	38	37	143	15	16	46	824	#
1422	0.711423	90	186	113	189	49	47	48	38	37	143	15	16	45	87	824	#
1423	0.711423	90	344	217	204	203	209	185	202	372	46	824	#
1424	0.762789	343	166	69	411	49	141	825	#
1425	0.762789	343	166	120	68	411	49	141	825	#
1426	0.762789	343	17	167	69	411	49	141	825	#
1427	0.762789	343	17	167	120	68	411	49	141	825	#
1428	0.762789	193	410	113	189	141	825	#
1429	0.883872	144	319	294	37	826	#
1430	0.883872	144	360	232	231	293	37	826	#
1431	0.893867	257	441	474	210	109	827	#
1432	0.893867	258	183	441	474	210	109	827	#
1433	0.893867	257	269	148	110	827	#
1434	0.893867	258	195	182	441	474	210	109	827	#
1435	0.893867	257	269	52	147	110	827	#
1436	0.966846	387	39	60	134	828	#
1437	0.966846	387	39	60	59	133	828	#
1438	0.966846	387	104	40	60	134	828	#
1439	0.966846	387	104	40	60	59	133	828	#
1440	0.966846	52	438	248	309	60	134	828	#
1441	1.06992	427	214	156	97	238	829	#
1442	1.06992	427	214	174	225	97	238	829	#
1443	1.06992	128	272	412	97	238	829	#
1444	1.06992	127	125	272	412	97	238	829	#
1445	1.04452	138	466	419	471	68	44	830	#
1446	1.04452	152	137	466	419	471	68	44	830	#
1447	1.04452	138	466	336	106	259	32	448	44	830	#
1448	1.04452	152	137	466	336	106	259	32	448	44	830	#
1449	1.04452	138	466	336	106	259	55	31	448	44	830	#
1450	0.959147	470	229	258	197	831	#
1451	0.959147	223	1	486	255	132	831	#
1452	0.959147	118	119	1	486	255	132	831	#
1453	0.959147	223	234	0	486	255	132	831	#
1454	0.959147	223	1	486	99	100	132	831	#
1455	0.657676	82	258	342	60	59	832	#
1456	0.657676	82	258	229	467	59	832	#
1457	0.657676	82	257	183	342	60	59	832	#
1458	0.657676	82	257	183	229	467	59	832	#
1459	0.657676	82	257	182	230	467	59	832	#
1460	1.08491	356	478	208	81	833	#
1461	1.08491	92	91	398	79	291	277	833	#
1462	1.08491	356	194	374	277	833	#
1463	1.08491	92	91	398	79	291	197	82	833	#
1464	1.08491	356	194	374	197	82	833	#
1465	0.747528	85	285	42	8	834	#
1466	0.747528	85	285	42	9	24	834	#
1467	0.747528	212	86	285	42	8	834	#
1468	0.747528	199	200	479	148	24	834	#
1469	0.747528	199	200	479	147	52	24	834	#
1470	0.995471	466	336	106	259	496	835	#
1471	0.995471	466	419	20	494	201	202	185	209	835	#
1472	0.995471	466	219	7	350	107	106	259	496	835	#
1473	0.995471	466	336	443	21	494	201	202	185	209	835	#
1474	0.995471	466	219	250	6	350	107	106	259	496	835	#
1475	0.0853423	202	#
1476	1.14687	92	416	140	139	836	#
1477	1.14687	356	194	287	15	301	140	139	836	#
1478	1.14687	205	254	416	140	139	836	#
1479	1.14687	92	416	64	224	836	#
1480	1.14687	356	194	287	15	301	64	224	836	#
1481	0.448964	149	150	166	343	180	837	#
1482	0.448964	149	150	167	17	343	180	837	#
1483	0.980793	390	175	371	483	242	48	47	49	189	113	186	838	#
1484	0.980793	390	175	371	174	243	242	48	47	49	189	113	186	838	#
1485	0.980793	76	256	382	243	242	48	47	49	189	113	186	838	#
1486	0.980793	75	136	256	382	243	242	48	47	49	189	113	186	838	#
1487	0.545476	478	#
1488	0.622125	190	295	6	80	79	93	839	#
1489	0.622125	108	53	295	6	80	79	93	839	#
1490	0.622125	190	295	6	358	94	839	#
1491	0.622125	108	53	295	6	358	94	839	#
1492	0.622125	190	295	6	80	79	179	94	839	#
1493	0.538261	49	47	48	38	37	143	15	25	26	#
1494	0.804301	271	8	42	302	11	10	167	69	840	#
1495	0.804301	271	8	42	302	11	10	17	166	69	840	#
1496	0.804301	271	8	42	41	12	11	10	167	69	840	#
1497	0.804301	271	8	42	41	12	11	10	17	166	69	840	#
1498	0.804301	271	8	42	302	11	10	167	120	68	840	#
1499	1.05376	289	57	116	492	36	841	#
1500	1.05376	289	57	253	115	492	36	841	#
1501	1.05376	289	57	58	259	32	493	111	36	841	#
1502	1.05376	289	57	58	259	55	31	493	111	36	841	#
1503	1.05376	289	57	437	9	148	499	841	#
1504	0.842496	494	20	419	466	138	29	842	#
1505	0.842496	494	20	419	466	137	30	842	#
1506	0.842496	494	20	419	466	137	152	29	842	#
1507	0.842496	169	211	34	33	190	406	30	842	#
1508	0.842496	169	211	34	33	190	406	152	29	842	#
1509	0.956138	69	150	149	202	317	124	843	#
1510	0.956138	69	150	149	202	317	123	131	843	#
1511	0.956138	68	120	150	149	202	317	124	843	#
1512	0.956138	68	120	150	149	202	317	123	131	843	#
1513	0.956138	44	43	63	185	202	317	124	843	#
1514	0.898668	74	422	184	96	844	#
1515	0.898668	74	422	71	70	96	844	#
1516	0.648052	175	371	214	212	275	845	#
1517	0.648052	175	371	214	86	85	275	845	#
1518	0.502948	25	16	372	202	185	209	#
1519	0.908456	13	26	25	495	446	280	846	#
1520	0.908456	13	26	490	110	280	846	#
1521	0.908456	72	300	161	846	#
1522	0.908456	13	26	25	507	17	446	280	846	#
1523	0.908456	13	26	25	507	10	11	210	109	280	846	#
1524	0.193993	9	52	193	#
1525	0.551068	466	336	106	58	847	#
1526	0.551068	466	219	7	350	239	130	847	#
1527	0.551068	466	219	7	350	107	106	58	847	#
1528	0.551068	466	219	7	350	239	129	57	847	#
1529	1.3651	422	73	423	148	110	280	161	848	#
1530	1.3651	422	73	201	202	149	150	166	446	280	161	848	#
1531	1.3651	422	73	423	52	147	110	280	161	848	#
1532	1.3651	422	73	201	202	149	150	167	17	446	280	161	848	#
1533	1.3651	422	73	423	148	110	280	192	160	848	#
1534	0.734349	209	185	149	150	167	10	347	849	#
1535	0.734349	209	185	149	150	166	17	10	347	849	#
1536	0.734349	209	185	149	305	119	155	445	849	#
1537	0.734349	209	185	149	150	167	10	405	445	849	#
1538	0.734349	209	185	149	150	166	17	10	405	445	849	#
1539	0.622402	271	24	52	850	#
1540	0.622402	271	24	148	147	850	#
1541	0.622402	271	8	9	52	850	#
1542	0.622402	271	8	9	148	147	850	#
1543	0.644724	198	4	144	396	39	851	#
1544	0.644724	91	213	4	144	396	39	851	#
1545	0.644724	198	4	144	396	40	104	851	#
1546	0.644724	91	213	4	144	396	40	104	851	#
1547	0.644724	198	4	5	145	396	39	851	#
1548	0.792449	107	378	225	97	852	#
1549	0.792449	107	378	174	156	97	852	#
1550	0.792449	107	443	21	20	275	212	214	156	97	852	#
1551	0.792449	107	443	21	20	275	85	86	214	156	97	852	#
1552	0.792449	107	443	294	37	38	242	243	225	97	852	#
1553	0.884834	319	21	20	471	68	853	#
1554	0.884834	319	248	249	20	471	68	853	#
1555	0.884834	319	21	146	105	471	68	853	#
1556	0.884834	319	21	20	471	120	69	853	#
1557	0.884834	319	21	494	201	202	149	150	69	853	#
1558	0.583081	15	16	338	94	#
1559	0.689534	494	20	419	220	66	#
1560	0.933988	213	473	67	264	854	#
1561	0.933988	91	198	473	67	264	854	#
1562	0.933988	213	4	292	30	413	854	#
1563	0.933988	213	4	292	152	29	413	854	#
1564	0.933988	213	473	54	66	264	854	#
1565	0.818852	157	338	372	202	185	63	855	#
1566	0.818852	157	424	166	69	44	43	855	#
1567	0.818852	157	424	166	120	68	44	43	855	#
1568	0.818852	157	424	17	167	69	44	43	855	#
1569	0.787684	169	73	333	856	#
1570	0.787684	168	74	333	856	#
1571	0.787684	169	73	376	135	76	856	#
1572	0.787684	169	201	372	366	856	#
1573	0.787684	169	73	376	135	136	75	856	#
1574	0.419368	438	24	857	#
1575	0.419368	438	9	8	857	#
1576	0.817331	239	350	6	80	79	291	132	#
1577	0.785524	234	313	375	163	162	206	232	858	#
1578	0.785524	234	290	240	231	858	#
1579	0.785524	0	1	313	375	163	162	206	232	858	#
1580	0.785524	0	1	290	240	231	858	#
1581	0.785524	234	346	429	206	232	858	#
1582	0.816167	177	142	464	104	859	#
1583	0.816167	178	306	859	#
1584	0.816167	178	165	464	104	859	#
1585	0.816167	178	164	142	464	104	859	#
1586	0.816167	177	164	306	859	#
1587	0.875102	362	106	107	350	6	358	121	860	#
1588	0.875102	362	106	107	350	6	358	157	158	860	#
1589	0.875102	362	106	107	350	6	80	79	179	121	860	#
1590	0.875102	159	493	32	259	106	107	350	6	358	121	860	#
1591	0.875102	159	493	31	55	259	106	107	350	6	358	121	860	#
1592	0.887172	366	372	202	861	#
1593	0.887172	333	73	201	202	861	#
1594	0.887172	383	317	202	861	#
1595	0.887172	333	74	168	169	201	202	861	#
1596	0.747756	177	142	141	49	47	48	38	37	143	15	25	26	13	862	#
1597	0.747756	481	156	214	212	199	392	26	13	862	#
1598	0.747756	481	156	214	86	85	199	392	26	13	862	#
1599	0.747756	178	165	141	49	47	48	38	37	143	15	25	26	13	862	#
1600	0.747756	178	164	142	141	49	47	48	38	37	143	15	25	26	13	862	#
1601	0.846961	4	337	302	11	10	167	150	863	#
1602	0.846961	4	337	302	11	10	17	166	150	863	#
1603	0.846961	4	337	41	12	11	10	167	150	863	#
1604	0.846961	4	337	41	12	11	10	17	166	150	863	#
1605	0.846961	328	331	73	201	202	149	863	#
1606	0.884695	229	470	223	864	#
1607	0.884695	229	470	118	119	864	#
1608	0.884695	195	230	470	223	864	#
1609	0.884695	195	230	470	118	119	864	#
1610	0.884695	183	182	230	470	223	864	#
1611	1.23992	161	280	109	210	474	441	393	255	865	#
1612	1.23992	161	280	109	210	474	441	393	100	99	865	#
1613	1.23992	160	192	280	109	210	474	441	393	255	865	#
1614	1.23992	160	192	280	109	210	474	441	393	100	99	865	#
1615	1.23992	161	280	109	210	474	441	257	197	132	255	865	#
1616	1.02392	27	28	121	503	866	#
1617	1.02392	27	28	158	157	503	866	#
1618	1.02392	191	444	248	438	148	110	280	161	866	#
1619	0.0253855	45	#
1620	0.521285	17	500	116	130	867	#
1621	0.521285	17	500	115	253	130	867	#
1622	0.521285	17	500	116	57	129	867	#
1623	0.521285	17	500	115	253	57	129	867	#
1624	0.521285	17	10	11	308	259	58	130	867	#
1625	0.795188	256	268	177	868	#
1626	0.795188	256	268	178	164	868	#
1627	0.795188	135	153	268	177	868	#
1628	0.795188	135	153	268	178	164	868	#
1629	0.795188	256	273	86	214	156	481	177	868	#
1630	1.172	221	70	363	111	869	#
1631	1.172	222	184	363	111	869	#
1632	1.172	222	71	70	363	111	869	#
1633	1.172	221	70	363	159	112	869	#
1634	1.172	221	71	184	363	111	869	#
1635	1.05138	126	272	45	16	15	301	870	#
1636	1.05138	244	125	272	45	16	15	301	870	#
1637	1.05138	126	272	87	46	16	15	301	870	#
1638	1.05138	244	125	272	87	46	16	15	301	870	#
1639	1.05138	414	128	272	45	16	15	301	870	#
1640	0.738245	186	113	189	332	65	98	238	237	207	81	871	#
1641	0.738245	186	113	189	49	47	48	242	483	371	175	208	81	871	#
1642	0.738245	186	113	189	49	47	48	242	243	174	371	175	208	81	871	#
1643	0.738245	186	113	189	49	47	48	242	483	371	175	226	207	81	871	#
1644	0.738245	186	113	189	49	47	48	242	243	174	371	175	226	207	81	871	#
1645	0.550363	107	106	259	32	493	#
1646	0.817464	109	210	474	38	242	483	371	872	#
1647	0.817464	109	210	474	38	242	243	174	371	872	#
1648	0.571488	243	242	48	47	411	873	#
1649	0.571488	174	483	242	48	47	411	873	#
1650	0.744839	117	453	874	#
1651	0.744839	170	171	453	874	#
1652	0.744839	170	318	350	6	364	874	#
1653	1.54119	510	110	280	251	875	#
1654	1.54119	510	110	280	161	252	875	#
1655	1.54119	510	110	280	192	160	252	875	#
1656	1.54119	369	78	172	442	252	875	#
1657	1.54119	369	78	172	442	161	251	875	#
1658	0.819041	285	42	9	88	83	876	#
1659	0.819041	285	42	8	24	88	83	876	#
1660	0.819041	285	42	8	246	247	876	#
1661	0.819041	85	275	20	21	436	876	#
1662	0.819041	85	199	200	479	148	88	83	876	#
1663	0.75853	419	471	120	877	#
1664	0.75853	336	106	259	308	11	10	167	877	#
1665	0.75853	336	106	259	308	11	10	17	166	877	#
1666	0.75853	419	471	68	69	877	#
1667	0.75853	219	7	350	107	106	259	308	11	10	167	877	#
1668	0.114454	23	1	223	878	#
1669	0.114454	23	1	119	118	878	#
1670	0.114454	22	151	1	223	878	#
1671	0.114454	23	0	234	223	878	#
1672	0.114454	22	151	1	119	118	878	#
1673	0.602883	44	448	32	259	58	57	879	#
1674	0.602883	44	448	31	55	259	58	57	879	#
1675	0.602883	44	69	167	500	116	57	879	#
1676	0.602883	44	69	166	17	500	116	57	879	#
1677	0.602883	44	69	167	500	115	253	57	879	#
1678	0.768504	186	113	189	49	47	48	38	37	143	15	25	26	13	880	#
1679	0.768504	186	113	189	49	47	48	38	37	143	15	25	26	14	72	880	#
1680	0.507379	341	253	57	881	#
1681	0.507379	341	115	116	57	881	#
1682	0.507379	210	308	259	58	57	881	#
1683	0.507379	341	253	130	129	881	#
1684	0.507379	341	115	116	130	129	881	#
1685	0.66913	368	5	122	882	#
1686	0.66913	59	60	396	145	122	882	#
1687	0.66913	368	5	3	2	882	#
1688	0.66913	59	60	396	145	3	2	882	#
1689	0.66913	59	60	396	144	5	122	882	#
1690	0.712681	44	69	166	495	25	26	13	883	#
1691	0.712681	44	68	120	166	495	25	26	13	883	#
1692	0.712681	44	69	167	507	25	26	13	883	#
1693	0.712681	44	69	166	17	507	25	26	13	883	#
1694	0.712681	44	69	150	149	202	372	16	25	26	13	883	#
1695	0.482408	213	322	130	116	884	#
1696	0.482408	213	322	130	253	115	884	#
1697	0.482408	198	91	322	130	116	884	#
1698	0.482408	213	322	129	57	116	884	#
1699	0.482408	198	91	322	130	253	115	884	#
1700	0.109056	207	237	#
1701	1.0963	351	259	308	885	#
1702	1.0963	447	46	372	202	149	150	167	10	11	885	#
1703	1.0963	447	46	372	202	149	150	166	17	10	11	885	#
1704	1.0963	221	386	10	11	885	#
1705	1.0963	71	422	73	201	202	149	150	167	10	11	885	#
1706	0.889207	211	169	73	422	184	886	#
1707	0.889207	211	168	74	422	184	886	#
1708	0.889207	211	169	73	422	71	70	886	#
1709	0.889207	211	168	74	422	71	70	886	#
1710	0.889207	34	33	190	303	70	886	#
1711	1.21687	289	57	361	887	#
1712	1.21687	56	171	318	107	443	21	402	217	344	90	887	#
1713	1.21687	289	454	21	402	217	344	90	887	#
1714	1.21687	289	278	187	218	344	90	887	#
1715	1.21687	289	57	58	259	270	887	#
1716	0.349043	9	88	83	84	223	155	888	#
1717	0.349043	9	88	83	84	118	119	155	888	#
1718	0.349043	8	24	88	83	84	223	155	888	#
1719	0.349043	8	24	88	83	84	118	119	155	888	#
1720	0.328121	394	179	#
1721	0.333356	157	179	394	#
1722	0.814843	195	310	106	259	55	889	#
1723	0.814843	182	183	310	106	259	55	889	#
1724	0.814843	195	310	106	259	32	31	889	#
1725	0.814843	230	297	248	443	106	259	55	889	#
1726	0.814843	182	183	310	106	259	32	31	889	#
1727	0.670141	12	474	38	242	243	225	97	890	#
1728	0.670141	12	474	38	242	483	156	97	890	#
1729	0.670141	12	474	38	242	243	174	156	97	890	#
1730	0.670141	266	47	48	242	243	225	97	890	#
1731	0.670141	266	47	48	242	483	156	97	890	#
1732	0.434717	106	259	261	119	234	891	#
1733	0.434717	106	259	261	119	1	0	891	#
1734	0.434717	106	259	261	118	223	234	891	#
1735	0.434717	106	259	261	118	223	1	0	891	#
1736	1.01545	92	198	4	5	122	77	172	442	160	892	#
1737	1.01545	92	91	213	4	5	122	77	172	442	160	892	#
1738	1.01545	92	198	4	5	3	2	77	172	442	160	892	#
1739	1.01545	92	91	213	4	5	3	2	77	172	442	160	892	#
1740	1.01545	92	198	4	5	122	103	173	442	160	892	#
1741	0.75606	119	261	259	106	336	220	893	#
1742	0.75606	223	118	261	259	106	336	220	893	#
1743	0.75606	119	261	259	106	107	350	7	219	220	893	#
1744	0.75606	223	118	261	259	106	107	350	7	219	220	893	#
1745	0.798606	441	474	11	894	#
1746	0.798606	182	176	371	483	242	38	474	11	894	#
1747	0.798606	182	176	371	174	243	242	38	474	11	894	#
1748	0.798606	441	37	143	15	507	10	894	#
1749	0.798606	441	37	143	15	495	17	10	894	#
1750	1.08186	60	309	389	181	895	#
1751	1.08186	326	162	325	181	895	#
1752	1.08186	60	39	418	206	162	325	181	895	#
1753	1.08186	60	39	387	193	180	181	895	#
1754	1.08186	60	40	104	418	206	162	325	181	895	#
1755	0.773411	174	378	107	239	896	#
1756	0.773411	214	212	275	20	21	454	129	896	#
1757	0.773411	214	86	85	275	20	21	454	129	896	#
1758	0.773411	483	242	38	37	294	454	129	896	#
1759	0.773411	174	243	242	38	37	294	454	129	896	#
1760	0.82981	112	286	332	897	#
1761	0.82981	111	159	286	332	897	#
1762	0.82981	112	462	98	65	897	#
1763	0.82981	111	159	462	98	65	897	#
1764	0.603104	185	149	305	119	1	151	898	#
1765	0.603104	185	149	305	119	234	0	151	898	#
1766	0.603104	185	149	305	118	223	1	151	898	#
1767	0.603104	185	149	305	118	223	234	0	151	898	#
1768	0.603104	185	149	150	167	10	451	0	151	898	#
1769	1.01825	1	223	470	229	258	82	899	#
1770	1.01825	1	119	118	470	229	258	82	899	#
1771	1.01825	0	234	223	470	229	258	82	899	#
1772	1.01825	0	234	119	118	470	229	258	82	899	#
1773	1.01825	1	223	470	229	183	257	82	899	#
1774	0.238164	280	110	#
1775	0.713743	197	373	33	900	#
1776	0.713743	197	258	229	497	33	900	#
1777	0.713743	197	257	183	229	497	33	900	#
1778	0.713743	197	257	182	230	497	33	900	#
1779	0.713743	197	258	195	230	497	33	900	#
1780	1.12014	208	175	176	195	310	107	318	901	#
1781	1.12014	208	175	176	182	183	310	107	318	901	#
1782	1.12014	207	327	183	310	107	318	901	#
1783	1.12014	207	226	175	176	195	310	107	318	901	#
1784	1.12014	207	226	175	176	182	183	310	107	318	901	#
1785	0.0989951	36	#
1786	0.552361	134	60	404	350	902	#
1787	0.552361	133	59	60	404	350	902	#
1788	0.759423	7	350	107	443	294	37	903	#
1789	0.759423	250	6	350	107	443	294	37	903	#
1790	0.759423	250	358	338	16	15	143	37	903	#
1791	0.759423	7	6	358	338	16	15	143	37	903	#
1792	0.759423	250	364	216	232	231	293	37	903	#
1793	0.893189	23	1	223	379	431	90	89	904	#
1794	0.893189	23	1	119	118	379	431	90	89	904	#
1795	0.893189	22	151	1	223	379	431	90	89	904	#
1796	0.893189	23	0	234	223	379	431	90	89	904	#
1797	0.893189	22	151	1	119	118	379	431	90	89	904	#
1798	0.930001	251	280	110	479	200	905	#
1799	0.930001	251	280	446	495	15	200	905	#
1800	0.930001	251	280	446	17	507	15	200	905	#
1801	0.930001	251	280	109	210	474	37	143	200	905	#
1802	0.930001	252	161	280	110	479	200	905	#
1803	0.16072	242	38	37	#
1804	0.75863	130	239	350	6	80	79	93	463	124	906	#
1805	0.75863	130	239	350	6	80	79	93	463	123	131	906	#
1806	0.75863	58	106	107	350	6	80	79	93	463	124	906	#
1807	0.75863	58	106	107	350	6	80	79	93	463	123	131	906	#
1808	0.75863	57	129	239	350	6	80	79	93	463	124	906	#
1809	0.729924	161	280	446	495	907	#
1810	0.729924	161	280	446	17	507	907	#
1811	0.729924	160	192	280	446	495	907	#
1812	0.729924	161	280	109	210	11	10	507	907	#
1813	0.729924	161	280	109	210	11	10	17	495	907	#
1814	0.811998	49	266	379	223	908	#
1815	0.811998	49	266	379	118	119	908	#
1816	0.811998	49	266	41	415	1	908	#
1817	0.811998	49	266	41	415	0	234	908	#
1818	0.811998	49	411	69	167	10	451	234	908	#
1819	0.772528	69	411	47	48	242	483	371	175	226	909	#
1820	0.772528	69	411	47	48	242	243	174	371	175	226	909	#
1821	0.772528	120	68	411	47	48	242	483	371	175	226	909	#
1822	0.772528	120	68	411	47	48	242	243	174	371	175	226	909	#
1823	0.772528	69	411	47	48	242	483	371	175	208	207	909	#
1824	0.932373	132	255	425	910	#
1825	0.932373	132	100	99	425	910	#
1826	0.932373	132	255	380	244	910	#
1827	0.932373	132	100	99	380	244	910	#
1828	0.932373	291	79	352	125	910	#
1829	1.14932	140	416	198	4	911	#
1830	1.14932	140	416	91	213	4	911	#
1831	1.14932	140	301	15	25	26	240	231	232	360	144	911	#
1832	1.14932	140	301	15	16	508	172	77	122	5	911	#
1833	1.14932	140	301	15	476	248	319	144	911	#
1834	0.831975	307	#
1835	1.04931	89	114	113	189	49	47	48	242	381	123	912	#
1836	1.04931	90	186	113	189	49	47	48	242	381	123	912	#
1837	1.04931	90	344	217	204	203	209	185	202	317	912	#
1838	1.04931	89	114	113	189	49	47	48	242	381	131	124	912	#
1839	1.04931	90	344	218	188	204	203	209	185	202	317	912	#
1840	0.720382	53	295	6	358	434	#
1841	0.409309	161	280	110	148	24	913	#
1842	0.409309	161	280	110	147	52	24	913	#
1843	0.409309	160	192	280	110	148	24	913	#
1844	0.409309	160	192	280	110	147	52	24	913	#
1845	0.393405	130	428	108	914	#
1846	0.393405	129	57	428	108	914	#
1847	0.393405	130	428	53	190	914	#
1848	0.393405	129	57	428	53	190	914	#
1849	0.397102	156	214	86	273	915	#
1850	0.397102	225	382	915	#
1851	0.397102	156	174	382	915	#
1852	1.03399	219	7	397	916	#
1853	1.03399	219	250	6	397	916	#
1854	1.03399	219	250	80	79	377	141	165	916	#
1855	1.03399	219	250	80	79	377	141	142	164	916	#
1856	1.03399	219	7	6	80	79	377	141	165	916	#
1857	0.959643	135	235	307	137	#
1858	0.78467	425	125	#
1859	0.659278	256	273	85	199	200	143	917	#
1860	0.659278	256	382	243	242	38	37	917	#
1861	0.659278	135	153	273	85	199	200	143	917	#
1862	0.659278	135	153	382	243	242	38	37	917	#
1863	0.659278	256	273	86	214	483	242	38	37	917	#
1864	1.0723	85	275	20	21	443	107	318	918	#
1865	1.0723	85	275	20	249	248	443	107	318	918	#
1866	1.0723	85	275	105	146	21	443	107	318	918	#
1867	1.0723	86	212	275	20	21	443	107	318	918	#
1868	1.0723	85	199	200	143	475	918	#
1869	1.05294	30	406	190	33	34	211	439	188	919	#
1870	1.05294	29	138	466	419	20	402	188	919	#
1871	1.05294	29	152	406	190	33	34	211	439	188	919	#
1872	1.05294	30	137	466	419	20	402	188	919	#
1873	1.05294	29	152	137	466	419	20	402	188	919	#
1874	1.19846	346	172	78	369	95	920	#
1875	1.19846	155	445	244	334	920	#
1876	1.19846	119	261	259	351	70	96	920	#
1877	1.19846	223	118	261	259	351	70	96	920	#
1878	1.19846	155	445	125	126	334	920	#
1879	0.857309	121	358	6	350	107	106	259	32	493	921	#
1880	0.857309	121	358	6	350	107	106	259	55	31	493	921	#
1881	0.857309	158	157	358	6	350	107	106	259	32	493	921	#
1882	0.857309	121	179	79	80	6	350	107	106	259	32	493	921	#
1883	0.857309	158	157	358	6	350	107	106	259	55	31	493	921	#
1884	0.978214	137	466	419	471	68	922	#
1885	0.978214	137	466	336	106	259	32	448	922	#
1886	0.978214	137	466	336	106	259	55	31	448	922	#
1887	0.978214	137	466	336	443	21	20	471	68	922	#
1888	0.978214	137	466	219	7	350	107	106	259	32	448	922	#
1889	0.924539	237	327	393	100	264	66	923	#
1890	0.924539	237	226	472	281	54	923	#
1891	0.924539	237	226	175	176	182	393	100	264	66	923	#
1892	0.924539	237	207	311	197	132	100	264	66	923	#
1893	0.924539	237	327	393	255	99	264	66	923	#
1894	0.951244	96	70	303	190	33	924	#
1895	0.951244	96	70	303	108	53	33	924	#
1896	0.951244	96	184	339	190	33	924	#
1897	0.951244	96	184	339	108	53	33	924	#
1898	0.951244	96	70	71	339	190	33	924	#
1899	0.0528363	24	#
1900	0.645588	213	4	144	396	39	925	#
1901	0.645588	91	198	4	144	396	39	925	#
1902	0.645588	213	4	144	396	40	104	925	#
1903	0.645588	91	198	4	144	396	40	104	925	#
1904	0.645588	213	4	5	145	396	39	925	#
1905	0.659129	245	492	116	130	926	#
1906	0.659129	245	492	115	253	130	926	#
1907	0.659129	245	111	493	32	259	58	130	926	#
1908	0.659129	245	111	493	31	55	259	58	130	926	#
1909	0.659129	245	492	116	57	129	926	#
1910	0.888715	195	359	927	#
1911	0.888715	182	183	359	927	#
1912	0.765861	215	453	171	928	#
1913	0.765861	215	453	117	170	928	#
1914	0.765861	215	364	6	350	318	928	#
1915	0.765861	191	27	28	121	358	6	350	318	928	#
1916	0.765861	191	27	28	158	157	358	6	350	318	928	#
1917	1.19857	376	73	423	148	110	280	929	#
1918	1.19857	153	273	285	302	210	109	280	929	#
1919	1.19857	153	273	285	41	12	210	109	280	929	#
1920	1.19857	376	73	201	202	149	150	166	446	280	929	#
1921	1.19857	376	73	423	52	147	110	280	929	#
1922	0.93605	178	397	6	930	#
1923	0.93605	177	164	397	6	930	#
1924	0.93605	178	397	7	250	930	#
1925	0.93605	177	164	397	7	250	930	#
1926	0.472955	58	130	322	91	92	931	#
1927	0.472955	58	57	129	322	91	92	931	#
1928	0.472955	58	57	282	205	931	#
1929	0.472955	58	130	322	91	254	205	931	#
1930	0.472955	58	57	129	322	91	254	205	931	#
1931	0.867398	250	80	79	472	226	237	932	#
1932	0.867398	7	6	80	79	472	226	237	932	#
1933	0.867398	250	80	79	260	207	237	932	#
1934	0.867398	7	6	80	79	260	207	237	932	#
1935	0.867398	250	80	79	472	208	207	237	932	#
1936	0.454786	32	259	106	107	350	6	933	#
1937	0.454786	31	55	259	106	107	350	6	933	#
1938	0.454786	32	259	58	130	239	350	6	933	#
1939	0.454786	31	55	259	58	130	239	350	6	933	#
1940	0.454786	32	259	106	107	350	7	250	933	#
1941	0.768679	220	336	106	259	261	118	934	#
1942	0.768679	220	219	7	350	107	106	259	261	118	934	#
1943	0.768679	220	336	106	259	261	119	223	934	#
1944	0.768679	220	219	250	6	350	107	106	259	261	118	934	#
1945	0.768679	220	219	7	350	107	106	259	261	119	223	934	#
1946	0.869218	68	448	32	259	58	130	322	91	92	935	#
1947	0.869218	68	448	31	55	259	58	130	322	91	92	935	#
1948	0.869218	471	20	433	935	#
1949	0.869218	68	448	32	259	58	57	129	322	91	92	935	#
1950	0.869218	68	448	31	55	259	58	57	129	322	91	92	935	#
1951	0.560744	288	45	#
1952	0.744094	1	223	84	83	88	148	479	936	#
1953	0.744094	1	119	118	84	83	88	148	479	936	#
1954	0.744094	0	234	223	84	83	88	148	479	936	#
1955	0.744094	1	223	84	83	88	52	147	479	936	#
1956	0.744094	0	234	119	118	84	83	88	148	479	936	#
1957	0.701157	80	6	350	239	130	437	9	52	937	#
1958	0.701157	80	6	350	107	106	58	437	9	52	937	#
1959	0.701157	80	6	350	239	130	437	8	24	52	937	#
1960	0.701157	80	6	350	239	129	57	437	9	52	937	#
1961	0.701157	80	6	350	239	130	437	9	148	147	937	#
1962	0.540758	79	80	6	350	107	106	259	32	938	#
1963	0.540758	79	80	6	350	107	106	259	55	31	938	#
1964	0.540758	179	358	6	350	107	106	259	32	938	#
1965	0.540758	179	358	6	350	107	106	259	55	31	938	#
1966	0.514196	507	10	11	12	939	#
1967	0.514196	495	17	10	11	12	939	#
1968	0.514196	495	166	167	10	11	12	939	#
1969	0.699734	89	114	113	189	332	65	98	238	237	207	940	#
1970	0.699734	89	114	113	189	49	47	48	242	483	371	175	208	940	#
1971	0.699734	89	114	113	189	49	47	48	242	243	174	371	175	208	940	#
1972	0.699734	89	114	113	189	49	47	48	242	483	371	175	226	207	940	#
1973	0.699734	89	114	113	189	49	47	48	242	243	174	371	175	226	207	940	#
1974	0.722437	444	21	402	188	#
1975	0.855324	324	336	106	259	261	119	1	23	941	#
1976	0.855324	324	336	106	259	261	119	1	151	22	941	#
1977	0.855324	324	336	106	259	261	119	234	0	23	941	#
1978	0.855324	281	79	352	125	445	154	22	941	#
1979	0.855324	67	220	336	106	259	261	119	1	23	941	#
1980	0.519686	32	496	942	#
1981	0.519686	31	55	496	942	#
1982	0.519686	448	69	150	149	185	209	942	#
1983	0.519686	448	68	120	150	149	185	209	942	#
1984	1.12	333	73	423	88	83	943	#
1985	1.12	366	372	365	943	#
1986	1.12	333	73	201	365	943	#
1987	1.12	333	74	168	169	423	88	83	943	#
1988	1.12	333	73	423	24	246	247	943	#
1989	0.983977	44	448	32	259	58	57	289	944	#
1990	0.983977	44	448	31	55	259	58	57	289	944	#
1991	0.983977	44	69	167	449	117	56	944	#
1992	0.983977	44	69	166	17	449	117	56	944	#
1993	0.983977	44	68	120	167	449	117	56	944	#
1994	0.623871	14	26	25	507	945	#
1995	0.623871	14	26	25	495	17	945	#
1996	0.623871	72	13	26	25	507	945	#
1997	0.623871	72	13	26	25	495	17	945	#
1998	0.623871	14	26	25	495	166	167	945	#
1999	0.729625	400	147	110	109	#
