%% File generated by CATS v.2.1Mon Jul  4 11:06:48 2011

%% The CATS webpage is http://robotics.stanford.edu/CATS

%% PARAMETER SETTINGS:
% Goods: 256; Bids: 1000; Distribution: paths; Runs: 1; Seed: 1309806527
% Paths Distribution Parameters:
% Initial connections:       = 2
% Edge density:              = 3.000000
% Shipping cost factor:      = 1.500000
% Max bid set size:          = 5
% Building penalty:          = 1.700000



goods 256
bids 1002
dummy 531

0	1.28114	29	76	130	212	256	#
1	1.28114	18	62	192	256	#
2	1.28114	29	76	116	117	130	170	256	#
3	1.28114	18	172	174	182	256	#
4	1.28114	18	151	157	174	256	#
5	0.919281	42	137	161	244	257	#
6	0.919281	24	129	137	257	#
7	0.919281	24	42	137	183	257	#
8	0.919281	42	48	137	151	257	#
9	0.919281	18	19	129	137	257	#
10	0.782178	81	86	163	193	#
11	0.837314	25	26	37	60	107	108	109	110	153	258	#
12	0.837314	25	26	36	60	87	107	108	109	110	153	258	#
13	0.837314	25	26	37	60	107	108	109	110	195	224	258	#
14	0.600516	60	81	94	141	#
15	0.334055	23	46	233	259	#
16	0.334055	23	46	67	68	259	#
17	0.334055	23	47	70	233	259	#
18	0.334055	23	47	67	68	70	259	#
19	0.495024	70	146	233	260	#
20	0.495024	67	68	70	146	260	#
21	0.598216	4	29	117	135	#
22	0.774183	89	90	108	109	110	111	134	261	#
23	0.774183	15	89	90	108	109	110	111	147	261	#
24	0.774183	14	89	90	107	108	109	110	111	147	261	#
25	0.692755	32	188	262	#
26	0.692755	31	116	188	262	#
27	0.851453	0	19	43	116	170	204	#
28	0.357685	6	134	263	#
29	0.357685	6	15	147	263	#
30	0.357685	7	100	134	263	#
31	0.357685	6	14	107	147	263	#
32	0.357685	7	15	100	147	263	#
33	0.97181	71	246	264	#
34	0.97181	64	86	118	242	254	264	#
35	0.97181	62	86	174	242	254	264	#
36	0.97181	62	63	64	86	242	254	264	#
37	0.97181	65	86	118	121	189	242	264	#
38	1.01573	29	32	117	135	201	265	#
39	1.01573	29	31	116	117	135	201	265	#
40	1.01573	5	14	26	32	201	240	265	#
41	0.933587	32	70	97	142	233	266	#
42	0.933587	4	29	32	94	98	117	135	266	#
43	0.933587	32	67	68	70	97	142	266	#
44	0.933587	31	70	97	116	142	233	266	#
45	0.933587	4	29	31	94	98	116	117	135	266	#
46	0.641437	46	234	267	#
47	0.641437	47	70	234	267	#
48	0.607277	108	109	110	134	268	#
49	0.607277	15	108	109	110	147	268	#
50	0.607277	14	107	108	109	110	147	268	#
51	0.607277	66	147	230	268	#
52	0.709744	29	117	158	#
53	1.06632	3	89	159	269	#
54	1.06632	3	31	89	115	220	269	#
55	1.06632	3	31	89	115	119	171	269	#
56	1.06632	3	31	89	90	99	115	171	269	#
57	1.06632	3	30	32	89	101	115	117	119	209	269	#
58	0.98451	51	182	240	270	#
59	0.98451	32	64	221	270	#
60	0.98451	31	64	116	221	270	#
61	0.98451	4	29	37	55	117	135	153	270	#
62	0.98451	70	112	142	215	233	270	#
63	0.722239	31	81	188	271	#
64	0.722239	88	217	271	#
65	0.373289	9	156	#
66	0.807767	16	82	102	163	272	#
67	0.807767	16	81	102	114	163	272	#
68	0.807767	17	82	101	163	272	#
69	0.807767	17	81	101	114	163	272	#
70	1.03965	167	170	273	#
71	1.03965	105	116	124	158	170	273	#
72	0.532612	37	55	237	274	#
73	0.532612	27	55	87	194	274	#
74	0.532612	27	36	37	55	194	274	#
75	0.532612	36	55	87	237	274	#
76	0.532612	37	54	112	237	274	#
77	0.370485	178	#
78	0.352131	18	31	170	#
79	0.355535	42	161	#
80	0.496962	10	100	113	140	#
81	0.917032	64	71	77	86	242	254	275	#
82	0.917032	65	71	77	86	121	189	242	275	#
83	0.917032	64	71	77	86	112	121	189	242	275	#
84	0.917032	43	56	57	65	218	275	#
85	0.917032	43	56	57	64	112	218	275	#
86	0.911004	10	11	35	93	96	113	169	276	#
87	0.911004	33	61	93	96	113	169	276	#
88	0.911004	33	34	35	93	96	113	169	276	#
89	0.911004	10	61	93	96	113	123	169	276	#
90	0.911004	10	11	35	52	53	93	169	276	#
91	0.6146	116	158	277	#
92	0.6146	31	32	158	277	#
93	0.0716326	90	#
94	0.425093	111	230	#
95	1.148	25	37	55	60	153	154	278	#
96	1.148	24	172	182	278	#
97	1.148	24	151	157	278	#
98	1.148	24	50	131	182	278	#
99	1.148	18	19	172	182	278	#
100	0.628847	60	195	219	279	#
101	0.628847	60	94	95	219	279	#
102	0.770147	240	252	280	#
103	0.770147	28	29	117	200	280	#
104	0.770147	27	29	117	120	200	280	#
105	0.770147	29	76	85	117	147	252	280	#
106	0.770147	29	76	84	100	117	147	252	280	#
107	0.372839	138	166	#
108	0.134577	53	#
109	0.836104	117	126	158	281	#
110	0.836104	71	105	117	158	184	281	#
111	0.836104	72	105	117	124	158	281	#
112	0.836104	0	43	56	57	71	77	117	204	281	#
113	0.836104	29	78	187	242	281	#
114	0.631486	121	216	282	#
115	0.631486	54	122	216	282	#
116	0.757291	70	142	233	283	#
117	0.757291	67	68	70	142	283	#
118	0.757291	4	29	117	135	195	283	#
119	0.757291	4	29	94	95	117	135	283	#
120	0.757291	29	70	76	85	117	146	233	283	#
121	0.932785	112	121	150	157	284	#
122	0.932785	37	60	69	122	153	219	284	#
123	0.932785	64	65	121	150	157	284	#
124	0.932785	55	122	150	157	284	#
125	0.932785	36	60	69	87	122	153	219	284	#
126	0.92033	0	248	285	#
127	0.92033	0	1	51	120	245	252	285	#
128	0.92033	0	1	27	28	51	245	252	285	#
129	0.92033	0	1	40	51	120	145	252	285	#
130	0.92033	0	1	50	66	120	245	252	285	#
131	1.03103	18	137	144	286	#
132	1.03103	19	24	137	144	286	#
133	1.03103	45	120	196	252	286	#
134	1.03103	44	80	120	196	252	286	#
135	1.03103	18	27	29	137	200	212	286	#
136	0.934563	40	91	149	287	#
137	0.934563	36	74	91	223	253	287	#
138	0.934563	37	55	64	74	91	118	223	287	#
139	0.934563	37	55	62	74	91	174	223	287	#
140	0.934563	37	55	62	63	64	74	91	223	287	#
141	1.13467	130	168	288	#
142	1.13467	2	29	76	117	130	288	#
143	0.226583	63	289	#
144	0.226583	64	174	289	#
145	0.226583	62	118	289	#
146	1.03756	33	164	290	#
147	1.03756	10	123	164	290	#
148	1.03756	10	11	34	164	290	#
149	1.03756	33	53	54	87	231	290	#
150	1.03756	33	36	37	53	54	231	290	#
151	0.897888	14	25	26	80	196	291	#
152	0.897888	14	25	26	44	45	196	291	#
153	0.897888	15	25	26	80	107	196	291	#
154	0.897888	24	25	44	137	154	291	#
155	0.897888	24	25	45	80	137	154	291	#
156	1.03086	4	37	55	64	153	228	292	#
157	1.03086	4	36	55	64	87	153	228	292	#
158	1.03086	52	55	64	87	96	231	292	#
159	1.03086	36	37	52	55	64	96	231	292	#
160	1.03086	4	65	195	215	228	292	#
161	0.794226	32	68	70	142	293	#
162	0.794226	31	68	70	116	142	293	#
163	0.818863	47	71	148	184	242	294	#
164	0.818863	46	70	71	148	184	242	294	#
165	0.818863	47	72	124	148	242	294	#
166	0.818863	46	70	72	124	148	242	294	#
167	0.818863	47	71	75	124	148	242	294	#
168	0.433702	47	66	210	295	#
169	0.433702	46	66	70	210	295	#
170	0.54765	239	296	#
171	0.54765	50	178	296	#
172	0.54765	51	66	178	296	#
173	0.998399	31	89	220	222	297	#
174	0.998399	31	89	119	171	222	297	#
175	0.998399	31	89	90	99	171	222	297	#
176	0.998399	30	32	89	101	117	119	209	222	297	#
177	0.998399	30	31	89	101	116	117	119	209	222	297	#
178	0.899136	5	14	26	45	196	298	#
179	0.899136	131	137	211	298	#
180	0.899136	5	14	26	44	80	196	298	#
181	0.899136	18	29	135	137	212	298	#
182	0.899136	5	24	137	154	298	#
183	0.0192347	64	#
184	0.87541	25	26	60	104	107	108	109	110	111	195	299	#
185	0.87541	25	26	60	99	103	107	108	109	110	111	195	299	#
186	0.87541	25	26	60	94	95	104	107	108	109	110	111	299	#
187	0.87541	97	103	175	299	#
188	0.87541	25	26	60	94	95	99	103	107	108	109	110	111	299	#
189	0.574008	116	158	#
190	0.041627	8	#
191	0.636479	9	38	197	300	#
192	0.636479	9	39	83	197	300	#
193	0.435319	19	212	301	#
194	0.435319	18	24	212	301	#
195	1.17077	75	206	302	#
196	1.17077	71	72	206	302	#
197	1.17077	16	33	71	180	181	302	#
198	1.17077	10	16	71	123	180	181	302	#
199	1.17077	10	11	16	34	71	180	181	302	#
200	0.076859	87	303	#
201	0.076859	36	37	303	#
202	0.654325	172	304	#
203	0.654325	50	131	304	#
204	0.688032	160	222	305	#
205	0.688032	10	191	222	305	#
206	0.929935	85	130	306	#
207	0.929935	84	100	130	306	#
208	0.929935	51	147	174	182	306	#
209	0.929935	51	63	64	147	182	306	#
210	0.929935	70	112	146	174	215	233	306	#
211	0.913243	8	19	243	307	#
212	0.913243	19	89	119	222	247	307	#
213	0.913243	19	89	90	99	222	247	307	#
214	0.913243	8	18	24	243	307	#
215	0.913243	18	24	89	119	222	247	307	#
216	0.707196	12	147	252	308	#
217	0.707196	13	28	147	252	308	#
218	0.809961	149	309	#
219	0.809961	36	73	223	253	309	#
220	0.809961	37	55	64	73	118	223	309	#
221	0.809961	37	55	62	73	174	223	309	#
222	0.809961	37	55	62	63	64	73	223	309	#
223	0.231574	174	310	#
224	0.231574	63	64	310	#
225	0.704656	8	9	38	67	95	197	311	#
226	0.704656	8	9	39	67	83	95	197	311	#
227	0.777771	18	151	312	#
228	0.777771	18	49	172	312	#
229	0.777771	18	49	50	131	312	#
230	0.777771	19	24	151	312	#
231	0.777771	19	48	183	312	#
232	0.709464	49	50	86	162	313	#
233	0.709464	66	78	199	313	#
234	0.709464	20	21	49	50	162	313	#
235	1.20675	43	56	57	77	93	169	314	#
236	1.20675	52	77	152	239	314	#
237	1.20675	50	52	77	152	178	314	#
238	1.20675	0	1	43	56	57	77	91	92	169	314	#
239	1.20675	0	1	43	52	56	57	77	239	245	314	#
240	0.497322	241	#
241	0.163275	108	109	#
242	1.15813	38	75	177	315	#
243	1.15813	56	57	77	251	315	#
244	1.15813	38	81	136	141	197	315	#
245	1.15813	39	75	83	177	315	#
246	1.15813	39	166	173	315	#
247	1.00879	89	90	110	111	232	316	#
248	1.00879	89	99	110	111	119	232	316	#
249	0.275269	197	#
250	0.858835	2	29	78	86	117	187	#
251	0.832944	70	96	140	146	317	#
252	0.832944	46	52	66	178	210	317	#
253	0.832944	47	52	66	70	178	210	317	#
254	0.880084	43	56	80	207	318	#
255	0.880084	0	43	56	176	318	#
256	0.880084	43	44	45	56	207	318	#
257	0.880084	0	1	43	56	80	91	128	318	#
258	0.880084	43	56	80	92	93	128	318	#
259	0.233119	78	193	#
260	1.07639	18	29	78	137	187	212	#
261	1.0194	39	251	319	#
262	1.0194	38	83	251	319	#
263	1.0194	0	43	120	166	248	319	#
264	1.0194	83	141	185	197	319	#
265	0.565772	19	29	76	84	212	320	#
266	0.565772	19	29	76	85	100	212	320	#
267	1.05199	81	90	110	111	232	321	#
268	1.05199	81	99	110	111	119	232	321	#
269	1.05199	82	90	110	111	114	232	321	#
270	1.05199	17	119	163	209	321	#
271	1.05199	17	90	99	163	209	321	#
272	0.515783	8	9	39	166	322	#
273	0.515783	8	9	38	83	166	322	#
274	0.515783	8	9	12	156	322	#
275	0.119234	12	#
276	0.729846	46	92	233	234	323	#
277	0.729846	46	67	68	92	234	323	#
278	0.823973	0	93	226	324	#
279	0.823973	46	92	95	233	234	324	#
280	0.823973	46	67	68	92	95	234	324	#
281	0.823973	47	70	92	95	233	234	324	#
282	0.823973	47	67	68	70	92	95	234	324	#
283	0.431787	6	14	26	147	325	#
284	0.431787	7	14	26	100	147	325	#
285	0.431787	6	26	107	134	325	#
286	0.559681	86	121	189	326	#
287	0.559681	78	121	236	326	#
288	0.559681	86	112	254	326	#
289	0.559681	54	86	122	189	326	#
290	0.559681	20	21	121	189	326	#
291	1.14127	8	9	251	327	#
292	1.14127	43	93	179	327	#
293	0.596962	239	328	#
294	0.596962	50	178	328	#
295	0.596962	51	66	178	328	#
296	0.701319	107	108	109	110	225	329	#
297	0.701319	3	89	90	107	108	109	110	111	329	#
298	0.701319	14	15	108	109	110	225	329	#
299	0.701319	3	14	15	89	90	108	109	110	111	329	#
300	0.701319	3	89	99	107	108	109	110	111	119	329	#
301	0.612897	14	25	26	51	245	330	#
302	0.612897	14	25	26	40	51	145	330	#
303	0.612897	14	25	26	50	66	245	330	#
304	0.612897	15	25	26	51	107	245	330	#
305	0.612897	14	25	26	40	50	66	145	330	#
306	0.708806	4	94	98	135	#
307	0.515831	15	51	245	331	#
308	0.515831	14	51	107	245	331	#
309	0.515831	15	40	51	145	331	#
310	0.515831	15	50	66	245	331	#
311	0.556213	112	121	236	332	#
312	0.556213	55	155	332	#
313	0.556213	64	65	121	236	332	#
314	0.556213	55	122	236	332	#
315	0.556213	78	86	254	332	#
316	1.03638	35	81	193	205	333	#
317	1.03638	10	11	35	81	163	181	193	333	#
318	1.03638	33	61	81	163	181	193	333	#
319	1.03638	33	34	35	81	163	181	193	333	#
320	1.03638	35	86	249	333	#
321	0.531981	25	26	60	94	98	107	334	#
322	0.531981	25	26	60	97	107	195	334	#
323	0.531981	25	26	60	94	95	97	107	334	#
324	0.531981	4	5	26	94	98	107	334	#
325	0.531981	14	15	25	26	60	94	98	334	#
326	0.683191	30	101	103	117	209	#
327	1.11916	18	64	172	182	335	#
328	1.11916	18	64	151	157	335	#
329	1.01296	14	25	26	60	195	196	336	#
330	1.01296	14	25	26	60	94	95	196	336	#
331	1.01296	46	125	233	336	#
332	1.01296	46	67	68	125	336	#
333	1.01296	47	70	125	233	336	#
334	1.03296	10	11	35	53	87	231	337	#
335	1.03296	10	11	35	36	37	53	231	337	#
336	1.03296	33	53	61	87	231	337	#
337	1.03296	33	36	37	53	61	231	337	#
338	1.03296	37	60	61	153	203	337	#
339	1.081	20	49	162	198	338	#
340	1.081	79	119	238	338	#
341	1.081	21	90	110	111	193	232	338	#
342	1.081	79	90	99	238	338	#
343	1.081	15	79	90	108	109	110	111	199	338	#
344	0.968602	37	60	102	122	153	219	339	#
345	0.968602	36	60	87	102	122	153	219	339	#
346	0.968602	37	60	102	122	195	219	224	339	#
347	0.968602	37	60	94	95	102	122	219	224	339	#
348	0.968602	60	102	121	195	215	219	339	#
349	0.707255	56	57	70	127	340	#
350	0.707255	46	56	57	139	340	#
351	0.707255	47	56	57	70	139	340	#
352	0.903705	81	141	193	197	341	#
353	0.903705	95	197	250	341	#
354	0.903705	46	95	148	197	233	341	#
355	0.903705	46	67	68	95	148	197	341	#
356	0.903705	47	70	95	148	197	233	341	#
357	0.85701	181	213	342	#
358	0.85701	70	113	140	146	342	#
359	0.85701	46	47	113	140	146	342	#
360	0.85701	22	23	46	181	208	342	#
361	0.85701	46	53	66	178	210	342	#
362	1.01296	14	25	26	60	195	196	343	#
363	1.01296	14	25	26	60	94	95	196	343	#
364	1.01296	46	125	233	343	#
365	1.01296	46	67	68	125	343	#
366	1.01296	47	70	125	233	343	#
367	0.984203	9	38	197	222	229	344	#
368	0.984203	9	38	54	202	222	344	#
369	0.984203	9	38	95	197	215	222	344	#
370	0.984203	121	190	216	344	#
371	0.984203	112	222	227	344	#
372	0.570314	70	76	85	146	345	#
373	0.570314	70	76	84	100	146	345	#
374	0.570314	46	47	76	85	146	345	#
375	0.801655	33	70	181	213	346	#
376	0.801655	10	70	123	181	213	346	#
377	0.801655	10	11	34	70	181	213	346	#
378	0.801655	33	113	140	146	346	#
379	0.801655	10	113	123	140	146	346	#
380	1.11231	123	165	235	347	#
381	1.11231	32	115	166	240	252	347	#
382	1.11231	31	115	116	166	240	252	347	#
383	1.11231	11	34	165	235	347	#
384	1.11231	28	29	32	115	117	166	200	347	#
385	1.00418	0	43	56	57	116	170	204	348	#
386	1.00418	106	116	158	170	348	#
387	1.00418	0	43	56	57	117	204	212	348	#
388	1.00418	75	77	167	170	348	#
389	1.00418	18	43	45	56	57	137	207	348	#
390	0.396553	85	168	349	#
391	0.396553	84	100	168	349	#
392	0.396553	2	29	76	85	117	349	#
393	0.396553	2	29	76	84	100	117	349	#
394	0.925909	19	29	76	85	146	212	350	#
395	0.925909	19	29	76	84	100	146	212	350	#
396	0.925909	22	23	47	129	350	#
397	0.925909	22	23	46	70	129	350	#
398	0.925909	22	23	42	47	183	350	#
399	0.814508	89	220	351	#
400	0.814508	89	119	171	351	#
401	0.814508	89	90	99	171	351	#
402	0.814508	30	89	101	116	117	119	209	351	#
403	0.814508	30	89	90	99	101	116	117	209	351	#
404	0.882066	65	93	218	352	#
405	0.882066	64	93	112	218	352	#
406	0.882066	37	55	64	74	91	92	223	352	#
407	0.882066	37	40	55	64	73	91	92	223	352	#
408	0.882066	36	55	64	74	87	91	92	223	352	#
409	0.955734	21	110	193	232	353	#
410	0.955734	15	79	108	109	110	199	353	#
411	0.955734	20	49	50	162	230	353	#
412	0.955734	14	79	107	108	109	110	199	353	#
413	0.955734	15	20	49	51	108	109	110	162	353	#
414	0.93939	58	186	354	#
415	0.93939	8	9	39	58	133	354	#
416	0.93939	8	9	38	58	83	133	354	#
417	0.93939	8	9	38	58	122	202	354	#
418	0.93939	59	121	186	354	#
419	0.367304	225	355	#
420	0.367304	3	89	90	111	355	#
421	0.625803	133	356	#
422	0.625803	83	122	202	356	#
423	0.737181	220	357	#
424	0.737181	119	171	357	#
425	0.737181	90	99	171	357	#
426	0.737181	30	101	116	117	119	209	357	#
427	0.0684866	61	358	#
428	0.0684866	34	35	358	#
429	1.16656	18	29	44	78	86	137	187	212	#
430	1.19133	18	29	78	86	137	187	212	359	#
431	1.19133	137	151	162	359	#
432	1.19133	18	20	29	79	137	187	212	359	#
433	1.19133	49	137	162	172	359	#
434	1.19133	18	81	86	132	137	193	359	#
435	0.984375	36	74	223	241	360	#
436	0.984375	36	40	73	223	241	360	#
437	0.984375	36	70	85	146	168	224	233	360	#
438	0.984375	36	67	68	70	85	146	168	224	360	#
439	0.984375	36	70	84	100	146	168	224	233	360	#
440	0.782877	77	152	184	361	#
441	0.782877	75	77	124	152	361	#
442	0.747677	3	69	89	119	209	362	#
443	0.747677	3	69	89	90	99	209	362	#
444	0.747677	3	16	17	89	119	209	362	#
445	0.747677	3	89	101	102	119	209	362	#
446	0.747677	3	16	17	89	90	99	209	362	#
447	1.33669	8	9	38	75	177	363	#
448	1.33669	8	9	56	57	77	251	363	#
449	1.33669	8	9	38	81	136	141	197	363	#
450	1.33669	8	9	39	75	83	177	363	#
451	1.33669	8	9	39	166	173	363	#
452	0.93993	133	189	364	#
453	0.93993	81	83	86	141	193	197	364	#
454	0.197632	13	365	#
455	0.197632	12	28	365	#
456	0.197632	12	27	120	365	#
457	0.848488	17	82	163	366	#
458	0.848488	17	81	114	163	366	#
459	0.848488	16	69	82	163	366	#
460	0.848488	16	69	81	114	163	366	#
461	0.848488	16	82	101	102	163	366	#
462	0.74666	0	30	43	56	117	204	#
463	0.138707	184	367	#
464	0.138707	75	124	367	#
465	1.05226	63	221	368	#
466	1.05226	29	32	76	117	130	368	#
467	1.05226	64	174	221	368	#
468	1.05226	62	255	368	#
469	1.05226	29	31	76	116	117	130	368	#
470	0.736691	86	97	250	369	#
471	0.736691	46	86	97	148	233	369	#
472	0.736691	46	67	68	86	97	148	369	#
473	0.736691	47	70	86	97	148	233	369	#
474	0.736691	47	67	68	70	86	97	148	369	#
475	0.695991	25	61	203	370	#
476	0.695991	25	34	35	203	370	#
477	0.787846	10	83	165	371	#
478	0.787846	33	83	123	165	371	#
479	0.787846	11	33	34	83	165	371	#
480	0.787846	10	38	39	165	371	#
481	0.787846	11	33	35	61	83	165	371	#
482	0.763239	72	88	167	#
483	1.17316	9	21	38	81	141	193	197	372	#
484	1.17316	9	38	41	143	197	214	372	#
485	0.962209	231	87	122	373	#
486	0.962209	231	36	37	122	373	#
487	0.962209	231	87	54	121	373	#
488	0.962209	231	36	37	54	121	373	#
489	0.962209	231	87	55	112	121	373	#
490	1.29062	3	222	227	174	374	#
491	1.29062	3	222	227	64	63	374	#
492	1.29062	3	222	9	38	202	55	174	374	#
493	1.29062	3	222	9	38	202	55	64	63	374	#
494	1.29062	3	222	227	64	118	62	374	#
495	1.17993	80	128	91	74	223	37	375	#
496	1.17993	80	128	91	40	73	223	37	375	#
497	1.17993	80	128	91	74	223	36	87	375	#
498	1.17993	80	196	14	26	25	60	153	37	375	#
499	1.17993	80	128	91	40	73	223	36	87	375	#
500	1.01108	111	110	232	193	376	#
501	1.01108	99	238	78	376	#
502	1.01108	111	110	109	108	15	199	78	376	#
503	1.01108	111	110	109	108	107	14	199	78	376	#
504	0.929088	13	27	248	0	377	#
505	0.929088	12	120	248	0	377	#
506	0.929088	12	252	51	245	1	0	377	#
507	0.929088	12	28	27	248	0	377	#
508	0.929088	12	252	51	145	40	1	0	377	#
509	0.556213	112	121	236	378	#
510	0.556213	55	155	378	#
511	0.556213	64	65	121	236	378	#
512	0.556213	55	122	236	378	#
513	0.556213	254	86	78	378	#
514	1.05611	0	204	117	30	101	209	103	379	#
515	1.05611	0	1	245	50	230	111	104	379	#
516	1.05611	0	1	245	50	230	111	99	103	379	#
517	1.05611	0	1	245	51	15	108	109	110	111	104	379	#
518	1.05611	0	1	245	51	15	108	109	110	111	99	103	379	#
519	1.18481	78	193	81	141	197	38	9	8	380	#
520	1.18481	78	193	81	141	197	83	39	9	8	380	#
521	1.18481	78	250	95	197	38	9	8	380	#
522	1.18481	78	148	46	233	95	197	38	9	8	380	#
523	1.18481	78	148	46	68	67	95	197	38	9	8	380	#
524	0.431013	184	71	242	381	#
525	0.431013	124	72	242	381	#
526	0.431013	124	75	71	242	381	#
527	0.758972	60	25	26	14	51	245	1	0	382	#
528	0.758972	60	25	26	14	51	145	40	1	0	382	#
529	0.758972	4	211	50	245	1	0	382	#
530	0.758972	94	226	0	382	#
531	0.758972	60	25	26	14	66	50	245	1	0	382	#
532	0.818625	9	38	202	383	#
533	0.818625	9	38	197	95	224	37	383	#
534	0.818625	9	39	83	202	383	#
535	0.818625	9	38	197	95	224	36	87	383	#
536	0.818625	9	39	83	197	95	224	37	383	#
537	1.03011	45	137	24	243	8	384	#
538	1.03011	80	44	137	24	243	8	384	#
539	1.03011	45	137	18	19	243	8	384	#
540	1.03011	80	44	137	18	19	243	8	384	#
541	1.03011	45	137	24	247	119	89	222	384	#
542	0.111093	31	88	#
543	0.50095	146	6	385	#
544	0.50095	146	100	7	385	#
545	0.865594	22	42	161	244	386	#
546	0.865594	22	129	24	386	#
547	0.865594	22	42	183	24	386	#
548	0.865594	22	42	48	151	386	#
549	0.865594	22	129	19	18	386	#
550	1.06951	227	222	3	#
551	0.64883	66	178	53	10	11	387	#
552	0.64883	66	178	53	33	34	387	#
553	0.64883	66	178	53	10	123	34	387	#
554	0.64883	147	140	113	10	11	387	#
555	0.64883	147	140	113	33	34	387	#
556	0.678945	49	198	388	#
557	0.678945	49	50	230	111	90	388	#
558	0.678945	49	51	15	108	109	110	111	90	388	#
559	0.533622	157	55	389	#
560	0.533622	157	112	54	389	#
561	0.622271	157	390	#
562	0.622271	49	182	390	#
563	0.560443	233	70	146	391	#
564	0.560443	67	68	70	146	391	#
565	0.560443	195	60	25	26	14	147	391	#
566	0.560443	233	46	47	146	391	#
567	0.560443	67	68	46	47	146	391	#
568	0.527765	94	141	81	#
569	0.315626	110	109	108	#
570	0.683805	50	49	162	86	392	#
571	0.683805	66	199	78	392	#
572	0.662481	73	223	37	54	393	#
573	0.662481	73	223	36	87	54	393	#
574	0.662481	73	223	37	55	112	393	#
575	0.662481	73	223	37	122	121	393	#
576	1.15186	199	15	108	109	110	225	394	#
577	1.15186	238	119	89	3	394	#
578	1.15186	199	14	107	108	109	110	225	394	#
579	1.15186	78	193	232	110	225	394	#
580	1.15186	238	99	90	89	3	394	#
581	0.623143	146	85	76	395	#
582	0.623143	146	100	84	76	395	#
583	0.623143	146	6	7	84	76	395	#
584	0.653646	68	46	148	86	396	#
585	0.653646	68	70	47	148	86	396	#
586	0.653646	68	46	148	21	20	396	#
587	0.653646	68	70	47	148	21	20	396	#
588	0.653646	67	250	86	396	#
589	0.990139	19	132	82	397	#
590	0.990139	19	132	81	114	397	#
591	0.990139	24	18	132	82	397	#
592	0.990139	24	18	132	81	114	397	#
593	0.990139	19	170	31	188	82	397	#
594	0.811869	62	149	398	#
595	0.811869	174	55	37	223	73	398	#
596	0.811869	63	64	55	37	223	73	398	#
597	0.811869	174	55	87	36	223	73	398	#
598	0.811869	63	64	55	87	36	223	73	398	#
599	0.680637	2	117	29	135	#
600	0.917346	210	15	108	109	110	225	399	#
601	0.917346	210	14	107	108	109	110	225	399	#
602	0.917346	210	15	108	109	110	111	90	89	3	399	#
603	0.543139	81	193	242	400	#
604	0.543139	81	136	71	400	#
605	0.543139	81	136	75	72	400	#
606	0.543139	82	114	193	242	400	#
607	0.0524539	19	#
608	0.431252	27	194	401	#
609	0.431252	237	36	401	#
610	0.63571	16	213	402	#
611	0.63571	69	17	213	402	#
612	0.962209	231	87	122	403	#
613	0.962209	231	36	37	122	403	#
614	0.962209	231	87	54	121	403	#
615	0.962209	231	36	37	54	121	403	#
616	0.962209	231	87	55	112	121	403	#
617	0.729294	80	196	14	26	#
618	0.84673	218	93	404	#
619	0.84673	54	37	223	74	91	92	404	#
620	0.812404	135	201	405	#
621	0.812404	200	28	166	39	405	#
622	0.50198	211	4	195	406	#
623	0.50198	211	4	94	95	406	#
624	0.50198	66	14	26	25	60	195	406	#
625	0.50198	66	14	26	25	60	94	95	406	#
626	0.0857022	6	#
627	0.995716	88	220	89	3	407	#
628	0.995716	88	171	119	89	3	407	#
629	0.995716	88	171	99	90	89	3	407	#
630	0.995716	88	116	117	30	101	209	119	89	3	407	#
631	0.995716	88	116	117	30	101	209	99	90	89	3	407	#
632	1.15774	154	25	60	195	215	408	#
633	1.15774	154	25	60	153	37	54	408	#
634	1.15774	154	25	60	94	229	408	#
635	1.15774	154	25	60	94	95	215	408	#
636	1.15774	154	25	60	153	36	87	54	408	#
637	1.07562	241	74	223	37	55	64	409	#
638	1.07562	2	32	221	409	#
639	1.07562	241	40	73	223	37	55	64	409	#
640	1.07562	2	116	31	221	409	#
641	1.07562	2	240	51	182	64	409	#
642	0.651347	148	242	71	#
643	0.789127	172	137	410	#
644	0.789127	50	131	137	410	#
645	0.789127	51	196	45	410	#
646	0.789127	51	196	80	44	410	#
647	0.789127	50	66	196	45	410	#
648	0.756892	80	196	14	26	25	#
649	1.23552	77	152	198	411	#
650	1.23552	77	152	50	230	111	90	411	#
651	1.23552	77	152	51	15	108	109	110	111	90	411	#
652	1.23552	77	57	56	43	0	1	245	198	411	#
653	1.23552	77	152	51	14	107	108	109	110	111	90	411	#
654	0.770147	252	240	412	#
655	0.770147	28	200	29	117	412	#
656	0.770147	120	27	200	29	117	412	#
657	0.770147	252	147	85	76	29	117	412	#
658	0.770147	252	147	100	84	76	29	117	412	#
659	0.930907	8	9	38	197	214	41	42	413	#
660	0.930907	8	9	39	83	197	214	41	42	413	#
661	0.930907	8	9	38	197	95	233	46	23	22	413	#
662	0.489537	15	51	145	414	#
663	0.489537	107	14	51	145	414	#
664	1.081	198	49	162	20	415	#
665	1.081	119	238	79	415	#
666	1.081	90	111	110	232	193	21	415	#
667	1.081	90	99	238	79	415	#
668	1.081	90	111	110	109	108	15	199	79	415	#
669	0.523379	141	81	#
670	0.523204	135	4	#
671	0.023523	36	#
672	0.39555	210	46	68	#
673	1.05653	18	212	29	187	416	#
674	1.05653	24	19	212	29	187	416	#
675	1.05653	18	170	116	117	29	187	416	#
676	1.05653	18	132	81	193	78	416	#
677	1.05653	18	170	31	32	117	29	187	416	#
678	1.17752	122	37	153	60	25	154	417	#
679	1.17752	122	87	36	153	60	25	154	417	#
680	1.17752	122	37	224	195	60	25	154	417	#
681	1.17752	122	37	224	95	94	60	25	154	417	#
682	1.17752	121	215	195	60	25	154	417	#
683	0.106344	28	418	#
684	0.106344	120	27	418	#
685	0.490742	120	194	419	#
686	0.490742	28	27	194	419	#
687	0.490742	28	237	36	419	#
688	0.490742	120	27	237	36	419	#
689	0.490742	138	97	224	36	419	#
690	0.857423	37	153	60	25	26	107	108	109	110	420	#
691	0.857423	87	36	153	60	25	26	107	108	109	110	420	#
692	0.857423	37	224	195	60	25	26	107	108	109	110	420	#
693	0.857423	37	224	95	94	60	25	26	107	108	109	110	420	#
694	0.857423	37	153	4	5	26	107	108	109	110	420	#
695	0.765334	203	60	421	#
696	0.765334	33	113	228	4	421	#
697	0.765334	123	10	113	228	4	421	#
698	0.765334	34	11	10	113	228	4	421	#
699	0.765334	203	25	5	4	421	#
700	0.958775	60	25	26	14	196	422	#
701	0.958775	4	5	26	14	196	422	#
702	0.958775	60	25	26	107	15	196	422	#
703	0.958775	60	25	154	24	137	45	422	#
704	0.958775	4	211	131	137	45	422	#
705	0.710258	199	15	423	#
706	0.710258	199	14	107	423	#
707	0.0862552	22	#
708	0.546564	50	245	91	92	#
709	0.761299	157	48	161	#
710	0.306656	81	193	21	#
711	0.586235	122	216	424	#
712	0.586235	37	237	13	424	#
713	0.586235	87	194	27	13	424	#
714	0.586235	37	36	194	27	13	424	#
715	0.586235	87	194	120	12	424	#
716	0.58111	200	29	#
717	0.578043	88	116	240	#
718	0.346926	229	425	#
719	0.346926	215	95	425	#
720	1.06583	248	0	43	56	57	426	#
721	1.06583	120	252	51	152	426	#
722	1.06583	27	28	252	51	152	426	#
723	0.458852	109	110	111	90	89	#
724	1.02223	228	4	153	37	122	427	#
725	1.02223	228	4	153	36	87	122	427	#
726	1.02223	96	52	231	87	122	427	#
727	1.02223	96	52	231	36	37	122	427	#
728	1.02223	228	4	195	224	37	122	427	#
729	0.396068	229	428	#
730	0.396068	215	95	428	#
731	0.396068	54	37	224	95	428	#
732	0.396068	54	87	36	224	95	428	#
733	0.396068	112	55	37	224	95	428	#
734	0.481238	245	51	14	429	#
735	0.481238	40	145	51	14	429	#
736	0.481238	245	50	66	14	429	#
737	0.479141	150	17	#
738	0.633358	122	37	153	60	25	26	14	#
739	1.15774	215	195	60	25	154	430	#
740	1.15774	54	37	153	60	25	154	430	#
741	1.15774	229	94	60	25	154	430	#
742	1.15774	215	95	94	60	25	154	430	#
743	1.15774	54	87	36	153	60	25	154	430	#
744	0.106976	68	#
745	0.0340179	81	#
746	0.947628	153	60	25	26	107	108	109	110	111	99	431	#
747	0.947628	224	195	60	25	26	107	108	109	110	111	99	431	#
748	0.947628	224	97	175	431	#
749	0.947628	224	95	94	60	25	26	107	108	109	110	111	99	431	#
750	0.947628	153	4	5	26	107	108	109	110	111	99	431	#
751	0.650678	115	32	240	432	#
752	0.650678	115	31	116	240	432	#
753	0.669414	47	234	433	#
754	0.669414	70	46	234	433	#
755	0.688282	108	109	110	225	434	#
756	0.688282	108	109	110	111	90	89	3	434	#
757	0.688282	108	109	110	111	99	119	89	3	434	#
758	1.02204	126	242	86	254	64	435	#
759	1.02204	126	242	86	189	121	65	435	#
760	1.02204	126	242	86	189	121	112	64	435	#
761	1.02204	105	184	71	242	86	254	64	435	#
762	1.02204	105	124	72	242	86	254	64	435	#
763	1.00124	216	189	436	#
764	1.00124	12	252	51	49	162	436	#
765	1.00124	13	237	37	122	189	436	#
766	1.00124	13	27	194	87	122	189	436	#
767	1.00124	13	27	194	36	37	122	189	436	#
768	1.33669	8	9	38	177	75	437	#
769	1.33669	8	9	251	56	57	77	437	#
770	1.33669	8	9	38	197	141	81	136	437	#
771	1.33669	8	9	39	83	177	75	437	#
772	1.33669	8	9	39	166	173	437	#
773	0.205218	104	438	#
774	0.205218	103	99	438	#
775	1.02753	18	144	27	13	439	#
776	1.02753	18	144	120	12	439	#
777	1.02753	18	144	27	28	12	439	#
778	1.02753	131	66	252	12	439	#
779	1.02753	18	212	29	200	13	439	#
780	0.776455	113	10	165	83	#
781	0.586731	131	#
782	0.626683	204	117	30	#
783	0.883618	163	81	193	21	440	#
784	0.883618	163	81	193	86	20	440	#
785	0.883618	163	81	193	78	79	440	#
786	0.883618	16	102	30	29	187	79	440	#
787	0.883618	17	101	30	29	187	79	440	#
788	1.03982	80	196	14	26	25	60	94	441	#
789	1.03982	80	196	14	26	5	4	94	441	#
790	1.03982	44	45	196	14	26	25	60	94	441	#
791	1.03982	80	196	15	107	26	25	60	94	441	#
792	1.03982	44	137	24	154	25	60	94	441	#
793	1.02529	170	116	158	105	442	#
794	1.02529	212	117	158	105	442	#
795	1.02529	170	31	32	158	105	442	#
796	1.02529	170	167	124	442	#
797	1.02529	170	167	75	184	442	#
798	0.662952	1	245	51	14	26	443	#
799	0.662952	1	40	145	51	14	26	443	#
800	0.662952	1	245	50	66	14	26	443	#
801	0.662952	1	245	51	15	107	26	443	#
802	0.662952	1	40	145	50	66	14	26	443	#
803	0.785042	97	233	213	444	#
804	0.785042	97	67	68	213	444	#
805	0.785042	98	94	60	219	16	444	#
806	0.785042	97	195	60	219	16	444	#
807	0.785042	97	95	94	60	219	16	444	#
808	0.385561	153	60	#
809	0.813144	46	213	181	33	445	#
810	0.813144	46	213	181	10	123	445	#
811	0.813144	47	70	213	181	33	445	#
812	0.813144	47	70	213	181	10	123	445	#
813	0.813144	46	213	181	10	11	34	445	#
814	1.17848	206	446	#
815	1.17848	72	180	16	181	33	446	#
816	1.17848	75	71	180	16	181	33	446	#
817	1.17848	72	180	16	181	10	123	446	#
818	1.17848	75	71	180	16	181	10	123	446	#
819	0.248246	9	38	447	#
820	0.248246	9	39	83	447	#
821	0.711675	182	174	448	#
822	0.711675	182	64	63	448	#
823	1.00727	252	51	152	449	#
824	1.00727	252	66	50	152	449	#
825	0.944721	188	115	450	#
826	0.944721	81	217	88	31	115	450	#
827	1.03849	132	19	451	#
828	1.03849	132	18	24	451	#
829	1.03849	188	31	170	19	451	#
830	1.03849	188	31	170	18	24	451	#
831	1.03849	188	32	116	170	19	451	#
832	1.16771	115	221	64	452	#
833	1.16771	115	221	65	112	452	#
834	0.381118	168	84	453	#
835	0.381118	168	85	100	453	#
836	0.381118	2	117	29	76	84	453	#
837	0.230442	60	25	26	107	#
838	0.812749	3	89	119	247	24	454	#
839	0.812749	3	89	119	247	19	18	454	#
840	0.567273	112	182	455	#
841	0.567273	65	64	182	455	#
842	0.705992	127	70	456	#
843	0.705992	139	46	456	#
844	0.705992	139	47	70	456	#
845	0.705992	127	47	46	456	#
846	0.831254	41	161	6	85	76	29	117	116	88	457	#
847	0.831254	41	161	7	84	76	29	117	116	88	457	#
848	0.831254	41	161	6	100	84	76	29	117	116	88	457	#
849	0.831254	41	161	7	100	85	76	29	117	116	88	457	#
850	0.667868	25	203	#
851	0.853185	19	183	41	458	#
852	0.853185	18	244	161	41	458	#
853	0.853185	18	24	183	41	458	#
854	0.853185	18	151	48	41	458	#
855	0.853185	212	29	76	85	6	161	41	458	#
856	0.663633	185	56	57	106	459	#
857	0.663633	81	193	242	126	459	#
858	0.663633	81	136	184	105	459	#
859	0.636443	64	55	202	460	#
860	0.636443	65	229	197	460	#
861	0.636443	65	54	202	460	#
862	0.636443	64	112	229	197	460	#
863	0.636443	64	112	54	202	460	#
864	0.50786	254	20	#
865	0.81411	144	27	#
866	1.31727	105	158	117	30	101	209	103	461	#
867	1.31727	105	158	117	30	102	69	209	103	461	#
868	0.655743	46	213	17	462	#
869	0.655743	47	70	213	17	462	#
870	0.655743	46	213	16	69	462	#
871	0.655743	47	70	213	16	69	462	#
872	0.751519	99	171	463	#
873	0.751519	99	209	101	30	117	116	463	#
874	0.751519	90	220	463	#
875	0.751519	90	119	171	463	#
876	0.751519	99	209	101	30	117	32	31	463	#
877	0.101233	96	#
878	0.523378	8	9	39	166	464	#
879	0.523378	8	9	38	83	166	464	#
880	0.523378	8	9	156	12	464	#
881	0.267065	39	9	8	465	#
882	0.267065	83	38	9	8	465	#
883	0.924342	97	233	46	234	92	466	#
884	0.924342	97	67	68	46	234	92	466	#
885	0.924342	97	233	70	47	234	92	466	#
886	0.924342	97	67	68	70	47	234	92	466	#
887	0.157432	51	15	#
888	1.0315	115	32	117	29	200	467	#
889	1.0315	115	31	116	117	29	200	467	#
890	1.0315	115	32	240	252	28	467	#
891	1.0315	115	31	116	240	252	28	467	#
892	1.0315	115	32	240	252	120	27	467	#
893	0.510534	30	29	76	85	147	14	#
894	0.886816	10	53	239	145	73	468	#
895	0.886816	10	53	178	50	145	73	468	#
896	1.11796	33	206	469	#
897	1.11796	10	123	206	469	#
898	1.11796	10	11	34	206	469	#
899	1.11796	181	16	180	72	469	#
900	1.11796	181	16	180	71	75	469	#
901	0.810205	70	213	181	10	11	470	#
902	0.810205	70	213	181	33	34	470	#
903	0.810205	70	213	181	10	123	34	470	#
904	0.810205	146	140	113	10	11	470	#
905	0.810205	146	140	113	33	34	470	#
906	0.771371	93	169	#
907	0.913646	57	56	185	141	471	#
908	0.913646	57	56	43	0	226	471	#
909	0.913646	57	56	127	70	233	95	471	#
910	0.913646	57	56	127	70	68	67	95	471	#
911	0.913646	57	56	139	46	233	95	471	#
912	0.687759	5	26	107	108	109	110	111	90	472	#
913	0.687759	5	26	14	15	108	109	110	111	90	472	#
914	0.687759	211	230	111	90	472	#
915	0.687759	5	26	107	108	109	110	111	99	119	472	#
916	0.687759	4	60	25	26	107	108	109	110	111	90	472	#
917	0.758755	208	181	33	473	#
918	0.758755	208	181	10	123	473	#
919	0.758755	208	181	10	11	34	473	#
920	0.668777	92	169	#
921	0.184326	117	29	#
922	0.493996	150	48	#
923	0.909617	82	163	181	33	474	#
924	0.909617	114	81	163	181	33	474	#
925	0.909617	82	205	34	474	#
926	0.909617	114	81	205	34	474	#
927	0.909617	82	163	181	10	123	474	#
928	0.827198	93	169	96	113	10	#
929	0.975749	36	231	53	10	475	#
930	0.975749	36	231	53	33	123	475	#
931	0.975749	153	60	203	123	475	#
932	0.975749	153	4	228	113	10	475	#
933	0.975749	36	231	53	33	34	11	475	#
934	1.10564	228	4	153	37	122	58	476	#
935	1.10564	228	4	195	215	59	476	#
936	1.10564	228	4	153	37	54	59	476	#
937	1.10564	228	4	94	229	59	476	#
938	1.10564	113	164	59	476	#
939	0.343444	73	145	#
940	0.777771	151	18	477	#
941	0.777771	49	172	18	477	#
942	0.777771	49	50	131	18	477	#
943	0.777771	151	24	19	477	#
944	0.777771	48	183	19	477	#
945	0.0857794	114	#
946	0.597066	45	128	478	#
947	0.597066	44	80	128	478	#
948	0.945914	82	205	35	479	#
949	0.945914	114	81	205	35	479	#
950	0.945914	82	163	181	10	11	35	479	#
951	0.945914	114	81	163	181	10	11	35	479	#
952	0.945914	82	163	181	33	61	479	#
953	1.22523	180	69	209	480	#
954	1.22523	242	78	238	480	#
955	1.22523	180	16	17	209	480	#
956	1.22523	242	193	232	110	111	99	480	#
957	1.22523	71	77	152	50	230	111	99	480	#
958	1.12964	193	81	141	197	38	9	8	481	#
959	1.12964	193	81	141	197	83	39	9	8	481	#
960	1.12964	250	95	197	38	9	8	481	#
961	1.12964	148	46	233	95	197	38	9	8	481	#
962	1.12964	148	46	68	67	95	197	38	9	8	481	#
963	1.15538	83	177	75	482	#
964	1.15538	166	173	482	#
965	1.15538	83	197	141	81	136	482	#
966	1.15538	83	197	141	81	193	242	71	482	#
967	1.15538	83	177	72	71	482	#
968	0.394331	95	224	37	122	483	#
969	0.394331	229	121	483	#
970	0.394331	95	215	121	483	#
971	0.394331	95	224	36	87	122	483	#
972	0.655242	3	89	119	209	17	#
973	1.18337	193	232	110	225	484	#
974	1.18337	193	232	110	111	90	89	3	484	#
975	1.18337	78	199	15	108	109	110	225	484	#
976	1.18337	78	238	119	89	3	484	#
977	1.18337	78	199	14	107	108	109	110	225	484	#
978	0.295015	57	56	43	0	#
979	0.520414	145	51	15	485	#
980	0.520414	145	51	14	107	485	#
981	0.520414	145	50	66	15	485	#
982	0.520414	40	245	51	15	485	#
983	0.520414	145	50	66	14	107	485	#
984	0.170827	59	112	#
985	0.80128	82	141	197	83	486	#
986	0.80128	114	81	141	197	83	486	#
987	0.601269	112	182	487	#
988	0.601269	65	64	182	487	#
989	0.601269	112	157	49	487	#
990	0.601269	54	55	182	487	#
991	0.601269	65	64	157	49	487	#
992	0.497114	36	153	60	25	488	#
993	0.497114	36	224	195	60	25	488	#
994	0.497114	36	224	95	94	60	25	488	#
995	0.497114	36	153	4	5	488	#
996	0.497114	36	224	195	4	5	488	#
997	1.20829	130	168	489	#
998	1.20829	130	76	29	117	2	489	#
999	1.20829	62	149	40	241	489	#
1000	1.20829	174	55	37	223	74	241	489	#
1001	1.20829	63	64	55	37	223	74	241	489	#
