%% File generated by CATS v.2.1Mon Jul  4 11:06:48 2011

%% The CATS webpage is http://robotics.stanford.edu/CATS

%% PARAMETER SETTINGS:
% Goods: 256; Bids: 1000; Distribution: paths; Runs: 1; Seed: 1309806524
% Paths Distribution Parameters:
% Initial connections:       = 2
% Edge density:              = 3.000000
% Shipping cost factor:      = 1.500000
% Max bid set size:          = 5
% Building penalty:          = 1.700000



goods 256
bids 1003
dummy 462

0	1.17897	2	3	36	120	123	125	208	250	257	#
1	1.17897	2	3	36	57	58	123	125	208	250	257	#
2	1.17897	3	36	103	153	257	#
3	1.17897	10	12	13	51	115	123	125	177	208	239	257	#
4	1.17897	86	103	104	111	239	251	257	#
5	0.887344	35	64	172	258	#
6	0.887344	26	27	64	172	258	#
7	0.887344	32	35	64	73	224	258	#
8	0.887344	26	27	32	64	73	224	258	#
9	0.887344	19	20	26	48	73	230	245	258	#
10	0.518034	40	194	#
11	0.860124	1	14	15	33	83	98	126	235	259	#
12	0.860124	0	14	15	16	33	83	98	126	235	259	#
13	0.860124	1	14	15	83	97	126	197	235	259	#
14	0.860124	1	14	15	33	69	83	97	126	235	259	#
15	0.860124	0	14	15	16	83	97	126	197	235	259	#
16	0.221042	12	51	115	119	260	#
17	0.221042	12	22	52	119	260	#
18	0.221042	12	22	23	51	119	260	#
19	1.17955	12	46	51	78	129	180	261	#
20	1.17955	12	23	46	52	78	129	180	261	#
21	1.17955	14	25	46	80	139	143	214	261	#
22	1.17955	14	25	44	45	46	80	139	143	261	#
23	1.17955	10	12	21	46	51	115	129	139	177	261	#
24	1.08448	146	262	#
25	1.08448	29	51	160	241	262	#
26	1.08448	30	51	61	160	241	262	#
27	1.08448	12	29	51	107	160	203	262	#
28	1.08448	12	13	29	51	106	160	203	262	#
29	0.847729	18	61	74	111	112	173	263	#
30	0.847729	18	61	74	85	86	111	173	263	#
31	0.847729	4	18	47	59	60	61	74	77	78	111	263	#
32	0.847729	4	5	18	46	59	60	61	74	77	78	111	263	#
33	0.847729	4	18	47	73	77	111	210	263	#
34	0.788528	8	12	52	107	245	249	264	#
35	0.788528	8	12	23	51	107	245	249	264	#
36	0.788528	8	12	13	52	106	245	249	264	#
37	0.788528	8	12	13	23	51	106	245	249	264	#
38	0.788528	9	12	26	52	107	245	249	264	#
39	0.974236	4	17	18	47	48	77	111	210	265	#
40	0.974236	4	5	17	18	46	48	77	111	210	265	#
41	0.974236	0	14	15	48	81	136	235	243	265	#
42	0.974236	1	14	15	30	48	73	74	81	126	235	243	265	#
43	0.974236	0	14	15	33	34	48	136	235	243	265	#
44	0.781613	3	154	181	266	#
45	0.781613	40	41	117	194	266	#
46	0.781613	40	41	75	118	194	266	#
47	0.781613	2	3	13	119	120	154	266	#
48	0.781613	36	154	239	266	#
49	0.777749	54	55	89	148	267	#
50	0.777749	42	113	207	267	#
51	0.777749	54	55	88	128	148	267	#
52	0.777749	43	84	113	207	267	#
53	0.777749	42	54	114	207	267	#
54	1.05584	3	49	56	181	186	268	#
55	1.05584	37	49	186	239	268	#
56	1.05584	24	40	41	49	56	91	93	248	268	#
57	1.05584	2	3	13	49	56	119	120	186	268	#
58	1.05584	36	49	56	186	239	268	#
59	1.04722	78	87	227	#
60	0.806832	12	51	107	160	249	269	#
61	0.806832	12	13	51	106	160	249	269	#
62	0.806832	12	23	52	107	160	249	269	#
63	0.806832	19	20	48	61	73	74	230	269	#
64	0.806832	107	119	168	249	269	#
65	0.965546	24	25	30	45	74	162	182	270	#
66	0.965546	20	30	45	48	73	74	252	270	#
67	0.965546	24	25	29	45	61	74	162	182	270	#
68	0.965546	20	29	45	48	61	73	74	252	270	#
69	0.965546	24	25	30	40	45	48	73	74	193	270	#
70	0.837173	93	248	#
71	0.515274	10	254	#
72	0.785459	12	51	115	129	271	#
73	0.785459	12	22	52	129	271	#
74	0.785459	12	22	23	51	129	271	#
75	0.785459	12	23	52	115	129	271	#
76	0.785459	12	52	71	72	129	271	#
77	0.317812	104	111	112	272	#
78	0.317812	85	86	104	111	272	#
79	0.783219	15	33	80	91	143	273	#
80	0.783219	34	231	249	273	#
81	0.783219	33	107	195	249	273	#
82	0.783219	15	33	107	170	249	273	#
83	0.783219	33	81	231	249	273	#
84	0.423919	35	187	274	#
85	0.423919	26	27	187	274	#
86	0.110397	126	#
87	0.909408	40	41	76	88	194	275	#
88	0.909408	40	41	76	89	128	194	275	#
89	0.909408	24	25	40	41	256	275	#
90	0.909408	3	88	154	181	229	275	#
91	0.909408	40	41	88	117	194	229	275	#
92	0.539969	106	154	276	#
93	0.539969	13	107	154	276	#
94	0.690707	30	42	74	108	158	277	#
95	0.690707	30	43	74	84	108	158	277	#
96	0.690707	29	42	61	74	108	158	277	#
97	0.690707	29	43	61	74	84	108	158	277	#
98	0.690707	30	42	73	74	109	158	277	#
99	0.814635	238	278	#
100	0.814635	14	15	54	55	141	278	#
101	0.814635	54	55	76	128	237	278	#
102	0.814635	14	80	113	240	278	#
103	0.814635	54	55	76	88	89	237	278	#
104	0.697511	1	14	15	30	33	74	126	235	279	#
105	0.697511	0	14	15	16	30	33	74	126	235	279	#
106	0.697511	1	14	15	29	33	61	74	126	235	279	#
107	0.697511	0	14	15	16	29	33	61	74	126	235	279	#
108	0.697511	0	14	15	33	73	136	235	279	#
109	0.494789	13	154	280	#
110	0.494789	106	107	154	280	#
111	0.684202	26	230	245	#
112	0.994468	15	25	80	81	143	214	281	#
113	0.994468	15	25	44	45	80	81	143	281	#
114	0.994468	15	25	33	34	80	143	214	281	#
115	0.994468	15	25	33	34	44	45	80	143	281	#
116	0.994468	81	129	195	281	#
117	0.664375	74	137	282	#
118	0.664375	30	74	79	124	158	282	#
119	0.664375	29	61	74	79	124	158	282	#
120	0.664375	1	14	30	74	80	126	235	282	#
121	0.664375	0	14	16	30	74	80	126	235	282	#
122	0.586665	12	52	71	131	162	283	#
123	0.586665	12	23	51	71	131	162	283	#
124	0.0354917	88	#
125	0.804783	70	102	190	226	284	#
126	0.804783	14	15	21	102	177	197	226	284	#
127	0.804783	70	101	105	190	226	284	#
128	0.804783	14	15	21	33	69	102	177	226	284	#
129	0.804783	14	15	21	101	105	177	197	226	284	#
130	0.970465	24	49	91	93	248	285	#
131	0.970465	6	7	24	49	93	248	285	#
132	0.970465	6	24	25	49	93	204	248	285	#
133	0.765861	24	25	39	162	214	286	#
134	0.765861	24	25	39	44	45	162	286	#
135	0.765861	6	204	214	230	286	#
136	0.765861	6	44	45	204	230	286	#
137	0.765861	19	214	252	286	#
138	0.226195	12	13	52	71	287	#
139	0.226195	12	13	23	51	71	287	#
140	0.226195	12	52	71	106	107	287	#
141	0.226195	12	23	51	71	106	107	287	#
142	0.226195	12	13	51	72	115	287	#
143	0.327444	10	51	90	115	177	288	#
144	0.327444	10	22	52	90	177	288	#
145	0.327444	10	22	23	51	90	177	288	#
146	0.327444	11	52	71	90	177	288	#
147	0.327444	11	23	51	71	90	177	288	#
148	1.02407	53	116	188	289	#
149	1.02407	15	80	81	143	243	289	#
150	1.02407	15	33	34	80	143	243	289	#
151	1.02407	15	53	80	143	242	289	#
152	1.02407	15	53	80	116	122	143	197	289	#
153	1.05577	54	55	89	148	158	290	#
154	1.05577	42	113	158	207	290	#
155	1.05577	1	126	235	238	290	#
156	1.05577	54	55	88	128	148	158	290	#
157	1.05577	0	16	126	235	238	290	#
158	0.635874	24	40	138	#
159	0.921295	86	228	291	#
160	0.921295	85	112	228	291	#
161	0.711094	49	186	#
162	0.664348	12	13	51	121	196	292	#
163	0.664348	12	13	51	67	87	196	292	#
164	0.664348	12	51	106	107	121	196	292	#
165	0.664348	68	121	244	292	#
166	0.664348	12	51	67	87	106	107	196	292	#
167	0.910675	14	85	147	238	293	#
168	0.910675	54	55	89	167	199	293	#
169	0.910675	15	54	55	85	141	147	293	#
170	0.53883	6	66	93	204	214	294	#
171	0.53883	6	44	45	66	93	204	294	#
172	0.53883	25	66	91	93	214	294	#
173	0.53883	25	44	45	66	91	93	294	#
174	0.53883	6	65	92	93	204	214	294	#
175	0.895354	61	99	221	295	#
176	0.895354	154	233	295	#
177	0.895354	12	13	51	99	154	160	295	#
178	0.895354	29	30	99	221	295	#
179	0.895354	74	211	221	295	#
180	1.16683	17	53	116	125	188	296	#
181	1.16683	15	17	80	81	125	143	243	296	#
182	1.16683	14	21	80	125	143	208	296	#
183	1.16683	18	111	112	125	143	155	296	#
184	1.16683	18	80	86	111	125	143	147	296	#
185	0.980187	112	169	228	297	#
186	0.980187	35	95	112	228	297	#
187	0.980187	85	96	165	245	297	#
188	0.980187	26	85	95	165	245	297	#
189	0.980187	85	86	169	228	297	#
190	0.447783	10	22	70	190	298	#
191	0.447783	10	14	15	21	22	177	197	298	#
192	0.447783	10	14	15	21	22	33	69	177	298	#
193	0.447783	23	134	197	298	#
194	0.447783	14	15	71	197	198	298	#
195	0.239658	54	55	128	299	#
196	0.239658	54	55	88	89	299	#
197	0.543342	107	131	182	300	#
198	0.543342	13	106	131	182	300	#
199	0.543342	12	51	61	74	107	160	300	#
200	0.543342	12	13	51	61	74	106	160	300	#
201	0.543342	19	20	39	48	73	107	131	300	#
202	0.238302	27	32	64	301	#
203	0.238302	26	32	35	64	301	#
204	0.238302	27	31	64	127	301	#
205	0.367691	17	18	53	111	#
206	0.386953	59	78	100	#
207	0.169853	79	124	#
208	0.572325	1	14	30	74	126	235	302	#
209	0.572325	0	14	16	30	74	126	235	302	#
210	0.398124	32	45	246	#
211	0.664032	3	24	27	40	41	91	245	303	#
212	0.664032	3	56	68	130	303	#
213	0.07089	42	#
214	0.367723	10	190	304	#
215	0.367723	10	14	15	21	81	177	304	#
216	0.728509	24	26	91	162	245	305	#
217	0.728509	6	7	24	26	162	245	305	#
218	0.728509	24	27	35	91	162	245	305	#
219	0.748748	12	26	107	245	249	306	#
220	0.748748	12	13	26	106	245	249	306	#
221	0.748748	12	27	35	107	245	249	306	#
222	0.748748	12	13	27	35	106	245	249	306	#
223	0.748748	12	95	96	107	245	249	306	#
224	0.940038	89	236	307	#
225	0.940038	88	128	236	307	#
226	0.940038	76	87	88	191	194	307	#
227	0.940038	67	76	88	121	191	194	307	#
228	0.940038	87	213	225	307	#
229	1.06155	40	41	62	189	308	#
230	1.06155	41	63	122	232	308	#
231	1.06155	2	3	15	63	120	122	185	197	308	#
232	1.06155	2	3	15	57	58	63	122	185	197	308	#
233	1.06155	2	3	15	33	63	69	120	122	185	308	#
234	0.333434	127	246	#
235	0.272985	36	40	41	#
236	0.138446	7	309	#
237	0.138446	6	91	309	#
238	0.809727	19	20	230	245	#
239	0.144913	28	#
240	0.962644	3	181	186	#
241	0.800091	51	241	310	#
242	0.800091	12	51	107	203	310	#
243	0.800091	12	13	51	106	203	310	#
244	0.800091	23	52	241	310	#
245	0.800091	12	13	50	51	186	310	#
246	0.624659	13	38	79	82	131	216	311	#
247	0.624659	38	79	82	106	107	131	216	311	#
248	0.860124	1	14	15	33	83	98	126	235	312	#
249	0.860124	0	14	15	16	33	83	98	126	235	312	#
250	0.860124	1	14	15	83	97	126	197	235	312	#
251	0.860124	1	14	15	33	69	83	97	126	235	312	#
252	0.860124	0	14	15	16	83	97	126	197	235	312	#
253	0.704656	97	179	313	#
254	0.704656	39	131	195	197	313	#
255	0.704656	15	39	131	170	197	313	#
256	0.704656	33	39	69	131	195	313	#
257	0.704656	15	33	39	69	131	170	313	#
258	0.472045	38	82	102	119	131	314	#
259	0.472045	38	82	101	105	119	131	314	#
260	0.748153	91	171	249	315	#
261	0.748153	14	80	94	143	315	#
262	0.854757	71	201	316	#
263	0.854757	22	72	201	316	#
264	0.854757	54	55	89	148	151	316	#
265	0.854757	71	113	144	316	#
266	0.854757	42	113	151	207	316	#
267	0.857493	4	47	77	111	247	317	#
268	0.857493	4	5	46	77	111	247	317	#
269	0.39404	15	43	79	80	81	124	318	#
270	0.39404	14	15	21	81	223	318	#
271	0.755399	86	104	111	251	319	#
272	0.755399	85	104	111	112	251	319	#
273	0.755399	86	104	111	156	216	319	#
274	0.755399	85	104	111	112	156	216	319	#
275	0.755399	13	86	104	111	222	319	#
276	1.07289	0	14	80	235	240	320	#
277	1.07289	0	113	235	238	320	#
278	1.07289	0	21	84	207	223	235	320	#
279	1.07289	0	54	114	235	238	320	#
280	1.07289	0	75	76	88	206	225	320	#
281	0.249639	86	147	321	#
282	0.249639	85	112	147	321	#
283	0.583998	142	322	#
284	0.583998	38	131	195	322	#
285	0.583998	15	38	131	170	322	#
286	0.583998	51	134	175	322	#
287	0.583998	12	38	51	131	134	322	#
288	0.580849	32	45	110	246	323	#
289	0.580849	45	75	200	323	#
290	0.872712	21	46	139	177	254	#
291	0.585972	4	18	47	77	78	111	324	#
292	0.585972	4	5	18	46	77	78	111	324	#
293	0.947198	4	47	77	102	111	247	325	#
294	0.947198	4	5	46	77	102	111	247	325	#
295	0.947198	4	47	77	101	105	111	247	325	#
296	0.947198	4	5	46	77	101	105	111	247	325	#
297	0.947198	38	82	86	102	111	131	222	325	#
298	0.71673	12	46	51	78	119	120	180	326	#
299	0.71673	46	58	78	180	220	326	#
300	0.71673	12	46	51	57	58	78	119	180	326	#
301	0.71673	21	46	120	139	250	326	#
302	0.71673	21	46	57	58	139	250	326	#
303	0.344537	82	175	327	#
304	0.344537	12	38	82	131	327	#
305	0.97743	83	105	132	#
306	0.752548	10	51	115	123	125	177	208	328	#
307	0.752548	10	22	52	123	125	177	208	328	#
308	0.752548	10	22	23	51	123	125	177	208	328	#
309	0.752548	11	52	71	123	125	177	208	328	#
310	0.752548	11	23	51	71	123	125	177	208	328	#
311	1.10945	2	3	120	125	208	250	329	#
312	1.10945	2	3	57	58	125	208	250	329	#
313	1.10945	2	3	10	12	51	115	119	120	125	177	208	329	#
314	1.10945	2	3	10	58	115	125	177	208	220	329	#
315	1.10945	2	3	10	12	51	57	58	115	119	125	177	208	329	#
316	0.937162	19	39	123	157	402	#
317	0.198081	1	29	126	#
318	0.875116	55	164	330	#
319	0.875116	53	116	152	330	#
320	0.875116	53	55	62	63	89	116	199	330	#
321	0.60547	12	13	51	115	196	331	#
322	0.60547	12	13	22	52	196	331	#
323	0.60547	12	13	22	23	51	196	331	#
324	0.60547	12	51	106	107	115	196	331	#
325	0.60547	68	115	244	331	#
326	0.4789	19	20	48	73	211	#
327	0.687393	2	3	21	120	250	332	#
328	0.687393	2	3	21	57	58	250	332	#
329	0.687393	2	3	10	12	21	51	115	119	120	177	332	#
330	0.687393	2	3	10	21	58	115	177	220	332	#
331	0.687393	2	3	10	12	21	51	57	58	115	119	177	332	#
332	0.786884	162	194	333	#
333	0.786884	13	117	131	154	333	#
334	0.786884	106	107	117	131	154	333	#
335	0.786884	13	75	118	131	154	333	#
336	0.786884	75	106	107	118	131	154	333	#
337	0.289684	19	20	48	73	#
338	0.506792	40	209	334	#
339	0.506792	38	82	101	162	334	#
340	0.249008	19	20	39	#
341	0.843746	210	219	335	#
342	0.843746	59	60	61	73	74	78	219	335	#
343	0.843746	4	47	77	104	111	210	335	#
344	0.843746	4	5	46	77	104	111	210	335	#
345	0.843746	59	73	78	100	211	219	335	#
346	0.760526	67	106	171	196	#
347	0.877323	1	14	15	29	63	122	126	197	235	336	#
348	0.877323	1	14	15	29	33	63	69	122	126	235	336	#
349	0.433071	12	51	160	337	#
350	0.433071	12	23	52	160	337	#
351	0.433071	119	168	337	#
352	0.107674	25	#
353	0.912191	25	79	124	143	214	338	#
354	0.912191	25	44	45	79	124	143	338	#
355	0.912191	12	52	71	129	151	338	#
356	0.912191	12	23	51	71	129	151	338	#
357	0.912191	13	124	129	216	338	#
358	0.843038	32	64	224	339	#
359	0.843038	64	73	172	339	#
360	0.843038	31	64	127	224	339	#
361	1.02679	4	47	48	193	210	340	#
362	1.02679	4	5	46	48	193	210	340	#
363	1.02679	3	41	77	86	181	251	340	#
364	1.02679	3	41	77	85	112	181	251	340	#
365	1.02679	15	77	86	147	192	340	#
366	0.34609	10	12	51	115	119	120	341	#
367	0.34609	10	58	115	220	341	#
368	0.34609	10	12	51	57	58	115	119	341	#
369	0.34609	10	12	22	52	119	120	341	#
370	0.34609	10	12	22	23	51	119	120	341	#
371	0.602168	17	140	342	#
372	0.602168	43	208	223	342	#
373	0.602168	18	86	111	124	156	342	#
374	0.602168	18	85	111	112	124	156	342	#
375	0.602168	42	84	208	223	342	#
376	0.491215	24	162	#
377	1.03878	17	81	192	243	343	#
378	1.03878	17	33	34	192	243	343	#
379	1.03878	2	3	41	120	208	250	343	#
380	1.03878	2	3	41	57	58	208	250	343	#
381	1.03878	17	53	116	122	232	343	#
382	0.878066	28	52	241	344	#
383	0.878066	23	28	51	241	344	#
384	0.423256	15	79	80	122	197	345	#
385	0.423256	15	33	69	79	80	122	345	#
386	0.704576	231	243	346	#
387	0.704576	81	107	195	243	346	#
388	0.704576	15	81	107	170	243	346	#
389	0.704576	12	51	107	115	166	346	#
390	0.704576	13	81	106	195	243	346	#
391	0.763265	114	138	347	#
392	0.763265	54	113	138	347	#
393	0.763265	25	45	114	174	347	#
394	0.763265	25	45	54	113	174	347	#
395	0.763265	24	55	76	128	194	347	#
396	0.937162	10	12	22	23	51	125	131	177	208	402	#
397	0.877844	183	#
398	0.976695	60	215	348	#
399	0.976695	59	78	139	237	348	#
400	0.976695	60	61	117	221	348	#
401	0.976695	1	29	60	75	126	206	348	#
402	0.976695	31	60	145	163	348	#
403	1.01508	55	89	199	217	349	#
404	1.01508	55	88	128	199	217	349	#
405	1.01508	4	54	149	349	#
406	1.01508	55	77	89	112	167	199	349	#
407	1.01508	15	55	77	86	141	147	349	#
408	0.899113	24	36	40	41	138	350	#
409	0.899113	37	67	68	213	350	#
410	0.899113	36	56	67	68	213	350	#
411	0.899113	24	37	40	41	56	138	350	#
412	0.899113	24	25	36	40	41	45	174	350	#
413	1.02658	129	222	351	#
414	1.02658	25	80	143	147	214	351	#
415	1.02658	25	44	45	80	143	147	351	#
416	1.02658	25	85	143	155	214	351	#
417	1.02658	25	44	45	85	143	155	351	#
418	0.564264	27	68	130	352	#
419	0.564264	26	35	68	130	352	#
420	0.564264	24	40	41	56	91	245	352	#
421	0.794884	13	33	195	239	353	#
422	0.794884	13	15	33	170	239	353	#
423	0.794884	15	33	79	80	216	239	353	#
424	0.794884	34	212	353	#
425	0.794884	2	3	15	33	36	120	185	353	#
426	0.453732	24	25	36	40	41	45	#
427	0.731098	24	27	38	91	162	245	354	#
428	0.731098	24	26	35	38	91	162	245	354	#
429	1.07991	28	146	#
430	0.99318	14	15	139	141	355	#
431	0.99318	76	128	139	237	355	#
432	0.99318	76	88	89	139	237	355	#
433	0.99318	78	234	355	#
434	0.99318	47	76	128	178	355	#
435	0.531405	30	158	356	#
436	0.531405	29	61	158	356	#
437	0.287779	216	#
438	0.171037	30	74	357	#
439	0.171037	29	61	74	357	#
440	0.766687	63	70	106	122	231	358	#
441	0.766687	13	63	122	195	197	358	#
442	0.766687	13	15	63	122	170	197	358	#
443	0.766687	15	63	79	80	122	197	216	358	#
444	0.766687	13	33	63	69	122	195	358	#
445	1.1228	53	67	106	196	231	243	359	#
446	1.1228	67	70	106	116	122	196	231	359	#
447	1.1228	24	116	188	191	359	#
448	0.530862	27	68	130	#
449	0.6938	97	179	#
450	0.0759485	42	#
451	0.799992	85	88	167	199	360	#
452	0.799992	15	81	147	159	360	#
453	0.564042	6	12	51	107	115	249	361	#
454	0.564042	6	12	22	52	107	249	361	#
455	0.564042	6	12	22	23	51	107	249	361	#
456	0.564042	6	12	13	51	106	115	249	361	#
457	0.564042	6	12	13	22	52	106	249	361	#
458	0.840362	21	238	362	#
459	0.840362	90	94	238	362	#
460	0.840362	14	15	21	54	55	141	362	#
461	0.840362	21	54	55	76	128	237	362	#
462	0.840362	14	21	80	113	240	362	#
463	0.752548	10	51	115	123	125	177	208	363	#
464	0.752548	10	22	52	123	125	177	208	363	#
465	0.752548	10	22	23	51	123	125	177	208	363	#
466	0.752548	11	52	71	123	125	177	208	363	#
467	0.752548	11	23	51	71	123	125	177	208	363	#
468	1.01079	85	121	196	251	364	#
469	1.01079	67	85	87	196	251	364	#
470	1.01079	85	121	156	196	216	364	#
471	1.01079	67	85	87	156	196	216	364	#
472	1.01079	13	85	121	196	222	364	#
473	0.941078	13	55	57	119	128	154	229	365	#
474	0.941078	55	57	106	107	119	128	154	229	365	#
475	0.941078	13	55	57	88	89	119	154	229	365	#
476	0.941078	55	57	88	89	106	107	119	154	229	365	#
477	0.941078	13	55	57	76	117	119	128	154	365	#
478	0.937622	6	12	29	51	107	126	160	249	366	#
479	0.937622	6	12	13	29	51	106	126	160	249	366	#
480	0.937622	6	19	20	30	48	73	74	126	230	366	#
481	0.937622	7	24	30	74	126	162	182	366	#
482	0.937622	6	12	30	51	61	107	126	160	249	366	#
483	0.953471	36	40	41	76	128	194	367	#
484	0.953471	36	40	41	76	88	89	194	367	#
485	0.953471	37	40	41	56	76	128	194	367	#
486	0.953471	37	40	41	56	76	88	89	194	367	#
487	0.953471	128	154	229	239	367	#
488	0.898968	24	80	143	147	368	#
489	0.898968	24	85	143	155	368	#
490	0.898968	131	162	222	368	#
491	0.898968	24	91	165	368	#
492	0.898968	24	79	143	156	368	#
493	0.614482	21	177	237	#
494	0.728456	62	63	116	199	#
495	0.605963	34	159	369	#
496	0.605963	33	81	159	369	#
497	0.978144	81	135	255	370	#
498	0.978144	33	34	135	255	370	#
499	0.698777	217	371	#
500	0.698777	77	112	167	371	#
501	0.698777	77	85	86	167	371	#
502	0.698777	15	33	77	83	86	98	147	371	#
503	0.698777	15	33	77	83	85	98	112	147	371	#
504	0.582029	39	67	68	161	372	#
505	0.582029	39	162	191	372	#
506	0.90682	49	181	186	373	#
507	0.90682	2	13	49	119	120	186	373	#
508	0.90682	2	13	49	57	58	119	186	373	#
509	0.90682	2	49	106	107	119	120	186	373	#
510	0.90682	2	49	57	58	106	107	119	186	373	#
511	0.764661	40	41	76	194	#
512	0.694892	11	123	125	177	208	#
513	0.771035	19	97	179	374	#
514	0.771035	19	39	131	195	197	374	#
515	0.771035	15	19	39	131	170	197	374	#
516	0.771035	19	33	39	69	131	195	374	#
517	0.771035	15	19	33	39	69	131	170	374	#
518	0.270757	88	229	#
519	0.450204	173	#
520	0.93996	6	12	51	60	107	160	249	375	#
521	0.93996	6	12	13	51	60	106	160	249	375	#
522	0.93996	6	12	51	59	107	180	249	375	#
523	0.93996	6	12	13	51	59	106	180	249	375	#
524	0.93996	6	12	23	52	60	107	160	249	375	#
525	0.0871906	69	#
526	1.06155	40	41	62	189	376	#
527	1.06155	41	63	122	232	376	#
528	1.06155	2	3	15	63	120	122	185	197	376	#
529	1.06155	2	3	15	57	58	63	122	185	197	376	#
530	1.06155	2	3	15	33	63	69	120	122	185	376	#
531	0.605882	66	105	205	#
532	0.835749	13	67	170	196	377	#
533	0.835749	67	79	80	196	216	377	#
534	0.835749	67	106	107	170	196	377	#
535	0.835749	2	3	56	67	68	120	185	377	#
536	0.632349	101	177	226	378	#
537	0.632349	102	105	177	226	378	#
538	0.632349	10	51	82	101	115	175	177	378	#
539	0.632349	10	22	52	82	101	175	177	378	#
540	0.632349	10	22	23	51	82	101	175	177	378	#
541	0.140817	32	64	#
542	0.938182	19	62	83	179	#
543	0.389695	46	59	60	78	#
544	0.492131	120	168	379	#
545	0.492131	57	58	168	379	#
546	0.492131	12	51	119	120	160	379	#
547	0.492131	58	160	220	379	#
548	0.492131	12	51	57	58	119	160	379	#
549	0.750696	10	14	21	22	86	104	111	147	177	380	#
550	0.750696	10	14	21	22	85	104	111	112	147	177	380	#
551	0.750696	14	71	86	104	111	147	198	380	#
552	0.750696	14	71	85	104	111	112	147	198	380	#
553	0.750696	11	14	21	71	86	104	111	147	177	380	#
554	0.91632	15	25	80	143	197	381	#
555	0.91632	15	25	33	69	80	143	381	#
556	0.91632	15	25	70	80	81	143	381	#
557	0.91632	15	25	33	34	70	80	143	381	#
558	0.91632	24	25	40	232	381	#
559	0.837441	8	12	52	71	107	245	249	382	#
560	0.837441	8	12	23	51	71	107	245	249	382	#
561	0.837441	8	12	13	52	71	106	245	249	382	#
562	0.837441	8	12	13	23	51	71	106	245	249	382	#
563	0.837441	9	12	26	52	71	107	245	249	382	#
564	0.447529	61	168	383	#
565	0.447529	12	51	61	119	160	383	#
566	0.74713	30	74	108	158	384	#
567	0.74713	29	61	74	108	158	384	#
568	0.74713	30	73	74	109	158	384	#
569	0.74713	29	61	73	74	109	158	384	#
570	0.74713	23	61	71	74	108	151	160	384	#
571	0.652279	61	74	112	173	385	#
572	0.652279	61	74	85	86	173	385	#
573	0.0816138	74	#
574	0.723274	54	184	386	#
575	0.723274	122	152	386	#
576	0.723274	55	83	89	97	199	386	#
577	0.723274	55	141	197	386	#
578	0.723274	33	55	69	141	386	#
579	0.542882	45	200	#
580	0.864233	86	165	387	#
581	0.864233	85	112	165	387	#
582	0.864233	86	106	249	251	387	#
583	0.864233	85	106	112	249	251	387	#
584	0.859215	59	60	78	103	219	388	#
585	0.859215	103	104	111	112	173	388	#
586	0.859215	85	86	103	104	111	173	388	#
587	0.859215	18	111	112	123	125	173	388	#
588	0.76507	55	164	389	#
589	0.76507	53	116	152	389	#
590	0.8521	67	76	191	194	390	#
591	0.8521	32	64	76	130	163	390	#
592	0.8521	32	64	75	76	110	130	390	#
593	0.578351	10	22	177	208	391	#
594	0.578351	11	71	177	208	391	#
595	1.06149	26	123	202	392	#
596	1.06149	27	64	127	183	392	#
597	1.06149	26	35	64	127	183	392	#
598	1.06149	27	31	32	64	183	392	#
599	1.06149	26	31	32	35	64	183	392	#
600	1.15398	14	25	45	46	80	139	143	393	#
601	1.15398	6	12	45	46	51	78	107	180	204	249	393	#
602	1.15398	12	25	45	46	51	78	91	107	180	249	393	#
603	1.15398	6	12	13	45	46	51	78	106	180	204	249	393	#
604	1.15398	20	45	46	48	210	252	393	#
605	0.435259	81	195	394	#
606	0.435259	15	81	170	394	#
607	0.435259	12	51	81	134	394	#
608	0.435259	107	231	394	#
609	0.435259	33	34	195	394	#
610	0.727665	10	21	115	177	244	395	#
611	0.727665	2	3	21	56	120	250	395	#
612	0.727665	2	3	21	56	57	58	250	395	#
613	0.727665	10	21	22	23	177	244	395	#
614	0.727665	23	71	198	244	395	#
615	0.947198	4	47	77	102	111	247	396	#
616	0.947198	4	5	46	77	102	111	247	396	#
617	0.947198	4	47	77	101	105	111	247	396	#
618	0.947198	4	5	46	77	101	105	111	247	396	#
619	0.947198	38	82	86	102	111	131	222	396	#
620	0.91817	224	397	#
621	0.91817	32	73	172	397	#
622	0.91817	31	61	73	74	145	397	#
623	0.91817	48	110	150	397	#
624	0.91817	29	30	31	73	74	145	397	#
625	0.730014	40	48	193	398	#
626	0.730014	19	20	39	48	162	398	#
627	0.730014	73	162	182	398	#
628	0.465571	200	#
629	0.892335	55	164	399	#
630	0.892335	53	116	152	399	#
631	0.892335	53	55	62	63	89	116	199	399	#
632	0.892335	53	55	62	63	88	116	128	199	399	#
633	0.892335	55	128	159	243	399	#
634	0.773997	4	47	247	400	#
635	0.773997	4	5	46	247	400	#
636	1.0562	38	82	102	253	401	#
637	1.0562	38	82	101	105	253	401	#
638	1.0562	13	38	82	102	128	131	154	229	401	#
639	1.0562	13	38	82	101	105	128	131	154	229	401	#
640	1.0562	38	82	102	106	107	128	131	154	229	401	#
641	0.937162	10	12	51	115	125	131	177	208	402	#
642	0.937162	10	12	22	52	125	131	177	208	402	#
643	0.571911	217	#
644	0.728029	1	14	15	30	74	126	197	235	403	#
645	0.728029	1	14	15	30	33	69	74	126	235	403	#
646	0.728029	0	14	15	16	30	74	126	197	235	403	#
647	0.728029	0	14	15	16	30	33	69	74	126	235	403	#
648	0.728029	1	14	15	29	61	74	126	197	235	403	#
649	1.05177	48	73	176	211	404	#
650	1.05177	8	27	64	99	127	145	404	#
651	1.05177	9	35	64	99	127	145	404	#
652	1.05177	8	26	35	64	99	127	145	404	#
653	1.05177	9	26	27	64	99	127	145	404	#
654	0.603014	1	14	15	126	235	405	#
655	0.603014	0	14	15	16	126	235	405	#
656	1.01978	24	25	45	162	182	211	406	#
657	1.01978	20	45	48	73	211	252	406	#
658	1.01978	24	25	40	45	48	73	193	211	406	#
659	1.01978	19	20	24	25	39	45	48	73	162	211	406	#
660	0.155591	3	#
661	1.24003	28	29	99	146	407	#
662	1.24003	133	218	407	#
663	0.245471	98	33	15	#
664	0.857859	6	249	107	12	51	160	29	408	#
665	0.857859	6	249	106	13	12	51	160	29	408	#
666	0.857859	6	230	19	20	48	73	74	30	408	#
667	0.857859	7	24	162	182	74	30	408	#
668	0.857859	6	249	107	12	51	160	61	30	408	#
669	0.922883	45	204	6	249	171	409	#
670	0.922883	45	25	91	249	171	409	#
671	0.922883	45	25	143	80	14	94	409	#
672	0.922883	45	204	6	93	254	177	90	409	#
673	0.922883	45	25	143	80	14	21	90	409	#
674	0.226491	41	40	#
675	0.650339	59	78	139	14	80	410	#
676	0.650339	60	29	158	124	79	410	#
677	0.650339	60	61	137	410	#
678	0.650339	59	255	15	80	410	#
679	0.566509	154	13	12	52	411	#
680	0.566509	154	13	12	51	23	411	#
681	0.566509	154	106	107	12	52	411	#
682	0.566509	154	106	107	12	51	23	411	#
683	0.566509	154	13	12	51	115	22	411	#
684	0.770855	185	15	197	122	63	412	#
685	0.770855	185	15	33	69	122	63	412	#
686	0.770855	119	195	197	122	63	412	#
687	0.770855	119	170	15	197	122	63	412	#
688	0.770855	119	195	33	69	122	63	412	#
689	0.572782	136	0	235	413	#
690	0.572782	73	74	30	126	1	235	413	#
691	0.572782	73	74	30	126	16	0	235	413	#
692	0.556719	78	139	14	80	414	#
693	0.556719	255	15	80	414	#
694	1.04714	204	6	93	248	49	415	#
695	1.04714	25	91	93	248	49	415	#
696	1.04714	25	7	6	93	248	49	415	#
697	1.04714	204	7	91	93	248	49	415	#
698	0.722794	96	245	249	107	416	#
699	0.722794	95	26	245	249	107	416	#
700	0.722794	96	245	249	106	13	416	#
701	0.722794	95	26	245	249	106	13	416	#
702	0.722794	169	27	245	249	107	416	#
703	0.888575	177	21	238	417	#
704	0.888575	10	22	201	417	#
705	0.888575	11	71	201	417	#
706	0.888575	10	115	23	201	417	#
707	0.888575	11	72	22	201	417	#
708	0.855943	67	68	161	182	108	418	#
709	0.855943	67	68	161	39	19	20	48	109	418	#
710	0.855943	191	162	182	108	418	#
711	0.855943	191	40	193	48	109	418	#
712	0.855943	67	68	161	39	19	20	48	73	108	418	#
713	0.633108	124	79	80	15	33	98	83	#
714	1.02143	49	135	81	15	14	139	46	419	#
715	1.02143	49	135	34	33	15	14	139	46	419	#
716	0.490363	131	13	216	420	#
717	0.490363	131	107	106	216	420	#
718	0.593552	57	119	222	85	421	#
719	0.593552	57	185	147	85	421	#
720	0.593552	57	119	170	147	85	421	#
721	0.593552	57	119	13	251	85	421	#
722	0.13193	93	#
723	0.52714	46	210	48	#
724	0.768754	2	120	185	15	33	98	422	#
725	0.768754	2	58	57	185	15	33	98	422	#
726	0.768754	2	120	119	195	33	98	422	#
727	0.768754	2	120	119	170	15	33	98	422	#
728	0.768754	2	58	57	119	195	33	98	422	#
729	0.673277	226	177	21	14	15	33	423	#
730	0.673277	82	142	33	423	#
731	0.673277	82	38	131	195	33	423	#
732	0.673277	82	38	131	170	15	33	423	#
733	0.673277	82	175	51	134	33	423	#
734	0.56036	187	27	8	424	#
735	0.56036	187	35	9	424	#
736	0.56036	187	35	26	8	424	#
737	0.56036	187	27	26	9	424	#
738	0.56036	187	169	95	9	424	#
739	1.03708	228	27	8	425	#
740	1.03708	228	35	9	425	#
741	1.03708	228	35	26	8	425	#
742	1.03708	228	27	26	9	425	#
743	1.03708	228	169	95	9	425	#
744	0.769758	224	#
745	0.284666	93	66	426	#
746	0.284666	93	92	65	426	#
747	0.630336	115	10	177	21	14	147	86	111	427	#
748	0.630336	115	10	177	21	14	147	85	112	111	427	#
749	0.630336	23	22	10	177	21	14	147	86	111	427	#
750	0.630336	51	12	222	86	111	427	#
751	0.630336	23	22	10	177	21	14	147	85	112	111	427	#
752	0.519798	1	235	14	15	197	428	#
753	0.519798	1	235	14	15	33	69	428	#
754	0.519798	16	0	235	14	15	197	428	#
755	0.519798	16	0	235	14	15	33	69	428	#
756	0.519798	1	235	14	15	81	70	428	#
757	0.46902	40	24	25	214	429	#
758	0.46902	40	24	25	45	44	429	#
759	1.07154	5	4	77	228	430	#
760	1.07154	46	139	237	163	32	64	430	#
761	1.07154	46	47	4	77	228	430	#
762	1.07154	46	139	237	75	110	32	64	430	#
763	1.07154	5	178	163	32	64	430	#
764	0.355637	107	131	38	82	#
765	0.824133	30	126	1	235	14	15	81	243	431	#
766	0.824133	61	173	112	111	18	17	431	#
767	0.824133	61	173	85	86	111	18	17	431	#
768	0.824133	30	126	16	0	235	14	15	81	243	431	#
769	0.824133	30	126	1	235	14	15	33	34	243	431	#
770	0.0190993	33	#
771	0.877174	40	189	62	#
772	0.741721	247	82	432	#
773	0.741721	78	180	51	175	432	#
774	0.741721	78	180	51	12	131	38	432	#
775	0.741721	210	48	20	19	39	38	432	#
776	0.741721	78	180	23	52	175	432	#
777	0.617762	121	68	56	3	2	58	433	#
778	0.617762	87	67	68	56	3	2	58	433	#
779	0.447147	64	130	67	#
780	0.614971	99	168	120	434	#
781	0.614971	99	168	57	58	434	#
782	0.614971	99	160	51	12	119	120	434	#
783	0.614971	99	160	220	58	434	#
784	0.614971	99	160	51	12	119	57	58	434	#
785	1.23474	60	29	146	28	435	#
786	1.23474	60	160	51	241	28	435	#
787	1.23474	60	61	221	229	133	435	#
788	1.23474	60	61	30	146	28	435	#
789	1.23474	59	255	81	135	49	50	28	435	#
790	0.899291	61	145	127	64	436	#
791	0.899291	61	145	31	32	64	436	#
792	0.899291	74	172	64	436	#
793	0.899291	30	29	145	127	64	436	#
794	0.899291	74	73	224	32	64	436	#
795	0.892051	177	10	115	51	12	129	437	#
796	0.892051	177	10	22	52	12	129	437	#
797	0.892051	177	10	22	23	51	12	129	437	#
798	0.481692	101	82	175	51	115	438	#
799	0.481692	101	82	175	52	22	438	#
800	0.481692	101	82	175	51	23	22	438	#
801	0.481692	101	82	38	131	12	51	115	438	#
802	0.481692	101	82	38	131	12	52	22	438	#
803	0.73009	89	148	124	439	#
804	0.73009	128	88	148	124	439	#
805	0.991119	234	89	440	#
806	0.991119	255	81	159	88	440	#
807	0.991119	255	33	98	83	199	440	#
808	0.991119	234	128	88	440	#
809	0.991119	78	139	237	76	88	440	#
810	0.643011	208	177	10	115	51	12	441	#
811	0.643011	208	177	10	22	52	12	441	#
812	0.643011	208	177	10	22	23	51	12	441	#
813	0.643011	208	177	11	71	52	12	441	#
814	0.643011	208	177	11	71	23	51	12	441	#
815	0.460592	229	88	225	442	#
816	0.460592	229	128	55	114	442	#
817	0.460592	229	128	55	54	113	442	#
818	0.460592	229	88	89	55	114	442	#
819	0.460592	229	88	89	55	54	113	442	#
820	0.712854	86	222	131	443	#
821	0.712854	112	85	222	131	443	#
822	0.712854	86	147	170	131	443	#
823	0.712854	112	85	147	170	131	443	#
824	0.712854	86	251	13	131	443	#
825	0.66203	82	38	162	24	91	444	#
826	0.66203	82	38	162	24	7	6	444	#
827	0.970112	61	145	127	64	27	8	445	#
828	0.970112	61	145	127	64	35	9	445	#
829	0.970112	74	73	48	176	445	#
830	0.970112	61	145	127	64	35	26	8	445	#
831	0.970112	61	145	127	64	27	26	9	445	#
832	0.400373	231	#
833	0.527863	124	158	29	446	#
834	0.527863	124	158	30	61	446	#
835	0.219493	22	10	177	#
836	0.914058	48	150	75	447	#
837	0.914058	224	163	447	#
838	0.914058	224	110	75	447	#
839	0.820737	67	130	187	448	#
840	0.820737	191	194	117	448	#
841	0.820737	191	194	75	118	448	#
842	0.820737	67	196	154	448	#
843	0.820737	67	130	64	32	110	118	448	#
844	0.530617	91	249	107	449	#
845	0.530617	91	249	106	13	449	#
846	0.530617	24	162	131	449	#
847	1.1149	243	231	106	196	450	#
848	1.1149	243	81	195	13	196	450	#
849	1.1149	243	81	15	170	13	196	450	#
850	1.1149	243	81	15	80	79	216	196	450	#
851	1.1149	166	115	51	12	13	196	450	#
852	0.705156	108	74	30	126	1	235	14	451	#
853	0.705156	108	74	30	126	16	0	235	14	451	#
854	0.705156	108	74	61	29	126	1	235	14	451	#
855	0.705156	109	136	0	235	14	451	#
856	0.705156	108	74	61	29	126	16	0	235	14	451	#
857	0.949042	88	199	217	452	#
858	0.949042	76	178	4	452	#
859	0.949042	88	199	167	112	77	452	#
860	0.949042	88	199	167	85	86	77	452	#
861	0.949042	128	89	199	217	452	#
862	1.15894	125	208	250	120	2	3	36	453	#
863	1.15894	125	208	250	57	58	2	3	36	453	#
864	1.15894	125	208	177	10	115	51	12	13	239	453	#
865	1.15894	125	208	177	10	22	52	12	13	239	453	#
866	1.15894	125	208	177	10	22	23	51	12	13	239	453	#
867	0.319353	60	59	78	#
868	0.646929	237	76	88	#
869	0.765861	214	25	24	162	39	454	#
870	0.765861	44	45	25	24	162	39	454	#
871	0.765861	214	204	6	230	454	#
872	0.765861	44	45	204	6	230	454	#
873	0.765861	214	252	19	454	#
874	0.620972	42	148	455	#
875	0.620972	84	43	148	455	#
876	0.624741	11	177	208	456	#
877	0.624741	72	10	177	208	456	#
878	0.624741	198	21	208	456	#
879	0.624741	71	22	10	177	208	456	#
880	0.624741	11	190	243	17	456	#
881	0.579137	136	0	235	457	#
882	0.579137	73	74	30	126	1	235	457	#
883	0.579137	73	74	30	126	16	0	235	457	#
884	0.916845	76	194	40	41	458	#
885	0.916845	229	154	181	3	458	#
886	0.916845	229	117	194	40	41	458	#
887	0.916845	76	194	191	67	68	56	458	#
888	0.916845	88	256	25	24	40	41	458	#
889	0.337647	33	15	14	21	177	459	#
890	0.337647	34	190	459	#
891	0.337647	33	81	190	459	#
892	0.435102	55	128	229	460	#
893	0.435102	55	89	88	229	460	#
894	0.435102	55	128	76	117	460	#
895	0.390725	21	208	#
896	0.234954	119	12	51	115	461	#
897	0.234954	119	12	52	22	461	#
898	0.234954	119	12	51	23	22	461	#
899	0.703251	78	180	51	12	119	120	462	#
900	0.703251	78	180	220	58	462	#
901	0.703251	78	180	51	12	119	57	58	462	#
902	0.703251	139	21	250	120	462	#
903	0.703251	139	21	250	57	58	462	#
904	0.754852	59	255	197	122	463	#
905	0.754852	59	255	33	69	122	463	#
906	0.754852	59	255	81	70	122	463	#
907	0.754852	59	255	33	34	70	122	463	#
908	0.754852	59	255	81	34	69	122	463	#
909	0.546859	39	161	68	#
910	0.289725	10	115	220	464	#
911	0.289725	10	115	51	12	119	57	464	#
912	0.289725	10	22	23	220	464	#
913	0.289725	10	22	52	12	119	57	464	#
914	0.289725	10	22	23	51	12	119	57	464	#
915	1.08171	229	221	74	108	465	#
916	1.08171	76	75	150	48	109	465	#
917	1.08171	76	75	150	48	73	108	465	#
918	1.08171	76	163	224	109	465	#
919	1.08171	76	75	110	224	109	465	#
920	0.362165	110	118	466	#
921	0.362165	163	117	466	#
922	0.362165	110	75	117	466	#
923	1.02846	30	146	467	#
924	1.02846	61	29	146	467	#
925	1.02846	61	160	51	241	467	#
926	0.407708	107	131	38	82	468	#
927	0.407708	106	13	131	38	82	468	#
928	1.12143	54	55	128	229	221	74	469	#
929	1.12143	54	55	253	182	469	#
930	0.713744	239	216	79	470	#
931	0.713744	36	3	181	216	79	470	#
932	0.488717	77	111	18	17	#
933	1.16965	114	55	164	17	125	123	471	#
934	1.16965	113	54	55	164	17	125	123	471	#
935	1.16965	114	152	116	53	17	125	123	471	#
936	1.16965	113	54	152	116	53	17	125	123	471	#
937	1.16965	225	89	164	17	125	123	471	#
938	0.460607	12	51	160	99	#
939	0.356202	54	55	128	229	#
940	1.09742	88	229	221	74	108	472	#
941	1.09742	148	158	30	74	108	472	#
942	1.09742	88	76	75	150	48	109	472	#
943	1.09742	148	158	29	61	74	108	472	#
944	1.09742	88	76	75	150	48	73	108	472	#
945	0.99083	157	20	473	#
946	0.99083	103	219	210	48	473	#
947	0.99083	103	219	78	59	60	61	74	73	48	473	#
948	0.99083	103	104	111	77	4	47	210	48	473	#
949	0.99083	103	104	111	77	4	5	46	210	48	473	#
950	0.758452	15	81	135	49	50	474	#
951	0.758452	15	33	34	135	49	50	474	#
952	0.296436	107	131	475	#
953	0.296436	106	13	131	475	#
954	0.283872	177	21	14	15	#
955	0.991383	82	38	253	476	#
956	0.991383	82	38	131	13	154	229	128	476	#
957	0.991383	82	38	131	107	106	154	229	128	476	#
958	0.991383	82	38	131	13	154	229	88	89	476	#
959	0.991383	82	38	131	107	106	154	229	88	89	476	#
960	0.940623	164	17	18	477	#
961	0.940623	89	199	167	112	111	477	#
962	0.940623	141	15	147	86	111	477	#
963	0.940623	141	15	147	85	112	111	477	#
964	0.940623	89	199	167	85	86	111	477	#
965	0.514584	47	78	59	60	61	478	#
966	0.514584	5	46	78	59	60	61	478	#
967	0.514584	47	78	59	60	29	30	478	#
968	0.514584	5	46	78	59	60	29	30	478	#
969	0.74044	254	177	21	14	15	479	#
970	0.74044	254	190	81	479	#
971	0.497115	1	235	14	15	81	480	#
972	0.497115	16	0	235	14	15	81	480	#
973	0.497115	1	235	14	15	33	34	480	#
974	0.497115	16	0	235	14	15	33	34	480	#
975	0.890103	241	28	481	#
976	0.890103	12	107	203	28	481	#
977	0.890103	12	13	106	203	28	481	#
978	0.890103	12	13	154	229	133	481	#
979	0.890103	12	107	106	154	229	133	481	#
980	0.696557	71	52	12	107	249	6	204	482	#
981	0.696557	71	23	51	12	107	249	6	204	482	#
982	0.696557	71	52	12	107	249	91	25	482	#
983	0.696557	71	23	51	12	107	249	91	25	482	#
984	0.696557	71	52	12	13	106	249	6	204	482	#
985	0.519059	247	#
986	0.227637	131	12	#
987	0.86201	101	82	38	131	13	154	483	#
988	0.86201	101	82	38	131	107	106	154	483	#
989	0.86201	105	102	82	38	131	13	154	483	#
990	0.86201	105	102	82	38	131	107	106	154	483	#
991	0.86201	101	82	175	12	13	154	483	#
992	0.80813	98	33	192	#
993	0.276235	115	51	12	119	120	484	#
994	0.276235	115	220	58	484	#
995	0.276235	115	51	12	119	57	58	484	#
996	0.276235	22	52	12	119	120	484	#
997	0.276235	22	23	51	12	119	120	484	#
998	0.866196	14	80	143	25	485	#
999	0.866196	21	177	254	93	6	204	485	#
1000	0.866196	21	177	254	93	91	25	485	#
1001	0.866196	94	171	249	6	204	485	#
1002	0.866196	21	177	10	115	51	12	107	249	6	204	485	#
