%% File generated by CATS v.2.1Mon Jul  4 11:06:48 2011

%% The CATS webpage is http://robotics.stanford.edu/CATS

%% PARAMETER SETTINGS:
% Goods: 256; Bids: 1000; Distribution: paths; Runs: 1; Seed: 1309806530
% Paths Distribution Parameters:
% Initial connections:       = 2
% Edge density:              = 3.000000
% Shipping cost factor:      = 1.500000
% Max bid set size:          = 5
% Building penalty:          = 1.700000



goods 256
bids 1000
dummy 427

0	0.715169	123	183	256	#
1	0.715169	69	156	189	256	#
2	0.533663	69	70	98	111	211	#
3	1.09155	16	44	52	67	164	198	231	#
4	0.834297	22	37	55	93	238	257	#
5	0.834297	4	5	55	98	255	257	#
6	0.834297	55	93	98	121	255	257	#
7	0.834297	4	5	55	211	216	257	#
8	0.834297	55	91	93	120	255	257	#
9	1.16788	54	75	80	133	172	208	247	258	#
10	1.16788	2	16	62	133	198	201	231	258	#
11	1.16788	2	54	107	133	137	231	246	258	#
12	1.16788	2	54	60	82	133	137	231	246	258	#
13	1.16788	2	16	44	50	52	58	62	133	154	198	231	258	#
14	0.7103	183	#
15	0.6427	112	245	259	#
16	0.6427	111	118	245	259	#
17	0.698455	76	143	260	#
18	0.698455	48	75	116	119	129	172	260	#
19	0.698455	47	75	99	116	119	129	172	260	#
20	0.698455	48	80	83	119	129	190	260	#
21	0.698455	47	80	83	99	119	129	190	260	#
22	0.933497	43	52	58	113	154	186	261	#
23	0.933497	17	44	52	58	113	154	186	261	#
24	0.933497	58	59	181	261	#
25	0.933497	58	66	154	180	225	261	#
26	0.933497	58	65	80	154	180	225	261	#
27	1.16848	117	126	133	200	262	#
28	1.16848	54	83	112	116	117	124	133	245	262	#
29	1.16848	54	83	111	116	117	118	124	133	245	262	#
30	1.16848	54	85	112	117	121	124	133	185	211	262	#
31	1.16848	54	85	111	117	118	121	124	133	185	211	262	#
32	0.285463	35	254	263	#
33	0.285463	35	109	110	263	#
34	0.285463	10	11	254	263	#
35	0.285463	10	11	109	110	263	#
36	0.877587	0	66	77	161	228	264	#
37	0.877587	0	65	77	80	161	228	264	#
38	0.877587	0	48	66	129	197	228	264	#
39	0.877587	0	48	65	80	129	197	228	264	#
40	0.877587	0	47	66	99	129	197	228	264	#
41	0.587859	18	113	128	234	265	#
42	0.587859	6	7	113	128	234	265	#
43	0.587859	18	49	113	127	234	265	#
44	0.587859	18	34	114	127	234	265	#
45	0.587859	6	12	13	113	128	234	265	#
46	0.634659	55	112	216	266	#
47	0.634659	55	111	118	216	266	#
48	0.77705	20	51	108	185	239	#
49	0.894794	9	59	126	138	267	#
50	0.894794	8	19	59	126	138	267	#
51	0.894794	8	59	78	79	126	138	267	#
52	0.894794	9	59	124	132	138	267	#
53	0.894794	70	118	132	188	267	#
54	0.549089	66	75	222	268	#
55	0.549089	65	75	80	222	268	#
56	0.102022	72	#
57	0.780156	0	7	141	204	269	#
58	0.780156	0	6	18	141	204	269	#
59	0.780156	0	18	47	129	141	168	197	269	#
60	0.780156	0	18	47	76	77	119	129	141	168	269	#
61	0.780156	0	12	13	141	204	269	#
62	0.874241	3	14	78	218	247	270	#
63	0.874241	16	44	52	53	67	198	231	270	#
64	0.874241	43	52	53	114	186	270	#
65	0.874241	2	3	16	44	52	53	198	231	270	#
66	0.874241	3	32	33	75	80	208	247	270	#
67	0.959699	30	136	211	271	#
68	0.959699	22	23	31	134	215	271	#
69	0.959699	22	23	30	86	134	215	271	#
70	0.959699	31	86	136	211	271	#
71	0.66946	33	78	156	272	#
72	0.66946	19	33	79	156	272	#
73	0.66946	8	156	189	272	#
74	0.624891	93	120	252	273	#
75	0.624891	48	129	158	273	#
76	0.624891	47	99	129	158	273	#
77	0.576372	51	83	116	249	274	#
78	0.576372	5	20	21	51	185	274	#
79	0.700476	111	115	150	212	275	#
80	0.700476	14	15	42	76	77	111	115	212	275	#
81	0.700476	0	111	212	220	275	#
82	0.700476	70	141	220	275	#
83	0.700476	77	106	111	212	240	275	#
84	0.748306	75	80	233	276	#
85	0.748306	65	66	75	233	276	#
86	0.748306	75	99	191	276	#
87	0.748306	47	48	75	191	276	#
88	0.748306	75	77	94	112	161	212	276	#
89	0.524781	48	75	129	167	277	#
90	0.524781	47	75	99	129	167	277	#
91	0.524781	15	75	80	87	115	208	277	#
92	0.524781	66	75	236	277	#
93	0.524781	65	75	80	236	277	#
94	0.516546	29	74	92	106	107	251	278	#
95	0.516546	29	60	74	82	92	106	251	278	#
96	0.516546	29	74	87	92	221	278	#
97	0.516546	29	61	74	87	92	107	251	278	#
98	0.516546	24	25	29	74	106	107	251	278	#
99	0.542254	215	279	#
100	0.542254	36	211	212	279	#
101	0.542254	0	1	211	212	279	#
102	0.542254	1	4	242	279	#
103	0.542254	1	70	111	141	211	279	#
104	0.609181	112	150	212	280	#
105	0.609181	111	118	150	212	280	#
106	0.802703	36	74	105	182	281	#
107	0.802703	36	73	74	105	204	281	#
108	0.802703	1	104	146	281	#
109	0.802703	0	1	74	105	182	281	#
110	0.802703	36	74	92	104	182	281	#
111	0.00907239	10	#
112	0.996641	68	103	107	135	231	282	#
113	0.996641	68	71	102	107	135	231	282	#
114	0.996641	60	68	82	103	135	231	282	#
115	0.996641	60	68	71	82	102	135	231	282	#
116	0.996641	68	106	177	231	282	#
117	0.361996	68	103	283	#
118	0.361996	68	71	102	283	#
119	0.993165	36	66	77	123	161	250	284	#
120	0.993165	36	65	77	80	123	161	250	284	#
121	0.993165	0	1	66	77	123	161	250	284	#
122	0.993165	0	1	65	77	80	123	161	250	284	#
123	0.993165	36	48	66	123	129	197	250	284	#
124	0.602956	37	88	173	285	#
125	0.602956	22	37	89	173	285	#
126	1.1528	117	133	200	#
127	0.976414	25	62	133	144	286	#
128	0.976414	24	62	92	133	144	286	#
129	0.976414	62	133	196	201	286	#
130	0.976414	44	50	52	58	62	133	154	196	286	#
131	0.976414	25	51	54	133	144	286	#
132	0.702017	65	95	96	228	287	#
133	0.702017	65	232	250	287	#
134	0.702017	66	80	95	96	228	287	#
135	0.702017	65	72	95	96	108	250	287	#
136	0.702017	66	80	232	250	287	#
137	1.00874	6	41	73	74	97	98	205	288	#
138	1.00874	6	24	40	73	74	97	98	205	288	#
139	1.00874	38	40	91	98	196	207	288	#
140	1.00874	25	40	98	193	288	#
141	1.00874	41	92	98	193	288	#
142	0.763021	71	106	107	135	289	#
143	0.763021	60	71	82	106	135	289	#
144	0.763021	61	71	87	107	135	289	#
145	0.763021	60	61	71	82	87	135	289	#
146	0.763021	102	177	289	#
147	0.772424	128	180	290	#
148	0.772424	49	127	180	290	#
149	0.772424	3	34	65	127	208	247	290	#
150	0.772424	34	113	114	127	180	290	#
151	0.772424	34	61	67	127	231	236	290	#
152	0.318877	19	66	243	291	#
153	0.318877	19	65	80	243	291	#
154	0.312764	22	23	36	37	#
155	0.116672	70	#
156	0.965806	43	50	52	58	62	73	133	154	214	292	#
157	0.965806	17	62	73	133	201	214	292	#
158	0.965806	17	44	50	52	58	62	73	133	154	214	292	#
159	0.965806	43	50	51	52	54	58	73	133	154	214	292	#
160	0.965806	16	26	62	73	133	201	214	292	#
161	0.445058	111	197	212	293	#
162	0.445058	76	77	111	119	212	293	#
163	0.874544	98	136	211	#
164	0.10552	112	294	#
165	0.10552	111	118	294	#
166	0.644534	111	203	#
167	0.859439	6	73	205	295	#
168	0.859439	7	18	73	205	295	#
169	0.859439	6	47	73	90	129	168	252	295	#
170	0.859439	17	38	73	90	207	214	295	#
171	0.859439	12	13	18	73	205	295	#
172	1.00585	0	102	141	157	197	296	#
173	1.00585	0	66	71	77	141	161	250	296	#
174	1.00585	0	65	71	77	80	141	161	250	296	#
175	1.00585	0	76	77	102	119	141	157	296	#
176	1.00585	0	48	66	71	129	141	197	250	296	#
177	0.727889	75	161	172	297	#
178	0.727889	116	143	297	#
179	0.727889	48	75	76	119	129	172	297	#
180	0.727889	47	75	76	99	119	129	172	297	#
181	0.727889	50	51	76	119	129	194	297	#
182	0.367686	19	99	243	298	#
183	0.367686	19	47	48	243	298	#
184	0.864973	23	248	299	#
185	0.864973	83	192	299	#
186	0.864973	83	84	85	238	299	#
187	0.864973	23	36	83	212	245	299	#
188	0.864973	23	36	77	143	299	#
189	0.86722	122	181	#
190	0.904463	35	37	45	55	162	254	300	#
191	0.904463	35	37	45	55	109	110	162	300	#
192	0.904463	10	11	37	45	55	162	254	300	#
193	0.904463	10	11	37	45	55	109	110	162	300	#
194	0.904463	15	37	45	162	187	300	#
195	0.817039	111	136	301	#
196	0.817039	112	118	136	301	#
197	0.817039	22	23	36	86	111	134	212	301	#
198	0.817039	22	23	30	31	36	111	134	212	301	#
199	0.817039	0	1	22	23	86	111	134	212	301	#
200	0.107729	62	#
201	0.753484	8	14	15	106	115	218	302	#
202	0.753484	15	106	115	208	229	302	#
203	0.753484	9	61	166	167	302	#
204	0.753484	8	14	15	61	87	115	218	302	#
205	0.753484	15	61	87	115	208	229	302	#
206	0.93176	54	75	99	133	168	172	303	#
207	0.93176	6	43	50	52	58	62	133	154	214	303	#
208	0.93176	47	48	54	75	133	168	172	303	#
209	0.93176	6	17	62	133	201	214	303	#
210	0.93176	47	50	62	133	168	194	303	#
211	1.0754	81	85	98	121	185	217	304	#
212	1.0754	81	85	91	120	185	217	304	#
213	1.0754	45	46	71	230	232	304	#
214	0.686738	203	#
215	0.636365	71	135	#
216	0.0831293	45	#
217	1.05034	43	50	52	58	113	122	154	186	305	#
218	1.05034	51	172	176	305	#
219	1.05034	17	113	122	186	201	305	#
220	1.05034	38	82	201	226	246	305	#
221	1.05034	16	60	198	201	226	305	#
222	0.342062	19	243	#
223	0.353172	24	196	306	#
224	0.353172	17	73	74	214	306	#
225	1.16007	118	132	195	307	#
226	1.16007	118	124	126	195	307	#
227	1.16007	111	112	132	195	307	#
228	1.16007	111	112	124	126	195	307	#
229	1.16007	132	223	253	307	#
230	0.956718	13	73	178	308	#
231	0.956718	7	12	73	178	308	#
232	0.956718	6	12	18	73	178	308	#
233	0.763703	22	85	238	309	#
234	0.763703	22	23	85	121	215	309	#
235	0.761075	106	115	169	310	#
236	0.761075	61	87	115	169	310	#
237	0.761075	95	108	162	184	310	#
238	0.824619	77	111	212	231	240	311	#
239	0.824619	106	111	115	150	212	231	311	#
240	0.824619	61	87	111	115	150	212	231	311	#
241	0.824619	60	111	150	159	212	231	311	#
242	0.824619	14	15	42	76	77	106	111	115	212	231	311	#
243	0.917413	36	157	197	312	#
244	0.917413	0	1	157	197	312	#
245	0.917413	36	76	77	119	157	312	#
246	0.917413	0	1	76	77	119	157	312	#
247	0.917413	23	157	237	312	#
248	0.638994	60	125	175	313	#
249	0.638994	82	107	125	175	313	#
250	0.638994	60	61	125	149	313	#
251	0.638994	45	60	81	175	313	#
252	0.638994	61	82	107	125	149	313	#
253	0.605219	90	119	252	314	#
254	0.605219	91	97	119	252	314	#
255	0.605219	42	97	165	314	#
256	0.768426	23	59	183	#
257	0.661223	17	38	113	186	315	#
258	0.661223	26	39	113	186	315	#
259	0.661223	16	17	39	113	186	315	#
260	0.661223	16	26	38	113	186	315	#
261	0.753418	4	14	98	165	316	#
262	0.753418	14	42	119	179	316	#
263	0.753418	4	14	42	91	98	119	252	316	#
264	0.753418	4	14	42	90	97	98	119	252	316	#
265	0.753418	4	14	42	76	77	211	212	316	#
266	0.805073	61	166	167	231	317	#
267	0.805073	14	15	19	106	115	218	231	317	#
268	0.805073	2	14	19	218	247	317	#
269	0.805073	48	61	129	167	231	243	317	#
270	0.805073	15	80	106	115	208	231	243	317	#
271	0.610839	54	217	#
272	0.521748	7	24	73	74	234	318	#
273	0.521748	6	18	24	73	74	234	318	#
274	0.730058	4	23	89	215	319	#
275	0.730058	1	23	89	242	319	#
276	0.730058	4	22	23	88	215	319	#
277	0.730058	1	22	23	88	242	319	#
278	0.730058	4	23	36	89	211	212	319	#
279	0.667875	1	183	320	#
280	0.667875	0	9	77	161	243	320	#
281	0.667875	0	9	166	197	320	#
282	0.667875	0	8	19	77	161	243	320	#
283	0.667875	0	8	19	166	197	320	#
284	0.976983	30	43	52	113	122	154	186	321	#
285	0.976983	17	30	44	52	113	122	154	186	321	#
286	0.976983	30	38	44	52	82	154	226	246	321	#
287	0.976983	30	43	52	154	199	214	321	#
288	0.976983	16	30	44	52	60	154	198	226	321	#
289	0.0352882	65	#
290	0.712931	4	98	255	322	#
291	0.712931	4	211	216	322	#
292	0.712931	4	22	23	37	215	322	#
293	0.712931	1	22	23	37	242	322	#
294	0.80862	54	75	80	117	133	172	#
295	0.648597	109	174	219	323	#
296	0.648597	61	107	109	145	219	323	#
297	0.648597	60	61	82	109	145	219	323	#
298	0.648597	106	107	115	219	254	323	#
299	0.648597	82	159	219	254	323	#
300	1.13198	20	52	57	153	164	#
301	0.714981	75	80	233	324	#
302	0.714981	65	66	75	233	324	#
303	0.714981	75	99	191	324	#
304	0.714981	47	48	75	191	324	#
305	1.23381	27	113	128	148	325	#
306	1.23381	34	67	68	103	107	127	135	231	325	#
307	1.23381	34	67	68	71	102	107	127	135	231	325	#
308	1.23381	2	3	34	68	103	107	127	135	231	325	#
309	1.23381	2	3	34	68	71	102	107	127	135	231	325	#
310	0.454431	4	5	111	211	326	#
311	0.454431	93	111	121	211	326	#
312	0.724863	14	19	187	218	327	#
313	0.724863	80	187	208	243	327	#
314	0.607416	17	241	328	#
315	0.607416	16	26	241	328	#
316	0.607416	43	44	241	328	#
317	0.607416	26	38	39	241	328	#
318	0.607416	44	56	57	241	328	#
319	0.86679	51	244	329	#
320	0.86679	50	51	58	152	329	#
321	0.86679	54	147	329	#
322	0.86679	15	75	80	110	172	208	329	#
323	0.86679	54	62	244	329	#
324	0.138464	125	#
325	0.75407	119	171	#
326	0.867826	107	137	246	330	#
327	0.867826	60	82	137	246	330	#
328	0.867826	16	51	198	201	330	#
329	0.867826	39	137	198	330	#
330	0.867826	16	44	50	51	52	58	154	198	330	#
331	1.00087	34	67	103	107	135	231	331	#
332	1.00087	34	67	71	102	107	135	231	331	#
333	1.00087	2	3	34	103	107	135	231	331	#
334	1.00087	2	3	34	71	102	107	135	231	331	#
335	1.00087	34	60	67	82	103	135	231	331	#
336	1.17446	54	116	117	133	248	332	#
337	1.17446	123	209	332	#
338	1.17446	23	117	235	332	#
339	1.17446	50	58	59	62	117	133	183	332	#
340	1.17446	36	54	75	77	117	133	161	172	332	#
341	0.77156	94	112	150	212	333	#
342	0.77156	94	111	118	150	212	333	#
343	0.77156	14	15	224	333	#
344	0.77156	14	15	94	223	333	#
345	0.77156	14	15	42	76	77	94	112	212	333	#
346	0.323643	56	214	#
347	0.868018	168	191	334	#
348	0.868018	80	99	168	233	334	#
349	0.868018	47	48	80	168	233	334	#
350	0.868018	65	66	99	168	233	334	#
351	0.868018	47	48	65	66	168	233	334	#
352	0.689469	14	42	50	119	129	194	#
353	0.74282	83	143	335	#
354	0.74282	80	161	190	335	#
355	0.74282	77	212	245	335	#
356	0.74282	65	66	161	190	335	#
357	0.74282	48	76	80	119	129	190	335	#
358	0.914215	61	167	231	252	336	#
359	0.914215	87	106	167	231	252	336	#
360	0.914215	14	15	42	106	115	119	231	252	336	#
361	0.914215	2	14	42	119	247	252	336	#
362	0.914215	14	15	42	61	87	115	119	231	252	336	#
363	0.906826	30	112	124	136	337	#
364	0.906826	30	111	118	124	136	337	#
365	0.906826	30	112	126	132	136	337	#
366	0.906826	30	111	118	126	132	136	337	#
367	0.46115	58	66	154	225	338	#
368	0.46115	58	65	80	154	225	338	#
369	0.46115	48	66	194	338	#
370	0.46115	48	65	80	194	338	#
371	0.46115	47	66	99	194	338	#
372	0.487195	48	66	129	237	339	#
373	0.487195	48	65	80	129	237	339	#
374	0.487195	47	66	99	129	237	339	#
375	0.487195	47	65	80	99	129	237	339	#
376	0.869807	54	85	117	121	133	185	340	#
377	0.869807	54	83	84	85	116	117	121	133	340	#
378	0.869807	54	85	91	98	117	120	133	185	340	#
379	0.869807	4	54	83	116	117	133	249	340	#
380	0.869807	4	5	20	21	54	117	133	185	340	#
381	0.41684	25	38	196	341	#
382	0.41684	24	38	92	196	341	#
383	0.977513	62	92	133	144	342	#
384	0.977513	24	25	62	133	144	342	#
385	0.977513	24	62	133	196	201	342	#
386	0.977513	51	54	92	133	144	342	#
387	0.700201	1	23	140	141	343	#
388	0.700201	23	69	123	140	343	#
389	0.33344	75	80	208	#
390	0.935113	16	44	52	58	67	154	198	231	344	#
391	0.935113	43	52	58	114	154	186	344	#
392	0.935113	2	3	16	44	52	58	154	198	231	344	#
393	0.935113	50	142	344	#
394	0.935113	26	43	52	58	67	154	198	231	344	#
395	0.708988	14	15	19	110	218	345	#
396	0.708988	15	80	110	208	243	345	#
397	0.708988	14	15	42	110	119	166	345	#
398	0.708988	14	15	42	48	110	119	129	243	345	#
399	0.708988	14	15	42	47	99	110	119	129	243	345	#
400	0.992029	33	54	133	139	156	346	#
401	0.992029	54	70	83	111	116	133	245	346	#
402	0.992029	54	70	85	111	121	133	185	211	346	#
403	0.992029	50	58	62	133	188	346	#
404	0.852943	82	206	347	#
405	0.852943	14	15	98	159	165	347	#
406	0.852943	14	15	60	98	106	115	165	347	#
407	0.852943	121	155	347	#
408	0.852943	60	61	91	98	167	252	347	#
409	0.679061	166	167	348	#
410	0.679061	48	129	167	243	348	#
411	0.679061	47	99	129	167	243	348	#
412	0.679061	14	15	19	87	115	218	348	#
413	0.679061	15	80	87	115	208	243	348	#
414	0.76712	100	103	131	232	349	#
415	0.76712	71	100	102	131	232	349	#
416	0.76712	72	95	96	100	103	108	131	349	#
417	0.76712	71	72	95	96	100	102	108	131	349	#
418	0.76712	46	101	103	131	232	349	#
419	0.942863	14	97	165	247	350	#
420	0.942863	14	42	90	119	247	252	350	#
421	0.942863	2	61	90	167	231	252	350	#
422	0.942863	14	90	91	165	247	350	#
423	0.942863	14	42	91	97	119	247	252	350	#
424	0.871113	4	121	160	351	#
425	0.871113	28	54	85	117	133	185	351	#
426	0.871113	5	93	160	351	#
427	0.816817	6	168	210	352	#
428	0.816817	6	47	89	129	168	237	352	#
429	0.816817	23	36	89	204	352	#
430	0.816817	7	18	168	210	352	#
431	0.816817	0	1	23	89	204	352	#
432	0.814066	97	98	205	353	#
433	0.814066	90	91	98	205	353	#
434	0.814066	75	99	163	168	353	#
435	0.814066	47	91	98	129	168	252	353	#
436	0.814066	47	48	75	163	168	353	#
437	0.740216	169	354	#
438	0.740216	72	107	135	354	#
439	0.740216	60	72	82	135	354	#
440	0.841996	32	48	75	119	129	171	355	#
441	0.841996	32	47	75	99	119	129	171	355	#
442	0.841996	30	32	64	176	355	#
443	0.841996	32	63	86	176	355	#
444	0.841996	30	31	32	63	176	355	#
445	0.788048	35	37	55	88	109	174	251	356	#
446	0.788048	35	37	55	88	109	145	221	356	#
447	0.788048	35	37	55	61	88	107	109	145	251	356	#
448	0.788048	10	11	37	55	88	109	174	251	356	#
449	0.788048	10	11	37	55	88	109	145	221	356	#
450	1.01103	74	92	112	132	182	212	357	#
451	1.01103	74	92	111	118	132	182	212	357	#
452	1.01103	74	92	112	124	126	182	212	357	#
453	1.01103	74	92	111	118	124	126	182	212	357	#
454	1.01103	73	74	92	112	132	204	212	357	#
455	0.775059	30	64	74	82	105	226	251	358	#
456	0.775059	63	74	82	86	105	226	251	358	#
457	0.775059	30	31	63	74	82	105	226	251	358	#
458	0.775059	30	64	74	82	92	104	226	251	358	#
459	0.775059	63	74	82	86	92	104	226	251	358	#
460	0.84708	43	52	113	128	186	359	#
461	0.84708	17	44	52	113	128	186	359	#
462	0.84708	66	128	180	225	359	#
463	0.84708	65	80	128	180	225	359	#
464	0.513767	120	252	#
465	0.668205	248	#
466	0.567331	50	58	59	108	239	#
467	0.0830302	43	#
468	1.14734	131	195	360	#
469	1.14734	26	56	111	153	203	360	#
470	1.14734	29	74	92	111	130	182	212	360	#
471	1.14734	29	73	74	92	111	130	204	212	360	#
472	1.14734	16	17	56	111	153	203	360	#
473	0.596978	66	75	172	361	#
474	0.596978	65	75	80	172	361	#
475	0.596978	32	33	66	75	139	361	#
476	0.596978	32	33	65	75	80	139	361	#
477	0.891197	112	122	128	136	362	#
478	0.891197	111	118	122	128	136	362	#
479	0.792063	14	42	85	119	120	252	#
480	0.476205	8	218	#
481	0.493737	61	236	363	#
482	0.493737	15	65	106	115	208	363	#
483	0.493737	87	106	236	363	#
484	0.493737	15	61	65	87	115	208	363	#
485	0.777061	10	22	37	55	238	364	#
486	0.777061	10	55	98	121	255	364	#
487	0.777061	10	55	91	120	255	364	#
488	0.777061	10	55	121	211	216	364	#
489	0.777061	10	55	90	97	120	255	364	#
490	0.878296	68	120	170	#
491	0.582259	69	70	111	121	211	#
492	0.728253	65	222	229	#
493	1.00361	35	37	55	108	227	365	#
494	1.00361	10	11	37	55	108	227	365	#
495	1.00361	10	37	55	72	222	250	365	#
496	1.00361	37	65	72	187	208	250	365	#
497	1.00361	22	48	66	72	129	237	250	365	#
498	1.07109	6	28	73	178	366	#
499	1.07109	7	18	28	73	178	366	#
500	1.07109	54	75	99	117	133	168	172	366	#
501	1.07109	6	43	50	52	58	62	117	133	154	214	366	#
502	1.07109	6	17	27	28	38	202	214	366	#
503	0.645908	17	38	56	153	367	#
504	0.645908	26	39	56	153	367	#
505	0.641393	30	74	82	92	226	251	368	#
506	0.641393	24	25	30	74	82	226	251	368	#
507	0.641393	30	73	74	92	199	368	#
508	0.641393	30	60	74	92	107	226	251	368	#
509	0.641393	30	113	114	122	151	368	#
510	1.03739	29	91	193	369	#
511	1.03739	25	29	38	196	207	369	#
512	1.03739	24	29	38	92	196	207	369	#
513	1.03739	6	29	73	74	90	92	205	369	#
514	1.03739	29	90	97	193	369	#
515	0.855206	61	90	107	167	252	370	#
516	0.855206	60	61	82	90	167	252	370	#
517	0.855206	90	207	246	370	#
518	0.855206	87	90	106	107	167	252	370	#
519	0.855206	14	15	97	106	107	115	165	370	#
520	0.835223	16	94	112	203	371	#
521	0.835223	16	94	111	118	203	371	#
522	0.835223	17	26	94	112	203	371	#
523	0.835223	17	26	94	111	118	203	371	#
524	0.835223	38	39	94	112	203	371	#
525	0.625234	233	372	#
526	0.625234	80	99	191	372	#
527	0.625234	47	48	80	191	372	#
528	0.633446	245	373	#
529	0.633446	84	85	121	211	373	#
530	0.633446	4	211	249	373	#
531	0.93057	13	112	124	204	212	374	#
532	0.93057	13	111	118	124	204	212	374	#
533	0.93057	13	112	126	132	204	212	374	#
534	0.93057	13	111	118	126	132	204	212	374	#
535	0.93057	7	12	112	124	204	212	374	#
536	0.589974	171	#
537	0.818694	34	141	213	#
538	0.196781	115	15	#
539	0.718148	39	207	120	93	375	#
540	0.718148	16	44	52	164	20	21	375	#
541	0.642227	127	34	151	376	#
542	0.642227	128	113	114	151	376	#
543	0.642227	128	49	34	151	376	#
544	0.619276	91	252	377	#
545	0.619276	97	90	252	377	#
546	0.619276	98	121	120	252	377	#
547	0.619276	165	42	119	377	#
548	0.942323	128	180	66	75	32	33	378	#
549	0.942323	128	180	65	80	75	32	33	378	#
550	0.942323	128	113	186	43	52	53	378	#
551	0.942323	128	180	66	243	79	378	#
552	0.942323	128	180	65	80	243	79	378	#
553	0.496794	121	211	212	0	#
554	0.595191	239	62	379	#
555	0.595191	239	51	54	379	#
556	0.7619	245	111	70	380	#
557	0.7619	84	85	121	211	111	70	380	#
558	0.7619	249	4	211	111	70	380	#
559	0.7619	245	112	118	70	380	#
560	0.514753	151	104	#
561	1.248	28	27	68	103	135	107	231	2	381	#
562	1.248	28	27	68	102	71	135	107	231	2	381	#
563	1.248	28	27	68	103	135	82	60	231	2	381	#
564	1.248	28	27	68	102	71	135	82	60	231	2	381	#
565	1.248	28	27	68	177	106	231	2	381	#
566	0.79678	132	112	203	16	382	#
567	0.79678	132	118	111	203	16	382	#
568	0.79678	126	124	112	203	16	382	#
569	0.79678	126	124	118	111	203	16	382	#
570	0.79678	132	112	203	26	17	382	#
571	0.828476	11	109	152	58	383	#
572	0.828476	10	35	109	152	58	383	#
573	0.828476	222	66	225	154	58	383	#
574	0.828476	222	65	80	225	154	58	383	#
575	0.828476	222	66	48	194	383	#
576	0.689726	213	0	384	#
577	0.689726	3	247	14	42	76	77	384	#
578	0.689726	114	140	23	36	384	#
579	0.689726	67	231	240	77	384	#
580	0.689726	67	231	106	115	150	384	#
581	0.468364	56	214	73	74	24	385	#
582	0.468364	56	17	196	385	#
583	0.468364	56	26	16	196	385	#
584	0.468364	57	44	196	385	#
585	1.1552	130	29	146	141	386	#
586	1.1552	130	29	92	74	182	0	141	386	#
587	1.1552	130	29	92	74	73	204	0	141	386	#
588	1.1552	130	29	25	24	74	182	0	141	386	#
589	1.1552	130	29	25	24	74	73	204	0	141	386	#
590	0.656578	42	119	157	#
591	0.476321	99	66	222	387	#
592	0.476321	99	80	65	222	387	#
593	0.476321	47	48	66	222	387	#
594	0.476321	47	48	80	65	222	387	#
595	0.77502	205	388	#
596	0.77502	90	252	129	47	168	388	#
597	0.738477	67	231	175	125	#
598	0.435596	185	85	389	#
599	0.435596	116	83	84	85	389	#
600	0.256917	251	73	6	#
601	0.287491	106	115	15	14	#
602	0.161234	30	64	390	#
603	0.161234	86	63	390	#
604	0.161234	30	31	63	390	#
605	0.195058	154	#
606	0.716286	31	134	22	23	123	391	#
607	0.716286	30	86	134	22	23	123	391	#
608	0.840304	37	55	35	254	162	392	#
609	0.840304	37	55	35	109	110	162	392	#
610	0.840304	37	55	10	11	254	162	392	#
611	0.840304	37	55	10	11	109	110	162	392	#
612	0.840304	37	187	15	162	392	#
613	0.656832	105	74	251	82	226	30	393	#
614	0.656832	104	92	74	251	82	226	30	393	#
615	0.656832	105	74	73	199	30	393	#
616	0.656832	105	74	251	107	60	226	30	393	#
617	0.656832	104	25	24	74	251	82	226	30	393	#
618	0.406151	119	129	47	168	#
619	0.125613	42	14	#
620	0.33079	20	185	54	#
621	1.07635	172	176	394	#
622	1.07635	172	75	66	180	122	394	#
623	1.07635	172	75	80	65	180	122	394	#
624	1.07635	139	33	32	176	394	#
625	1.07635	137	246	82	226	394	#
626	0.976618	120	238	22	134	395	#
627	0.976618	91	255	37	134	395	#
628	0.976618	91	98	215	23	22	134	395	#
629	0.976618	90	97	255	37	134	395	#
630	0.976618	90	97	98	215	23	22	134	395	#
631	0.774236	41	74	182	396	#
632	0.774236	40	24	74	182	396	#
633	0.774236	41	74	73	204	396	#
634	0.774236	40	24	74	73	204	396	#
635	0.774236	41	74	73	6	168	47	129	197	396	#
636	0.745986	149	125	46	96	397	#
637	0.745986	61	175	125	46	96	397	#
638	0.745986	149	81	184	397	#
639	0.745986	61	169	108	95	397	#
640	0.745986	61	175	81	184	397	#
641	0.711937	203	111	#
642	0.680393	190	80	48	129	398	#
643	0.680393	190	80	99	47	129	398	#
644	0.680393	190	65	66	48	129	398	#
645	0.680393	190	65	66	99	47	129	398	#
646	0.680393	83	116	172	75	48	129	398	#
647	0.402746	132	112	212	399	#
648	0.402746	132	118	111	212	399	#
649	0.402746	126	124	112	212	399	#
650	0.402746	126	124	118	111	212	399	#
651	0.928035	226	82	251	74	92	29	130	400	#
652	0.928035	226	82	251	74	24	25	29	130	400	#
653	0.928035	199	73	74	92	29	130	400	#
654	0.928035	226	60	107	251	74	92	29	130	400	#
655	0.928035	122	113	114	151	29	130	400	#
656	0.541837	4	163	#
657	0.551604	129	197	36	123	401	#
658	0.551604	129	197	0	1	123	401	#
659	0.551604	129	119	76	77	36	123	401	#
660	0.551604	129	197	0	141	69	401	#
661	0.551604	129	119	76	77	0	1	123	401	#
662	0.439843	70	111	211	4	#
663	0.571975	199	86	402	#
664	0.571975	199	30	31	402	#
665	0.571975	7	234	113	122	86	402	#
666	0.571975	7	234	113	122	30	31	402	#
667	0.571975	6	18	234	113	122	86	402	#
668	0.875031	30	226	82	135	#
669	0.194367	117	#
670	0.39308	43	52	154	403	#
671	0.39308	17	44	52	154	403	#
672	0.39308	26	16	44	52	154	403	#
673	1.25446	133	62	142	34	404	#
674	1.25446	133	54	51	142	34	404	#
675	1.25446	133	54	172	75	66	180	49	404	#
676	1.25446	133	54	172	75	80	65	180	49	404	#
677	1.25446	133	54	172	75	80	208	247	3	34	404	#
678	0.749646	45	162	110	405	#
679	0.749646	45	162	254	109	405	#
680	0.749646	125	149	145	405	#
681	0.749646	125	81	162	110	405	#
682	0.749646	125	175	61	145	405	#
683	0.983933	130	29	92	74	251	174	109	35	406	#
684	0.983933	130	29	92	74	221	145	109	35	406	#
685	0.983933	130	29	92	74	251	107	61	145	109	35	406	#
686	0.983933	130	29	92	74	251	174	109	11	10	406	#
687	0.983933	130	29	92	74	221	145	109	11	10	406	#
688	1.06559	54	172	176	30	#
689	0.693872	86	226	82	251	74	41	407	#
690	0.693872	31	30	226	82	251	74	41	407	#
691	0.693872	86	226	82	251	74	24	40	407	#
692	0.693872	31	30	226	82	251	74	24	40	407	#
693	1.00978	111	212	77	161	66	228	408	#
694	1.00978	111	212	77	161	80	65	228	408	#
695	1.00978	111	212	197	129	48	66	228	408	#
696	1.00978	111	212	197	129	48	80	65	228	408	#
697	1.00978	111	212	197	129	47	99	66	228	408	#
698	0.842442	82	135	409	#
699	0.842442	60	107	135	409	#
700	0.842442	60	169	72	409	#
701	0.842442	82	107	169	72	409	#
702	0.842442	60	61	236	250	409	#
703	0.912037	95	108	239	51	185	20	21	#
704	0.351636	208	80	75	#
705	0.767032	176	86	410	#
706	0.767032	176	30	31	410	#
707	0.767032	75	66	180	122	86	410	#
708	0.767032	75	66	180	122	30	31	410	#
709	0.767032	75	80	65	180	122	86	410	#
710	0.956729	131	100	96	95	108	239	50	411	#
711	0.956729	153	57	52	154	58	411	#
712	0.956729	153	56	43	52	154	58	411	#
713	0.956729	153	56	17	44	52	154	58	411	#
714	0.956729	131	100	232	72	239	50	411	#
715	0.584613	90	120	85	185	51	#
716	0.772522	141	220	106	231	412	#
717	0.772522	141	0	77	240	231	412	#
718	0.772522	141	0	150	115	106	231	412	#
719	0.772522	141	220	87	61	231	412	#
720	0.772522	141	0	150	115	87	61	231	412	#
721	0.347843	106	107	251	74	24	413	#
722	0.347843	106	60	82	251	74	24	413	#
723	0.347843	87	221	74	24	413	#
724	0.347843	87	61	107	251	74	24	413	#
725	0.715177	78	53	52	44	196	414	#
726	0.715177	78	53	52	43	214	73	74	24	414	#
727	0.715177	78	53	52	43	17	196	414	#
728	0.715177	19	243	99	168	6	73	74	24	414	#
729	0.715177	19	79	53	52	44	196	414	#
730	0.32077	254	115	415	#
731	0.32077	109	110	115	415	#
732	0.32077	109	145	87	415	#
733	0.32077	109	145	61	106	415	#
734	0.521407	14	218	19	416	#
735	0.521407	208	80	243	416	#
736	0.521407	14	42	119	166	416	#
737	0.521407	14	42	119	129	48	243	416	#
738	0.521407	14	42	119	129	47	99	243	416	#
739	0.697157	135	107	231	#
740	0.998408	105	24	196	38	207	120	417	#
741	0.998408	105	74	73	6	205	90	120	417	#
742	0.998408	104	193	98	121	417	#
743	0.998408	104	193	91	120	417	#
744	0.998408	104	25	196	38	207	120	417	#
745	1.08287	27	160	4	211	418	#
746	1.08287	68	157	197	212	418	#
747	1.08287	68	170	91	98	211	418	#
748	1.08287	68	157	119	76	77	212	418	#
749	1.08287	68	170	90	97	98	211	418	#
750	0.762568	8	218	14	15	159	419	#
751	0.762568	229	208	15	159	419	#
752	0.762568	8	218	14	15	115	106	60	419	#
753	0.762568	229	208	15	115	106	60	419	#
754	0.762568	9	166	167	61	60	419	#
755	0.716272	166	167	61	60	420	#
756	0.716272	19	218	14	15	159	420	#
757	0.716272	243	80	208	15	159	420	#
758	0.716272	19	218	14	15	115	106	60	420	#
759	0.716272	243	48	129	167	61	60	420	#
760	0.665989	237	129	47	168	#
761	0.272381	197	421	#
762	0.272381	77	76	119	421	#
763	0.815664	28	27	202	39	#
764	0.896343	12	18	205	90	120	422	#
765	0.896343	13	6	205	90	120	422	#
766	0.896343	12	18	168	47	129	252	120	422	#
767	0.896343	13	6	168	47	129	252	120	422	#
768	0.896343	12	18	205	97	98	121	422	#
769	1.01982	30	136	211	4	423	#
770	1.01982	31	134	22	23	215	4	423	#
771	1.01982	31	134	22	23	1	242	423	#
772	1.01982	30	86	134	22	23	215	4	423	#
773	1.01982	30	86	134	22	23	1	242	423	#
774	0.619159	180	122	30	#
775	0.671141	196	44	52	53	424	#
776	0.671141	24	74	73	214	43	52	53	424	#
777	0.671141	196	17	43	52	53	424	#
778	0.671141	196	16	26	43	52	53	424	#
779	0.671141	24	74	73	214	17	44	52	53	424	#
780	0.628331	73	214	43	52	53	425	#
781	0.628331	73	214	17	44	52	53	425	#
782	0.628331	73	214	26	16	44	52	53	425	#
783	1.02232	144	62	133	426	#
784	1.02232	144	51	54	133	426	#
785	1.02232	25	196	201	62	133	426	#
786	1.02232	92	24	196	201	62	133	426	#
787	1.02232	25	196	44	52	154	58	50	62	133	426	#
788	0.851944	175	60	226	86	427	#
789	0.851944	175	60	226	30	31	427	#
790	0.851944	175	107	82	226	86	427	#
791	0.851944	175	107	82	226	30	31	427	#
792	0.851944	149	61	60	226	86	427	#
793	0.901073	77	161	66	228	95	428	#
794	0.901073	77	161	80	65	228	95	428	#
795	0.901073	197	129	48	66	228	95	428	#
796	0.901073	197	129	48	80	65	228	95	428	#
797	0.901073	197	129	47	99	66	228	95	428	#
798	0.975224	215	23	140	429	#
799	0.975224	211	212	36	23	140	429	#
800	0.975224	211	136	122	113	429	#
801	0.975224	121	238	140	429	#
802	0.975224	211	212	0	1	23	140	429	#
803	1.13584	100	232	71	230	98	430	#
804	1.13584	100	96	95	108	72	71	230	98	430	#
805	1.13584	100	96	95	108	239	51	185	85	121	430	#
806	1.13584	253	165	98	430	#
807	1.13584	100	232	103	170	91	98	430	#
808	0.9597	10	222	66	75	172	431	#
809	0.9597	10	222	65	80	75	172	431	#
810	0.9597	35	109	244	51	431	#
811	0.9597	35	109	152	58	50	51	431	#
812	0.9597	35	109	147	54	431	#
813	0.407481	106	107	246	432	#
814	0.407481	106	60	82	246	432	#
815	0.407481	87	61	107	246	432	#
816	1.1447	124	112	212	182	74	92	29	433	#
817	1.1447	124	118	111	212	182	74	92	29	433	#
818	1.1447	124	112	212	204	73	74	92	29	433	#
819	1.1447	124	118	111	212	204	73	74	92	29	433	#
820	1.1447	124	112	212	182	74	24	25	29	433	#
821	0.91329	86	136	112	94	434	#
822	0.91329	31	30	136	112	94	434	#
823	0.91329	86	136	111	118	94	434	#
824	0.91329	31	30	136	111	118	94	434	#
825	0.91329	134	22	23	36	212	112	94	434	#
826	0.378321	18	168	99	80	435	#
827	0.378321	18	168	47	48	80	435	#
828	0.438488	36	77	76	42	14	#
829	0.699036	27	202	38	17	#
830	0.841869	133	62	239	108	95	436	#
831	0.841869	133	54	51	239	108	95	436	#
832	0.945389	121	85	185	217	#
833	0.881861	158	99	168	6	437	#
834	0.881861	158	48	47	168	6	437	#
835	0.881861	158	99	168	18	7	437	#
836	0.881861	158	48	47	168	18	7	437	#
837	0.881861	21	20	164	52	43	214	437	#
838	0.614137	16	241	35	55	438	#
839	0.614137	16	241	11	10	55	438	#
840	0.71107	96	95	108	239	439	#
841	0.71107	232	72	239	439	#
842	0.386539	218	#
843	0.813716	129	48	75	172	54	133	440	#
844	0.813716	129	47	99	75	172	54	133	440	#
845	0.813716	129	194	50	62	133	440	#
846	0.813716	129	194	50	51	54	133	440	#
847	0.813716	129	48	225	154	58	50	62	133	440	#
848	1.01981	30	226	60	169	441	#
849	1.01981	30	226	82	135	72	441	#
850	1.01981	30	226	82	107	169	441	#
851	1.01981	30	226	60	107	135	72	441	#
852	1.01981	31	86	226	60	169	441	#
853	0.623844	23	215	98	442	#
854	0.623844	23	36	212	211	98	442	#
855	0.623844	238	121	98	442	#
856	0.623844	23	1	0	212	211	98	442	#
857	0.623844	238	120	91	442	#
858	0.591114	35	241	44	443	#
859	0.591114	10	11	241	44	443	#
860	0.591114	35	241	17	43	443	#
861	0.591114	10	11	241	17	43	443	#
862	0.591114	35	241	16	26	43	443	#
863	1.23014	124	118	195	100	444	#
864	1.23014	126	132	118	195	100	444	#
865	1.23014	124	112	111	195	100	444	#
866	1.23014	126	132	112	111	195	100	444	#
867	1.23014	124	223	253	100	444	#
868	1.14515	128	180	65	190	83	445	#
869	1.14515	128	180	66	75	172	116	445	#
870	1.14515	128	180	65	80	75	172	116	445	#
871	0.182158	59	9	#
872	1.27426	27	68	157	237	89	446	#
873	1.27426	27	68	157	237	22	88	446	#
874	1.27426	27	68	157	197	36	23	89	446	#
875	1.27426	27	68	157	197	0	1	23	89	446	#
876	1.27426	27	68	157	119	76	77	36	23	89	446	#
877	0.903903	227	35	447	#
878	0.903903	227	11	10	447	#
879	0.903903	228	222	10	447	#
880	0.903903	108	72	250	222	10	447	#
881	0.381819	73	251	107	231	448	#
882	0.381819	73	251	82	60	231	448	#
883	0.541197	91	98	211	111	70	69	#
884	0.808127	132	112	212	150	115	449	#
885	0.808127	132	118	111	212	150	115	449	#
886	0.808127	126	124	112	212	150	115	449	#
887	0.808127	126	124	118	111	212	150	115	449	#
888	0.808127	132	223	14	15	115	449	#
889	0.828471	112	212	204	6	450	#
890	0.828471	118	111	212	204	6	450	#
891	0.828471	112	212	197	129	47	168	450	#
892	0.828471	118	111	212	197	129	47	168	450	#
893	0.828471	112	212	77	76	119	129	47	168	450	#
894	0.868244	26	203	112	94	451	#
895	0.868244	26	203	111	118	94	451	#
896	0.868244	17	16	203	112	94	451	#
897	0.868244	17	16	203	111	118	94	451	#
898	0.868244	17	38	39	203	112	94	451	#
899	0.902834	116	51	50	58	154	52	43	214	73	452	#
900	0.902834	116	51	201	17	214	73	452	#
901	0.902834	116	172	75	99	168	6	73	452	#
902	0.902834	116	139	53	52	43	214	73	452	#
903	0.902834	116	51	50	58	154	52	44	17	214	73	452	#
904	0.573654	52	44	16	198	453	#
905	0.573654	52	43	26	198	453	#
906	0.573654	52	43	17	16	198	453	#
907	0.573654	52	44	38	246	107	453	#
908	0.573654	52	44	38	246	82	60	453	#
909	0.660757	53	52	44	16	198	#
910	0.710191	190	80	48	129	119	454	#
911	0.710191	190	80	99	47	129	119	454	#
912	0.710191	190	65	66	48	129	119	454	#
913	0.710191	190	65	66	99	47	129	119	454	#
914	0.710191	83	143	76	454	#
915	0.0331997	99	#
916	1.15043	195	118	124	455	#
917	1.15043	195	118	132	126	455	#
918	1.15043	195	111	112	124	455	#
919	1.15043	195	111	112	132	126	455	#
920	1.15043	253	223	124	455	#
921	0.0569986	39	#
922	0.325928	154	52	43	#
923	0.82879	61	167	252	456	#
924	0.82879	106	87	167	252	456	#
925	0.82879	106	115	15	14	42	119	252	456	#
926	0.82879	61	87	115	15	14	42	119	252	456	#
927	0.82879	60	159	15	14	42	119	252	456	#
928	0.414848	115	15	14	42	76	#
929	0.607771	140	23	36	457	#
930	0.607771	140	23	1	0	457	#
931	0.169077	123	#
932	0.66449	182	0	458	#
933	0.66449	73	204	0	458	#
934	0.4632	52	43	214	73	459	#
935	0.4632	52	44	17	214	73	459	#
936	0.627386	204	13	460	#
937	0.627386	204	7	12	460	#
938	0.627386	204	6	18	12	460	#
939	0.106833	12	18	461	#
940	0.106833	13	6	461	#
941	0.821193	91	252	167	462	#
942	0.821193	165	14	15	115	87	462	#
943	0.821193	97	90	252	167	462	#
944	0.821193	165	14	15	115	106	61	462	#
945	0.821193	91	252	119	42	14	15	115	87	462	#
946	0.700556	83	116	51	201	16	463	#
947	0.700556	83	116	137	39	463	#
948	0.700556	83	116	51	50	58	154	52	44	16	463	#
949	0.700556	83	116	137	38	16	463	#
950	0.700556	84	164	52	44	16	463	#
951	0.764239	100	96	95	228	66	464	#
952	0.764239	100	96	95	228	65	80	464	#
953	0.764239	100	232	250	66	464	#
954	0.764239	100	232	250	65	80	464	#
955	0.213597	53	79	#
956	0.430026	225	48	129	465	#
957	0.430026	225	99	47	129	465	#
958	0.712812	115	15	14	218	466	#
959	0.712812	115	15	208	80	243	19	466	#
960	0.712812	87	167	166	19	466	#
961	0.712812	115	15	14	42	119	166	19	466	#
962	0.712812	87	167	129	48	243	19	466	#
963	0.463312	19	166	119	467	#
964	0.463312	19	243	48	129	119	467	#
965	0.463312	19	243	99	47	129	119	467	#
966	0.463312	218	42	467	#
967	0.866484	130	29	92	74	73	6	168	99	80	468	#
968	0.866484	130	29	25	24	74	73	6	168	99	80	468	#
969	0.866484	130	29	92	74	73	6	168	47	48	80	468	#
970	0.866484	130	29	25	24	74	73	6	168	47	48	80	468	#
971	0.866484	130	29	92	74	73	7	18	168	99	80	468	#
972	0.928035	130	29	92	74	251	82	226	469	#
973	0.928035	130	29	25	24	74	251	82	226	469	#
974	0.928035	130	29	92	74	73	199	469	#
975	0.928035	130	29	92	74	251	107	60	226	469	#
976	0.928035	130	29	151	114	113	122	469	#
977	0.62485	47	129	157	470	#
978	0.62485	99	66	250	103	470	#
979	0.62485	99	80	65	250	103	470	#
980	0.62485	99	66	250	71	102	470	#
981	0.62485	99	80	65	250	71	102	470	#
982	0.826159	83	116	51	239	108	95	471	#
983	0.826159	83	116	54	62	239	108	95	471	#
984	0.411631	109	145	61	231	472	#
985	0.411631	254	115	106	231	472	#
986	0.411631	109	110	115	106	231	472	#
987	0.411631	254	115	87	61	231	472	#
988	0.411631	109	110	115	87	61	231	472	#
989	0.63095	92	74	251	82	226	30	473	#
990	0.63095	25	24	74	251	82	226	30	473	#
991	0.977552	137	246	107	231	474	#
992	0.977552	137	246	82	60	231	474	#
993	0.977552	51	201	16	198	231	474	#
994	0.977552	137	39	198	231	474	#
995	0.977552	51	50	58	154	52	44	16	198	231	474	#
996	0.393918	103	68	475	#
997	0.393918	71	102	68	475	#
998	0.464968	149	476	#
999	0.464968	175	61	476	#
