%% File generated by CATS v.2.1Wed Jun 29 16:15:15 2011

%% The CATS webpage is http://robotics.stanford.edu/CATS

%% PARAMETER SETTINGS:
% Goods: 50; Bids: 400; Distribution: paths; Runs: 1; Seed: 1309382035
% Paths Distribution Parameters:
% Initial connections:       = 2
% Edge density:              = 3.000000
% Shipping cost factor:      = 1.500000
% Max bid set size:          = 5
% Building penalty:          = 1.700000



goods 50
bids 400
dummy 118

0	1.04467	44	50	#
1	1.04467	29	39	50	#
2	1.04467	0	10	17	39	50	#
3	1.04467	5	39	48	50	#
4	1.04467	4	20	39	48	50	#
5	0.0908034	12	#
6	0.473674	10	49	51	#
7	0.473674	2	3	10	51	#
8	0.716195	6	10	13	#
9	0.0873915	12	#
10	1.13488	10	17	39	52	#
11	1.13488	10	13	17	18	52	#
12	1.13488	1	34	52	#
13	1.13488	0	44	52	#
14	1.13488	0	29	39	52	#
15	0.407298	10	13	#
16	0.11023	12	#
17	0.815612	42	53	#
18	0.815612	21	41	53	#
19	0.618462	4	47	#
20	0.812896	10	11	43	49	66	#
21	0.292233	17	#
22	0.0106459	4	#
23	1.08921	9	47	54	#
24	1.08921	3	36	48	54	#
25	1.08921	5	9	23	54	#
26	1.08921	4	9	20	23	54	#
27	1.08921	24	30	36	54	#
28	0.0732757	11	#
29	0.104561	15	55	#
30	0.104561	11	14	55	#
31	0.633177	4	12	33	56	#
32	0.633177	4	22	35	56	#
33	0.633177	4	11	12	35	56	#
34	0.633177	4	11	22	33	56	#
35	0.633177	4	12	14	15	35	56	#
36	0.235225	17	#
37	0.561578	14	20	35	57	#
38	0.561578	4	5	14	35	57	#
39	0.812896	10	11	21	25	66	#
40	0.876845	11	40	58	#
41	0.876845	14	46	58	#
42	0.876845	14	15	40	58	#
43	1.08989	4	26	59	#
44	1.08989	5	20	26	59	#
45	1.08989	4	24	45	59	#
46	1.08989	0	20	45	59	#
47	1.08989	0	4	5	45	59	#
48	1.03756	10	17	39	60	#
49	1.03756	10	13	17	18	60	#
50	1.05529	6	10	13	17	61	#
51	1.05529	7	45	61	#
52	0.372263	49	62	#
53	0.372263	2	3	62	#
54	0.848694	4	47	63	#
55	0.848694	20	23	63	#
56	0.848694	4	5	23	63	#
57	0.848694	5	20	47	63	#
58	0.848694	4	24	31	63	#
59	0.810459	9	38	64	#
60	0.810459	7	8	9	64	#
61	0.810459	16	37	64	#
62	0.971471	27	65	#
63	0.971471	39	49	65	#
64	0.971471	2	3	39	65	#
65	0.971471	13	18	49	65	#
66	0.971471	19	37	65	#
67	0.812896	32	66	#
68	0.753229	28	35	#
69	0.348545	13	#
70	0.334886	28	4	#
71	0.623111	4	33	12	67	#
72	0.623111	4	35	22	67	#
73	0.623111	4	35	11	12	67	#
74	0.623111	4	33	11	22	67	#
75	0.588341	16	43	11	#
76	0.737188	15	43	2	68	#
77	0.737188	14	11	43	2	68	#
78	0.737188	14	22	12	43	2	68	#
79	0.397372	43	#
80	0.873618	21	33	28	69	#
81	0.873618	21	11	35	28	69	#
82	0.183988	0	#
83	0.430688	19	#
84	0.518891	0	17	70	#
85	0.518891	5	24	17	70	#
86	0.518891	20	4	24	17	70	#
87	0.471936	43	#
88	0.354516	28	4	#
89	0.523233	29	71	#
90	0.523233	10	17	0	71	#
91	0.523233	48	5	71	#
92	0.523233	48	4	20	71	#
93	1.10377	11	43	37	72	#
94	1.10377	11	42	6	72	#
95	1.10377	11	21	41	6	72	#
96	1.10377	14	15	43	37	72	#
97	1.10377	14	15	42	6	72	#
98	0.714662	19	7	#
99	0.0842347	20	73	#
100	0.0842347	5	4	73	#
101	0.83607	42	74	#
102	0.83607	21	41	74	#
103	1.07077	21	40	8	#
104	0.734732	10	25	#
105	1.08722	6	13	10	17	75	#
106	1.08722	7	45	75	#
107	1.08722	6	13	29	0	75	#
108	1.23522	27	43	15	76	#
109	1.23522	27	43	11	14	76	#
110	1.23522	39	25	21	15	76	#
111	1.23522	18	42	15	76	#
112	1.23522	18	41	21	15	76	#
113	0.711382	49	13	77	#
114	0.711382	2	3	13	77	#
115	0.89854	23	78	#
116	0.89854	47	5	78	#
117	0.89854	47	4	20	78	#
118	0.89854	31	0	78	#
119	0.547852	43	11	79	#
120	0.547852	43	15	14	79	#
121	0.547852	43	12	22	79	#
122	0.210394	0	#
123	0.664582	11	43	2	80	#
124	0.664582	14	15	43	2	80	#
125	1.15256	11	40	8	81	#
126	1.15256	14	46	8	81	#
127	1.15256	14	15	40	8	81	#
128	1.15256	11	43	16	9	8	81	#
129	1.15256	22	12	40	8	81	#
130	0.633358	20	33	12	82	#
131	0.633358	5	4	33	12	82	#
132	0.633358	20	35	22	82	#
133	0.633358	20	35	11	12	82	#
134	0.431427	24	17	#
135	0.810128	17	10	13	#
136	0.875596	12	40	#
137	0.668081	9	8	#
138	0.400385	43	#
139	0.610357	33	20	83	#
140	0.610357	33	4	5	83	#
141	0.610357	11	35	20	83	#
142	0.610357	11	35	4	5	83	#
143	0.610357	15	14	35	20	83	#
144	0.792012	23	84	#
145	0.792012	5	47	84	#
146	0.792012	20	4	47	84	#
147	0.792012	0	31	84	#
148	0.651294	36	#
149	0.640156	12	43	2	#
150	0.21809	6	#
151	0.610357	20	33	85	#
152	0.610357	5	4	33	85	#
153	0.610357	20	35	11	85	#
154	0.610357	5	4	35	11	85	#
155	0.610357	20	35	14	15	85	#
156	0.241754	2	#
157	0.991527	10	3	36	86	#
158	0.991527	10	13	6	38	86	#
159	0.991527	10	13	6	7	8	86	#
160	0.991527	10	49	16	9	86	#
161	0.551033	1	17	#
162	0.964762	46	87	#
163	0.964762	15	40	87	#
164	0.964762	14	11	40	87	#
165	0.242864	24	88	#
166	0.242864	0	5	88	#
167	0.242864	0	20	4	88	#
168	1.31484	1	45	89	#
169	1.31484	1	17	10	13	6	7	89	#
170	1.31484	28	4	26	89	#
171	1.31484	1	30	36	8	89	#
172	1.31484	1	24	26	89	#
173	0.409725	1	17	#
174	0.947026	11	42	90	#
175	0.947026	11	21	41	90	#
176	0.947026	14	15	42	90	#
177	0.947026	14	15	21	41	90	#
178	0.947026	11	21	25	13	90	#
179	0.208957	2	#
180	0.971471	27	91	#
181	0.971471	39	49	91	#
182	0.971471	39	3	2	91	#
183	0.971471	18	13	49	91	#
184	0.971471	19	37	91	#
185	0.52494	20	35	92	#
186	0.52494	5	4	35	92	#
187	0.0756967	5	93	#
188	0.0756967	20	4	93	#
189	0.824249	13	48	4	94	#
190	0.824249	13	29	20	94	#
191	0.824249	13	29	5	4	94	#
192	0.824249	13	10	17	24	4	94	#
193	0.824249	13	10	17	0	20	94	#
194	0.261397	6	#
195	0.947026	42	11	95	#
196	0.947026	41	21	11	95	#
197	0.947026	42	15	14	95	#
198	0.947026	41	21	15	14	95	#
199	0.947026	13	25	21	11	95	#
200	0.322204	28	4	#
201	0.76529	11	43	2	96	#
202	0.76529	14	15	43	2	96	#
203	0.76529	22	12	43	2	96	#
204	0.620481	33	12	97	#
205	0.620481	35	22	97	#
206	0.620481	35	11	12	97	#
207	0.620481	33	11	22	97	#
208	0.879773	13	29	98	#
209	0.879773	13	10	17	0	98	#
210	0.879773	13	48	5	98	#
211	0.879773	13	48	4	20	98	#
212	0.879773	13	10	17	24	5	98	#
213	0.745107	11	21	25	99	#
214	0.745107	11	43	49	99	#
215	0.745107	14	15	21	25	99	#
216	0.745107	32	10	99	#
217	0.745107	11	43	2	3	99	#
218	0.979947	46	100	#
219	0.979947	40	15	100	#
220	0.979947	40	11	14	100	#
221	0.979947	9	16	43	15	100	#
222	0.979947	9	16	43	11	14	100	#
223	0.639138	16	43	15	101	#
224	0.639138	16	43	11	14	101	#
225	0.458747	6	7	#
226	1.18948	27	43	11	#
227	1.00021	6	13	29	102	#
228	1.00021	6	13	10	17	0	102	#
229	1.00021	6	13	48	5	102	#
230	1.00021	6	13	48	4	20	102	#
231	1.00872	41	103	#
232	1.00872	13	25	103	#
233	1.00872	42	21	103	#
234	0.562347	12	33	4	#
235	0.851956	33	28	104	#
236	0.851956	11	35	28	104	#
237	0.851956	15	14	35	28	104	#
238	0.851956	33	4	24	1	104	#
239	0.851956	33	20	0	1	104	#
240	0.80074	47	105	#
241	0.80074	23	5	105	#
242	0.80074	23	20	4	105	#
243	0.133884	22	106	#
244	0.133884	12	11	106	#
245	0.927496	48	13	6	#
246	0.456604	10	13	#
247	0.564416	2	43	#
248	0.991505	40	12	107	#
249	0.991505	40	11	22	107	#
250	0.991505	9	16	43	12	107	#
251	0.991505	46	14	22	107	#
252	0.991505	46	15	12	107	#
253	0.650636	3	48	#
254	0.397294	6	7	#
255	0.306041	24	108	#
256	0.306041	0	5	108	#
257	0.306041	0	20	4	108	#
258	0.189279	21	11	#
259	0.725425	15	43	2	109	#
260	0.725425	14	11	43	2	109	#
261	0.106217	15	110	#
262	0.106217	11	14	110	#
263	0.34689	13	#
264	0.397857	18	#
265	0.218495	3	#
266	1.10826	37	43	111	#
267	1.10826	6	42	111	#
268	1.10826	6	41	21	111	#
269	1.10826	6	13	25	21	111	#
270	1.10826	6	13	49	43	111	#
271	0.446408	49	112	#
272	0.446408	3	2	112	#
273	0.850058	28	35	113	#
274	0.850058	28	33	11	113	#
275	0.850058	28	33	15	14	113	#
276	0.850058	1	24	4	35	113	#
277	0.850058	1	0	20	35	113	#
278	0.228517	3	#
279	0.594657	20	35	14	114	#
280	0.594657	5	4	35	14	114	#
281	0.594657	20	33	15	114	#
282	0.594657	20	33	11	14	114	#
283	0.594657	5	4	33	15	114	#
284	0.873471	39	10	17	#
285	0.640863	16	9	115	#
286	0.640863	2	36	115	#
287	1.06714	12	40	8	#
288	0.23851	24	#
289	0.915774	48	13	6	#
290	0.745107	11	21	25	116	#
291	0.745107	11	43	49	116	#
292	0.745107	14	15	21	25	116	#
293	0.745107	32	10	116	#
294	0.745107	11	43	2	3	116	#
295	0.811595	14	32	117	#
296	0.811595	15	11	32	117	#
297	0.811595	15	21	25	10	117	#
298	0.811595	14	11	21	25	10	117	#
299	0.811595	15	43	49	10	117	#
300	0.207492	1	#
301	0.933908	41	6	#
302	0.129007	10	#
303	1.06673	29	13	6	118	#
304	1.06673	0	17	10	13	6	118	#
305	1.06673	5	48	13	6	118	#
306	1.06673	20	4	48	13	6	118	#
307	1.06673	5	24	17	10	13	6	118	#
308	0.670091	39	119	#
309	0.670091	18	13	119	#
310	1.14969	8	40	12	120	#
311	1.14969	8	40	11	22	120	#
312	0.252483	8	#
313	0.697759	30	0	121	#
314	0.697759	3	29	121	#
315	0.697759	3	10	17	0	121	#
316	0.697759	3	48	5	121	#
317	0.697759	3	48	4	20	121	#
318	0.721114	32	#
319	0.824249	13	48	4	122	#
320	0.824249	13	29	20	122	#
321	0.824249	13	29	5	4	122	#
322	0.824249	13	10	17	24	4	122	#
323	0.824249	13	10	17	0	20	122	#
324	0.745107	11	21	25	123	#
325	0.745107	11	43	49	123	#
326	0.745107	14	15	21	25	123	#
327	0.745107	32	10	123	#
328	0.745107	11	43	2	3	123	#
329	0.815481	39	3	#
330	0.492346	4	24	17	124	#
331	0.492346	20	0	17	124	#
332	0.492346	4	5	0	17	124	#
333	0.774179	12	21	25	125	#
334	0.774179	12	43	49	125	#
335	0.774179	12	43	2	3	125	#
336	0.785492	11	32	126	#
337	0.785492	21	25	10	126	#
338	0.785492	43	49	10	126	#
339	0.785492	15	14	32	126	#
340	0.785492	43	2	3	10	126	#
341	0.277751	7	#
342	1.18296	12	40	8	127	#
343	1.18296	22	11	40	8	127	#
344	1.18296	12	43	16	9	8	127	#
345	1.18296	22	14	46	8	127	#
346	1.18296	12	15	46	8	127	#
347	0.697759	0	30	128	#
348	0.697759	29	3	128	#
349	0.697759	0	17	10	3	128	#
350	0.697759	5	48	3	128	#
351	0.697759	20	4	48	3	128	#
352	0.961106	40	11	129	#
353	0.961106	46	14	129	#
354	0.961106	40	15	14	129	#
355	0.961106	9	16	43	11	129	#
356	0.961106	40	12	22	129	#
357	0.971471	27	130	#
358	0.971471	49	39	130	#
359	0.971471	2	3	39	130	#
360	0.971471	49	13	18	130	#
361	0.971471	37	19	130	#
362	0.631645	35	14	131	#
363	0.631645	33	15	131	#
364	0.631645	33	11	14	131	#
365	0.631645	35	11	15	131	#
366	0.847675	47	4	132	#
367	0.847675	23	20	132	#
368	0.847675	23	5	4	132	#
369	0.847675	47	5	20	132	#
370	0.0951564	10	#
371	0.593298	2	43	11	#
372	0.632903	12	33	4	133	#
373	0.632903	22	35	4	133	#
374	0.632903	12	11	35	4	133	#
375	0.632903	22	11	33	4	133	#
376	0.718947	35	4	24	134	#
377	0.718947	35	20	0	134	#
378	0.718947	35	4	5	0	134	#
379	0.718947	11	33	4	24	134	#
380	0.718947	11	33	20	0	134	#
381	0.496232	43	15	135	#
382	0.496232	43	11	14	135	#
383	0.456645	43	#
384	1.10377	11	43	37	136	#
385	1.10377	11	42	6	136	#
386	1.10377	11	21	41	6	136	#
387	1.10377	14	15	43	37	136	#
388	1.10377	14	15	42	6	136	#
389	1.04162	15	43	37	137	#
390	1.04162	14	11	43	37	137	#
391	0.785492	11	32	138	#
392	0.785492	21	25	10	138	#
393	0.785492	43	49	10	138	#
394	0.785492	15	14	32	138	#
395	0.785492	43	2	3	10	138	#
396	0.988855	17	10	39	139	#
397	0.988855	17	10	13	18	139	#
398	0.500735	0	17	#
399	0.234651	6	#
