%% File generated by CATS v.2.1Mon Jul  4 11:07:05 2011

%% The CATS webpage is http://robotics.stanford.edu/CATS

%% PARAMETER SETTINGS:
% Goods: 500; Bids: 1000; Distribution: regions; Runs: 1; Seed: 1309806598
% Regions Distribution Parameters:
% Max Substitutable Bids = 5
% Removing HV Neighbor   = 0.1
% Adding DIAG Neighbor   = 0.2
% Additional Location    = 0.9
% Jump Probability       = 0.05
% Additivity             = 0.2
% Budget Factor          = 1.5
% Resale Factor          = 0.5
% Normal Private Value:
%   Mean                 = 0
%   Standard Deviation   = 30



goods 500
bids 1005
dummy 191

0	1341.06	225	245	246	247	267	268	269	270	289	290	291	292	294	311	312	313	314	315	334	335	338	500	#
1	1819.86	13	14	15	16	17	36	37	58	59	80	244	266	267	268	269	287	288	289	290	310	311	500	#
2	1597.98	245	265	266	267	268	269	287	288	289	290	291	296	297	298	313	316	318	338	339	341	363	500	#
3	1575.27	270	271	290	292	293	313	314	315	316	320	337	338	339	340	342	343	344	345	365	383	387	500	#
4	1550	223	245	246	248	249	267	268	269	270	271	272	288	289	290	291	292	311	312	313	333	457	500	#
5	1533.18	222	223	224	225	244	245	246	267	268	288	289	290	291	309	310	311	313	314	332	334	335	500	#
6	695.464	294	314	315	316	317	336	337	338	339	359	360	382	501	#
7	875.32	294	295	296	315	316	317	338	339	359	360	361	381	501	#
8	870.921	292	293	294	314	315	316	337	338	339	340	360	361	501	#
9	868.18	251	272	273	293	294	315	316	317	338	339	360	361	501	#
10	822.657	315	335	336	338	339	358	359	360	361	362	381	477	501	#
11	796.996	149	150	151	172	315	316	338	339	340	361	363	364	501	#
12	1143.83	316	317	338	339	340	341	354	355	361	362	363	364	386	502	#
13	1185.53	312	332	333	334	335	354	355	377	378	398	399	400	401	502	#
14	1157.82	295	297	317	318	338	339	340	341	361	362	445	466	467	502	#
15	1072.43	332	354	355	377	398	449	458	459	460	461	481	482	483	502	#
16	952.818	316	317	338	339	340	360	361	362	363	364	365	384	385	502	#
17	931.585	295	296	297	316	317	318	339	340	361	362	363	364	386	502	#
18	68.8716	403	#
19	256.232	244	265	266	267	287	288	503	#
20	349.374	220	221	242	243	264	265	503	#
21	338.062	221	243	264	265	266	287	503	#
22	332.808	24	46	68	90	245	267	503	#
23	218.719	221	222	243	244	266	288	503	#
24	208.284	169	266	288	289	310	332	503	#
25	43.5771	180	#
26	100.328	2	24	#
27	2152.53	287	308	309	330	331	332	333	352	353	354	355	356	357	358	374	375	376	377	378	379	396	397	402	419	440	441	442	463	464	504	#
28	2707.38	81	102	103	330	331	353	354	374	375	376	396	397	418	419	420	421	422	440	441	442	443	444	445	462	463	464	465	466	467	504	#
29	2630.2	309	330	332	352	353	374	375	376	377	396	397	418	419	420	421	422	423	440	441	442	443	444	445	446	462	463	464	465	466	504	#
30	2606.33	131	151	152	153	173	174	175	308	330	331	352	353	354	355	374	375	376	396	397	418	419	420	440	441	442	443	462	463	464	504	#
31	2444.03	353	374	375	377	378	396	397	400	418	419	420	421	422	423	425	440	441	442	443	444	445	446	462	463	464	465	466	467	468	504	#
32	2413.09	331	353	375	396	397	402	403	418	419	420	421	422	423	424	425	440	441	442	443	444	445	446	463	464	465	466	467	469	489	504	#
33	312.724	170	171	192	505	#
34	341.05	170	192	193	505	#
35	278.339	148	170	171	505	#
36	247.161	149	171	193	505	#
37	1496.24	17	18	19	20	21	38	39	40	41	42	43	60	63	64	65	82	84	85	86	87	107	108	335	357	380	385	386	407	408	506	#
38	1911.35	297	320	332	333	334	353	354	355	356	357	358	359	376	377	378	379	380	381	382	396	397	398	399	400	401	402	422	423	424	506	#
39	1796.28	19	20	21	40	41	42	43	63	64	65	86	87	91	92	93	104	108	109	112	113	114	137	138	139	443	465	466	467	468	506	#
40	1793.11	40	63	64	65	84	85	86	92	93	108	109	113	130	131	135	152	153	158	159	312	333	334	335	356	376	377	378	379	398	506	#
41	1789.41	293	294	295	314	315	332	333	334	335	336	337	338	353	354	355	356	357	360	376	377	378	379	380	397	398	399	401	423	424	506	#
42	1769.42	16	17	37	38	39	40	58	59	60	61	62	80	81	82	83	84	102	103	104	105	179	180	181	364	386	407	408	430	452	506	#
43	969.648	378	400	419	420	422	423	441	442	443	444	445	465	466	498	507	#
44	1277.6	353	375	376	396	397	398	399	418	419	420	440	441	442	464	507	#
45	1225.77	352	374	375	376	377	396	397	398	418	419	420	440	441	442	507	#
46	1222.91	353	374	375	376	377	396	397	418	419	440	441	463	464	465	507	#
47	1185.37	233	234	255	256	257	277	376	377	378	398	399	420	421	498	507	#
48	1147.49	396	397	418	419	420	422	423	440	443	444	445	465	466	467	507	#
49	1664.13	12	34	55	158	159	178	179	180	181	200	201	202	203	222	223	224	225	226	247	248	249	269	401	423	445	508	#
50	1879.75	16	36	37	38	59	60	108	109	130	203	205	206	207	224	225	226	227	228	247	248	249	269	271	409	431	508	#
51	1715.82	11	12	13	15	16	30	31	32	33	34	35	36	37	38	53	54	55	56	57	58	59	79	80	81	102	508	#
52	1705.88	35	92	177	178	179	198	199	200	201	202	203	220	221	222	223	224	243	245	246	247	252	253	267	268	275	508	#
53	1685.58	178	179	180	181	198	199	200	201	202	203	220	221	222	223	224	225	242	243	244	245	246	264	265	268	290	508	#
54	1628.97	5	12	13	27	33	34	35	36	37	48	49	55	56	57	59	71	72	169	170	191	192	205	212	214	227	508	#
55	979.334	161	308	309	330	331	352	353	374	375	396	509	#
56	1053.09	330	331	332	352	374	375	396	397	418	419	509	#
57	1025.27	308	330	331	352	353	354	374	396	397	418	509	#
58	947.468	152	174	196	218	240	352	374	375	396	418	509	#
59	823.028	51	52	73	330	331	332	352	353	354	484	509	#
60	765.541	286	308	309	330	331	352	353	354	374	396	509	#
61	466.025	84	86	106	107	108	128	129	130	150	510	#
62	685.354	95	105	127	148	149	150	170	171	172	510	#
63	638.585	39	40	60	83	84	106	107	128	150	510	#
64	617.584	105	107	126	127	128	129	130	150	151	510	#
65	586.868	86	87	106	107	108	130	169	170	192	510	#
66	569.567	86	90	108	112	132	133	134	152	153	510	#
67	272.959	59	81	103	511	#
68	326.225	81	82	83	511	#
69	1280.59	88	90	91	92	110	111	112	113	132	133	134	135	136	154	155	156	157	176	177	178	179	198	200	201	512	#
70	1887.31	45	46	66	67	68	69	70	71	88	89	90	91	92	110	111	112	113	114	132	133	134	154	155	177	512	#
71	1886.49	67	68	70	88	89	90	105	110	111	112	132	133	134	135	136	155	156	158	178	180	181	183	205	439	512	#
72	1877.68	46	47	66	67	68	69	88	89	90	91	110	111	112	132	133	134	154	155	156	157	410	411	432	433	512	#
73	1789.33	45	46	49	67	68	69	70	71	88	89	90	110	111	112	132	133	134	135	136	154	155	156	157	325	512	#
74	1774.53	45	46	47	49	68	69	70	71	72	89	90	91	92	93	94	111	112	113	114	115	116	139	212	235	512	#
75	823.86	60	61	62	83	105	108	109	127	128	129	130	131	151	152	513	#
76	1133.99	16	17	38	39	58	59	60	61	82	83	104	105	127	470	513	#
77	1087.36	35	39	57	60	61	62	80	81	82	83	84	104	106	197	513	#
78	1083.44	16	17	38	39	40	60	61	62	63	82	83	85	105	450	513	#
79	996.97	42	43	63	64	65	86	106	107	108	129	130	131	152	153	513	#
80	988.318	84	106	107	108	128	129	149	150	151	152	169	170	171	191	513	#
81	656.538	172	173	192	193	194	195	217	218	239	514	#
82	936.66	150	151	171	172	173	192	193	194	195	514	#
83	811.953	146	147	148	170	171	191	192	193	342	514	#
84	748.24	128	129	150	151	170	171	172	173	193	514	#
85	711.613	129	150	151	152	172	173	174	175	197	514	#
86	680.712	171	172	192	193	194	214	215	236	237	514	#
87	95.8938	51	#
88	151.453	248	270	515	#
89	225.407	197	270	515	#
90	400.464	367	368	369	370	371	391	516	#
91	509.42	346	347	348	368	369	370	516	#
92	459.054	345	365	366	367	368	388	516	#
93	433.973	327	348	369	370	371	392	516	#
94	343.727	85	347	368	369	370	391	516	#
95	310.664	368	369	389	390	391	412	516	#
96	91.716	77	99	#
97	51.5028	196	#
98	308.732	113	135	136	156	517	#
99	329.055	113	114	115	136	517	#
100	321.684	91	113	114	115	517	#
101	276.268	135	157	158	159	517	#
102	272.303	133	156	157	322	517	#
103	2033.8	137	138	160	180	182	183	202	203	204	205	206	225	228	247	248	249	250	269	270	271	287	291	292	313	335	425	426	447	448	482	483	518	#
104	2494.08	138	159	160	183	204	205	206	228	231	232	244	245	246	247	248	249	250	251	252	270	271	272	291	292	293	312	313	314	315	335	337	518	#
105	2332.65	35	36	37	58	230	231	247	248	249	250	251	252	253	254	269	270	271	272	273	274	291	292	293	296	313	315	316	317	318	319	341	518	#
106	2279.96	264	265	267	268	286	287	288	289	308	309	310	311	312	313	330	331	332	333	352	353	354	355	356	374	375	376	377	397	418	419	463	518	#
107	2199.21	206	223	224	225	228	229	245	246	247	248	249	251	252	267	268	269	270	271	287	288	289	290	291	292	293	311	312	313	335	393	416	518	#
108	2187.02	12	13	34	46	55	68	69	169	202	203	204	222	223	224	225	244	245	246	247	248	249	250	266	267	268	270	271	272	288	292	293	518	#
109	1574.71	6	28	29	49	50	51	52	71	72	73	99	100	101	122	123	126	145	148	167	168	169	170	171	189	190	519	#
110	1936.65	27	28	29	30	49	50	51	71	72	73	74	75	94	95	96	97	118	119	151	173	174	456	457	478	479	519	#
111	1916.57	29	49	50	51	71	72	73	74	93	94	145	147	148	149	150	168	169	170	171	190	191	213	214	215	235	519	#
112	1842.21	25	47	125	127	147	148	149	150	169	170	171	172	191	193	194	195	213	214	215	216	233	234	235	238	426	519	#
113	1836.63	127	144	145	146	148	149	167	168	169	170	171	188	189	190	191	211	212	213	214	215	233	234	235	236	256	519	#
114	1824.96	28	49	50	51	52	71	72	73	74	92	93	94	113	118	344	345	346	368	369	390	391	392	412	413	414	519	#
115	73.7268	479	#
116	2148.29	98	99	100	101	102	120	121	356	376	377	378	397	398	399	400	420	421	422	424	425	442	443	444	445	446	447	466	469	520	#
117	2309.95	333	340	355	356	357	358	359	362	363	364	376	377	378	379	380	381	382	383	384	386	400	401	402	403	404	424	455	477	520	#
118	2255.55	0	1	22	314	336	356	357	358	359	360	378	379	380	381	401	402	403	422	423	424	445	446	447	448	468	469	470	471	520	#
119	2239.1	3	4	25	47	328	331	353	374	375	376	377	378	396	397	398	399	400	420	421	422	442	443	444	445	446	465	466	467	520	#
120	2151.75	10	30	31	32	54	77	97	98	99	119	120	121	122	123	139	140	141	142	143	144	145	146	166	167	168	186	187	188	520	#
121	2115.56	30	31	32	33	34	53	54	55	56	73	75	76	77	95	96	97	98	99	116	117	118	119	120	140	141	454	476	477	520	#
122	264.106	112	134	521	#
123	184.385	133	134	521	#
124	729.702	3	4	25	26	46	47	68	352	353	522	#
125	871.438	309	330	331	332	352	353	374	375	397	522	#
126	842.907	25	26	27	47	48	49	66	69	72	522	#
127	765.545	5	6	25	26	27	28	46	47	48	522	#
128	729.107	4	5	25	26	48	374	375	396	418	522	#
129	704.299	23	24	45	46	68	202	223	241	263	522	#
130	138.933	7	8	523	#
131	101.011	7	29	523	#
132	96.0892	215	237	238	239	259	261	262	283	#
133	233.567	27	49	72	524	#
134	293.351	6	7	27	524	#
135	219.803	70	71	72	524	#
136	154.866	49	50	71	524	#
137	155.358	390	391	392	412	413	493	525	#
138	181.291	369	370	390	391	392	393	525	#
139	1192.16	110	132	133	154	155	156	157	176	177	178	198	199	200	201	220	221	222	223	245	526	#
140	1591.24	154	155	176	177	178	179	180	181	182	198	199	200	201	222	223	224	244	245	267	526	#
141	1551.69	2	30	31	52	71	72	73	74	75	92	93	94	95	96	97	222	223	244	245	526	#
142	1413.37	176	177	198	199	220	221	287	288	318	341	360	361	362	363	364	382	383	384	386	526	#
143	1394.8	14	15	35	36	37	110	111	112	132	133	154	155	156	176	177	198	458	459	481	526	#
144	1324.4	154	155	158	176	177	179	198	199	200	201	221	222	223	243	244	245	266	267	288	526	#
145	1375.74	74	75	96	97	98	120	246	267	268	269	290	291	478	479	527	#
146	1426.85	50	51	52	53	54	73	74	75	95	96	97	116	117	118	527	#
147	1346.08	51	52	53	73	74	75	76	96	97	98	116	117	118	119	527	#
148	1290.21	31	52	53	74	75	76	96	97	98	99	116	117	120	142	527	#
149	1220.51	30	33	52	53	54	55	73	74	75	76	96	97	98	119	527	#
150	1203.4	224	246	247	268	269	319	320	342	343	344	346	366	367	368	527	#
151	723.119	2	3	23	24	25	45	46	528	#
152	760.869	1	22	23	24	46	470	471	528	#
153	749.36	22	23	24	44	45	46	67	528	#
154	700.746	2	3	24	25	26	27	47	528	#
155	695.753	1	2	3	24	25	26	27	528	#
156	553.252	3	4	24	25	26	46	47	528	#
157	1106	199	200	201	220	221	222	223	224	242	243	244	245	246	265	267	268	529	#
158	1334.39	178	179	200	201	202	203	220	221	222	223	224	225	242	246	268	269	529	#
159	1196.95	220	221	222	223	224	225	242	243	244	245	246	264	265	266	267	268	529	#
160	1186.73	220	221	242	243	265	266	286	287	288	308	309	310	330	331	352	353	529	#
161	1163.5	203	224	225	246	247	265	266	267	268	287	288	289	290	311	312	333	529	#
162	1154.02	220	221	222	242	243	244	266	312	332	333	334	335	336	356	359	445	529	#
163	936.625	42	43	64	65	86	87	107	108	109	341	350	351	371	372	373	393	394	415	416	417	530	#
164	1402.07	20	21	41	42	43	63	64	65	72	73	74	85	86	87	95	96	97	116	117	139	530	#
165	1311.83	260	281	282	304	306	307	326	328	329	348	349	350	351	371	372	373	392	393	406	427	530	#
166	1275.4	275	297	298	317	318	319	320	339	340	341	342	363	364	365	379	386	420	443	444	465	530	#
167	1102.35	282	283	305	306	325	327	328	329	348	349	350	351	370	371	372	373	392	395	416	417	530	#
168	1012.49	283	285	305	306	307	325	327	328	329	348	349	350	351	369	370	371	372	373	393	394	530	#
169	1118.42	206	207	228	229	230	249	250	251	252	270	271	272	273	274	294	295	317	531	#
170	1479.94	51	71	72	73	93	274	275	295	296	297	298	317	318	319	320	339	340	531	#
171	1461.14	87	182	295	297	298	316	317	318	319	320	338	339	340	341	342	363	495	531	#
172	1383.47	207	229	230	232	251	252	253	254	274	275	295	296	297	318	340	362	363	531	#
173	1365.44	224	246	247	249	268	269	270	271	272	291	292	293	294	295	313	315	338	531	#
174	1346.34	206	228	229	230	231	232	251	252	273	295	366	388	389	390	411	433	434	531	#
175	369.665	26	48	103	125	147	532	#
176	468.457	4	5	26	27	28	532	#
177	446.786	81	102	103	104	137	532	#
178	320.534	81	124	125	126	146	532	#
179	250.451	146	147	148	170	191	532	#
180	228.99	48	70	473	474	475	532	#
181	604.812	94	251	273	274	295	296	297	318	320	340	363	533	#
182	829.055	208	228	229	230	251	272	273	294	314	315	338	533	#
183	816.037	318	319	320	321	340	341	342	343	361	362	363	533	#
184	752.978	15	16	17	18	38	39	318	340	341	342	364	533	#
185	693.799	273	274	295	296	316	317	318	319	320	338	339	533	#
186	676.52	100	231	252	253	271	272	273	274	293	294	295	533	#
187	288.268	83	104	105	125	127	148	150	171	534	#
188	387.829	150	351	372	373	394	395	416	417	534	#
189	376.638	150	171	172	173	174	193	194	196	534	#
190	375.525	80	81	82	102	104	105	127	410	534	#
191	271.644	60	81	82	83	104	105	126	127	534	#
192	168.63	127	128	129	148	150	151	396	418	534	#
193	100.129	301	#
194	146.266	20	21	535	#
195	127.518	19	20	535	#
196	1436.39	240	241	262	263	282	283	284	285	302	303	304	305	306	307	324	325	326	327	328	348	349	350	370	536	#
197	1738.37	2	306	324	325	326	327	328	329	347	348	349	350	372	413	414	425	432	433	434	435	446	456	468	536	#
198	1642.11	260	280	281	282	283	284	285	302	303	304	305	306	307	324	325	326	327	347	348	349	370	372	487	536	#
199	1640.15	57	79	80	261	263	280	281	282	283	284	285	303	304	305	306	307	326	327	328	329	348	349	350	536	#
200	1633.31	138	160	161	162	163	182	183	235	257	258	259	261	263	279	280	281	282	283	284	285	301	303	306	536	#
201	1578.65	216	238	241	260	261	262	263	281	282	283	284	285	303	304	305	306	307	326	327	328	347	348	349	536	#
202	108.179	167	#
203	119.176	320	331	537	#
204	107.745	298	320	537	#
205	45.2758	309	331	537	#
206	588.895	333	335	356	357	358	380	538	#
207	618.622	334	335	356	357	358	380	538	#
208	607.172	332	333	334	354	355	356	538	#
209	604.963	335	357	358	359	380	381	538	#
210	526.616	310	332	333	354	356	378	538	#
211	487.6	357	358	359	360	380	381	538	#
212	367.29	360	361	383	384	539	#
213	323.404	363	384	385	407	539	#
214	313.044	361	362	363	384	539	#
215	238.092	362	363	383	384	539	#
216	218.457	316	338	360	361	539	#
217	974.527	74	75	95	96	97	117	118	119	137	138	139	140	160	161	540	#
218	1284.31	51	52	73	74	75	76	96	97	98	112	118	134	138	139	540	#
219	1173.29	30	51	52	73	74	75	95	96	97	114	118	137	138	139	540	#
220	1137.46	28	29	51	52	53	54	73	74	75	96	97	118	119	140	540	#
221	1054.76	54	74	75	76	77	78	79	96	97	98	99	100	119	120	540	#
222	1045.39	96	97	98	118	119	138	139	140	141	160	162	163	184	206	540	#
223	347.959	316	318	339	340	341	361	541	#
224	471.31	297	316	317	318	320	339	541	#
225	460.83	294	316	338	339	361	383	541	#
226	438.884	297	317	318	319	320	339	541	#
227	398.201	297	298	318	338	339	361	541	#
228	362.217	318	339	341	342	363	364	541	#
229	122.307	170	191	213	542	#
230	174.383	212	213	235	542	#
231	155.661	150	170	171	542	#
232	95.4572	191	213	214	542	#
233	167.108	176	177	#
234	212.699	194	216	217	543	#
235	236.043	216	217	240	543	#
236	188.117	195	217	218	543	#
237	69.6372	171	172	194	543	#
238	172.292	380	381	544	#
239	88.5964	379	380	544	#
240	79.4685	381	403	544	#
241	1113.14	379	380	381	401	402	403	420	422	423	425	442	443	444	445	446	447	464	465	468	545	#
242	1414.24	217	239	261	283	358	380	381	399	402	420	421	422	423	424	425	443	444	445	446	545	#
243	1352.48	245	336	337	338	357	358	359	360	379	380	381	382	383	384	401	402	404	406	423	545	#
244	1279.08	4	25	39	110	163	164	186	208	398	419	420	421	441	442	443	444	445	464	465	545	#
245	1277.44	245	267	314	335	336	357	358	359	360	361	379	380	381	382	401	402	403	424	425	545	#
246	1241.53	10	11	12	32	33	54	55	76	77	412	413	420	421	434	441	442	443	456	457	545	#
247	830.515	40	43	62	63	64	65	84	86	87	100	106	107	108	128	151	546	#
248	1215.29	84	85	86	103	105	106	107	125	126	127	128	129	130	149	332	546	#
249	995.153	40	41	42	63	64	65	84	85	86	87	102	103	106	107	109	546	#
250	982.438	11	12	13	35	56	57	58	78	79	80	100	101	122	123	124	546	#
251	884.566	27	28	39	40	41	59	60	61	62	63	81	84	85	102	103	546	#
252	784.853	40	62	63	64	65	84	85	86	87	106	107	108	128	129	151	546	#
253	412.001	240	260	261	262	281	282	283	285	305	547	#
254	581.985	217	238	239	259	260	261	281	282	303	547	#
255	580.541	238	259	260	261	279	280	281	282	283	547	#
256	557.077	4	26	48	261	283	426	448	449	471	547	#
257	272.799	193	194	215	216	217	218	238	239	240	547	#
258	234.108	282	283	284	304	305	306	326	327	328	547	#
259	147.847	141	161	162	163	184	185	548	#
260	204.41	163	164	185	186	187	208	548	#
261	147.917	119	140	141	161	162	184	548	#
262	113.916	138	139	161	184	185	186	548	#
263	781.102	228	248	249	250	270	271	272	273	292	549	#
264	853.711	269	270	271	272	273	292	293	294	316	549	#
265	832.704	249	270	271	272	273	293	294	295	315	549	#
266	711.128	228	229	230	231	249	250	251	252	272	549	#
267	705.55	184	206	228	249	250	271	272	273	294	549	#
268	678.902	231	232	233	253	254	273	274	275	295	549	#
269	713.056	302	324	325	344	345	346	347	348	366	367	368	369	370	388	391	550	#
270	983.437	280	302	303	324	325	345	346	347	367	368	369	389	390	410	411	550	#
271	959.472	13	35	57	79	80	81	91	102	113	347	369	370	371	391	400	550	#
272	926.703	297	325	326	327	346	347	348	370	392	430	450	451	452	472	473	550	#
273	908.516	299	319	320	321	322	341	342	343	344	345	363	365	366	367	389	550	#
274	907.002	141	142	164	185	186	342	343	365	366	387	388	390	409	410	411	550	#
275	57.0165	69	141	163	551	#
276	78.9498	141	162	163	551	#
277	423.232	427	428	429	430	450	451	452	453	472	473	474	552	#
278	606.414	364	385	386	408	409	430	431	432	452	453	454	552	#
279	604.257	248	249	441	451	462	463	464	472	473	474	475	552	#
280	590.835	81	101	102	123	124	144	145	146	167	168	472	552	#
281	531.892	19	210	232	408	430	450	451	452	472	473	474	552	#
282	525.904	428	430	450	451	452	453	471	472	473	474	475	552	#
283	140.54	206	228	553	#
284	106.13	184	206	553	#
285	91.9547	228	249	553	#
286	64.6358	330	331	554	#
287	91.7194	331	332	554	#
288	278.664	294	295	555	#
289	125.4	273	295	555	#
290	115.806	272	294	555	#
291	848.553	69	77	91	92	99	112	113	114	134	135	136	556	#
292	927.322	3	4	5	25	26	45	46	47	48	67	69	556	#
293	868.283	5	67	68	70	89	90	92	110	111	112	113	556	#
294	855.853	78	98	99	100	101	119	120	121	123	144	145	556	#
295	848.782	26	48	70	92	111	112	113	114	115	134	135	556	#
296	822.439	91	113	114	115	116	136	137	158	180	181	344	556	#
297	208.162	34	35	55	56	57	58	80	557	#
298	100.169	35	36	56	57	58	80	406	557	#
299	225.124	105	126	127	558	#
300	267.446	126	127	128	558	#
301	175.472	104	105	127	558	#
302	798.6	353	354	375	376	377	396	397	559	#
303	928.507	374	375	396	397	398	418	419	559	#
304	900.715	353	374	375	396	397	418	457	559	#
305	885.134	353	354	375	376	396	397	398	559	#
306	871.205	354	355	374	375	376	397	398	559	#
307	751.636	331	352	353	375	397	418	419	559	#
308	300.52	19	20	41	62	63	85	560	#
309	424.627	83	84	85	107	128	129	560	#
310	349.801	61	62	63	83	84	85	560	#
311	332.236	17	18	19	38	39	336	560	#
312	266.346	17	18	19	20	41	63	560	#
313	257.555	40	61	62	63	84	85	560	#
314	976.909	168	169	244	245	246	265	266	267	268	287	288	289	561	#
315	1020.18	224	246	266	267	268	288	289	290	310	311	332	333	561	#
316	996.771	267	287	288	289	290	309	310	311	330	331	332	354	561	#
317	974.041	203	225	244	245	246	247	266	267	268	287	288	289	561	#
318	939.241	246	247	267	268	269	289	290	292	311	312	313	333	561	#
319	878.643	50	220	221	242	243	244	245	265	266	267	286	288	561	#
320	866.294	297	318	319	320	321	340	341	342	562	#
321	815.913	276	298	320	321	341	342	343	344	562	#
322	789.32	299	319	320	321	341	342	363	385	562	#
323	787.263	253	275	276	296	297	298	320	321	562	#
324	759.377	297	318	320	340	341	342	362	364	562	#
325	723.483	295	296	318	339	340	341	348	349	562	#
326	268.188	86	108	563	#
327	254.987	108	109	563	#
328	1971.93	144	149	166	167	188	207	208	209	210	211	231	232	233	234	251	252	254	255	256	276	277	278	279	337	338	339	359	360	361	362	380	381	382	383	564	#
329	2586.36	168	169	170	190	191	192	210	211	212	213	214	215	232	233	234	235	236	253	254	255	256	275	276	277	278	298	299	388	389	390	411	412	432	433	564	#
330	2506.13	294	295	296	315	317	318	319	320	321	336	337	338	339	340	342	357	358	359	360	361	362	363	364	379	380	381	382	383	384	385	402	403	406	407	564	#
331	2425.67	68	90	148	169	170	190	191	192	207	211	212	213	214	229	231	233	234	235	251	252	253	254	255	256	257	274	275	276	277	278	298	299	300	301	564	#
332	2415.48	247	269	291	292	293	313	314	315	316	318	333	335	336	337	338	339	356	357	358	359	360	361	362	380	381	382	383	384	402	403	405	422	423	424	564	#
333	2393	37	86	87	208	209	231	232	233	234	252	253	254	255	256	274	275	276	277	278	297	298	299	300	301	318	319	320	321	322	344	390	391	413	414	564	#
334	731.424	302	303	324	325	326	346	347	348	369	370	565	#
335	883.576	6	7	29	306	326	327	328	329	348	351	565	#
336	816.947	280	302	303	324	325	344	345	346	347	368	565	#
337	766.135	281	302	303	324	325	326	346	347	348	369	565	#
338	722.824	0	22	280	301	302	303	323	324	325	348	565	#
339	711.433	302	303	324	325	326	346	347	348	349	369	565	#
340	49.9606	199	407	566	#
341	51.6079	407	429	566	#
342	352.995	308	370	371	372	373	393	394	416	417	438	567	#
343	518.295	371	391	392	393	394	413	414	415	435	436	567	#
344	510.512	105	370	371	390	391	392	393	412	414	436	567	#
345	461.347	327	348	368	369	370	371	372	391	393	395	567	#
346	444.615	373	389	390	395	417	437	438	439	460	482	567	#
347	426.988	307	329	349	350	351	371	372	373	395	417	567	#
348	135.278	433	455	568	#
349	57.8968	455	456	568	#
350	189.57	363	364	384	385	406	569	#
351	273.961	406	427	428	451	472	569	#
352	6.10492	363	384	385	386	407	569	#
353	112.087	286	308	570	#
354	156.537	308	309	570	#
355	105.105	264	286	570	#
356	306.456	406	426	427	428	571	#
357	337.28	156	384	406	407	571	#
358	286.858	384	406	426	427	571	#
359	244.293	406	407	428	450	571	#
360	2539.58	308	330	331	333	352	353	354	355	374	375	376	377	378	392	396	397	398	399	400	401	402	418	419	420	421	422	440	441	442	443	445	462	463	464	465	496	572	#
361	3157.86	40	41	224	245	246	247	267	268	269	286	308	330	332	352	353	354	374	375	376	383	396	397	398	404	405	406	418	419	420	427	428	440	441	442	464	465	572	#
362	3111.96	94	95	96	97	205	227	244	265	266	269	287	288	289	290	291	308	309	310	311	312	330	331	334	335	352	353	354	355	374	375	376	377	396	398	399	400	572	#
363	2744.39	4	25	26	47	67	68	69	71	90	91	92	93	94	112	113	114	115	132	133	135	136	375	376	396	397	398	418	419	440	441	443	462	463	464	465	466	572	#
364	2726.77	266	267	287	288	331	352	353	354	374	375	376	377	396	397	398	399	400	418	419	420	421	422	423	440	441	442	443	444	445	462	463	464	465	466	467	497	572	#
365	2708.09	90	91	92	112	113	245	246	247	265	266	267	268	287	288	289	290	291	308	309	310	311	312	330	331	332	333	335	352	353	354	355	356	357	358	375	376	572	#
366	1231.5	312	331	332	333	334	352	353	354	355	356	375	376	377	378	397	398	399	420	573	#
367	1649.32	137	139	159	160	161	181	182	183	184	205	331	352	353	354	355	356	374	375	573	#
368	1480.26	288	309	310	330	331	332	352	353	354	374	375	396	397	398	399	418	419	420	573	#
369	1400.84	333	334	335	355	356	357	377	378	379	380	381	382	398	399	400	401	422	423	573	#
370	1393.37	220	242	243	264	265	266	286	287	308	309	330	331	332	352	353	374	375	396	573	#
371	1364.96	265	286	287	288	308	309	310	311	330	331	332	352	353	354	355	375	377	398	573	#
372	36.934	91	164	186	187	574	#
373	10.8215	164	186	187	208	574	#
374	438.195	19	20	39	40	41	42	43	61	63	64	65	450	575	#
375	647.26	19	20	41	42	43	61	62	63	64	86	87	179	575	#
376	625.829	38	39	40	41	58	59	60	61	62	63	82	83	575	#
377	526.696	405	406	427	428	449	450	451	452	470	471	472	474	575	#
378	499.708	12	13	18	19	40	41	61	62	63	64	84	106	575	#
379	489.388	19	40	41	42	43	63	64	65	85	86	107	108	575	#
380	250.014	223	224	576	#
381	210.638	224	246	576	#
382	164.166	202	223	576	#
383	1457.12	17	204	266	287	288	309	310	330	332	352	353	354	374	375	376	377	396	399	400	460	481	577	#
384	1621.57	310	311	332	333	353	354	355	374	375	376	377	378	396	397	398	399	400	421	422	423	445	577	#
385	1611.23	180	202	203	221	222	224	225	244	245	246	264	265	266	267	286	287	288	289	308	310	332	577	#
386	1579.82	6	27	28	126	127	309	310	311	330	332	333	334	352	353	354	355	374	375	376	396	397	577	#
387	1577.24	310	311	312	331	332	333	352	353	355	356	374	375	376	377	378	396	397	398	400	419	420	577	#
388	1537.93	109	129	130	131	151	152	153	233	244	255	256	265	266	287	288	289	310	311	312	335	409	577	#
389	968.942	60	83	105	206	207	208	209	227	228	229	230	231	578	#
390	936.595	187	188	189	208	209	210	211	212	230	231	232	233	578	#
391	890.861	39	60	61	62	81	82	83	104	105	125	147	492	578	#
392	867.201	39	59	60	61	62	82	83	104	105	125	126	148	578	#
393	852.197	186	208	209	211	229	230	231	232	233	252	253	254	578	#
394	744.864	186	206	207	208	209	228	229	230	231	249	251	487	578	#
395	1230.12	157	179	180	201	202	203	223	224	225	245	246	247	268	579	#
396	1410.42	180	181	201	202	203	222	223	224	225	245	246	247	483	579	#
397	1330.41	158	159	179	181	182	202	203	223	224	225	245	246	247	579	#
398	1199.9	158	159	160	180	181	182	183	202	203	205	223	224	225	579	#
399	1193.62	158	178	180	181	200	201	202	203	222	223	224	244	245	579	#
400	1145.64	135	136	156	158	159	180	182	202	223	224	245	246	268	579	#
401	165.711	397	398	580	#
402	154.642	375	397	580	#
403	112.295	377	398	580	#
404	328.98	20	21	42	43	64	65	86	87	581	#
405	396.239	18	19	20	40	41	42	43	452	581	#
406	311.927	18	19	20	21	42	43	64	86	581	#
407	311.553	21	42	43	65	273	274	429	430	581	#
408	281.885	21	40	43	63	64	65	86	87	581	#
409	276.844	64	65	86	87	106	107	108	109	581	#
410	337.557	140	141	161	162	163	183	185	582	#
411	438.707	96	118	119	120	139	140	141	582	#
412	416.041	140	141	160	161	162	163	184	582	#
413	392.816	116	118	119	139	140	141	142	582	#
414	374.973	82	83	161	162	163	183	184	582	#
415	356.747	162	163	184	185	207	208	229	582	#
416	161.745	105	127	230	231	232	253	583	#
417	242.273	232	253	254	275	276	277	583	#
418	203.28	208	209	210	231	232	233	583	#
419	136.736	82	83	104	105	127	149	583	#
420	106.025	126	127	128	147	148	149	583	#
421	93.8005	17	#
422	372.473	186	426	428	447	448	449	450	584	#
423	514.12	428	429	430	450	451	452	473	584	#
424	487.794	113	114	115	425	446	447	469	584	#
425	472.411	165	186	187	208	209	210	211	584	#
426	391.644	404	426	427	446	447	448	449	584	#
427	360.122	404	426	448	449	469	470	471	584	#
428	1395.95	297	318	319	339	340	341	342	361	362	363	364	384	385	386	406	407	408	427	585	#
429	1709.85	316	317	318	319	320	321	338	339	340	341	362	363	364	365	385	386	407	408	585	#
430	1700.07	317	318	327	338	339	340	341	342	343	362	363	364	383	384	385	386	407	408	585	#
431	1637.68	297	298	299	318	319	320	338	339	340	341	342	361	362	363	364	385	406	407	585	#
432	1605.19	315	316	317	318	319	337	338	339	340	341	342	361	362	363	364	384	385	406	585	#
433	1596.61	276	277	295	297	298	299	300	317	318	319	320	322	339	340	341	342	363	384	585	#
434	52.9646	487	#
435	1348.82	27	48	49	50	71	72	73	93	94	95	115	116	117	118	119	137	139	586	#
436	1494.6	50	51	72	73	94	95	96	97	115	116	117	118	139	415	459	460	461	586	#
437	1486.73	52	53	72	73	93	94	95	115	116	117	118	119	138	139	140	160	161	586	#
438	1392.17	50	71	72	94	95	111	114	115	116	117	118	119	137	138	139	140	141	586	#
439	1370.03	1	49	50	52	72	73	93	94	95	96	114	115	116	117	118	139	407	586	#
440	1337.79	95	96	115	117	118	119	137	138	139	140	141	159	160	161	162	183	205	586	#
441	1527.38	44	45	66	67	68	88	89	90	110	111	112	113	132	133	134	135	156	157	158	178	179	216	587	#
442	1738.68	17	37	38	39	40	63	137	157	158	159	164	165	166	167	178	179	187	198	199	200	223	224	587	#
443	1715.27	23	45	66	67	88	89	111	112	113	133	156	178	260	282	366	388	389	390	410	411	412	413	587	#
444	1553.54	22	23	44	45	66	67	68	88	89	90	111	112	429	430	450	451	452	453	472	473	474	475	587	#
445	1503.35	23	24	45	46	66	67	68	88	89	90	110	111	112	113	133	134	156	157	158	177	178	179	587	#
446	1489.77	88	89	110	111	112	132	133	134	135	155	156	157	158	159	176	177	178	179	198	200	201	220	587	#
447	20.3153	104	#
448	629.346	115	118	119	136	137	138	139	161	162	184	588	#
449	800.08	139	161	184	185	187	206	207	208	245	267	588	#
450	782.984	44	45	46	47	67	74	75	96	97	118	588	#
451	780.399	115	116	137	138	139	160	271	293	315	338	588	#
452	706.24	113	134	135	136	137	156	157	158	159	451	588	#
453	687.068	92	93	113	114	115	116	136	137	138	159	588	#
454	235.472	122	143	144	145	589	#
455	243.394	121	141	142	143	589	#
456	147.167	143	144	166	167	589	#
457	70.0334	123	145	257	258	589	#
458	44.116	458	480	#
459	4.57963	289	#
460	413.186	1	22	23	24	210	590	#
461	527.61	1	2	23	24	45	590	#
462	383.111	0	1	2	3	24	590	#
463	297.953	210	211	232	233	254	590	#
464	2010.48	133	156	231	253	254	255	256	257	275	276	277	278	279	292	298	299	314	319	320	321	322	342	343	365	591	#
465	2166.9	49	50	51	52	69	70	71	72	93	94	254	277	299	321	322	342	343	344	345	346	365	368	387	390	591	#
466	2163.3	210	232	233	255	256	257	277	278	279	280	299	300	301	302	303	321	322	323	324	325	342	343	344	345	591	#
467	2101.77	152	174	254	276	277	278	279	298	299	300	320	321	322	323	341	342	343	344	345	363	364	365	386	408	591	#
468	2037.62	189	210	231	232	253	254	255	256	276	277	278	297	298	299	317	318	319	320	321	339	342	343	344	365	591	#
469	1866.11	209	210	211	231	232	233	253	254	255	256	275	276	277	278	297	298	299	300	319	320	321	343	344	365	591	#
470	108.285	107	108	592	#
471	123.073	86	108	592	#
472	62.4935	78	100	#
473	776.168	147	168	169	171	191	192	193	212	593	#
474	802.846	148	169	170	171	191	192	193	194	593	#
475	757.072	169	170	189	190	191	192	193	213	593	#
476	710.58	148	149	170	171	191	192	193	194	593	#
477	693.175	147	149	169	170	171	191	192	193	593	#
478	572.329	169	170	189	191	211	212	213	234	593	#
479	107.458	191	192	#
480	2782.78	272	290	294	295	312	313	314	315	316	317	318	334	335	336	337	338	339	340	357	358	359	360	361	362	363	380	381	382	383	384	401	402	403	404	405	422	423	424	426	427	445	446	447	448	449	469	493	496	594	#
481	3799.46	35	36	38	57	58	59	60	61	62	79	80	81	82	83	84	99	101	102	103	104	105	121	122	123	124	125	126	143	144	145	146	147	166	167	168	187	189	235	256	257	356	357	379	380	381	402	403	424	594	#
482	3550.4	8	9	10	60	81	82	102	103	104	121	124	125	126	147	148	168	169	170	171	190	191	213	357	379	401	402	403	404	422	423	424	425	426	427	445	446	447	448	449	450	464	465	466	467	468	469	470	472	594	#
483	3501.89	28	29	50	81	101	102	123	124	145	146	168	169	181	333	338	340	356	357	358	359	360	361	362	363	380	381	382	383	403	404	405	424	425	426	427	428	429	430	446	447	448	449	468	469	470	471	472	479	594	#
484	3380.63	122	123	144	166	187	339	340	358	361	363	380	381	382	383	384	402	403	404	405	406	408	422	423	424	425	426	427	428	429	430	445	446	447	448	449	450	451	452	466	467	468	469	470	471	472	473	474	475	594	#
485	3360.17	176	177	178	198	199	200	201	220	242	243	288	289	290	291	312	313	314	335	336	337	357	359	360	379	380	381	382	383	401	402	403	404	405	419	420	423	424	425	426	427	428	443	444	445	446	447	468	469	594	#
486	249.267	215	216	236	237	238	239	259	595	#
487	309.111	214	235	236	257	258	450	451	595	#
488	282.426	171	172	193	194	216	238	239	595	#
489	148.709	214	406	428	596	#
490	198.959	214	463	464	596	#
491	176.08	406	427	428	596	#
492	199.391	272	273	294	295	597	#
493	248.034	292	293	294	313	597	#
494	202.632	143	272	273	274	597	#
495	66.7294	294	295	296	316	597	#
496	125.319	63	85	107	598	#
497	156.153	85	106	107	598	#
498	152.528	62	63	85	598	#
499	43.0441	107	212	213	598	#
500	791.091	204	413	434	435	454	455	456	457	477	479	599	#
501	926.059	351	372	394	395	413	434	435	456	457	479	599	#
502	851.589	434	435	437	456	457	458	459	477	478	479	599	#
503	767.457	368	390	391	411	412	413	414	434	435	494	599	#
504	727.779	412	413	415	434	435	436	456	457	478	479	599	#
505	710.256	13	35	36	433	434	455	456	457	476	477	599	#
506	342.335	215	216	237	239	259	600	#
507	435.523	236	238	258	259	261	600	#
508	400.473	239	240	259	260	261	600	#
509	303.681	214	215	235	236	237	600	#
510	281.301	215	216	237	238	239	600	#
511	208.146	172	194	195	216	239	600	#
512	457.36	118	119	140	141	161	162	163	185	432	454	601	#
513	684.484	119	120	141	163	164	187	379	400	401	423	601	#
514	663.589	119	138	140	141	162	163	164	165	453	475	601	#
515	662.939	119	140	141	142	162	163	164	165	187	208	601	#
516	614.59	119	141	142	162	163	164	184	186	206	227	601	#
517	546.189	53	75	97	99	119	120	140	162	318	319	601	#
518	374.445	7	8	27	28	29	30	50	602	#
519	512.578	8	9	30	31	53	54	75	602	#
520	404.101	6	7	8	29	30	31	53	602	#
521	393.411	6	28	29	30	50	51	52	602	#
522	385.727	7	8	9	10	11	12	30	602	#
523	376.356	6	7	28	29	30	50	51	602	#
524	135.987	264	265	266	603	#
525	94.3647	244	266	267	603	#
526	309.04	246	267	268	289	311	604	#
527	418.668	268	269	289	290	312	604	#
528	399.832	246	247	267	268	289	604	#
529	318.145	223	224	245	246	268	604	#
530	297.353	268	269	289	290	311	604	#
531	195.371	245	266	267	288	310	604	#
532	120.42	96	#
533	679.175	24	143	166	188	189	190	207	210	228	229	230	249	605	#
534	1006.59	144	164	165	166	187	188	189	210	211	212	233	492	605	#
535	885.258	142	146	164	165	166	167	168	188	189	190	210	211	605	#
536	879.293	144	145	167	168	188	189	190	209	210	211	231	232	605	#
537	742.896	139	161	183	205	206	207	227	228	229	249	250	272	605	#
538	726.931	3	4	23	24	25	26	45	46	47	48	49	68	605	#
539	272.292	12	282	433	455	456	476	477	606	#
540	376.723	455	457	475	476	477	478	479	606	#
541	310.552	260	261	281	282	283	303	305	606	#
542	302.62	454	455	475	476	477	478	479	606	#
543	120.691	107	108	109	607	#
544	175.419	108	109	131	607	#
545	90.0737	107	108	129	607	#
546	526.017	136	158	159	271	293	294	295	315	337	608	#
547	749.171	114	134	135	136	158	180	181	182	452	608	#
548	731.032	272	294	315	316	317	337	338	359	484	608	#
549	730.268	158	159	160	180	181	182	201	202	224	608	#
550	671.379	99	228	247	248	249	250	251	271	272	608	#
551	663.782	271	272	294	315	316	336	337	338	339	608	#
552	5.51245	384	#
553	92.8033	325	#
554	180.783	88	110	132	609	#
555	190.171	66	88	89	609	#
556	163.164	110	132	384	609	#
557	745.078	88	372	394	395	416	417	435	436	437	438	439	460	461	610	#
558	854.366	46	66	67	68	88	89	90	111	112	133	134	156	177	610	#
559	799.181	371	372	394	415	416	436	437	438	439	460	461	482	483	610	#
560	777.897	393	394	414	415	416	436	437	438	439	460	461	482	483	610	#
561	753.968	90	112	349	371	372	373	393	394	395	414	415	436	437	610	#
562	709.148	393	415	416	417	436	437	438	439	460	461	481	482	483	610	#
563	667.933	306	307	329	348	349	350	372	393	394	395	415	417	436	488	611	#
564	845.606	253	254	255	273	274	275	276	277	297	298	299	320	487	488	611	#
565	830.441	261	282	283	284	285	305	306	307	328	329	349	350	351	372	611	#
566	818.515	283	284	305	306	307	328	329	348	349	350	351	372	373	394	611	#
567	743.023	303	304	307	325	328	329	347	348	349	350	351	372	394	395	611	#
568	686.178	14	350	351	371	372	373	393	394	395	414	415	416	417	433	611	#
569	1336.24	16	17	39	59	60	61	62	82	83	84	85	103	104	105	125	146	147	148	612	#
570	1446.05	59	60	62	80	81	82	83	84	102	103	104	105	106	124	125	146	147	168	612	#
571	1306.35	13	14	16	17	36	37	38	39	41	58	59	60	61	62	63	81	82	83	612	#
572	1286.23	16	17	37	38	39	53	59	60	81	82	83	103	104	124	125	202	203	225	612	#
573	1281.81	18	39	60	61	62	63	81	82	83	84	85	103	104	106	107	125	126	129	612	#
574	1275.09	79	80	81	102	103	123	124	125	126	127	146	147	148	149	166	167	168	187	612	#
575	1039.61	204	225	226	245	246	247	267	268	269	289	290	291	292	293	313	613	#
576	1115.28	205	206	225	226	227	228	245	246	247	248	250	267	268	269	270	613	#
577	1083.75	225	246	247	248	249	250	268	269	270	271	291	292	293	294	316	613	#
578	1049.04	32	102	122	123	124	125	206	207	225	226	227	228	249	250	271	613	#
579	967.952	77	154	200	202	223	224	225	226	245	246	247	248	267	268	269	613	#
580	944.94	158	159	160	179	180	181	182	201	202	203	204	205	225	226	247	613	#
581	106.128	485	#
582	331.217	264	265	286	308	309	330	614	#
583	164.549	243	264	265	286	287	308	614	#
584	121.017	265	266	286	287	288	309	614	#
585	2490.78	12	13	115	136	137	140	141	142	158	159	160	161	162	163	179	180	181	182	183	184	185	202	204	205	206	207	223	224	225	226	227	228	229	246	247	248	249	251	269	354	355	356	357	358	363	380	384	385	386	407	615	#
586	3717.64	13	34	35	55	56	57	58	59	79	179	200	201	203	223	224	225	246	247	266	268	269	286	287	288	289	308	309	330	331	332	333	352	353	354	355	356	357	374	375	376	377	396	397	398	399	418	419	420	442	464	615	#
587	3670.1	16	17	18	19	20	21	37	38	39	40	41	42	43	58	59	60	61	62	63	64	65	80	81	82	83	85	86	104	105	125	127	316	317	318	338	339	340	341	342	359	360	361	362	363	364	381	385	386	407	429	615	#
588	3622.67	11	12	13	32	33	34	35	54	55	56	57	58	59	76	78	79	80	81	82	83	100	101	102	103	104	105	124	141	146	163	185	211	214	215	233	234	235	236	237	255	256	257	258	259	278	279	280	281	302	303	615	#
589	3370.25	16	35	37	38	56	57	58	59	79	80	100	101	102	103	157	158	178	179	200	201	202	203	204	221	222	223	224	225	226	227	242	246	247	248	268	269	280	281	288	289	302	303	304	310	311	324	325	326	404	497	615	#
590	3248.84	18	41	42	55	56	78	81	100	101	102	103	104	125	126	147	288	309	310	311	312	313	332	333	335	336	354	355	356	357	358	378	380	381	382	385	386	402	403	406	407	408	409	429	430	431	451	452	457	472	474	615	#
591	392.056	67	68	90	91	113	616	#
592	409.683	67	68	89	90	91	616	#
593	402.291	66	67	88	89	90	616	#
594	367.343	90	91	92	112	113	616	#
595	224.527	33	34	91	92	113	616	#
596	214.655	45	68	69	70	173	616	#
597	619.776	231	232	233	234	235	255	617	#
598	671.511	232	233	234	235	254	256	617	#
599	544.012	232	253	254	255	275	277	617	#
600	520.093	231	232	252	253	254	274	617	#
601	507.466	232	233	254	255	256	257	617	#
602	413.43	213	233	234	235	236	256	617	#
603	576.44	221	243	244	264	265	266	286	308	618	#
604	810.242	264	286	287	308	309	330	331	353	618	#
605	728.747	198	220	221	222	223	242	243	264	618	#
606	721.747	222	223	244	245	266	288	310	332	618	#
607	707.533	199	221	243	265	287	308	309	331	618	#
608	588.623	118	199	220	221	242	243	244	264	618	#
609	893.84	206	228	229	230	231	232	249	251	252	253	254	274	275	297	619	#
610	1251.6	136	228	229	230	250	251	252	253	272	273	274	275	276	317	619	#
611	1052.87	165	166	229	230	231	232	251	252	253	271	272	273	274	295	619	#
612	1009.52	209	210	211	231	232	233	252	253	254	255	274	275	277	299	619	#
613	959.374	208	209	224	229	231	246	252	253	254	268	269	274	275	296	619	#
614	943.907	252	253	254	272	273	274	275	294	297	298	320	341	342	364	619	#
615	705.975	258	280	281	302	303	304	305	324	326	620	#
616	863.272	228	304	305	306	307	327	393	416	495	620	#
617	772.832	303	304	305	327	348	444	465	466	467	620	#
618	715.586	233	234	235	256	257	258	280	281	303	620	#
619	614.302	233	256	257	258	278	279	280	281	302	620	#
620	574.93	321	324	344	345	346	347	369	390	391	620	#
621	67.5709	92	93	621	#
622	67.6777	92	114	621	#
623	45.9519	499	#
624	1330.31	302	304	305	321	322	323	324	325	326	345	346	347	348	367	368	369	370	391	400	422	622	#
625	1621.07	324	325	326	346	347	348	368	369	370	388	389	390	392	393	410	411	412	413	414	433	622	#
626	1610.94	312	333	334	335	336	356	357	375	376	377	378	379	380	398	399	400	401	402	422	423	622	#
627	1469.94	303	304	305	324	325	326	327	345	346	347	348	349	350	351	367	368	369	370	391	392	622	#
628	1373.35	325	327	343	344	345	346	347	348	365	366	367	368	369	370	389	391	392	414	415	436	622	#
629	1370.17	346	348	368	369	370	371	391	392	393	394	395	413	414	415	417	434	435	436	437	439	622	#
630	672.95	65	152	174	195	196	197	218	623	#
631	712.001	153	174	175	194	195	196	197	623	#
632	595.974	107	129	130	131	152	153	175	623	#
633	547.139	131	152	174	175	195	196	217	623	#
634	544.687	174	175	196	197	218	219	241	623	#
635	534.148	151	152	153	173	174	175	196	623	#
636	310.444	101	370	391	392	413	414	624	#
637	336.049	411	412	413	434	456	495	624	#
638	330.452	370	371	392	393	394	399	624	#
639	322.388	368	369	370	371	372	392	624	#
640	267.314	37	414	415	434	435	456	624	#
641	211.699	369	391	412	413	434	435	624	#
642	213.228	4	5	6	26	27	625	#
643	246.447	4	5	26	27	49	625	#
644	237.697	4	5	26	27	48	625	#
645	230.638	4	5	6	27	28	625	#
646	208.063	2	3	4	5	27	625	#
647	172.859	3	4	5	26	27	625	#
648	1381.61	404	405	406	408	425	426	427	428	430	447	448	449	450	451	452	467	468	469	470	471	472	473	626	#
649	1761.52	2	3	24	25	409	426	427	428	430	431	432	448	449	450	451	452	453	454	472	473	474	475	626	#
650	1625.25	343	365	366	367	386	387	388	406	407	408	409	410	411	412	431	432	433	434	455	456	457	478	626	#
651	1609.63	106	128	192	193	340	361	362	363	384	406	407	428	429	430	448	449	450	451	452	453	471	472	626	#
652	1572.34	360	361	382	383	384	386	405	406	408	426	427	428	430	431	448	449	450	451	452	470	472	473	626	#
653	1546.07	341	362	364	383	384	405	406	407	426	427	428	429	430	450	451	452	453	471	472	473	474	475	626	#
654	154.762	153	175	#
655	1267.71	333	334	335	336	355	356	357	358	377	378	379	380	381	398	399	400	401	402	495	627	#
656	1639.95	74	96	97	118	138	139	140	354	355	357	376	377	378	379	398	399	400	401	466	627	#
657	1490.33	332	333	334	335	354	355	356	376	377	378	379	397	398	399	400	401	402	422	423	627	#
658	1381.49	333	352	355	356	374	375	376	377	378	397	398	399	400	411	432	433	453	454	476	627	#
659	1375.61	314	333	334	336	337	354	355	356	357	358	359	360	361	362	363	379	380	381	401	627	#
660	1366.81	354	356	376	377	378	379	380	381	398	399	400	401	402	403	422	423	424	444	445	627	#
661	190.343	39	58	59	60	83	628	#
662	217.951	39	60	61	83	84	628	#
663	124.871	16	37	38	58	59	628	#
664	89.3936	15	37	59	80	81	628	#
665	1127.31	368	404	406	407	409	410	426	428	429	430	431	449	450	451	454	471	472	473	629	#
666	1446.01	337	339	359	360	361	362	363	381	385	427	428	429	451	452	453	472	473	474	629	#
667	1418.43	25	331	332	352	404	405	406	407	427	428	429	430	450	451	452	453	472	473	629	#
668	1394.97	369	390	391	412	413	414	415	416	428	429	434	435	450	451	452	472	473	474	629	#
669	1343.01	249	250	251	404	405	426	427	448	449	450	451	452	453	470	471	472	473	474	629	#
670	1275.63	383	384	403	404	405	406	422	423	424	425	426	444	446	447	448	449	470	471	629	#
671	36.756	329	350	#
672	78.2861	68	#
673	418.753	72	94	95	96	116	630	#
674	543.185	52	53	73	95	96	630	#
675	461.465	72	73	93	94	95	630	#
676	421.663	27	49	50	72	73	630	#
677	414.556	75	95	96	97	98	630	#
678	309.21	72	93	94	115	116	630	#
679	846.358	72	92	93	94	115	116	137	138	160	631	#
680	838.677	160	180	181	182	183	202	205	224	246	631	#
681	803.491	27	28	49	70	71	72	73	92	93	631	#
682	732.296	70	92	93	94	115	116	138	139	160	631	#
683	712.489	115	116	137	138	139	159	160	181	182	631	#
684	706.33	116	138	139	159	160	167	188	189	211	631	#
685	559.639	334	355	356	357	378	379	380	402	632	#
686	673.444	333	356	357	358	359	379	380	381	632	#
687	670.407	356	357	358	359	379	381	400	401	632	#
688	637.57	357	379	380	401	402	403	423	424	632	#
689	629.708	336	356	357	358	380	402	403	425	632	#
690	487.465	355	356	375	376	377	378	400	401	632	#
691	430.462	311	312	313	333	334	335	633	#
692	591.025	333	334	335	355	357	379	633	#
693	589.328	290	312	333	334	356	357	633	#
694	563.494	312	333	334	353	354	355	633	#
695	384.545	268	269	289	291	312	313	633	#
696	317.528	62	84	268	289	290	312	633	#
697	137.5	320	321	343	634	#
698	185.74	321	343	344	634	#
699	178.947	155	177	320	634	#
700	139.711	343	365	387	634	#
701	514.047	197	216	217	218	219	239	240	241	261	262	263	283	284	285	305	306	307	635	#
702	699.644	252	306	307	328	329	349	350	351	371	372	373	393	394	395	415	417	437	635	#
703	682.626	193	194	195	196	197	215	216	217	218	237	238	239	240	241	259	281	386	635	#
704	596.814	175	194	196	197	216	217	218	219	239	240	241	261	262	263	285	396	418	635	#
705	559.687	260	280	281	282	302	303	304	305	306	325	326	327	328	347	348	349	350	635	#
706	553.001	2	3	24	25	26	47	261	262	263	282	283	284	285	305	306	307	327	635	#
707	437.288	65	84	85	86	87	107	108	109	636	#
708	559.393	62	63	64	84	85	106	107	108	636	#
709	515.196	40	62	63	84	85	86	106	107	636	#
710	513.122	84	85	106	107	108	110	111	132	636	#
711	511.963	43	65	86	87	108	109	413	435	636	#
712	421.916	63	64	86	107	108	109	131	153	636	#
713	534.452	303	325	326	327	347	348	349	370	392	637	#
714	677.169	303	304	324	325	326	347	348	369	391	637	#
715	638.463	389	390	391	392	393	411	413	415	434	637	#
716	606.905	302	303	322	323	324	325	326	327	347	637	#
717	568.506	237	282	304	324	325	326	327	349	350	637	#
718	567.876	302	303	304	323	324	325	326	345	346	637	#
719	577.876	419	441	442	443	463	464	638	#
720	671.206	421	422	442	443	444	465	638	#
721	597.861	375	396	397	418	464	465	638	#
722	560.16	441	442	443	463	464	465	638	#
723	550.486	398	418	419	420	442	443	638	#
724	525.945	418	419	420	440	441	443	638	#
725	246.58	191	214	215	216	235	236	237	238	258	259	639	#
726	291.114	150	171	191	192	193	194	215	216	237	238	639	#
727	229.458	214	215	216	217	237	238	260	261	262	282	639	#
728	172.214	195	216	217	218	239	240	261	262	282	283	639	#
729	98.0096	214	215	216	236	237	238	239	259	281	282	639	#
730	1474.98	139	144	145	159	160	161	162	163	164	165	166	183	184	185	186	187	206	289	311	312	640	#
731	1737.02	118	134	135	136	137	138	139	140	156	158	159	160	161	162	182	183	184	185	205	206	640	#
732	1667.98	30	52	115	160	161	163	164	183	184	185	186	187	205	206	208	421	422	444	466	467	640	#
733	1630.8	8	29	30	52	53	56	78	96	97	118	137	138	139	140	160	161	162	163	183	184	640	#
734	1559.49	137	138	158	159	160	161	162	179	180	181	182	183	184	185	200	205	206	207	208	496	640	#
735	1467.94	57	79	80	81	100	101	102	122	123	124	143	144	145	146	147	166	167	186	187	208	640	#
736	392.032	173	194	195	216	217	218	237	238	239	240	262	285	641	#
737	565.96	262	263	283	284	285	304	305	306	325	326	327	328	641	#
738	527.977	173	195	216	217	236	237	238	239	259	261	427	449	641	#
739	301.889	172	194	195	196	215	216	217	218	237	238	239	240	641	#
740	290.709	238	239	240	259	260	261	262	263	283	284	285	306	641	#
741	277.991	215	216	217	237	238	239	259	261	282	283	284	407	641	#
742	527.271	340	363	366	385	386	387	388	408	409	410	429	430	431	452	642	#
743	759.573	409	410	411	412	431	432	433	434	435	453	454	455	456	477	642	#
744	693.975	260	261	282	345	367	368	388	389	390	410	411	412	413	432	642	#
745	648.126	323	343	344	345	386	387	407	408	428	429	430	450	451	452	642	#
746	592.969	256	257	279	407	408	428	429	430	451	452	453	473	474	475	642	#
747	514.496	364	385	386	387	407	408	409	428	429	450	451	472	473	474	642	#
748	1342.5	244	245	266	288	289	309	310	311	330	331	332	352	353	374	375	643	#
749	1584.08	331	352	353	374	375	376	377	378	379	393	397	398	399	419	420	643	#
750	1571.52	290	291	330	331	352	353	374	375	376	396	397	398	418	419	420	643	#
751	1414.17	266	287	288	308	309	310	330	331	332	352	353	374	375	396	418	643	#
752	1407.73	0	22	23	44	45	264	265	266	267	268	269	286	288	289	308	643	#
753	1350.28	287	288	308	309	310	330	331	352	353	354	375	396	397	418	419	643	#
754	911.987	393	412	414	415	433	434	435	436	437	439	455	456	457	458	459	460	461	477	478	479	480	481	482	483	644	#
755	1362.42	331	352	388	389	390	391	409	410	411	412	413	432	433	434	454	455	456	457	458	475	476	477	478	479	644	#
756	1350.63	102	103	125	126	146	147	393	413	414	415	416	435	436	437	438	457	458	459	460	478	479	480	481	482	644	#
757	1333.61	254	275	276	351	372	373	394	395	414	415	416	417	435	436	437	438	439	458	459	460	461	481	482	483	644	#
758	1257.59	101	350	351	371	372	394	415	416	417	436	437	438	439	456	457	458	459	460	461	479	480	481	482	483	644	#
759	1252	344	345	366	387	388	389	392	409	410	411	414	415	432	433	434	435	436	437	455	456	457	477	478	479	644	#
760	767.795	442	443	444	462	463	464	465	645	#
761	951.008	418	419	442	462	463	464	465	645	#
762	803.216	419	441	442	462	463	464	465	645	#
763	769.3	419	442	443	444	464	465	466	645	#
764	727.563	297	318	341	442	464	465	466	645	#
765	580.897	418	419	420	441	442	443	464	645	#
766	88.1487	102	#
767	896.778	352	353	354	355	356	374	375	376	377	646	#
768	1009.95	353	354	374	375	376	377	396	397	398	646	#
769	978.738	332	352	353	354	355	376	377	398	399	646	#
770	880.796	172	300	353	375	376	377	397	398	410	646	#
771	855.137	308	330	331	332	352	353	354	375	495	646	#
772	845.118	95	96	355	356	377	378	379	397	398	646	#
773	68.8173	463	#
774	67.3136	319	#
775	516.198	102	123	124	145	146	147	167	168	169	190	191	647	#
776	749.368	190	191	192	212	213	234	235	256	333	401	423	647	#
777	667.624	80	102	122	123	124	125	144	145	146	147	168	647	#
778	663.736	15	16	37	57	58	59	79	80	101	102	103	647	#
779	615.32	148	169	170	190	191	192	212	213	214	215	236	647	#
780	590.75	125	126	127	145	146	147	148	167	168	169	170	647	#
781	400.91	288	289	309	310	311	648	#
782	544.202	310	332	333	354	355	648	#
783	482.074	246	268	287	288	289	648	#
784	481.083	309	310	330	332	354	648	#
785	478.071	288	310	311	333	355	648	#
786	344.411	265	286	287	288	309	648	#
787	189.198	294	316	338	649	#
788	241.703	272	293	294	649	#
789	217.13	315	316	338	649	#
790	1442.63	114	132	133	134	135	136	154	155	156	176	177	198	199	220	221	222	242	243	437	458	459	480	481	482	650	#
791	1951.79	75	92	94	95	96	114	115	116	117	118	136	137	138	139	140	141	159	160	161	182	183	359	360	381	650	#
792	1818.92	111	132	133	134	135	136	137	154	155	156	157	158	176	177	318	340	361	362	363	364	383	384	386	406	650	#
793	1739.2	362	363	364	385	390	393	394	395	412	413	414	415	416	434	435	436	437	458	459	460	480	481	482	483	650	#
794	1632.38	146	167	168	169	189	190	191	211	212	213	214	233	235	250	251	271	272	361	362	459	460	461	481	482	650	#
795	1608.44	390	393	413	414	415	416	432	433	434	435	436	437	455	456	457	458	459	460	461	479	480	481	482	483	650	#
796	412.663	89	90	110	111	651	#
797	431.432	67	89	111	112	651	#
798	374.93	110	111	112	133	651	#
799	39.2648	68	69	89	90	651	#
800	2917.1	30	37	52	53	54	58	59	74	75	96	97	240	256	262	263	278	279	284	285	301	302	303	305	321	322	323	324	325	326	327	328	329	343	344	345	346	347	348	349	350	351	367	368	369	370	372	373	390	391	392	393	394	411	414	415	435	436	437	491	652	#
801	4235.55	2	3	4	6	7	8	9	24	25	27	28	29	30	31	47	50	51	52	53	54	73	74	75	76	77	92	93	94	95	96	97	98	99	114	115	116	117	118	119	120	137	138	142	153	387	408	409	430	431	432	433	434	451	452	453	454	474	475	476	652	#
802	4112.66	256	257	273	277	278	279	280	295	301	316	317	318	339	340	344	360	361	362	363	364	365	366	382	383	384	385	386	387	388	389	390	403	404	405	406	407	408	411	424	425	426	427	428	429	430	431	432	433	446	448	449	450	451	452	453	471	472	473	474	652	#
803	3980	89	112	133	134	135	136	155	156	157	204	205	206	227	248	249	271	321	343	364	365	366	367	368	370	371	386	387	388	390	391	392	407	409	410	411	412	413	414	415	429	430	431	432	433	434	435	436	437	451	452	453	454	455	456	457	459	475	476	478	652	#
804	3957.62	38	39	40	41	42	43	61	62	63	64	65	87	100	101	109	120	276	277	278	298	299	300	322	323	324	343	344	345	346	347	348	364	365	366	367	368	369	370	371	385	386	387	390	391	392	407	410	411	414	428	429	432	433	434	435	454	455	456	464	652	#
805	3844.03	125	127	147	148	150	169	170	171	172	190	191	192	193	194	195	196	197	213	214	215	216	217	218	219	239	240	241	256	257	261	262	279	283	284	285	301	305	306	328	352	356	357	374	375	376	377	378	379	380	381	396	397	400	401	402	403	418	423	425	652	#
806	770.592	8	9	10	11	12	31	32	33	34	54	55	76	77	99	653	#
807	1056.58	54	76	77	96	97	98	99	100	101	119	120	121	122	123	653	#
808	965.754	9	10	11	12	13	14	15	30	31	32	34	36	37	53	653	#
809	870.584	13	14	24	25	26	31	32	36	37	38	56	57	58	59	653	#
810	870.398	9	10	11	12	13	33	34	35	55	57	80	102	103	209	653	#
811	836.114	34	54	55	76	77	78	98	99	100	118	119	120	121	140	653	#
812	2360.22	16	17	18	19	20	21	37	38	39	40	41	42	43	60	61	62	63	64	65	84	85	86	87	105	106	107	108	109	127	128	129	130	131	150	151	152	153	171	172	173	174	175	413	434	654	#
813	3164.55	6	18	19	20	21	27	28	39	40	41	42	43	61	62	63	64	65	213	229	232	233	234	235	252	253	254	255	256	257	275	276	277	278	279	298	299	320	321	341	342	343	344	400	437	654	#
814	3053.73	54	76	225	247	300	320	321	322	323	324	343	344	345	346	347	356	357	365	366	367	378	379	380	385	386	387	388	389	390	391	392	408	409	410	411	412	413	414	433	434	435	456	457	478	654	#
815	2941.04	16	17	18	19	20	39	40	41	42	60	61	63	64	94	114	115	148	169	170	171	172	190	191	192	193	194	213	214	215	216	217	218	236	237	238	239	258	259	260	261	400	401	422	423	654	#
816	2939.67	108	109	129	130	131	151	152	153	154	174	175	267	268	269	270	272	273	290	291	292	293	294	295	297	298	312	313	314	315	316	317	318	337	338	339	340	341	361	362	363	375	396	440	441	654	#
817	2882.87	19	20	21	40	41	42	43	46	62	63	64	65	68	69	70	71	72	73	84	92	93	94	95	106	114	115	117	124	125	126	136	137	138	147	148	167	168	169	170	171	190	191	192	212	654	#
818	135.665	419	442	#
819	427.307	20	21	41	42	43	655	#
820	471.294	20	40	41	42	63	655	#
821	420.941	40	41	63	64	118	655	#
822	324.154	19	20	21	41	43	655	#
823	2.73272	233	#
824	584.824	410	431	432	433	452	453	454	455	456	468	469	656	#
825	832.346	408	409	410	430	431	432	433	451	452	453	454	656	#
826	735.874	410	411	412	431	432	433	434	453	454	456	478	656	#
827	729.244	390	391	410	411	413	432	433	434	435	454	456	656	#
828	692.896	407	408	409	429	430	431	451	452	453	474	475	656	#
829	665.424	315	338	408	430	450	451	452	453	472	473	474	656	#
830	3621.64	17	18	19	55	76	77	97	98	99	100	101	120	121	122	123	152	261	265	266	269	287	288	289	291	308	309	310	312	313	314	330	331	332	333	334	335	352	353	354	355	356	357	358	374	376	377	378	379	380	398	399	402	421	424	657	#
831	3692.34	0	1	22	23	80	176	177	178	179	181	198	199	200	201	202	203	220	221	222	223	224	225	226	242	243	244	245	246	247	264	265	266	267	268	269	286	287	288	289	290	291	308	309	310	330	331	332	333	352	353	354	356	438	439	657	#
832	3603.51	116	138	139	261	266	275	282	283	288	289	295	296	297	305	306	309	310	317	318	319	320	326	327	330	331	340	341	342	348	352	356	361	362	363	364	383	384	385	386	387	402	403	404	405	406	407	408	409	423	424	426	427	445	449	657	#
833	3506.85	81	103	128	129	130	131	150	151	152	171	193	215	309	312	314	330	331	333	334	335	336	340	341	352	353	354	355	356	357	358	359	360	361	362	363	364	379	380	381	382	383	384	385	386	401	402	405	407	417	423	425	426	427	445	657	#
834	3478.97	148	224	246	264	265	267	268	286	287	288	289	308	309	310	330	331	332	333	352	353	354	355	356	357	374	375	376	377	378	379	380	396	397	398	399	400	401	402	403	418	419	420	421	423	424	440	441	442	443	446	447	464	465	469	657	#
835	3449.41	47	218	240	261	262	289	309	310	311	330	331	332	333	334	335	343	352	353	354	355	356	357	364	365	375	376	377	378	379	387	388	396	397	398	399	400	401	409	410	418	419	420	421	422	423	440	441	442	443	444	445	464	465	466	657	#
836	361.245	150	172	173	174	175	194	195	196	217	239	658	#
837	540.182	151	152	172	173	174	175	194	195	197	218	658	#
838	534.638	151	152	153	173	174	175	194	195	196	218	658	#
839	517.66	238	239	259	260	261	282	283	303	304	326	658	#
840	498.39	171	172	173	194	195	217	372	395	417	439	658	#
841	474.617	172	173	193	194	195	196	215	216	239	240	658	#
842	92.5968	213	234	235	#
843	57.89	200	#
844	284.756	178	179	200	659	#
845	295.225	156	178	179	659	#
846	274.267	179	200	222	659	#
847	131.876	157	179	201	659	#
848	106.31	69	91	92	660	#
849	79.9893	69	70	92	660	#
850	571.272	262	263	284	285	303	305	325	348	349	661	#
851	642.361	219	240	241	262	263	284	285	304	305	661	#
852	553.465	325	327	347	348	349	368	369	372	394	661	#
853	501.599	241	262	263	283	284	285	304	305	306	661	#
854	471.133	84	174	196	197	217	218	219	240	262	661	#
855	457.611	4	116	117	138	139	161	162	280	303	661	#
856	1380.61	15	17	18	31	37	38	39	40	53	54	59	60	61	62	63	82	83	84	85	86	104	105	106	107	108	130	662	#
857	1986.61	18	19	40	41	45	57	58	59	60	61	62	63	67	68	85	168	189	190	210	211	212	232	233	234	254	255	662	#
858	1712.67	12	13	14	15	16	17	34	35	36	37	38	39	57	58	59	60	61	62	63	79	80	83	84	102	103	222	662	#
859	1685.67	17	38	39	40	60	61	62	82	83	84	103	104	105	125	126	127	147	189	190	210	211	212	232	233	234	256	662	#
860	1628.84	13	14	15	16	17	18	35	36	37	38	39	40	57	58	59	60	61	62	63	79	80	82	83	102	104	202	662	#
861	1611.78	18	40	60	61	62	63	83	84	85	86	87	105	107	108	109	130	131	152	153	174	175	196	197	219	379	380	662	#
862	689.334	222	223	243	244	245	265	266	663	#
863	619.938	243	265	266	267	286	308	330	663	#
864	585.884	16	222	223	245	266	267	268	663	#
865	547.807	155	176	177	178	200	222	223	663	#
866	526.17	200	223	224	244	245	246	267	663	#
867	470.044	242	243	244	265	286	287	308	663	#
868	853.629	118	119	139	140	141	161	162	163	184	253	254	273	274	295	317	664	#
869	1196.34	94	96	114	115	116	117	118	138	139	159	160	161	162	183	205	664	#
870	1106.38	251	273	292	293	295	297	315	316	317	318	338	339	340	341	342	664	#
871	1091.05	73	75	93	95	96	97	98	115	116	117	118	138	139	140	161	664	#
872	1070.81	29	30	51	52	72	73	74	75	95	96	97	116	117	119	141	664	#
873	1043.58	97	98	118	119	139	140	141	160	161	162	163	183	204	205	226	664	#
874	260.228	110	111	132	133	156	177	665	#
875	280.85	88	89	111	112	133	134	665	#
876	244.434	59	155	177	199	220	221	665	#
877	234.718	113	135	136	156	177	178	665	#
878	688.991	17	39	60	61	81	82	83	103	104	105	666	#
879	1015.39	38	60	61	82	83	104	105	205	206	346	666	#
880	899.791	38	39	60	82	83	104	105	168	325	326	666	#
881	782.828	17	38	39	60	61	82	83	103	104	105	666	#
882	742.383	38	39	60	61	83	102	104	105	125	126	666	#
883	741.553	38	39	60	61	82	83	84	104	105	106	666	#
884	150.969	118	#
885	31.0642	117	139	140	#
886	725.338	280	303	325	415	435	437	438	457	458	459	460	478	479	481	668	#
887	1076	388	390	392	410	411	412	413	414	433	434	435	436	458	480	668	#
888	817.753	43	65	415	435	436	437	438	439	456	457	458	460	461	480	668	#
889	771.614	413	414	415	435	436	437	439	457	458	459	460	461	480	481	668	#
890	757.599	389	390	391	392	393	413	434	435	455	456	457	477	478	479	668	#
891	745.146	369	370	371	372	373	391	392	393	394	395	413	415	416	438	668	#
892	1619.3	116	138	139	141	159	160	161	162	163	181	182	183	184	185	186	187	205	206	207	208	228	229	230	252	274	669	#
893	2058.91	2	3	24	25	47	207	208	228	229	230	231	250	251	252	253	273	274	275	276	297	298	319	320	321	343	669	#
894	1933.01	184	185	186	187	188	189	207	208	209	211	231	275	276	277	278	299	300	321	322	323	343	344	345	365	366	669	#
895	1821.2	19	161	184	185	186	187	206	207	208	209	228	229	230	231	249	250	251	252	253	274	275	276	296	298	340	669	#
896	1807.89	142	164	186	187	206	207	208	228	229	230	231	249	250	251	252	273	274	294	295	296	352	374	375	396	397	669	#
897	1804.31	161	184	185	186	187	188	205	206	207	208	209	228	229	230	231	232	252	253	273	274	275	276	297	298	377	669	#
898	157.078	120	142	670	#
899	76.4288	119	120	670	#
900	569.963	142	143	144	163	164	165	186	187	188	208	671	#
901	654.108	166	167	187	188	189	209	210	211	212	348	671	#
902	602.501	163	164	165	183	184	185	186	206	207	208	671	#
903	574.195	164	186	187	189	208	209	210	230	231	232	671	#
904	573.037	142	162	163	164	165	166	185	186	187	188	671	#
905	543.706	164	165	185	186	187	207	208	229	230	252	671	#
906	116.874	491	#
907	752.234	256	257	258	278	279	280	281	300	301	323	672	#
908	955.122	257	258	277	278	279	280	300	301	302	303	672	#
909	837.249	0	1	22	205	206	207	228	229	230	323	672	#
910	789.601	232	233	255	276	277	278	300	301	322	323	672	#
911	784.45	236	237	256	257	258	259	277	278	279	299	672	#
912	779.498	258	278	279	280	300	301	302	321	322	323	672	#
913	333.06	288	309	310	673	#
914	404.863	287	288	309	673	#
915	294.973	304	309	330	673	#
916	179.759	309	310	332	673	#
917	624.785	326	327	328	329	348	349	350	351	370	371	372	373	394	416	674	#
918	892.004	177	178	244	266	288	326	327	347	348	431	453	454	475	476	674	#
919	870.01	195	217	284	304	305	327	328	349	350	351	372	430	450	451	674	#
920	839.952	229	230	231	250	251	252	327	328	349	369	370	371	392	393	674	#
921	759.859	95	116	117	137	138	327	328	347	348	349	350	351	372	373	674	#
922	748.347	264	283	284	305	306	327	328	329	349	350	351	371	372	373	674	#
923	43.503	282	#
924	178.579	107	108	109	129	675	#
925	176.306	109	129	130	131	675	#
926	219.333	102	124	125	147	491	676	#
927	274.376	250	272	294	295	491	676	#
928	191.867	104	125	126	147	169	676	#
929	160.696	126	146	147	148	170	676	#
930	150.117	80	102	122	123	124	676	#
931	68.7449	123	124	144	145	146	676	#
932	1003.88	364	365	386	387	388	389	404	409	410	411	431	432	433	677	#
933	1214.16	211	212	364	365	385	386	387	388	408	409	410	432	454	677	#
934	1162.46	388	389	390	411	431	433	453	454	455	456	457	475	478	677	#
935	1132.76	156	169	170	171	191	192	212	343	344	364	365	386	387	677	#
936	1082.44	214	364	365	367	368	387	388	389	390	410	411	433	455	677	#
937	1062.02	409	412	432	433	434	452	453	454	456	457	475	476	479	677	#
938	96.7941	19	20	#
939	315.742	89	94	112	678	#
940	338.459	94	95	96	678	#
941	246.48	92	112	113	678	#
942	162.026	67	89	436	678	#
943	436.456	304	305	306	325	326	327	346	347	348	360	679	#
944	654.128	325	326	328	329	347	348	349	350	369	391	679	#
945	596.717	340	342	360	361	362	363	364	365	384	386	679	#
946	553.125	325	326	327	346	347	348	349	368	369	370	679	#
947	532.16	230	231	232	252	302	303	324	325	346	347	679	#
948	515.884	299	304	321	322	343	344	345	346	366	367	679	#
949	54.8195	29	#
950	55.2897	105	208	680	#
951	34.3715	82	105	680	#
952	17.9136	360	382	#
953	844.396	171	172	173	174	191	192	193	194	195	196	214	215	216	218	236	237	259	281	681	#
954	1145.1	103	104	124	125	126	194	195	196	215	216	236	237	238	258	259	260	261	283	681	#
955	1122.56	148	149	150	151	152	170	171	172	173	174	193	194	200	223	245	246	268	430	681	#
956	1108.74	86	108	128	129	130	148	150	151	152	153	170	171	172	173	174	175	194	195	681	#
957	1085.79	15	16	37	38	215	216	236	237	238	258	259	260	261	262	281	320	321	445	681	#
958	946.203	65	86	87	108	109	130	131	151	152	153	172	173	174	175	196	197	218	265	681	#
959	275.058	178	200	222	223	682	#
960	389.685	220	221	222	223	682	#
961	215.726	155	156	177	178	682	#
962	1072.61	96	97	99	117	119	120	140	141	142	143	144	145	160	161	162	163	164	165	183	187	683	#
963	1464.03	141	142	164	186	187	188	189	208	209	210	211	229	230	231	232	251	252	253	273	374	683	#
964	1289.03	45	67	68	89	111	139	159	160	161	162	163	164	181	182	183	184	186	202	203	204	683	#
965	1264.35	99	120	121	143	144	145	163	164	166	167	187	188	189	208	321	344	366	388	411	433	683	#
966	1234.17	92	93	94	95	115	116	117	118	138	139	140	160	161	183	184	342	343	344	364	365	683	#
967	1202.29	115	136	137	158	159	160	161	162	181	182	183	184	205	206	227	228	311	312	333	355	683	#
968	1324.5	131	150	151	152	153	172	173	174	175	195	196	197	217	218	219	240	241	262	263	283	284	285	305	307	327	329	684	#
969	1852.07	84	92	93	94	106	107	108	114	115	116	129	130	131	136	137	151	152	153	159	174	175	196	197	218	219	240	684	#
970	1600.73	106	124	125	126	127	128	130	147	148	149	150	151	152	153	168	169	170	173	174	175	194	195	196	197	217	239	684	#
971	1485.68	65	87	106	109	128	131	150	151	152	153	173	174	175	195	196	197	217	219	240	241	289	290	291	292	311	312	684	#
972	1457.1	76	77	87	107	108	109	129	130	131	151	152	153	174	243	244	245	262	263	283	284	285	306	307	328	329	350	684	#
973	1319.82	173	194	195	215	216	217	218	239	240	241	261	262	283	297	298	317	318	319	320	339	341	361	362	363	384	458	684	#
974	76.1897	64	#
975	462.041	26	27	47	48	69	70	92	93	685	#
976	684.824	11	12	13	34	35	56	57	93	685	#
977	548.728	6	7	8	9	26	27	30	31	685	#
978	531.487	26	46	47	48	49	50	351	373	685	#
979	511.084	5	25	26	27	28	47	48	70	685	#
980	501.803	1	2	23	24	46	47	48	69	685	#
981	337.328	18	19	20	40	41	42	686	#
982	438.867	18	19	40	41	42	43	686	#
983	434.516	17	18	19	40	41	42	686	#
984	415.604	19	40	41	42	64	65	686	#
985	325.596	19	40	41	63	85	86	686	#
986	314.083	19	20	21	41	42	43	686	#
987	71.7849	426	449	687	#
988	91.4967	449	471	687	#
989	52.4286	405	426	687	#
990	213.085	442	464	688	#
991	180.462	441	442	688	#
992	126.757	464	465	688	#
993	287.641	131	152	174	175	197	689	#
994	424.806	131	153	173	174	175	689	#
995	381.132	56	175	197	218	219	689	#
996	307.425	109	131	151	152	153	689	#
997	284.374	130	131	153	171	172	689	#
998	262.33	130	131	152	174	196	689	#
999	1621.4	110	111	132	133	155	256	257	260	267	278	279	297	300	301	319	320	321	322	323	345	690	#
1000	1814.19	167	188	189	190	209	210	211	212	231	232	233	234	254	255	256	257	276	277	299	321	690	#
1001	1785.8	211	232	233	255	256	277	278	279	280	281	298	299	300	301	303	320	321	322	323	342	690	#
1002	1567.46	195	256	257	276	277	278	279	299	300	301	319	320	321	322	323	324	343	344	345	366	690	#
1003	1565.61	231	253	254	272	273	274	275	276	277	297	299	300	318	319	320	321	322	341	342	343	690	#
1004	1543.79	221	242	243	246	251	252	265	266	267	274	275	286	287	297	320	321	341	342	343	344	690	#
