%% File generated by CATS v.2.1Mon Jul  4 11:07:01 2011

%% The CATS webpage is http://robotics.stanford.edu/CATS

%% PARAMETER SETTINGS:
% Goods: 500; Bids: 1000; Distribution: regions; Runs: 1; Seed: 1309806593
% Regions Distribution Parameters:
% Max Substitutable Bids = 5
% Removing HV Neighbor   = 0.1
% Adding DIAG Neighbor   = 0.2
% Additional Location    = 0.9
% Jump Probability       = 0.05
% Additivity             = 0.2
% Budget Factor          = 1.5
% Resale Factor          = 0.5
% Uniform Private Value:
%   Deviation            = 0.5
%   Max Good Value       = 100



goods 500
bids 1000
dummy 184

0	820.636	130	131	152	153	317	318	319	339	341	342	343	364	386	387	500	#
1	1152.21	109	131	147	148	153	167	168	169	175	191	195	196	197	219	500	#
2	1104.11	253	254	274	275	296	317	318	319	338	339	340	361	362	382	500	#
3	1022.9	341	345	363	366	383	384	385	386	387	388	408	409	430	431	500	#
4	941.766	318	319	320	321	340	341	342	343	362	364	383	384	405	406	500	#
5	935.731	345	367	385	386	387	388	389	401	408	410	411	412	434	456	500	#
6	1925.03	15	16	37	38	58	59	60	80	189	195	196	210	211	217	233	375	397	398	399	400	418	419	422	440	441	463	464	501	#
7	2191.69	165	187	188	189	209	210	211	212	231	232	233	254	255	256	277	278	297	298	299	300	339	359	360	361	381	383	384	501	#
8	2119.96	144	165	166	167	168	187	188	189	190	207	209	210	211	212	213	232	233	234	235	236	254	255	256	257	364	365	387	501	#
9	2064.63	167	168	170	187	188	189	190	191	192	209	210	211	212	213	220	231	232	233	234	235	253	254	255	256	257	258	278	501	#
10	2009.71	102	103	124	125	146	168	188	189	190	191	192	209	210	211	212	213	215	231	233	235	236	237	258	259	280	281	282	501	#
11	1950.39	196	197	218	219	240	241	261	262	377	397	398	399	400	418	419	420	421	422	423	440	441	442	443	444	462	463	464	501	#
12	212.212	126	148	502	#
13	218.846	126	127	502	#
14	178.858	147	148	502	#
15	1157.36	110	132	133	134	135	136	147	148	154	155	156	157	158	169	178	179	201	503	#
16	1558.5	88	110	111	112	132	133	134	154	155	176	198	199	220	221	242	243	244	503	#
17	1406	88	89	110	114	132	133	134	135	136	154	155	156	176	198	199	221	222	503	#
18	1325.34	88	89	110	111	112	132	133	134	154	155	156	176	178	179	198	200	222	503	#
19	1307.98	66	88	110	132	133	134	135	154	155	156	157	158	176	179	198	220	221	503	#
20	1287.85	46	68	69	70	91	92	112	113	133	134	135	154	155	156	178	179	201	503	#
21	57.0981	209	#
22	156.422	249	250	#
23	258.352	363	385	386	408	431	504	#
24	373.021	365	385	386	387	388	504	#
25	358.456	365	385	386	387	408	504	#
26	282.497	105	182	409	430	431	504	#
27	886.39	13	14	35	36	246	266	267	268	287	288	290	309	310	311	505	#
28	959.949	244	264	265	266	267	268	286	287	288	290	308	309	310	311	505	#
29	940.442	246	247	268	290	291	292	293	310	311	314	315	336	337	359	505	#
30	937.94	173	200	222	243	244	245	266	267	268	286	287	288	308	310	505	#
31	910.971	200	245	246	264	265	266	267	268	286	287	288	289	290	311	505	#
32	908.448	286	287	308	309	310	311	330	331	332	353	374	375	396	418	505	#
33	465.12	10	11	32	54	55	74	75	76	77	97	99	506	#
34	660.861	3	8	9	10	11	12	30	32	33	374	425	506	#
35	659.564	76	77	78	79	95	99	100	122	143	144	165	506	#
36	654.79	75	76	77	78	99	100	122	143	144	166	187	506	#
37	608.86	34	35	56	57	77	78	79	100	410	411	433	506	#
38	581.099	35	54	55	56	57	76	77	78	79	99	100	506	#
39	390.094	245	266	267	288	289	310	332	507	#
40	537.918	287	288	289	290	308	310	453	507	#
41	503.32	245	267	268	288	289	290	310	507	#
42	467	245	266	267	268	288	289	310	507	#
43	426.331	244	245	266	267	288	289	310	507	#
44	377.815	310	332	333	346	354	368	387	507	#
45	997.921	72	73	74	75	95	96	119	120	121	143	144	145	166	508	#
46	1146.97	49	50	51	52	70	72	73	74	92	95	96	118	119	508	#
47	1048.44	51	72	73	74	95	96	118	119	123	124	125	126	146	508	#
48	975.421	73	74	75	95	96	169	191	192	457	458	459	460	481	508	#
49	964.142	122	123	143	144	165	166	167	188	189	210	232	233	234	508	#
50	940.496	49	50	51	71	72	73	74	75	91	92	93	95	96	508	#
51	1075.57	175	206	207	410	411	412	430	431	432	433	434	435	451	452	454	455	456	457	473	474	509	#
52	1490.49	139	162	163	184	185	186	187	206	207	208	228	229	230	232	250	251	252	253	254	273	509	#
53	1387.53	162	163	165	184	185	186	187	204	205	206	207	208	226	228	229	230	249	251	253	275	509	#
54	1326.89	394	407	408	414	415	429	430	431	437	449	451	452	454	471	472	473	474	475	476	477	509	#
55	1268.48	363	385	386	387	407	408	409	410	427	428	429	430	431	451	452	472	473	474	475	476	509	#
56	1268.04	365	385	386	387	407	408	409	410	429	430	431	451	452	453	472	473	474	475	476	477	509	#
57	137.835	384	#
58	163.321	459	480	481	482	483	510	#
59	197.539	324	459	460	481	482	510	#
60	194.68	414	436	437	458	459	510	#
61	487.111	144	324	344	345	346	347	367	511	#
62	509.136	325	345	346	347	348	368	390	511	#
63	489.014	122	123	124	142	143	144	145	511	#
64	467.436	324	325	345	346	347	369	370	511	#
65	422.86	324	325	346	347	348	369	370	511	#
66	397.673	298	320	321	322	343	344	345	511	#
67	78.4676	484	#
68	543.119	165	308	330	331	333	334	353	354	355	356	357	358	376	377	432	512	#
69	800.623	289	311	331	333	334	335	336	353	354	355	356	357	358	378	400	512	#
70	787.542	330	331	333	334	352	353	354	355	356	374	375	377	396	397	398	512	#
71	780.443	245	267	286	287	308	309	330	331	332	353	354	374	375	376	398	512	#
72	732.19	330	331	353	354	375	376	396	397	398	419	420	421	440	441	442	512	#
73	622.001	331	333	334	335	336	337	338	353	354	355	357	376	377	398	488	512	#
74	365.064	143	165	166	167	187	513	#
75	439.405	122	143	144	145	165	513	#
76	398.847	143	144	165	166	167	513	#
77	389.666	143	144	164	165	166	513	#
78	360.219	144	165	166	187	209	513	#
79	333.151	164	165	166	187	322	513	#
80	494.975	232	233	254	255	276	277	297	298	514	#
81	660.393	212	232	233	234	235	254	256	257	514	#
82	590.735	235	255	257	276	277	278	298	299	514	#
83	587.472	275	276	277	295	296	297	298	318	514	#
84	576.423	234	252	253	254	255	256	273	277	514	#
85	546.936	224	255	276	277	298	299	300	301	514	#
86	735.913	257	259	260	279	280	281	301	302	303	304	515	#
87	794.582	259	281	301	302	303	304	325	347	369	370	515	#
88	745.039	259	281	301	302	303	304	324	325	326	347	515	#
89	718.969	237	238	259	281	303	304	325	326	347	418	515	#
90	694.256	185	279	281	300	301	302	303	304	324	325	515	#
91	688.761	234	256	257	277	278	279	301	302	324	396	515	#
92	246.222	273	274	275	297	516	#
93	297.821	275	276	296	322	516	#
94	268.267	273	274	295	296	516	#
95	266.423	251	273	274	296	516	#
96	168.743	297	298	299	319	516	#
97	191.03	175	197	219	517	#
98	219.003	173	174	175	517	#
99	186.313	174	175	197	517	#
100	142.958	218	219	240	517	#
101	1165.05	290	311	333	335	353	354	355	356	357	374	376	377	378	379	398	399	419	420	421	518	#
102	1443.47	376	377	397	398	399	419	420	421	422	423	440	441	442	443	444	464	465	466	467	518	#
103	1366.24	392	396	397	398	414	418	419	420	421	422	440	441	442	443	444	462	464	465	466	518	#
104	1324.27	216	238	260	399	400	401	421	422	423	424	441	442	443	444	463	464	465	467	478	518	#
105	1304.76	274	275	276	295	296	318	340	355	356	357	376	377	378	379	380	398	401	423	445	518	#
106	1253.6	246	247	267	268	289	290	310	311	312	313	333	334	335	355	356	357	377	378	379	518	#
107	333.959	35	36	37	58	496	519	#
108	444.919	24	25	47	69	496	519	#
109	323.763	14	15	16	36	37	519	#
110	269.017	13	14	35	36	37	519	#
111	192.918	57	58	78	80	100	519	#
112	636.289	246	266	267	268	286	287	288	289	308	520	#
113	678.228	218	268	269	289	290	291	292	312	313	520	#
114	607.851	222	242	243	244	245	266	384	385	408	520	#
115	605.948	265	267	268	286	287	288	289	308	310	520	#
116	602.919	286	287	288	289	308	330	352	374	396	520	#
117	587.818	204	225	226	246	247	248	268	269	270	520	#
118	255.336	8	9	10	29	30	31	32	33	521	#
119	359.293	8	9	10	32	33	34	55	56	521	#
120	345.177	9	10	29	30	32	52	453	475	521	#
121	320.318	7	8	9	28	29	30	51	73	521	#
122	317.366	8	9	10	29	30	32	33	383	521	#
123	293.947	29	30	31	51	52	53	74	75	521	#
124	830.837	4	24	25	26	46	47	48	49	68	69	71	91	522	#
125	863.782	45	46	47	67	68	69	337	339	360	361	362	383	522	#
126	861.803	25	46	47	48	49	68	69	90	91	92	93	113	522	#
127	861.174	23	25	44	45	46	47	48	67	69	89	91	110	522	#
128	859.607	4	5	27	48	49	51	71	72	73	95	275	484	522	#
129	851.134	90	91	92	111	112	113	114	115	134	135	137	159	522	#
130	1232.08	228	248	249	250	264	265	272	287	308	309	310	311	330	331	332	333	352	353	354	355	374	375	376	523	#
131	1564.64	64	65	86	87	109	227	248	249	250	270	271	272	293	294	295	296	316	317	318	338	339	340	341	523	#
132	1489.78	266	267	287	288	308	309	310	311	330	331	332	333	334	335	352	353	354	374	376	377	385	386	396	523	#
133	1447.44	244	245	264	265	266	267	287	288	308	309	310	332	333	345	346	347	369	370	401	408	430	431	452	523	#
134	1411.27	102	103	123	124	125	145	146	180	245	266	287	288	289	308	309	310	311	330	331	332	333	352	381	523	#
135	1407.33	266	267	287	288	295	308	309	310	311	316	317	318	330	331	332	333	334	338	352	353	354	374	396	523	#
136	901.594	168	169	170	190	191	212	213	214	236	524	#
137	862.102	169	191	212	213	235	257	279	301	302	524	#
138	846.84	146	168	169	170	171	190	211	212	233	524	#
139	775.043	146	166	167	168	187	190	209	212	233	524	#
140	764.916	147	168	169	170	171	191	192	212	213	524	#
141	759.785	211	212	213	214	233	234	235	236	256	524	#
142	341.695	407	429	449	450	451	473	525	#
143	497.998	264	426	448	449	470	471	525	#
144	368.926	426	448	449	450	451	471	525	#
145	326.178	405	406	407	429	450	451	525	#
146	323.462	341	363	385	386	407	408	525	#
147	312.355	431	450	451	452	473	474	525	#
148	45.7541	458	#
149	254.033	50	71	72	93	526	#
150	274.16	7	28	49	50	526	#
151	245.713	28	50	71	72	526	#
152	245.461	28	49	50	71	526	#
153	203.304	71	91	92	93	526	#
154	197.632	308	330	352	374	527	#
155	252.223	286	308	330	352	527	#
156	139.378	330	352	374	396	527	#
157	138.441	331	352	353	374	527	#
158	198.474	290	291	312	528	#
159	221.37	203	290	311	528	#
160	214.878	290	311	312	528	#
161	196.321	291	292	313	528	#
162	1344.34	212	213	231	233	234	235	236	253	254	255	256	257	258	276	277	278	279	280	301	324	529	#
163	1639.63	184	185	186	206	207	229	230	231	232	251	252	253	254	273	274	275	294	295	296	316	529	#
164	1629.3	98	120	145	146	166	168	169	188	189	190	210	211	212	213	233	234	235	256	257	258	529	#
165	1524.43	146	162	163	164	165	166	167	168	169	185	186	187	188	189	190	207	210	229	232	233	529	#
166	1466.81	168	188	190	210	212	213	232	233	234	235	241	254	255	256	257	273	274	277	279	295	529	#
167	1437.89	188	210	211	212	213	231	232	233	234	235	253	254	255	256	257	258	275	278	279	280	529	#
168	1773.99	178	198	200	201	202	220	221	222	223	242	243	264	265	266	267	269	286	288	289	290	291	308	310	311	333	530	#
169	1927.13	154	155	157	176	177	178	179	180	181	182	198	200	201	202	216	217	218	220	221	222	223	224	238	243	246	530	#
170	1855.6	111	132	133	154	155	176	177	178	179	181	198	199	200	201	202	203	220	221	222	223	224	243	244	394	416	530	#
171	1844.76	111	132	133	154	155	158	176	177	178	179	180	198	199	200	201	202	203	220	221	222	223	224	225	245	246	530	#
172	1782.57	176	177	178	179	180	198	199	200	201	202	203	220	221	222	223	224	242	243	244	245	246	264	265	266	267	530	#
173	1751.24	135	136	157	158	176	177	178	179	180	181	182	198	199	200	201	202	203	221	222	223	224	225	243	246	435	530	#
174	53.8308	494	#
175	1120.72	38	39	40	60	61	62	82	83	84	224	225	245	246	247	266	267	268	269	531	#
176	1259.6	15	16	38	39	59	60	61	81	82	83	103	159	356	357	377	378	398	399	531	#
177	1186.97	14	36	37	38	41	58	59	60	63	81	82	83	84	85	103	105	106	107	531	#
178	1178.05	14	16	36	37	38	39	58	59	60	61	62	63	82	83	84	105	106	107	531	#
179	1171.66	14	16	36	37	38	39	40	57	58	59	60	61	81	82	83	84	103	105	531	#
180	1164.43	57	78	79	99	100	122	138	159	160	161	162	182	224	225	246	247	267	268	531	#
181	107.591	71	387	388	389	532	#
182	124.297	387	388	389	410	532	#
183	117.153	50	71	72	93	532	#
184	55.6263	389	410	411	433	532	#
185	267.865	331	352	353	374	375	533	#
186	350.471	330	352	374	375	396	533	#
187	282.165	331	353	374	375	396	533	#
188	241.788	241	352	353	374	375	533	#
189	221.307	353	374	375	376	396	533	#
190	419.94	215	237	259	260	281	534	#
191	468.749	215	216	237	238	260	534	#
192	461.379	212	235	236	237	258	534	#
193	429.836	215	237	238	259	281	534	#
194	414.524	237	238	259	281	282	534	#
195	241.426	202	260	261	282	283	534	#
196	424.361	135	136	158	159	181	535	#
197	461.84	133	134	135	157	331	535	#
198	448.241	157	158	159	180	181	535	#
199	444.164	158	159	181	203	224	535	#
200	385.889	114	115	136	158	181	535	#
201	282.522	114	136	137	158	180	535	#
202	108.256	381	#
203	46.2476	281	#
204	425.94	59	60	61	83	105	536	#
205	421.563	61	62	83	84	105	536	#
206	406.881	62	84	104	105	106	536	#
207	287.439	36	58	59	79	80	536	#
208	283.771	60	380	381	401	424	536	#
209	261.113	247	269	291	292	537	#
210	277.722	270	290	291	292	537	#
211	269.623	224	225	246	247	537	#
212	231.192	292	313	314	335	537	#
213	138.845	247	248	269	270	537	#
214	109.274	325	326	538	#
215	147.851	304	326	538	#
216	171.801	30	52	191	539	#
217	239.564	147	169	191	539	#
218	145.952	30	52	53	539	#
219	135.018	57	78	79	540	#
220	193.415	57	58	79	540	#
221	81.1893	78	79	101	540	#
222	433.857	295	296	316	317	318	541	#
223	496.419	294	295	296	317	318	541	#
224	456.38	272	294	316	317	318	541	#
225	401.679	296	316	317	318	340	541	#
226	337.136	296	317	318	319	320	541	#
227	306.439	60	316	317	318	338	541	#
228	397.105	342	364	386	387	388	407	408	429	451	542	#
229	579.616	341	363	385	406	407	429	430	451	452	542	#
230	529.932	385	407	408	429	449	450	451	452	473	542	#
231	498.294	319	321	341	342	343	344	364	366	386	542	#
232	455.734	344	366	388	389	410	411	412	433	435	542	#
233	149.772	387	388	410	543	#
234	172.806	409	410	411	543	#
235	560.528	131	152	153	173	174	175	195	196	217	218	490	544	#
236	815.404	194	195	196	197	217	218	219	240	316	317	318	544	#
237	814.809	109	131	153	175	196	197	217	218	240	241	261	544	#
238	792.873	171	172	173	193	194	195	196	216	217	218	239	544	#
239	754.221	151	152	173	174	175	195	196	197	218	219	240	544	#
240	688.358	87	109	131	152	153	175	195	196	197	217	218	544	#
241	340.456	290	291	312	313	314	315	545	#
242	457.229	291	292	293	313	314	315	545	#
243	400.464	269	291	292	313	314	315	545	#
244	335.692	269	270	290	291	362	392	545	#
245	330.778	290	291	313	314	315	336	545	#
246	283.282	245	267	288	289	290	291	545	#
247	324.957	440	441	442	462	464	546	#
248	223.224	441	442	462	463	464	546	#
249	220.532	440	441	442	464	465	546	#
250	208.516	441	442	443	464	465	546	#
251	104.1	278	300	322	547	#
252	57.3479	278	301	324	547	#
253	92.7284	76	77	98	548	#
254	112.802	75	76	98	548	#
255	1869.58	224	225	246	247	248	268	269	270	290	291	292	311	312	313	314	333	334	335	336	337	355	356	357	376	377	378	379	380	397	398	400	401	419	470	549	#
256	2402.94	115	157	223	224	225	245	246	247	264	267	268	269	270	286	287	288	289	290	291	292	308	311	312	313	314	332	333	334	335	448	449	471	472	473	549	#
257	2384.42	201	203	204	222	223	224	225	226	244	245	246	247	248	249	265	267	268	269	270	271	286	287	288	290	291	292	293	308	313	358	359	381	382	383	549	#
258	2348.06	66	88	89	90	110	111	143	163	164	165	222	242	243	244	245	248	264	265	266	267	268	269	270	287	290	291	292	311	312	313	333	335	355	356	549	#
259	2339.04	99	110	119	120	121	204	224	225	226	245	246	247	265	266	267	268	269	270	271	287	289	290	291	292	293	308	311	313	314	330	335	452	472	473	549	#
260	2233.42	73	230	311	332	333	334	335	337	339	355	356	357	358	359	360	361	377	378	379	380	381	382	383	401	402	403	404	423	424	426	448	449	470	471	549	#
261	691.663	67	89	285	306	307	328	329	351	373	394	415	416	550	#
262	962.536	304	306	326	328	329	347	348	349	350	351	371	373	550	#
263	961.961	46	68	88	89	90	91	92	110	111	132	133	155	550	#
264	826.443	2	23	24	25	44	45	46	67	68	88	89	90	550	#
265	767.836	262	263	284	285	306	307	328	329	349	350	351	373	550	#
266	763.843	44	66	88	304	326	351	373	392	393	394	414	415	550	#
267	62.2763	485	#
268	60.4868	195	217	#
269	1625.22	87	179	180	201	202	253	274	275	276	294	295	296	316	317	318	319	336	337	338	340	358	360	381	382	473	551	#
270	1969.87	59	212	213	234	235	236	237	255	256	257	258	274	275	276	277	279	280	295	296	298	299	300	301	302	356	551	#
271	1842.39	252	253	256	274	275	276	277	295	296	317	318	319	333	334	335	338	357	358	414	434	435	436	437	456	457	551	#
272	1830.49	94	113	115	116	134	135	136	137	138	156	157	158	177	178	179	180	181	200	201	202	223	224	426	447	448	551	#
273	1745.65	252	253	275	294	295	296	297	316	317	318	335	336	337	338	340	359	360	361	362	381	382	383	384	404	405	551	#
274	1740.71	253	274	275	276	295	296	297	317	318	319	320	321	338	339	340	341	342	343	360	363	364	365	366	382	387	551	#
275	223.729	337	338	360	465	552	#
276	208.536	441	464	465	466	552	#
277	195.168	194	337	338	360	552	#
278	174.95	315	336	337	338	552	#
279	174.685	315	336	337	359	552	#
280	887.607	102	256	257	277	278	299	300	301	302	321	322	553	#
281	837.028	276	277	278	299	300	301	302	321	322	343	365	553	#
282	832.567	299	300	301	321	322	343	344	345	346	366	367	553	#
283	814.467	235	257	278	299	300	301	321	322	342	343	344	553	#
284	812.824	212	235	257	278	279	280	281	299	300	301	321	553	#
285	799.897	257	278	279	280	299	300	301	321	322	450	472	553	#
286	2339.96	6	7	8	9	10	11	12	13	28	29	30	31	32	33	49	50	51	52	53	54	55	73	74	75	76	77	78	95	96	97	100	119	120	228	426	427	428	429	430	431	449	450	451	452	472	473	554	#
287	3444.23	1	275	294	295	296	317	318	339	340	341	342	359	360	361	362	363	364	381	382	383	384	386	387	388	406	407	408	409	427	428	429	430	431	437	448	449	450	451	452	458	459	470	472	473	481	482	554	#
288	3343.86	29	50	51	52	53	73	74	75	95	96	97	119	120	121	163	167	168	169	185	186	187	188	190	191	192	193	212	213	214	215	216	234	235	236	237	256	257	258	259	260	279	280	281	282	302	304	554	#
289	3301.61	51	52	53	54	67	74	75	88	89	90	110	111	132	133	169	191	252	318	321	339	340	341	342	343	363	364	365	366	386	387	388	406	407	408	409	428	429	430	431	448	449	450	451	452	471	472	554	#
290	3250.52	17	18	40	41	43	60	61	62	63	64	65	81	82	83	84	85	86	105	107	110	111	112	127	128	129	132	133	150	151	382	404	408	426	427	428	429	430	448	449	450	451	452	470	471	472	473	554	#
291	3217.79	98	99	114	116	117	118	119	120	121	136	137	138	139	140	141	142	143	159	160	161	162	163	164	181	183	184	185	201	203	205	206	207	223	224	226	227	228	246	249	250	268	272	286	342	418	419	554	#
292	191.962	369	370	390	391	392	555	#
293	287.487	369	370	371	392	394	555	#
294	278.177	369	370	371	392	393	555	#
295	222.611	370	391	392	393	412	555	#
296	190.5	390	391	392	411	412	555	#
297	526.696	411	432	433	434	453	454	455	466	475	476	477	556	#
298	699.534	140	141	142	143	163	164	165	166	432	433	455	556	#
299	653.963	356	378	380	401	402	424	445	446	466	467	468	556	#
300	593.933	412	413	432	434	455	456	457	476	477	479	480	556	#
301	592.421	232	254	432	433	434	435	453	454	455	456	457	556	#
302	583.185	409	410	432	433	434	453	454	455	474	475	476	556	#
303	2475.28	18	19	20	21	29	30	51	52	53	54	55	56	57	71	72	73	74	75	76	77	79	95	96	97	99	100	101	118	119	122	123	124	144	145	166	294	303	316	317	410	432	433	454	455	557	#
304	3226.4	14	16	36	37	38	51	52	58	59	60	61	74	75	76	77	81	82	83	84	95	96	97	98	99	100	101	103	104	105	106	119	122	123	124	125	126	143	144	145	147	148	149	166	472	557	#
305	3074.44	4	9	15	25	26	29	30	31	37	46	47	48	49	50	51	52	53	59	60	61	68	69	70	71	72	73	74	75	90	92	93	95	96	97	111	112	119	120	132	133	154	155	176	359	557	#
306	3016.29	10	13	14	15	16	32	33	34	36	37	38	39	40	54	55	56	57	58	59	60	61	62	63	79	80	81	82	83	84	103	104	105	106	124	125	126	128	146	147	148	149	169	170	171	557	#
307	2971.22	39	40	60	61	62	77	83	84	85	86	99	100	101	104	105	106	107	119	120	121	122	123	124	128	129	143	144	145	150	151	152	173	188	210	212	233	235	254	255	256	257	272	282	283	557	#
308	2916.02	14	17	18	19	20	21	36	38	39	40	41	42	43	56	57	58	59	60	61	62	63	80	81	82	83	84	103	105	106	125	195	196	197	218	219	240	241	395	416	417	430	438	439	461	557	#
309	600.925	255	256	277	278	299	321	343	558	#
310	637.902	256	277	278	286	287	308	330	558	#
311	586.391	253	254	255	275	277	299	321	558	#
312	581.555	118	140	141	234	256	277	299	558	#
313	561.818	212	233	234	255	256	277	278	558	#
314	513.233	256	277	278	300	320	321	322	558	#
315	280.24	376	397	398	419	559	#
316	393.025	376	377	398	399	559	#
317	367.186	377	378	398	450	559	#
318	253.167	397	398	419	441	559	#
319	206.087	85	86	397	398	559	#
320	1804.36	83	84	105	176	187	209	210	231	232	251	252	253	254	255	256	257	276	277	278	279	299	300	301	320	321	322	324	343	560	#
321	2110.64	215	230	231	234	236	237	253	254	255	256	257	258	276	277	381	382	400	401	402	403	404	405	422	423	424	425	426	449	560	#
322	2048.97	105	127	183	185	204	205	206	226	227	230	248	249	250	251	252	253	254	270	271	272	292	293	314	315	336	412	434	435	560	#
323	1930.22	168	190	209	210	212	215	216	232	233	234	236	237	238	254	255	256	257	258	259	260	275	276	277	278	297	298	301	302	560	#
324	1925.22	111	212	216	234	236	237	238	253	254	255	256	257	258	260	276	277	278	279	280	281	282	300	301	302	324	346	368	369	560	#
325	1870.67	66	88	89	110	111	112	132	133	134	135	154	155	176	177	178	198	199	200	201	221	222	242	243	244	266	480	481	482	560	#
326	164.561	122	144	166	561	#
327	216.875	144	166	187	561	#
328	202.15	165	166	187	561	#
329	144.623	78	100	122	561	#
330	283.056	399	400	440	441	462	562	#
331	371.836	398	399	420	421	437	562	#
332	260.435	441	462	463	464	465	562	#
333	260.264	356	357	378	399	400	562	#
334	252.314	342	440	441	462	464	562	#
335	217.535	441	442	462	463	464	562	#
336	685.038	177	178	198	199	200	220	221	222	243	563	#
337	789.008	154	176	177	198	199	221	222	243	244	563	#
338	767.548	154	155	176	177	198	199	220	221	243	563	#
339	766.733	154	176	198	199	220	221	321	322	343	563	#
340	746.378	154	176	198	199	220	221	222	223	243	563	#
341	743.451	154	176	198	199	200	220	221	222	243	563	#
342	1105.47	305	319	341	363	364	365	385	386	405	406	407	408	427	428	431	564	#
343	1093.99	377	383	398	405	406	407	421	427	428	442	443	444	464	465	466	564	#
344	1085.37	403	404	405	406	424	426	427	428	429	447	448	449	450	470	471	564	#
345	1082.73	275	297	319	341	342	363	364	384	385	386	387	408	409	430	431	564	#
346	1069.89	279	297	319	341	349	363	364	365	385	386	387	408	409	430	431	564	#
347	1036.62	342	363	364	365	385	386	387	406	407	408	427	428	429	430	451	564	#
348	873.852	284	306	307	328	329	350	351	372	373	394	395	565	#
349	893.507	284	285	306	307	328	329	351	373	394	395	415	565	#
350	877.04	51	73	329	349	350	351	371	372	373	394	395	565	#
351	876.05	306	307	328	329	351	373	394	395	415	416	417	565	#
352	848.814	306	307	328	329	351	372	373	394	395	415	416	565	#
353	835.137	261	262	263	282	283	284	285	306	307	328	329	565	#
354	456.274	472	473	474	475	476	477	566	#
355	424.969	278	279	451	472	473	474	566	#
356	415.059	451	453	473	474	475	476	566	#
357	347.775	429	430	449	450	451	472	566	#
358	343.868	387	408	430	431	452	474	566	#
359	334.009	451	452	453	454	474	475	566	#
360	280.942	434	456	478	567	#
361	304.6	433	434	456	567	#
362	247.872	434	435	456	567	#
363	236.402	456	478	479	567	#
364	473.563	109	142	163	164	185	206	207	568	#
365	549.103	142	147	164	168	169	170	186	568	#
366	540.465	185	186	206	207	208	228	229	568	#
367	536.886	163	164	185	186	206	207	228	568	#
368	479.932	162	163	164	185	207	208	230	568	#
369	419.653	163	183	184	185	205	206	207	568	#
370	722.234	230	250	251	252	253	254	272	273	274	275	276	297	569	#
371	998.005	122	207	230	251	252	253	275	306	307	328	329	351	569	#
372	851.819	253	256	275	276	277	297	298	299	318	319	320	420	569	#
373	839.905	185	207	230	251	252	346	348	349	368	369	370	392	569	#
374	815.325	207	208	229	230	251	252	253	254	274	275	456	478	569	#
375	812.264	274	275	276	277	297	298	299	317	318	319	320	340	569	#
376	329.83	59	80	81	103	570	#
377	342.933	80	81	82	103	570	#
378	253.334	58	59	81	103	570	#
379	244.099	59	81	103	125	570	#
380	241.313	103	125	126	148	570	#
381	70.1973	492	#
382	1446.58	177	178	179	199	200	201	202	221	222	224	243	244	245	265	266	286	287	288	308	571	#
383	1672.84	198	199	209	221	222	243	244	265	266	268	286	287	288	289	290	308	311	330	331	571	#
384	1590.96	132	133	155	156	157	158	178	179	180	198	199	200	201	221	222	244	245	393	415	571	#
385	1506.92	85	176	177	198	199	200	203	221	222	223	224	243	244	245	246	265	266	267	288	571	#
386	1482.8	75	176	198	199	220	221	222	242	243	244	245	246	265	266	267	268	269	288	466	571	#
387	1473.23	198	201	203	221	222	223	224	242	243	244	245	246	265	266	267	287	288	289	308	571	#
388	1906.13	84	104	106	124	125	126	127	128	147	148	149	150	167	168	169	170	171	190	192	212	213	272	293	294	572	#
389	1944.77	169	170	191	192	257	278	300	301	302	303	323	324	342	343	344	345	364	365	366	367	386	387	388	409	572	#
390	1894.2	103	104	106	125	126	127	128	129	147	148	149	150	151	167	168	169	170	189	190	192	210	211	212	233	572	#
391	1854.96	103	104	124	125	126	129	147	148	149	150	151	152	167	168	169	171	173	174	191	192	194	195	216	487	572	#
392	1812.4	35	56	57	79	131	147	148	149	150	151	152	153	168	169	170	171	173	174	191	192	194	215	216	217	572	#
393	1799.3	126	147	148	149	150	167	168	169	170	171	188	189	190	192	194	195	210	211	212	216	232	233	254	255	572	#
394	506.881	339	361	382	383	384	385	404	573	#
395	553.806	361	380	381	382	383	384	405	573	#
396	527.072	361	362	363	381	382	383	384	573	#
397	513.852	363	384	385	386	387	407	416	573	#
398	461.473	404	426	449	450	451	471	473	573	#
399	456.23	52	384	385	386	407	408	429	573	#
400	405.594	10	11	13	32	33	34	35	56	574	#
401	496.463	10	32	33	34	55	56	78	79	574	#
402	491.063	13	14	33	34	35	36	37	58	574	#
403	473.286	13	14	32	33	34	35	36	56	574	#
404	466.095	10	11	32	33	34	54	55	56	574	#
405	452.299	11	32	33	34	55	56	78	79	574	#
406	1033.29	105	106	127	128	147	148	149	150	170	171	172	192	194	214	435	436	437	458	575	#
407	1429.66	148	149	170	171	190	192	193	194	212	213	214	215	216	235	236	237	258	280	575	#
408	1396.86	105	127	148	149	150	170	171	172	192	193	194	214	215	216	217	218	219	240	575	#
409	1343.63	105	127	147	148	149	150	339	361	381	382	383	384	385	402	403	404	424	425	575	#
410	1337.92	170	171	191	192	193	194	213	214	215	216	235	236	237	238	257	258	279	280	575	#
411	1327.83	127	149	170	171	192	193	194	213	214	215	216	217	235	236	239	240	258	261	575	#
412	1099.73	406	407	408	409	428	429	430	431	448	449	450	451	452	471	472	473	474	576	#
413	1431.52	339	340	361	362	381	382	383	384	403	404	426	427	448	449	450	471	472	576	#
414	1261.43	381	403	404	406	407	426	427	428	429	430	448	449	450	451	470	471	472	576	#
415	1231.69	385	406	407	426	428	429	430	448	449	450	451	452	471	472	474	475	476	576	#
416	1214.67	362	365	384	385	386	387	406	407	408	429	430	431	449	450	451	452	472	576	#
417	1213.25	17	213	316	317	318	339	340	341	361	362	363	383	384	385	386	387	407	576	#
418	493.701	141	142	164	165	186	187	206	207	208	577	#
419	701.442	141	142	143	164	165	166	185	186	206	577	#
420	662.637	142	143	164	185	186	207	208	230	252	577	#
421	641.21	143	165	398	419	420	421	422	423	444	577	#
422	596.998	141	142	143	144	145	164	165	185	186	577	#
423	590.857	38	165	166	167	186	187	188	209	210	577	#
424	1144.94	96	117	118	138	139	140	141	142	143	160	161	162	164	165	183	184	316	317	338	578	#
425	1619.54	94	116	117	137	138	139	140	141	161	162	184	384	385	405	406	416	417	428	440	578	#
426	1400.49	95	96	117	118	119	138	139	140	157	158	160	161	181	182	183	184	203	204	205	578	#
427	1370.09	117	139	140	141	160	161	182	183	184	203	204	205	206	223	224	226	227	233	248	578	#
428	1322.31	27	28	29	49	50	51	70	71	72	92	93	94	114	115	116	117	137	139	161	578	#
429	1315.02	317	318	319	320	339	340	341	358	360	361	380	381	382	383	403	404	405	406	428	578	#
430	312.12	203	224	225	368	369	390	391	579	#
431	370.964	390	412	432	433	434	435	456	579	#
432	340.115	159	181	203	204	224	225	226	579	#
433	334.753	203	224	225	252	253	254	273	579	#
434	333.612	346	366	367	368	369	391	413	579	#
435	333.063	368	369	370	390	391	392	393	579	#
436	409.042	0	22	44	45	46	66	67	89	580	#
437	604.339	67	88	89	110	111	112	132	133	580	#
438	596.297	46	67	68	69	88	89	90	110	580	#
439	582.783	22	44	66	88	89	90	110	132	580	#
440	561.081	46	67	68	69	89	232	233	234	580	#
441	549.92	44	45	66	88	89	110	111	132	580	#
442	1368.2	91	92	93	113	114	117	136	137	138	139	140	141	158	159	160	161	162	163	469	581	#
443	1691.07	48	70	91	92	113	114	116	117	135	136	137	138	139	140	158	160	161	162	180	581	#
444	1636.23	89	91	92	110	111	112	113	114	132	133	134	135	136	154	155	158	180	181	202	581	#
445	1607.49	25	26	46	47	48	70	71	72	91	92	93	94	111	112	113	114	133	134	135	581	#
446	1572.27	47	89	91	92	93	110	111	112	113	114	115	133	134	135	136	137	138	155	158	581	#
447	1569.06	71	92	93	94	112	114	116	117	134	135	136	137	138	139	158	159	160	161	162	581	#
448	162.514	171	172	173	194	582	#
449	171.358	171	172	194	195	582	#
450	162.558	173	194	195	466	582	#
451	260.677	195	217	330	352	583	#
452	360.177	330	331	352	374	583	#
453	217.36	194	195	217	249	583	#
454	177.805	217	238	239	260	583	#
455	370.983	7	29	30	51	73	584	#
456	331.629	51	73	74	75	76	584	#
457	320.44	7	28	29	51	73	584	#
458	317.211	7	29	51	52	73	584	#
459	272.184	9	30	51	52	74	584	#
460	267.014	28	29	30	51	337	584	#
461	218.117	396	397	418	419	585	#
462	236.589	397	398	418	419	585	#
463	182.488	397	418	419	420	585	#
464	169.065	375	396	397	418	585	#
465	327.063	337	338	339	340	586	#
466	291.184	162	315	337	338	586	#
467	266.484	318	339	340	341	586	#
468	238.565	337	338	339	360	586	#
469	209.341	300	337	338	360	586	#
470	883.037	397	401	419	424	440	441	442	443	444	445	446	462	463	464	465	467	468	587	#
471	1194.27	66	88	139	160	161	162	163	183	184	185	186	206	208	415	441	463	464	587	#
472	1158.71	80	133	134	135	155	156	178	378	399	400	401	423	445	446	467	468	469	587	#
473	1097.32	398	419	426	440	441	442	443	444	445	447	462	463	464	465	468	469	470	587	#
474	1069.51	374	375	396	397	398	399	419	426	440	441	442	443	447	462	463	464	465	587	#
475	1065.96	234	257	278	281	301	302	323	324	345	445	446	447	467	468	469	470	493	587	#
476	449.766	224	225	226	246	247	248	269	270	588	#
477	594.695	224	225	245	246	247	266	268	269	588	#
478	569.102	223	224	225	246	247	268	269	455	588	#
479	503.309	203	204	224	225	246	247	269	270	588	#
480	472.373	203	204	224	225	246	247	267	268	588	#
481	467.895	226	247	248	269	270	292	293	294	588	#
482	307.197	285	307	329	351	589	#
483	298.386	284	285	306	307	589	#
484	280.139	307	329	351	373	589	#
485	255.55	238	329	351	373	589	#
486	218.949	241	262	263	285	589	#
487	206.567	457	478	#
488	367.285	277	278	279	298	299	300	490	590	#
489	506.015	159	160	277	278	297	298	299	590	#
490	463.504	256	257	276	277	298	299	300	590	#
491	448.401	275	277	278	297	298	299	301	590	#
492	427.469	277	278	297	298	299	300	321	590	#
493	398.127	257	258	278	279	301	302	303	590	#
494	626.078	193	215	235	236	237	238	258	591	#
495	601.634	234	235	236	237	238	257	258	591	#
496	598.868	44	192	214	234	235	236	237	591	#
497	586.668	193	213	214	215	236	237	258	591	#
498	522.595	147	149	169	170	171	193	194	591	#
499	504.812	13	35	214	236	237	257	258	591	#
500	1860.34	16	18	38	39	40	41	42	43	60	61	62	63	64	65	81	82	83	84	85	86	87	108	109	131	193	215	216	330	352	592	#
501	1995.64	16	38	40	41	60	61	62	63	81	82	83	84	106	127	128	164	166	167	168	185	186	187	188	189	190	209	210	211	231	592	#
502	1975.1	16	38	39	40	41	55	59	60	61	62	63	77	81	82	83	84	85	216	314	316	336	337	338	339	358	359	360	474	475	592	#
503	1928.29	106	127	128	308	309	330	331	352	353	354	374	375	378	380	381	396	397	398	399	400	401	421	422	423	424	443	445	446	468	592	#
504	1927.49	170	171	194	195	216	217	235	236	237	238	239	257	258	260	276	277	278	279	280	281	282	298	301	302	304	323	324	346	368	592	#
505	1925.12	149	150	168	169	170	171	172	188	189	190	191	192	193	212	213	214	215	216	217	228	235	236	237	258	259	260	281	282	283	592	#
506	429.385	384	385	407	408	430	593	#
507	437.596	385	407	408	429	430	593	#
508	390.267	363	364	384	385	408	593	#
509	374.257	387	408	409	430	431	593	#
510	356.772	407	408	429	430	451	593	#
511	352.824	383	384	385	407	429	593	#
512	285.876	258	278	279	280	594	#
513	346.198	258	280	281	302	594	#
514	344.95	279	280	302	324	594	#
515	228.832	278	279	280	301	594	#
516	413.838	255	256	275	276	277	278	298	595	#
517	593.159	70	187	188	189	256	257	278	595	#
518	471.839	233	255	257	275	276	277	278	595	#
519	455.689	235	257	278	279	301	324	328	595	#
520	445.174	276	277	298	299	300	301	321	595	#
521	386.349	232	233	255	256	277	278	300	595	#
522	456.984	408	409	410	411	430	431	432	452	596	#
523	594.35	145	365	386	387	388	409	431	452	596	#
524	577.773	365	386	387	388	408	409	431	452	596	#
525	507.455	406	409	428	430	431	450	451	452	596	#
526	474.076	408	409	428	429	430	431	451	452	596	#
527	463.135	363	366	385	386	387	388	408	410	596	#
528	147.632	106	128	597	#
529	186.849	105	106	597	#
530	30.7215	128	129	597	#
531	48.1065	452	#
532	210.916	444	466	485	598	#
533	247.898	426	449	485	598	#
534	229.215	443	444	467	598	#
535	167.342	444	466	467	598	#
536	236.208	398	419	420	429	599	#
537	321.297	396	398	418	419	599	#
538	315.787	396	418	419	420	599	#
539	300.622	427	428	429	450	599	#
540	243.882	398	419	420	441	599	#
541	604.442	437	457	459	478	479	480	481	482	600	#
542	623.919	80	81	103	155	459	460	481	482	600	#
543	584.664	457	458	459	478	479	480	481	482	600	#
544	576.336	394	414	415	436	437	457	458	459	600	#
545	557.584	437	458	459	478	479	480	481	482	600	#
546	543.156	414	436	437	456	457	458	459	478	600	#
547	1129.57	193	255	256	257	258	259	276	277	278	279	281	298	299	300	301	302	321	322	323	601	#
548	1564.23	160	161	182	183	193	198	211	212	215	233	234	235	236	237	256	257	258	335	357	601	#
549	1536.76	210	212	233	234	235	236	255	256	257	277	278	279	299	300	301	302	322	323	345	601	#
550	1509.73	37	38	59	60	81	210	211	212	213	214	234	235	256	257	278	279	299	300	301	601	#
551	1480.42	212	213	235	236	237	238	256	257	258	260	274	275	277	279	280	296	297	299	302	601	#
552	1387.06	192	212	213	214	215	233	234	235	236	255	256	257	258	277	278	279	299	300	301	601	#
553	1046.31	149	151	152	153	171	172	173	175	193	194	195	196	197	217	218	239	240	602	#
554	1309.44	151	173	194	195	196	197	217	218	219	239	240	241	261	262	404	405	427	602	#
555	1283.57	175	196	197	210	212	218	219	232	233	234	235	236	240	248	256	257	261	602	#
556	1277.81	16	38	60	81	82	83	104	105	106	107	125	126	127	128	147	148	149	602	#
557	1244.45	151	171	172	173	193	194	195	196	197	215	217	218	238	239	240	261	262	602	#
558	1224.89	153	175	194	195	196	197	217	218	219	238	239	240	241	259	260	261	262	602	#
559	321.434	204	205	227	287	603	#
560	291.463	204	227	249	265	603	#
561	276.31	264	286	287	288	603	#
562	192.526	204	225	226	248	603	#
563	134.894	183	184	205	449	603	#
564	387.973	190	211	212	233	234	255	604	#
565	519.04	146	168	169	190	211	212	604	#
566	496.717	234	254	255	256	257	278	604	#
567	457.347	191	212	213	233	234	256	604	#
568	391.156	210	211	212	234	256	278	604	#
569	348.298	167	188	189	190	210	211	604	#
570	790.321	21	42	43	65	85	86	87	108	109	130	131	153	175	605	#
571	1128.4	65	86	87	108	130	131	361	383	384	385	405	427	428	605	#
572	821.088	21	41	42	43	46	65	85	86	87	108	130	131	153	605	#
573	811.422	18	21	41	42	43	65	85	86	87	108	109	130	131	605	#
574	800.068	3	25	26	41	42	43	65	86	87	108	130	451	473	605	#
575	787.438	41	42	43	65	85	86	87	108	109	130	131	153	175	605	#
576	1218.94	3	6	7	25	26	28	29	30	46	47	48	50	67	68	69	70	91	606	#
577	1470.16	2	3	25	26	45	46	47	48	68	69	133	134	135	155	157	179	200	606	#
578	1398.7	3	25	26	46	47	48	68	69	70	90	91	112	113	406	407	428	450	606	#
579	1390.44	23	25	44	45	46	47	48	66	67	68	69	88	89	90	91	111	133	606	#
580	1372.57	2	3	25	26	44	45	46	47	48	49	67	68	212	213	234	235	257	606	#
581	1268.2	2	3	4	24	25	26	45	46	47	48	49	50	67	69	70	89	110	606	#
582	497.842	51	52	53	71	72	73	74	75	93	607	#
583	521.915	51	52	53	54	55	74	77	78	99	607	#
584	497.214	29	51	52	53	72	73	74	75	96	607	#
585	496.82	29	50	51	72	73	74	96	457	479	607	#
586	472.108	49	50	51	52	71	72	73	93	94	607	#
587	390.627	9	10	11	29	30	33	51	52	53	607	#
588	86.0175	386	#
589	222.298	126	148	608	#
590	146.782	147	148	608	#
591	211.303	171	255	277	278	314	609	#
592	294.25	271	292	293	314	315	609	#
593	234.62	255	312	313	314	336	609	#
594	249.001	337	358	359	360	361	610	#
595	368.978	237	259	335	336	358	610	#
596	261.932	337	338	360	361	382	610	#
597	260.478	315	337	359	360	361	610	#
598	237.026	338	358	359	360	382	610	#
599	209.793	314	336	337	358	359	610	#
600	226.364	185	186	611	#
601	239.025	73	185	611	#
602	215.692	186	187	611	#
603	719.104	169	170	191	192	212	213	214	236	612	#
604	737.906	112	113	167	168	169	170	191	192	612	#
605	719.05	169	170	191	192	212	213	214	235	612	#
606	705.173	191	192	212	213	214	234	236	257	612	#
607	704.019	169	170	191	192	213	214	215	237	612	#
608	701.472	170	191	192	214	215	236	237	258	612	#
609	76.7817	487	#
610	251.237	346	366	367	368	388	389	390	391	613	#
611	322.237	368	389	390	391	412	413	433	434	613	#
612	242.221	344	346	366	367	388	389	390	410	613	#
613	153.902	398	419	441	614	#
614	210.857	418	419	441	614	#
615	203.538	398	420	421	614	#
616	178.867	441	462	463	614	#
617	190.231	61	62	83	615	#
618	259.383	38	60	61	615	#
619	209.327	82	83	84	615	#
620	207.918	40	61	62	615	#
621	934.187	39	40	61	62	63	64	84	85	86	106	362	384	385	407	616	#
622	1339.09	188	209	210	233	255	365	383	384	385	386	387	405	406	408	616	#
623	1329.35	342	361	362	363	364	382	383	384	385	386	387	406	407	408	616	#
624	1102.75	201	250	383	385	404	405	406	407	427	428	429	448	449	450	616	#
625	1004.29	245	316	337	338	360	361	362	381	382	384	385	401	402	403	616	#
626	954.293	18	39	40	61	62	63	84	105	106	126	127	128	150	487	616	#
627	139.987	156	157	178	179	617	#
628	132.277	178	179	201	413	617	#
629	327.267	253	275	297	298	319	428	429	618	#
630	462.859	274	295	296	317	318	319	341	618	#
631	423.392	256	276	277	278	298	299	320	618	#
632	380.802	405	427	428	429	430	449	451	618	#
633	329.297	406	408	428	429	430	450	451	618	#
634	285.211	255	256	276	277	278	297	298	618	#
635	1192	53	203	204	205	206	225	226	227	228	247	248	249	250	251	268	269	270	290	291	292	313	314	619	#
636	1613.2	181	199	202	203	204	205	206	221	222	223	224	225	226	227	228	243	244	247	248	250	270	382	619	#
637	1451.55	64	85	86	166	186	187	204	205	206	207	208	226	227	230	231	248	249	250	252	253	270	497	619	#
638	1446.13	177	178	199	200	201	221	222	268	269	290	291	311	312	313	314	334	335	356	357	377	378	401	619	#
639	1357.15	25	44	45	46	47	67	89	190	202	212	224	225	226	227	247	248	337	360	380	381	382	403	619	#
640	1347.74	146	203	225	226	227	228	229	230	247	248	249	250	251	252	253	254	271	273	292	293	295	296	619	#
641	1453.56	17	18	19	20	21	39	40	41	42	43	57	58	59	60	61	62	63	64	65	81	82	83	85	86	87	108	109	620	#
642	1903.5	37	59	60	81	82	83	103	125	126	217	239	260	261	262	373	392	393	394	395	415	436	437	438	439	458	459	461	620	#
643	1793.32	17	18	19	39	40	61	62	83	243	244	358	378	379	380	401	405	426	427	428	429	448	449	450	451	469	470	471	620	#
644	1758.16	40	42	43	62	63	64	65	84	85	86	87	96	98	106	109	119	120	130	131	141	152	153	162	163	174	175	185	620	#
645	1757.99	14	34	35	36	37	39	57	58	59	60	61	80	81	82	83	103	212	235	255	256	257	277	278	279	299	301	323	620	#
646	1687.33	16	17	18	38	39	40	41	42	48	57	58	59	60	61	62	63	64	78	80	81	82	83	84	103	124	125	126	620	#
647	999.66	169	191	192	213	214	235	236	237	256	257	258	278	279	621	#
648	1112.98	215	216	235	236	237	258	259	260	261	280	281	282	283	621	#
649	1062.19	234	235	236	256	257	258	279	280	337	338	359	360	382	621	#
650	1042.89	233	235	255	256	257	258	277	278	279	280	281	282	302	621	#
651	998.907	169	191	192	198	213	214	220	221	236	237	261	282	283	621	#
652	991.832	213	235	255	256	257	258	277	278	279	280	300	301	323	621	#
653	440.464	438	439	460	461	482	483	622	#
654	476.853	438	459	460	461	482	483	622	#
655	475.785	416	438	439	459	460	482	622	#
656	469.599	438	439	459	460	482	483	622	#
657	386.764	416	417	437	438	439	461	622	#
658	374.996	458	459	460	461	482	483	622	#
659	1080.09	260	281	282	283	284	285	303	304	305	306	328	329	349	350	351	372	623	#
660	1309.9	258	280	281	303	304	325	326	327	347	349	350	407	426	427	428	429	623	#
661	1237.07	284	285	306	307	327	328	329	349	350	351	371	372	423	424	445	468	623	#
662	1197.92	281	283	284	304	305	306	325	326	327	328	329	349	350	351	372	373	623	#
663	1184.5	258	277	278	279	280	281	299	300	301	303	304	323	324	345	346	347	623	#
664	1181.13	219	240	241	261	283	284	285	306	307	328	329	349	350	351	372	373	623	#
665	2212.2	210	211	232	233	234	235	253	254	255	256	257	277	278	279	296	297	298	299	301	318	319	320	321	322	337	338	339	340	362	624	#
666	2283.38	166	187	188	189	191	210	211	214	232	233	234	235	236	237	253	254	256	257	258	273	274	275	278	279	280	281	301	302	304	624	#
667	2271.96	122	143	144	165	166	167	168	187	188	189	190	210	212	232	233	234	235	252	253	254	255	256	273	274	275	277	278	296	297	624	#
668	2227.84	189	211	212	214	232	233	234	235	236	253	254	255	256	257	275	277	278	279	295	298	299	301	316	317	319	320	321	323	345	624	#
669	2215.84	93	144	166	186	187	188	191	192	210	211	214	232	233	234	235	236	254	255	256	257	275	277	278	279	297	298	301	320	323	624	#
670	2198.98	17	20	192	194	211	214	216	232	233	234	235	236	237	238	253	254	255	257	258	277	278	279	405	443	444	445	446	466	467	624	#
671	1378.74	11	32	33	34	54	55	56	60	77	78	79	80	81	82	167	189	211	232	233	234	325	326	625	#
672	1765.11	168	190	192	211	212	213	214	215	216	217	233	234	235	236	238	256	257	260	278	279	280	306	625	#
673	1610.09	43	236	237	257	258	280	281	283	302	303	304	305	324	325	326	327	347	348	349	350	371	372	625	#
674	1563.91	189	190	211	212	232	233	234	256	257	258	277	278	279	280	299	300	301	324	328	329	432	433	625	#
675	1504.35	303	304	305	323	324	325	326	327	344	345	346	347	366	367	368	369	370	389	390	391	392	412	625	#
676	1483.71	143	144	164	165	166	167	187	188	189	209	210	211	232	233	234	236	256	257	258	278	280	281	625	#
677	281.654	441	442	443	463	465	626	#
678	335.885	146	441	463	464	465	626	#
679	304.63	441	442	443	462	463	626	#
680	295.171	420	421	441	442	443	626	#
681	292.301	419	420	441	442	443	626	#
682	249.899	420	440	441	442	464	626	#
683	81.3023	11	12	627	#
684	84.3964	12	13	627	#
685	371.187	338	359	360	382	404	628	#
686	384.804	338	339	340	360	361	628	#
687	367.697	317	338	339	360	382	628	#
688	355.012	317	338	339	360	361	628	#
689	333.163	315	337	338	359	360	628	#
690	318.163	404	426	447	448	449	628	#
691	172.106	12	13	14	36	629	#
692	188.274	36	56	57	58	629	#
693	178.009	13	14	15	242	629	#
694	175.54	13	14	430	452	629	#
695	134.312	12	13	14	15	629	#
696	290.165	30	31	51	52	53	74	630	#
697	305.71	30	31	52	53	73	74	630	#
698	297.412	29	30	31	51	52	73	630	#
699	284.95	31	52	53	54	74	96	630	#
700	227.401	30	52	53	74	96	97	630	#
701	212.82	8	9	30	51	52	53	630	#
702	630.428	6	28	36	49	50	51	52	71	72	73	74	75	459	631	#
703	766.596	13	14	15	35	36	37	59	61	81	82	83	84	106	631	#
704	745.206	5	6	27	28	49	50	51	52	72	73	74	75	95	631	#
705	713.18	27	28	49	50	71	72	73	181	182	183	203	223	224	631	#
706	708.143	6	7	27	28	49	50	51	52	71	72	73	74	95	631	#
707	696.296	6	7	27	28	46	47	48	49	50	51	52	71	72	631	#
708	850.737	406	408	427	428	429	430	449	450	451	472	473	474	632	#
709	1016.05	406	426	427	428	429	447	448	449	450	470	471	472	632	#
710	989.534	383	404	405	406	426	427	428	448	449	450	470	471	632	#
711	956.741	385	406	407	408	409	427	428	430	431	450	452	472	632	#
712	939.664	426	428	449	450	451	452	470	471	472	473	474	475	632	#
713	931.334	384	385	387	407	408	428	430	450	451	452	473	474	632	#
714	1075.88	226	227	228	248	249	268	269	271	272	291	292	293	294	313	314	316	633	#
715	1296.8	166	185	186	187	206	207	227	228	229	248	249	250	251	272	293	294	633	#
716	1228.16	43	64	65	86	87	109	227	228	248	249	250	251	271	291	292	293	633	#
717	1202.03	204	206	207	226	227	228	248	249	270	271	290	291	292	293	313	314	633	#
718	1153.65	203	204	226	227	228	248	249	250	269	270	271	272	292	293	294	314	633	#
719	1151.97	162	244	245	246	247	267	268	269	288	289	290	291	292	293	311	314	633	#
720	244.316	134	156	177	178	200	634	#
721	341.818	178	179	199	200	414	634	#
722	331.348	134	154	155	156	178	634	#
723	265.867	177	178	198	199	200	634	#
724	209.142	156	178	179	180	202	634	#
725	254.852	396	398	418	419	635	#
726	272.388	376	398	419	421	635	#
727	260.543	376	377	398	420	635	#
728	227.719	396	418	419	441	635	#
729	146.832	396	397	418	419	635	#
730	565.776	364	384	385	386	408	409	431	636	#
731	648.559	339	340	361	362	382	383	384	636	#
732	568.593	342	364	365	366	385	386	408	636	#
733	559.013	364	384	385	386	408	431	452	636	#
734	551.226	384	385	386	408	431	452	453	636	#
735	540.004	342	364	385	386	408	431	452	636	#
736	824.163	15	16	38	59	60	61	83	84	104	105	106	128	150	637	#
737	991.09	60	61	83	84	104	105	106	111	126	127	128	148	149	637	#
738	975.095	83	84	104	105	106	126	127	128	129	147	148	149	150	637	#
739	974.472	61	83	84	104	105	106	107	126	127	128	129	149	150	637	#
740	950.947	62	82	83	84	85	104	105	106	107	126	127	128	149	637	#
741	941.681	15	16	38	39	60	61	83	104	105	106	126	127	244	637	#
742	652.283	409	430	431	450	451	452	473	474	475	476	638	#
743	733.727	342	343	344	365	366	387	409	431	452	474	638	#
744	673.417	162	409	425	428	429	431	450	451	452	473	638	#
745	669.821	385	407	428	429	450	451	452	473	474	496	638	#
746	660.791	185	207	385	407	409	429	430	431	451	452	638	#
747	630.316	122	409	431	451	452	453	473	474	475	476	638	#
748	409.981	212	235	360	361	362	639	#
749	526.963	340	361	362	383	384	639	#
750	428.228	337	359	360	361	362	639	#
751	416.045	209	235	236	257	258	639	#
752	405.357	337	359	360	380	381	639	#
753	348.68	212	233	234	235	257	639	#
754	164.406	23	24	45	46	494	640	#
755	240.847	1	22	23	45	67	640	#
756	217.242	24	25	26	45	46	640	#
757	171.294	419	420	441	442	494	640	#
758	59.445	330	#
759	362.116	210	232	233	253	254	301	641	#
760	443.186	211	212	232	233	254	255	641	#
761	411.497	211	212	213	233	234	255	641	#
762	401.643	278	279	300	301	302	324	641	#
763	374.944	230	253	275	276	461	462	641	#
764	326.889	209	210	232	233	254	255	641	#
765	1041.4	130	131	152	153	157	178	179	199	200	201	221	222	243	642	#
766	1126.74	85	86	87	108	109	131	151	152	153	163	164	185	186	642	#
767	1108.08	157	158	177	178	179	180	199	200	221	222	243	409	431	642	#
768	1068.89	135	157	158	177	178	179	180	199	200	201	202	222	243	642	#
769	1064.68	177	179	180	199	200	221	222	242	243	244	264	266	286	642	#
770	1063.39	157	177	178	179	180	199	200	201	220	221	222	223	243	642	#
771	256.394	198	241	263	285	643	#
772	320.479	218	240	241	262	643	#
773	312.466	283	284	285	306	643	#
774	295.782	198	199	220	221	643	#
775	222.737	149	150	262	263	643	#
776	859.964	44	66	67	88	89	110	111	132	133	155	644	#
777	880.887	66	88	89	110	111	132	133	134	154	176	644	#
778	864.766	67	89	90	110	111	112	113	133	134	155	644	#
779	856.515	91	110	111	113	132	133	134	135	154	155	644	#
780	853.943	89	110	111	112	133	155	279	301	302	324	644	#
781	824.206	44	66	67	88	89	110	111	132	133	154	644	#
782	50.2168	38	#
783	580.116	107	128	129	148	149	150	151	171	194	645	#
784	673.763	132	133	155	170	171	193	194	215	216	645	#
785	642.454	148	149	150	170	171	191	192	194	216	645	#
786	611.719	129	136	137	138	139	151	171	172	173	645	#
787	579.9	78	147	148	149	170	171	192	194	216	645	#
788	573.866	85	106	107	128	129	149	150	151	171	645	#
789	1.05933	164	#
790	655.004	169	191	192	212	213	448	470	646	#
791	563.794	190	211	212	213	235	256	257	646	#
792	562.067	169	190	191	192	212	213	233	646	#
793	550.598	447	448	449	450	469	470	471	646	#
794	542.025	404	405	406	426	447	448	470	646	#
795	518.588	191	192	212	213	235	311	333	646	#
796	529.941	88	89	90	110	111	647	#
797	546.448	89	110	111	132	133	647	#
798	538.991	110	111	132	133	393	647	#
799	522.414	88	89	110	111	132	647	#
800	400.984	89	90	112	246	247	647	#
801	129.132	498	#
802	1156.09	289	309	310	311	331	332	333	354	355	356	376	377	378	398	399	419	441	648	#
803	1392.83	268	289	290	308	309	310	311	312	331	407	408	428	429	431	450	451	472	648	#
804	1285.16	221	222	242	243	264	265	286	287	308	309	310	311	330	331	332	352	354	648	#
805	1175.17	286	287	308	309	310	331	332	353	354	355	356	376	377	378	398	420	421	648	#
806	1152.08	290	309	310	311	331	332	333	353	354	355	356	374	376	377	398	399	421	648	#
807	1121.32	334	352	355	356	374	376	377	396	397	398	399	419	421	422	444	466	467	648	#
808	1025.84	37	59	60	61	81	83	105	185	190	212	213	232	233	234	649	#
809	1091.74	77	99	142	151	164	183	184	185	186	204	205	206	207	230	649	#
810	1078.92	14	15	16	36	37	59	60	61	80	81	297	298	299	320	649	#
811	1068.8	37	39	59	60	61	81	82	83	84	104	105	126	127	128	649	#
812	1035.65	37	38	39	59	60	61	81	82	83	84	104	105	126	127	649	#
813	1021.5	84	104	105	126	127	128	200	222	223	224	244	245	267	288	649	#
814	768.62	189	190	210	211	212	232	233	234	235	256	257	650	#
815	979.623	124	144	145	146	166	168	188	189	190	211	233	650	#
816	951.386	211	212	232	233	235	236	256	257	277	278	445	650	#
817	890.221	146	166	167	168	169	187	188	189	190	211	233	650	#
818	864.913	146	165	166	167	168	187	188	189	190	209	211	650	#
819	843.615	198	199	213	214	234	235	256	257	277	278	298	650	#
820	114.772	275	#
821	676.866	59	80	81	247	248	249	269	270	291	292	313	651	#
822	754.099	225	226	229	247	248	249	250	251	269	271	293	651	#
823	709.36	247	269	270	271	291	292	293	315	337	358	359	651	#
824	703.98	35	36	54	57	58	59	60	61	82	83	337	651	#
825	669.975	59	60	61	79	80	81	82	103	124	125	258	651	#
826	618.323	225	244	245	246	247	267	268	269	290	291	313	651	#
827	164.763	300	321	322	652	#
828	193.432	300	301	324	652	#
829	190.178	278	300	322	652	#
830	65.3429	321	342	343	652	#
831	301.782	201	222	223	224	653	#
832	276.521	68	90	201	223	653	#
833	222.833	222	244	245	356	653	#
834	213.825	181	182	203	224	653	#
835	154.593	180	201	202	223	653	#
836	1271.62	194	196	216	218	236	237	238	239	240	259	260	261	262	263	283	284	285	305	306	307	654	#
837	1484.98	261	262	263	282	283	284	285	307	318	319	328	329	341	348	349	350	351	370	371	372	654	#
838	1447.95	240	241	261	263	283	284	285	305	306	307	325	328	329	347	348	349	350	351	371	372	654	#
839	1361.73	100	122	144	166	187	194	195	215	216	238	239	240	261	262	263	282	283	284	285	306	654	#
840	1342.73	194	216	218	238	239	240	241	263	285	302	303	337	338	339	360	361	362	382	383	384	654	#
841	1333.93	196	197	217	218	239	240	241	261	262	263	283	284	285	306	307	328	329	349	350	351	654	#
842	91.4159	295	#
843	63.8985	373	#
844	117.346	106	128	150	655	#
845	127.179	129	150	151	655	#
846	121.023	127	128	150	655	#
847	225.291	406	428	656	#
848	193.775	406	407	656	#
849	599.044	138	139	161	162	181	182	183	184	205	657	#
850	879.997	117	139	161	162	183	203	204	205	295	657	#
851	774.589	114	116	117	136	137	138	139	161	162	657	#
852	755.732	94	116	117	139	161	162	163	183	184	657	#
853	703.205	161	162	183	184	203	204	205	227	383	657	#
854	688.503	109	161	162	183	184	203	204	205	227	657	#
855	47.7739	150	#
856	13.4803	67	#
857	365.287	104	126	148	658	#
858	297.187	38	104	126	658	#
859	468.345	141	264	265	266	286	287	308	330	659	#
860	663.521	167	168	169	170	191	265	286	287	659	#
861	538.681	265	266	286	287	308	416	438	460	659	#
862	500.335	264	265	281	286	287	302	308	476	659	#
863	486.372	286	308	330	331	352	353	374	422	659	#
864	466.553	286	287	308	330	331	352	367	493	659	#
865	198.111	375	397	398	399	660	#
866	214.864	376	397	398	420	660	#
867	201.178	352	374	375	397	660	#
868	89.5654	316	338	#
869	225.545	279	300	301	324	661	#
870	301.628	298	299	300	322	661	#
871	186.968	301	302	303	361	661	#
872	170.337	324	346	367	368	661	#
873	721.464	166	167	188	385	386	387	407	408	429	430	431	662	#
874	803.182	143	165	166	167	168	188	189	206	207	229	230	662	#
875	794.652	61	287	408	428	429	430	431	451	452	472	473	662	#
876	787.113	385	386	387	388	408	409	429	430	431	452	473	662	#
877	752.916	344	364	365	366	367	385	386	387	388	389	409	662	#
878	732.932	142	143	144	164	165	166	167	168	169	188	189	662	#
879	67.9734	212	#
880	404.264	231	252	253	273	275	297	663	#
881	494.218	252	253	273	295	296	318	663	#
882	493.573	231	252	253	254	275	296	663	#
883	490.929	188	210	232	233	253	254	663	#
884	458.691	256	277	297	298	319	341	663	#
885	353.692	207	208	230	252	253	273	663	#
886	559.599	270	290	291	292	293	312	313	315	664	#
887	621.83	291	292	293	294	315	336	337	338	664	#
888	519.23	246	268	290	291	455	456	477	478	664	#
889	516.889	269	270	292	315	443	444	465	466	664	#
890	488.631	291	292	293	314	315	336	337	338	664	#
891	486.16	291	292	312	313	332	333	334	335	664	#
892	671.181	96	118	119	120	121	140	141	163	185	186	208	665	#
893	906.284	96	117	118	119	120	138	139	140	141	163	185	665	#
894	882.634	184	185	186	206	207	208	230	252	253	273	295	665	#
895	839.951	184	185	186	187	205	206	207	208	230	252	253	665	#
896	820.409	163	166	185	186	187	188	207	208	230	252	253	665	#
897	766.624	53	74	96	116	117	118	119	139	140	141	163	665	#
898	832.871	9	26	29	30	31	51	52	53	73	74	75	95	96	97	98	183	333	334	355	666	#
899	1156.22	201	223	224	244	245	267	268	269	288	310	311	330	331	332	333	334	352	355	356	666	#
900	1069.97	10	32	33	52	53	54	55	56	75	76	77	97	98	99	447	449	469	470	471	666	#
901	1057.62	20	42	51	52	53	54	55	63	64	65	74	75	86	87	95	96	97	98	321	666	#
902	1056.81	9	10	28	30	31	49	50	51	52	53	54	70	71	72	73	90	91	92	93	666	#
903	1054.68	30	31	48	49	50	51	52	53	54	55	72	73	74	75	76	77	98	99	100	666	#
904	66.4493	121	#
905	156.093	412	434	667	#
906	112.417	412	435	667	#
907	67.2132	434	456	667	#
908	1221.35	91	112	113	134	135	389	409	410	411	412	432	433	434	454	455	477	668	#
909	1509.54	48	49	50	68	69	70	89	90	91	92	110	111	112	113	134	135	668	#
910	1324.51	45	67	68	69	89	90	91	92	111	112	113	133	134	135	156	219	668	#
911	1226.19	116	117	138	385	386	387	409	410	411	432	433	434	454	455	476	477	668	#
912	1210.68	89	110	112	114	115	132	133	134	135	136	137	138	154	155	156	176	668	#
913	1117.99	69	70	91	92	93	112	113	114	134	135	136	137	156	392	393	394	668	#
914	670.692	245	266	267	356	357	377	378	398	399	400	421	669	#
915	724.821	221	243	244	266	267	287	288	289	290	311	312	669	#
916	722.919	398	399	400	421	422	423	445	446	467	468	469	669	#
917	699.136	244	245	266	267	268	289	311	333	334	355	356	669	#
918	688.659	356	375	376	377	378	398	399	400	419	421	441	669	#
919	686.751	201	221	223	243	244	245	265	266	267	287	288	669	#
920	1146.3	52	73	74	75	95	96	97	98	117	118	119	120	121	137	138	139	140	141	142	143	144	166	670	#
921	1650.15	143	144	164	165	166	385	405	406	407	426	427	428	429	430	447	448	449	452	470	471	472	473	670	#
922	1623.33	4	5	50	61	72	83	95	96	105	106	118	119	120	121	127	128	129	136	139	140	158	161	670	#
923	1583.9	66	88	110	111	112	118	119	120	121	132	139	140	390	391	392	393	394	414	415	416	436	437	670	#
924	1476.99	11	92	93	114	115	116	117	137	138	139	161	162	183	184	185	205	206	207	208	210	232	233	670	#
925	1396.33	95	96	97	115	116	117	118	119	120	121	138	139	140	141	161	162	163	164	183	184	185	206	670	#
926	1098.6	250	271	272	275	292	293	294	295	296	315	316	318	671	#
927	1023.51	229	250	251	271	272	293	294	452	453	474	475	476	671	#
928	1023.32	185	205	206	227	248	249	250	271	272	292	293	315	671	#
929	963.032	155	249	250	251	271	272	292	293	294	295	315	337	671	#
930	886.317	253	256	274	275	276	277	278	295	296	298	299	321	671	#
931	873.869	253	274	275	294	295	296	316	318	400	401	423	424	671	#
932	242.544	385	386	672	#
933	210.954	384	385	672	#
934	856.893	239	260	261	263	283	284	285	305	306	307	327	329	351	373	673	#
935	972.645	284	285	306	307	329	350	351	373	394	395	414	415	416	437	673	#
936	964.815	154	176	197	219	239	240	261	262	263	284	285	306	307	329	673	#
937	929.372	219	240	241	260	261	262	263	284	285	306	307	329	350	351	673	#
938	911.942	193	214	215	216	219	237	238	239	240	259	260	261	262	263	673	#
939	885.75	263	284	285	306	307	328	329	350	351	373	394	395	415	416	673	#
940	290.303	342	343	363	364	385	674	#
941	429.54	343	364	365	366	387	674	#
942	392.43	340	341	362	363	444	674	#
943	352.9	343	363	364	365	387	674	#
944	295.564	321	342	343	365	387	674	#
945	220.175	133	155	156	157	675	#
946	295.369	111	132	133	155	675	#
947	252.415	110	132	154	156	675	#
948	183.551	135	156	157	158	675	#
949	300.218	356	378	400	401	424	425	676	#
950	380.702	355	377	378	399	400	401	676	#
951	283.973	378	380	401	424	446	468	676	#
952	280.205	356	378	401	424	425	446	676	#
953	262.184	333	334	356	378	380	401	676	#
954	407.33	207	229	230	251	253	254	391	677	#
955	511.313	212	231	233	253	254	255	277	677	#
956	449.171	228	229	230	249	250	251	253	677	#
957	429.479	188	209	210	231	233	253	345	677	#
958	336.108	206	207	208	228	229	230	249	677	#
959	320.586	159	301	323	390	391	392	413	677	#
960	779.247	166	167	168	189	190	211	212	233	678	#
961	769.827	147	167	168	169	170	189	211	462	678	#
962	712.936	168	190	211	212	213	232	233	235	678	#
963	659.629	189	210	211	212	213	233	235	257	678	#
964	615.944	211	212	235	255	257	277	278	298	678	#
965	591.097	144	145	163	166	167	168	185	187	678	#
966	304.632	268	450	451	473	474	679	#
967	432.44	428	450	452	472	473	679	#
968	345.573	452	472	473	474	475	679	#
969	343.246	431	452	473	474	475	679	#
970	320.909	267	268	289	290	312	679	#
971	262.338	450	451	452	473	474	679	#
972	68.5826	344	#
973	113.197	143	#
974	973.722	18	19	294	316	317	338	339	350	351	371	372	373	394	395	680	#
975	1176.05	328	329	350	351	370	371	372	373	394	395	414	415	416	417	680	#
976	1122.94	219	326	327	341	348	349	350	371	372	394	395	417	435	436	680	#
977	1089.38	180	328	329	350	351	370	371	372	373	393	394	395	416	417	680	#
978	1082.35	294	316	350	371	372	394	395	414	415	416	417	436	437	458	680	#
979	1072.57	351	373	394	395	414	415	416	417	436	437	438	439	460	461	680	#
980	417.606	157	179	201	202	203	224	681	#
981	501.783	134	135	157	158	178	179	681	#
982	426.051	157	158	179	180	201	202	681	#
983	402.708	202	203	223	224	245	266	681	#
984	340.213	168	190	202	203	224	225	681	#
985	305.779	134	156	178	179	201	223	681	#
986	367.702	105	106	107	129	485	682	#
987	414.312	104	105	106	107	126	682	#
988	358.207	279	280	302	303	485	682	#
989	354.94	85	105	106	107	129	682	#
990	351.944	63	85	106	107	129	682	#
991	340.234	85	106	107	128	129	682	#
992	1133.82	355	356	361	363	383	384	385	404	405	406	407	426	427	428	429	451	683	#
993	1443.92	339	361	362	382	383	384	385	403	404	405	406	407	424	427	428	450	683	#
994	1382.47	124	146	382	383	384	401	402	403	404	405	406	423	424	426	427	428	683	#
995	1302.06	360	361	382	383	384	385	402	403	404	405	406	424	426	427	428	447	683	#
996	1268.91	361	381	382	383	384	385	401	402	403	404	405	406	407	423	424	425	683	#
997	1246.93	318	319	339	340	341	343	361	362	363	364	365	384	385	386	406	407	683	#
998	51.5537	437	#
999	46.1833	418	#
