%% File generated by CATS v.2.1Wed Jun 29 16:15:15 2011

%% The CATS webpage is http://robotics.stanford.edu/CATS

%% PARAMETER SETTINGS:
% Goods: 50; Bids: 400; Distribution: regions; Runs: 1; Seed: 1309382081
% Regions Distribution Parameters:
% Max Substitutable Bids = 5
% Removing HV Neighbor   = 0.1
% Adding DIAG Neighbor   = 0.2
% Additional Location    = 0.9
% Jump Probability       = 0.05
% Additivity             = 0.2
% Budget Factor          = 1.5
% Resale Factor          = 0.5
% Uniform Private Value:
%   Deviation            = 0.5
%   Max Good Value       = 100



goods 50
bids 404
dummy 75

0	120.412	25	#
1	367.097	31	35	38	42	43	44	45	50	#
2	547.353	1	2	3	8	9	38	45	50	#
3	420.759	25	30	31	37	38	44	45	50	#
4	366.032	35	36	37	42	43	44	45	50	#
5	358.058	30	31	32	37	38	44	45	50	#
6	333.828	21	28	35	36	42	43	44	50	#
7	126.872	6	12	13	19	51	#
8	189.492	5	6	12	13	51	#
9	89.2333	49	#
10	418.622	0	1	8	14	15	52	#
11	524.799	8	14	15	21	22	52	#
12	495.083	0	1	8	15	22	52	#
13	481.677	8	15	16	17	22	52	#
14	415.084	1	8	14	15	16	52	#
15	325.769	14	15	21	22	53	#
16	456.347	8	15	21	22	53	#
17	424.472	15	21	22	28	53	#
18	382.159	3	15	22	23	53	#
19	271.86	14	15	21	28	53	#
20	273.849	38	39	40	46	54	#
21	342.572	38	39	45	46	54	#
22	310.575	26	33	39	40	54	#
23	237.979	7	38	45	46	54	#
24	751.218	9	10	11	15	16	17	35	42	48	55	#
25	654.795	8	14	15	21	22	28	35	36	42	55	#
26	637.973	3	4	6	9	10	13	15	16	17	55	#
27	615.877	3	8	9	10	11	15	16	17	18	55	#
28	598.205	21	22	23	28	35	36	41	42	43	55	#
29	596.66	9	10	15	16	22	23	24	30	37	55	#
30	658.249	4	5	6	9	10	11	12	16	17	18	56	#
31	761.777	6	11	12	13	16	17	18	20	41	48	56	#
32	746.876	3	4	9	10	11	12	13	16	17	18	56	#
33	733.874	8	9	10	11	12	13	16	17	19	23	56	#
34	698.595	8	9	10	11	15	16	17	18	23	25	56	#
35	678.652	0	1	8	10	11	14	15	17	18	25	56	#
36	181.644	9	16	57	#
37	162.007	2	9	57	#
38	666.887	21	28	29	30	31	32	35	37	38	39	40	41	42	47	48	58	#
39	805.022	9	10	14	17	18	21	22	23	24	25	28	29	30	35	42	58	#
40	755.184	17	18	21	22	23	24	29	30	35	36	38	42	43	44	45	58	#
41	751.786	10	11	17	18	21	22	23	24	25	29	30	36	37	43	44	58	#
42	749.445	30	35	36	37	38	39	40	41	42	43	44	45	46	47	48	58	#
43	730.012	22	23	30	31	32	36	37	38	39	40	41	43	44	47	48	58	#
44	549.316	11	12	13	19	26	27	32	33	40	41	59	#
45	649.58	26	27	31	33	39	40	41	42	46	48	59	#
46	592.602	19	26	27	31	32	33	39	40	41	46	59	#
47	577.566	19	26	27	29	30	34	37	40	41	48	59	#
48	556.577	19	26	27	31	32	33	37	38	40	41	59	#
49	544.092	26	27	31	33	34	38	39	40	41	45	59	#
50	348.749	19	26	27	31	32	33	38	60	#
51	426.244	26	27	31	32	33	37	38	60	#
52	347.178	11	12	18	19	26	27	33	60	#
53	329.645	31	32	33	37	38	39	45	60	#
54	281.124	30	31	37	38	39	44	45	60	#
55	673.353	3	4	10	11	17	18	22	23	24	25	30	61	#
56	702.929	3	4	10	11	15	16	17	18	23	24	25	61	#
57	681.67	15	16	21	22	23	24	28	29	30	35	42	61	#
58	665.563	3	4	10	11	12	13	17	18	19	24	25	61	#
59	636.093	3	4	9	10	16	17	18	23	24	25	30	61	#
60	627.654	8	15	16	17	18	21	22	23	24	25	28	61	#
61	153.545	22	29	#
62	230.245	31	32	38	39	40	62	#
63	330.54	32	33	39	40	46	62	#
64	309.926	26	31	32	33	34	62	#
65	307.239	31	32	38	39	46	62	#
66	225.811	31	32	37	39	40	62	#
67	250.252	3	19	46	63	#
68	209.131	2	3	4	63	#
69	259.784	46	47	#
70	160.332	12	19	26	63	#
71	367.972	26	27	33	34	64	#
72	319.505	19	26	27	33	64	#
73	248.213	33	34	40	41	64	#
74	183.893	32	33	34	40	64	#
75	156.474	22	23	24	65	#
76	219.596	15	22	29	65	#
77	135.263	9	16	23	65	#
78	86.2115	24	25	48	65	#
79	720.251	9	10	11	16	17	18	23	30	36	37	66	#
80	731.241	3	9	10	11	15	16	17	18	22	23	66	#
81	725.928	3	9	10	11	16	17	18	21	22	23	66	#
82	711.448	9	19	23	26	30	31	32	33	36	37	66	#
83	693.704	9	10	14	15	16	17	23	30	36	37	66	#
84	689.023	2	3	4	5	9	10	11	16	17	18	66	#
85	51.3136	0	#
86	54.457	41	#
87	1205.77	0	1	2	8	9	10	15	16	17	18	20	23	24	25	28	29	30	31	37	38	44	67	#
88	1473.06	2	3	4	5	6	8	9	10	13	14	15	16	17	18	23	25	30	31	36	37	44	67	#
89	1429.6	0	1	2	3	4	8	9	10	15	16	17	18	23	24	25	29	30	36	37	42	44	67	#
90	1404.38	8	9	10	15	16	17	23	29	30	31	32	33	36	37	38	39	42	43	44	45	46	67	#
91	1392.79	2	3	4	5	8	9	10	11	15	16	17	18	22	23	24	25	28	29	30	36	37	67	#
92	1386.19	2	3	4	6	8	9	10	12	13	15	16	17	19	20	26	27	30	32	36	37	44	67	#
93	572.048	1	2	3	8	9	10	11	12	17	18	68	#
94	730.974	1	2	3	4	5	8	14	15	21	22	68	#
95	718.046	1	2	3	4	5	6	8	13	15	20	68	#
96	631.662	10	11	15	16	17	18	22	28	29	36	68	#
97	616.991	0	1	2	8	10	15	16	17	22	24	68	#
98	615.497	3	10	11	14	15	16	17	18	24	25	68	#
99	135.023	21	28	69	#
100	57.8654	28	29	69	#
101	594.114	25	29	30	31	36	37	38	42	43	44	70	#
102	808.511	2	9	10	15	16	17	22	23	24	25	70	#
103	808.449	10	17	21	22	23	28	29	30	36	42	70	#
104	723.102	16	21	22	23	28	29	30	36	42	43	70	#
105	663.456	10	17	22	23	24	29	30	31	36	43	70	#
106	633.785	21	28	29	30	31	36	37	42	43	47	70	#
107	131.642	34	41	71	#
108	162.965	41	48	71	#
109	508.987	22	23	30	31	32	33	40	41	72	#
110	469.466	9	14	16	21	22	23	28	29	72	#
111	466.211	16	23	30	31	32	33	40	41	72	#
112	443.955	26	31	32	33	34	40	41	47	72	#
113	443.409	16	17	21	22	23	24	28	29	72	#
114	418.301	26	31	32	33	34	39	40	41	72	#
115	560.709	1	2	3	9	10	16	17	18	24	25	73	#
116	672.237	1	2	3	9	10	11	15	18	22	29	73	#
117	585.254	15	18	20	21	22	23	24	25	28	29	73	#
118	575.653	3	4	9	10	11	12	17	18	24	25	73	#
119	564.628	0	1	2	9	10	11	15	16	17	24	73	#
120	535.119	2	3	9	10	11	17	18	24	31	37	73	#
121	243.2	6	12	13	20	74	#
122	309.166	5	6	13	20	74	#
123	229.785	12	13	19	20	74	#
124	181.925	6	12	13	38	74	#
125	695.836	26	27	33	34	38	39	40	41	45	46	75	#
126	661.687	31	32	33	38	39	40	41	44	45	46	75	#
127	655.31	29	30	31	32	33	34	38	39	45	46	75	#
128	625.538	31	32	33	34	38	39	40	41	44	45	75	#
129	607.362	26	27	32	33	34	38	39	40	41	48	75	#
130	600.246	19	26	27	29	30	31	32	33	34	41	75	#
131	64.7247	7	#
132	203.651	8	15	16	76	#
133	273.276	8	9	10	76	#
134	254.554	8	9	16	76	#
135	159.92	15	16	17	76	#
136	506.82	26	31	32	33	38	39	40	46	77	#
137	595.783	26	33	34	38	39	40	45	46	77	#
138	525.43	33	38	39	40	43	44	45	46	77	#
139	523.79	26	27	33	34	39	40	45	46	77	#
140	491.745	33	34	38	39	40	45	46	47	77	#
141	473.82	19	26	32	33	34	40	46	47	77	#
142	1135.9	0	1	2	4	5	6	7	8	9	14	15	16	17	21	22	23	24	38	44	45	78	#
143	1231.91	5	6	7	8	14	15	16	17	21	22	23	24	28	29	30	35	36	37	42	44	78	#
144	1229.43	14	15	16	17	21	22	23	24	25	28	29	30	31	36	37	38	42	44	45	46	78	#
145	1222.44	1	2	3	8	9	14	15	16	17	21	22	23	24	25	28	29	30	36	37	46	78	#
146	1195.82	1	2	8	9	10	14	15	16	17	21	22	23	24	25	30	31	37	38	44	45	78	#
147	1180.72	5	6	8	9	10	11	12	13	14	15	16	17	19	20	22	23	24	25	29	30	78	#
148	525.665	8	9	15	16	22	29	79	#
149	521.547	9	10	15	16	17	18	79	#
150	483.678	8	10	15	16	17	18	79	#
151	475.784	1	8	9	15	16	17	79	#
152	437.757	15	22	29	30	36	37	79	#
153	422.305	9	15	16	22	23	29	79	#
154	813.255	26	33	34	38	39	40	41	45	46	47	80	#
155	797.669	26	31	33	34	38	39	40	41	46	47	80	#
156	787.995	12	19	26	33	34	40	41	46	47	48	80	#
157	771.563	26	27	33	34	39	40	41	46	47	48	80	#
158	767.953	30	31	33	34	38	39	40	41	46	47	80	#
159	758.666	21	26	27	33	34	40	41	45	46	47	80	#
160	326.526	6	11	12	13	18	81	#
161	363.232	6	10	11	12	13	81	#
162	342.212	6	7	13	14	21	81	#
163	335.16	10	11	12	13	18	81	#
164	327.683	9	10	11	18	25	81	#
165	223.258	2	5	6	13	20	81	#
166	643.245	30	31	32	36	37	38	39	40	41	43	44	46	47	82	#
167	804.569	26	27	30	31	34	37	38	39	40	41	46	47	48	82	#
168	778.557	26	27	31	34	37	38	39	40	41	44	45	46	48	82	#
169	733.256	27	30	31	32	34	37	38	39	40	41	46	47	48	82	#
170	669.378	28	29	30	31	36	37	38	39	40	42	43	44	46	82	#
171	667.796	0	1	2	3	4	8	9	10	11	12	31	32	38	82	#
172	643.329	6	7	14	21	22	23	28	29	30	31	36	37	43	44	83	#
173	905.793	9	14	16	21	22	23	24	25	30	31	36	37	43	44	83	#
174	856.005	7	8	9	14	16	21	22	23	24	25	28	30	35	44	83	#
175	813.39	3	4	5	6	8	12	13	19	20	26	27	31	32	33	83	#
176	811.409	10	16	17	23	26	30	31	32	33	36	37	38	39	44	83	#
177	807.734	21	22	28	29	30	31	32	33	34	36	37	42	43	44	83	#
178	618.677	14	21	22	28	29	30	35	36	42	43	44	84	#
179	716.321	22	28	29	30	35	36	42	43	44	45	46	84	#
180	676.103	29	30	35	36	37	42	43	44	45	46	47	84	#
181	673.236	14	21	22	28	29	36	42	43	44	45	46	84	#
182	667.859	16	17	21	22	23	24	28	29	30	33	35	84	#
183	660.083	21	22	23	24	28	29	30	35	36	42	43	84	#
184	174.074	9	10	85	#
185	153.076	2	9	85	#
186	2330.95	0	1	2	3	4	5	7	8	9	10	11	12	13	14	15	16	17	18	19	20	21	22	23	24	25	29	30	31	35	36	37	39	40	41	42	44	45	46	47	49	86	#
187	2420.85	0	1	2	3	4	5	7	8	9	10	11	12	13	14	15	16	17	18	20	21	22	23	24	25	29	30	31	32	33	34	35	37	39	40	41	42	44	45	46	49	86	#
188	2412.45	0	1	2	3	4	5	7	8	9	10	11	12	13	14	15	16	17	19	20	21	22	23	24	25	29	30	31	32	34	35	36	37	39	41	42	43	44	45	46	47	86	#
189	2403.69	0	1	2	3	4	5	7	8	9	10	11	12	13	14	15	16	17	18	20	21	22	23	24	25	26	28	29	30	31	32	33	35	36	37	39	42	44	45	46	47	86	#
190	2402.11	0	1	2	3	4	5	7	8	9	10	11	12	13	14	15	16	17	18	20	21	22	23	24	25	28	29	30	31	32	33	34	35	37	39	41	42	43	44	45	46	86	#
191	2364.61	2	3	4	5	7	8	9	10	11	12	13	14	16	17	18	20	21	22	23	24	25	26	28	29	30	31	32	33	34	35	36	37	39	42	43	44	45	46	47	49	86	#
192	821.004	15	16	21	22	23	28	30	35	46	47	87	#
193	746.106	15	21	22	28	29	30	31	35	42	43	87	#
194	727.062	8	15	21	22	28	29	33	35	40	42	87	#
195	654.819	27	29	30	34	39	40	41	45	46	47	87	#
196	613.967	9	15	16	21	22	23	24	28	29	35	87	#
197	594.399	11	16	23	24	30	31	38	39	45	46	87	#
198	189.508	6	13	20	88	#
199	253.753	5	6	13	88	#
200	630.523	36	39	40	41	42	43	44	45	46	47	89	#
201	686.982	23	29	30	36	42	43	44	45	46	47	89	#
202	678.602	15	21	22	23	28	29	30	36	42	43	89	#
203	615.22	36	39	40	41	43	44	45	46	47	48	89	#
204	602.482	30	31	36	38	39	43	44	45	46	47	89	#
205	593.062	32	33	39	40	42	43	44	45	46	47	89	#
206	1337.14	0	1	2	3	4	5	6	7	8	9	10	14	15	16	17	20	21	22	23	24	28	29	30	35	36	43	44	90	#
207	1756.97	0	1	8	9	10	11	14	15	16	17	18	19	21	22	23	24	25	26	28	29	30	31	32	33	39	46	47	90	#
208	1704.78	12	18	19	21	22	23	24	25	26	27	28	29	30	31	32	33	34	36	39	40	41	42	43	44	45	46	47	90	#
209	1696.64	0	1	2	3	8	9	10	15	17	18	19	21	22	23	24	25	26	27	30	31	32	33	34	39	40	44	47	90	#
210	1676.72	1	2	3	4	5	8	9	10	11	12	17	18	19	22	23	24	25	26	27	28	29	33	34	35	40	41	47	90	#
211	1669.43	0	1	3	8	9	10	11	12	14	17	18	21	22	23	24	25	28	29	30	31	35	36	39	42	43	44	46	90	#
212	174.145	38	39	44	45	91	#
213	230.844	38	44	45	46	91	#
214	172.972	37	43	44	45	91	#
215	138.955	31	32	38	39	91	#
216	463.12	21	22	23	28	29	30	36	42	43	92	#
217	636.432	15	21	22	29	36	42	43	44	45	92	#
218	596.654	1	8	15	16	22	23	24	30	37	92	#
219	572.317	8	14	15	16	21	22	23	28	30	92	#
220	532.617	15	21	22	23	28	29	30	31	46	92	#
221	528.027	15	16	21	22	23	28	29	30	35	92	#
222	512.857	35	36	37	42	43	44	45	46	47	93	#
223	591.418	26	27	33	34	40	41	46	47	48	93	#
224	556.773	31	32	36	37	38	39	42	43	46	93	#
225	517.022	31	35	36	37	38	42	43	44	45	93	#
226	511.172	14	21	28	35	36	37	42	43	44	93	#
227	477.125	27	34	36	37	39	40	42	43	44	93	#
228	149.281	1	2	3	5	94	#
229	160.842	0	1	2	3	94	#
230	1140.85	9	14	15	16	17	19	21	22	23	24	26	27	30	31	32	33	37	38	39	44	46	95	#
231	1343.51	2	3	9	10	11	12	13	14	15	16	17	18	19	24	25	26	27	31	32	33	37	95	#
232	1308.57	3	4	5	7	10	14	15	16	17	18	21	23	24	25	29	30	31	37	39	44	47	95	#
233	1285.86	1	2	3	4	5	9	10	11	12	15	16	17	18	23	24	25	30	39	45	46	47	95	#
234	1280.45	7	10	11	12	16	17	18	19	24	25	26	29	30	31	32	33	37	39	40	44	46	95	#
235	1242.59	1	14	15	16	17	21	22	23	26	29	30	31	32	33	37	39	40	44	45	46	47	95	#
236	540.389	7	8	10	14	15	16	17	22	23	24	96	#
237	714.413	3	10	11	15	16	17	22	23	24	46	96	#
238	638.172	3	9	10	11	16	17	22	23	24	48	96	#
239	597.218	2	3	8	9	10	11	16	17	18	23	96	#
240	585.34	0	1	2	3	8	9	10	17	23	24	96	#
241	569.498	2	3	10	16	17	22	23	24	30	31	96	#
242	1108.03	14	15	16	21	22	23	28	29	30	31	32	33	35	36	37	39	42	43	46	47	97	#
243	1372.32	1	8	9	14	15	16	22	23	24	28	29	30	36	37	39	42	43	45	46	47	97	#
244	1360.75	1	3	4	8	9	10	14	15	16	17	18	22	28	29	35	36	37	42	43	44	97	#
245	1357.28	1	3	4	8	9	10	14	15	16	17	18	22	23	24	25	28	29	30	36	37	97	#
246	1331.29	2	3	8	9	10	15	16	17	18	21	22	23	24	25	28	29	30	36	37	42	97	#
247	1328.83	10	15	16	17	22	23	24	25	29	30	31	32	35	36	37	39	42	43	46	47	97	#
248	410.274	21	28	29	30	36	42	43	98	#
249	496.225	29	36	42	43	44	45	46	98	#
250	408.887	21	28	29	35	36	37	42	98	#
251	388.151	21	22	28	29	30	36	43	98	#
252	359.963	22	29	30	36	37	42	43	98	#
253	354.837	20	36	37	42	43	44	45	98	#
254	1016.45	9	10	26	27	31	33	34	37	38	39	40	41	43	44	46	47	99	#
255	970.007	27	30	31	32	33	34	37	38	39	40	41	42	43	44	46	47	99	#
256	960.692	26	27	30	31	33	34	36	37	38	39	40	41	43	44	46	47	99	#
257	954.121	29	30	31	33	34	36	37	38	39	40	41	42	43	44	46	47	99	#
258	924.857	12	19	26	27	30	31	33	34	37	38	39	40	41	46	47	48	99	#
259	922.588	22	28	29	30	31	33	36	37	38	39	40	41	44	46	47	48	99	#
260	1014.09	21	22	27	28	29	31	32	34	35	36	37	38	39	40	41	42	43	44	45	46	100	#
261	1171.45	1	8	10	11	15	16	17	20	21	22	23	24	28	29	35	36	37	42	43	44	100	#
262	1165.27	0	1	8	9	14	15	16	21	22	28	29	31	35	36	37	39	42	43	44	46	100	#
263	1118.73	0	1	2	8	11	12	14	15	16	17	18	21	22	28	29	31	35	38	39	46	100	#
264	1111.83	6	12	13	20	31	34	35	36	37	38	39	40	41	42	43	44	45	46	47	48	100	#
265	1095.28	6	10	11	12	13	17	18	19	20	26	27	31	34	37	38	41	43	44	45	48	100	#
266	1270.87	1	2	3	8	9	14	15	16	21	22	23	28	29	30	31	36	37	38	39	43	44	45	101	#
267	1386.62	1	2	3	4	5	6	8	9	10	11	12	13	15	16	17	18	21	22	23	24	25	47	101	#
268	1380.3	8	11	15	18	21	22	23	25	28	29	30	31	35	36	37	38	39	40	42	43	44	45	101	#
269	1356.88	1	3	4	5	6	8	13	14	15	21	22	23	28	29	30	31	35	38	39	42	43	45	101	#
270	1355.44	0	1	2	3	4	8	9	10	14	15	17	18	21	22	23	25	28	29	30	31	36	39	101	#
271	1353.3	8	9	14	15	16	21	22	23	28	29	30	31	35	36	38	39	42	43	44	45	46	47	101	#
272	1663.79	2	3	4	5	8	9	10	11	12	13	14	15	16	17	18	20	21	22	23	29	30	31	35	36	39	42	43	102	#
273	1750.06	2	3	4	8	9	10	11	12	14	15	16	17	22	23	28	29	30	32	33	34	35	36	39	40	42	43	49	102	#
274	1734.22	1	2	3	4	8	9	10	11	12	13	14	15	16	17	18	19	21	22	26	28	29	30	31	33	36	42	48	102	#
275	1691.21	2	3	4	5	6	7	8	9	10	11	12	13	14	15	16	17	21	22	23	24	25	29	30	35	36	42	43	102	#
276	1627.59	2	3	4	7	8	9	10	11	14	15	16	17	18	19	21	22	24	25	26	27	28	29	30	35	36	42	43	102	#
277	1599.18	0	1	2	3	4	7	8	9	10	11	12	14	15	18	19	21	22	25	26	28	33	34	35	36	40	42	43	102	#
278	1294.31	1	8	9	10	15	16	23	29	30	31	33	35	36	37	38	40	41	42	43	44	45	47	103	#
279	1587.09	3	10	12	15	17	19	21	22	26	27	28	29	30	32	33	34	35	36	37	42	43	44	103	#
280	1448.37	1	2	3	8	9	10	11	12	13	14	15	16	17	18	19	22	24	25	26	29	30	33	103	#
281	1443.72	1	3	8	9	10	15	16	17	22	23	28	29	30	31	32	35	36	37	42	43	44	45	103	#
282	1442.11	1	8	10	11	12	13	15	16	17	18	19	22	23	24	25	27	29	30	36	37	42	43	103	#
283	1425.68	1	2	3	8	9	10	14	15	21	22	28	29	30	31	32	35	36	37	42	43	44	45	103	#
284	107.813	38	39	40	46	104	#
285	104.145	27	33	34	40	104	#
286	181.85	26	27	#
287	445.557	1	2	3	4	9	10	11	12	105	#
288	503.843	3	4	5	8	9	10	11	12	105	#
289	500.506	3	9	10	11	12	13	17	24	105	#
290	431.672	9	10	11	12	17	18	23	24	105	#
291	426.489	0	1	2	3	4	8	9	10	105	#
292	422.988	2	3	10	11	12	13	19	26	105	#
293	676.595	1	8	9	10	11	12	15	16	17	18	24	25	106	#
294	840.271	8	9	10	15	21	22	23	24	28	30	31	35	106	#
295	796.367	2	5	8	9	15	16	22	23	29	44	45	46	106	#
296	795.18	0	1	2	8	9	15	16	17	22	24	28	35	106	#
297	789.165	1	2	8	9	15	16	17	22	23	24	25	30	106	#
298	756.674	2	7	8	9	14	15	16	22	29	30	31	37	106	#
299	537.875	33	34	38	39	40	41	46	47	107	#
300	574.725	26	33	34	38	39	40	46	47	107	#
301	497.83	19	26	27	33	34	39	40	46	107	#
302	466.204	27	33	34	39	40	45	46	47	107	#
303	418.402	31	34	38	39	40	45	46	47	107	#
304	412.183	22	28	29	34	40	41	46	47	107	#
305	2537.95	1	3	4	5	7	8	9	10	11	12	13	14	15	16	17	18	19	20	21	23	24	25	26	27	28	29	30	31	32	33	34	35	36	37	38	39	40	41	42	43	44	45	46	47	48	108	#
306	2600.52	0	1	2	3	4	5	7	8	9	10	11	12	13	14	15	16	17	18	19	20	21	22	23	24	25	26	27	29	30	31	32	33	35	36	37	39	40	41	42	43	44	45	46	47	48	108	#
307	2562.51	1	2	3	4	5	7	8	9	10	11	12	13	14	15	16	17	18	19	20	21	24	25	26	27	28	29	30	31	32	33	34	35	36	37	38	39	40	41	42	43	44	45	46	47	48	108	#
308	2561.85	0	1	2	3	4	5	7	8	9	10	11	12	13	14	15	16	17	18	19	21	22	23	24	25	26	27	29	30	31	32	33	34	35	36	37	38	39	40	41	42	43	45	46	47	48	108	#
309	2556.54	1	2	3	4	5	7	8	9	10	11	12	13	14	15	16	17	18	19	21	22	23	24	25	26	27	29	30	31	32	33	34	35	36	37	38	39	40	41	42	43	44	45	46	47	48	108	#
310	2550.85	1	2	3	4	5	7	8	9	10	11	12	13	14	15	16	17	18	19	21	22	23	24	25	26	27	28	29	30	31	32	33	34	35	36	37	39	40	41	42	43	44	45	46	47	48	108	#
311	1478.52	0	1	2	3	4	5	8	9	11	12	16	17	18	19	26	27	31	33	34	39	40	41	47	48	109	#
312	1835.43	3	4	5	8	9	10	11	12	15	16	17	18	19	21	22	23	24	25	26	27	34	36	40	41	109	#
313	1707.9	8	9	10	11	12	15	16	17	18	21	22	23	24	25	26	27	31	33	34	39	40	41	46	48	109	#
314	1640.22	1	2	3	4	5	8	9	10	11	12	15	16	17	18	19	21	22	23	25	26	27	33	34	40	109	#
315	1621.61	2	3	4	5	6	8	9	10	11	12	13	15	16	17	18	19	20	21	22	23	24	25	26	29	109	#
316	1552.38	0	1	2	3	4	5	8	9	10	11	12	15	16	17	18	19	21	22	23	24	25	26	28	35	109	#
317	71.5231	24	#
318	504.447	8	9	14	15	16	17	21	22	23	110	#
319	592.688	1	2	8	9	15	16	17	22	24	110	#
320	569.701	8	10	15	16	17	21	22	23	24	110	#
321	566.414	3	7	8	9	10	14	15	16	49	110	#
322	551.794	1	2	8	9	15	19	26	27	34	110	#
323	529.4	2	8	9	14	15	16	17	19	26	110	#
324	256.652	34	39	40	41	47	111	#
325	327.745	39	40	45	46	47	111	#
326	288.017	33	39	40	41	47	111	#
327	233.39	34	39	40	41	46	111	#
328	209.972	31	32	33	39	40	111	#
329	146.385	31	34	38	39	40	111	#
330	381.453	19	26	33	34	40	112	#
331	440.827	11	12	19	26	33	112	#
332	400.379	26	27	33	34	40	112	#
333	340.937	26	33	34	39	40	112	#
334	332.745	19	26	27	34	41	112	#
335	310.082	33	34	40	41	47	112	#
336	237.541	35	42	43	113	#
337	284.774	36	42	43	113	#
338	185.369	28	29	35	113	#
339	1480.42	0	1	2	7	8	9	10	14	15	16	17	21	24	27	28	30	31	35	36	37	38	39	42	49	114	#
340	1472.7	0	1	2	3	7	8	9	10	14	15	16	17	21	27	28	33	34	35	38	39	40	41	42	43	114	#
341	1427.52	8	14	15	21	26	27	28	29	30	31	32	33	34	35	37	38	39	40	41	42	44	45	46	47	114	#
342	1423.53	7	8	9	10	14	15	16	17	20	21	28	30	31	35	36	37	38	39	40	42	43	44	45	46	114	#
343	1388.67	7	8	14	15	21	26	28	30	31	32	33	34	35	36	37	38	39	40	42	43	44	45	46	47	114	#
344	1357.03	0	1	4	5	6	7	8	9	10	13	14	15	16	21	23	24	28	30	31	35	36	37	42	43	114	#
345	338.893	7	39	40	45	46	115	#
346	315.585	27	33	34	39	40	115	#
347	312.218	32	33	39	40	46	115	#
348	287.239	31	39	44	45	46	115	#
349	280.884	38	39	40	45	46	115	#
350	214.527	7	14	15	16	22	115	#
351	742.132	10	11	12	13	17	19	26	27	32	33	34	40	47	116	#
352	900.336	2	3	4	5	10	11	12	13	17	18	25	35	42	116	#
353	830.341	2	3	4	5	6	10	11	12	13	17	19	20	26	116	#
354	826.127	3	4	5	6	10	11	12	13	16	17	18	19	26	116	#
355	783.519	3	10	11	19	26	27	32	33	34	40	41	47	48	116	#
356	771.966	11	12	13	19	26	27	34	39	40	41	45	46	48	116	#
357	601.734	3	4	5	8	9	10	11	17	117	#
358	648.471	3	4	8	9	10	11	16	17	117	#
359	638.58	3	4	10	17	23	24	25	30	117	#
360	607.379	3	8	9	10	16	17	23	24	117	#
361	548.376	8	10	11	15	16	17	18	25	117	#
362	543.869	1	2	3	4	9	10	16	17	117	#
363	1306.38	3	4	5	6	10	11	12	18	19	25	26	27	30	31	32	33	34	36	37	38	40	41	43	44	45	46	47	48	118	#
364	1464.21	2	3	9	10	11	14	15	16	17	18	21	22	23	25	30	31	33	34	35	36	37	40	41	42	44	45	46	47	118	#
365	1383.99	2	6	9	10	11	12	13	17	18	19	20	25	26	27	30	31	32	33	34	36	37	40	41	44	45	46	47	48	118	#
366	1346.93	2	3	4	5	6	9	10	11	12	13	16	17	18	19	20	25	26	27	33	34	37	39	40	41	45	46	47	48	118	#
367	1341.69	2	3	4	5	6	8	9	10	11	12	13	15	16	17	18	19	20	21	22	23	25	26	28	29	30	35	36	49	118	#
368	1315.12	1	2	3	4	5	6	7	8	9	10	11	12	13	14	15	16	17	18	19	20	22	25	26	27	34	40	41	47	118	#
369	632.776	14	21	28	31	35	36	37	39	42	43	44	119	#
370	654.509	14	21	22	28	31	32	35	36	37	38	42	119	#
371	650.511	10	17	22	29	35	36	37	42	43	44	45	119	#
372	637.995	31	36	37	38	39	42	43	44	45	46	47	119	#
373	579.808	7	14	21	28	35	36	37	42	43	44	45	119	#
374	570.922	7	14	21	22	28	29	36	37	42	43	44	119	#
375	314.099	2	3	4	10	120	#
376	326.337	3	4	5	10	120	#
377	265.943	2	3	4	5	120	#
378	245.664	2	3	9	10	120	#
379	213.774	10	11	17	18	120	#
380	763.02	7	14	15	21	22	23	28	29	30	35	36	42	43	121	#
381	946.467	2	7	8	9	10	14	15	16	17	18	21	22	25	121	#
382	907.28	35	36	38	39	40	41	42	43	44	45	46	47	48	121	#
383	876.549	2	8	9	10	14	15	16	17	21	22	23	34	40	121	#
384	805.541	2	3	6	8	9	10	14	15	16	17	21	22	23	121	#
385	771.85	8	9	14	15	17	18	21	22	23	24	25	29	30	121	#
386	783.96	0	1	2	3	4	8	9	10	14	15	22	122	#
387	778.58	1	2	3	4	8	9	10	15	16	17	23	122	#
388	775.156	1	2	3	4	8	9	10	17	23	24	25	122	#
389	769.542	1	2	3	8	9	10	15	16	17	22	23	122	#
390	747.067	0	1	2	3	8	9	10	14	15	17	22	122	#
391	745.243	1	2	3	7	8	9	10	14	15	21	22	122	#
392	82.6552	11	18	#
393	216.564	29	30	36	37	42	43	123	#
394	290.12	35	36	37	42	43	44	123	#
395	231.922	22	29	30	31	37	38	123	#
396	229.608	22	23	29	30	37	44	123	#
397	227.966	22	29	30	31	32	37	123	#
398	316.277	4	5	6	13	20	124	#
399	335.01	5	6	11	12	13	124	#
400	333.784	3	4	5	6	13	124	#
401	296.848	4	5	6	12	13	124	#
402	246.621	5	6	12	13	19	124	#
403	222.612	20	29	36	42	43	124	#
