%% File generated by CATS v.2.1Mon Jul  4 14:18:04 2011

%% The CATS webpage is http://robotics.stanford.edu/CATS

%% PARAMETER SETTINGS:
% Goods: 256; Bids: 1000; Distribution: regions; Runs: 1; Problems generated from distribution over features in files: qpstuff/cass-qp.txt, qpstuff/cplex-qp.txt, qpstuff/lehman-qp.txt; Seed: 1309819394
% Regions Distribution Parameters:
% Max Substitutable Bids = 5
% Removing HV Neighbor   = 0.1
% Adding DIAG Neighbor   = 0.2
% Additional Location    = 0.9
% Jump Probability       = 0.05
% Additivity             = 0.2
% Budget Factor          = 1.5
% Resale Factor          = 0.5
% Normal Private Value:
%   Mean                 = 0
%   Standard Deviation   = 30



goods 256
bids 1003
dummy 184

0	89.9512	138	139	256	#
1	111.627	140	#
2	82.8024	137	138	256	#
3	1581.76	121	137	153	168	169	170	171	182	183	184	185	186	187	198	199	200	201	202	204	215	216	217	218	230	231	247	257	#
4	1629.32	116	117	132	133	148	149	153	168	169	184	185	186	187	200	201	202	207	216	217	218	219	222	223	232	234	238	257	#
5	1629.25	114	129	130	131	132	133	145	147	148	149	162	163	164	165	168	169	179	181	182	183	184	185	199	200	201	216	257	#
6	1574.63	62	78	184	185	196	198	199	200	201	202	212	213	214	215	216	217	218	229	230	231	232	234	246	247	248	249	257	#
7	1552.41	164	183	184	197	198	199	200	201	202	203	212	213	214	215	216	217	218	219	227	228	229	230	231	234	238	244	257	#
8	1540.31	76	77	87	88	90	91	92	103	104	105	106	107	108	109	119	120	121	122	136	137	138	139	153	155	171	172	257	#
9	81.4718	14	#
10	578.858	8	17	33	48	49	64	65	138	139	258	#
11	641.815	7	8	9	10	11	12	25	26	42	258	#
12	604.298	8	9	34	48	50	64	65	80	81	258	#
13	587.626	121	122	137	138	139	140	141	156	172	258	#
14	579.793	1	2	16	17	18	19	34	35	50	258	#
15	513.19	120	121	122	136	137	138	139	140	141	258	#
16	235.872	174	175	189	190	191	207	259	#
17	307.424	172	173	187	188	189	190	259	#
18	292.654	158	173	174	175	190	191	259	#
19	272.403	175	191	205	206	207	223	259	#
20	242.492	173	174	175	189	190	191	259	#
21	217.251	173	189	190	205	206	207	259	#
22	1047.58	183	198	199	200	201	211	214	215	216	226	227	228	229	230	231	243	244	245	246	260	#
23	1251.39	4	5	125	184	188	199	200	201	204	205	206	220	221	222	236	237	238	239	255	260	#
24	1175.34	146	162	182	183	184	198	199	200	201	202	214	215	216	217	218	230	232	246	248	260	#
25	1171.15	48	64	180	181	182	183	184	196	197	198	199	206	207	214	215	221	222	223	238	260	#
26	1132.41	19	169	182	183	184	185	187	188	198	199	200	201	202	203	204	216	217	218	219	260	#
27	1129.13	10	11	12	13	178	179	194	195	196	209	210	211	226	227	228	241	242	243	244	260	#
28	94.9592	21	#
29	441.746	104	136	137	152	168	169	261	#
30	400.878	168	169	170	171	185	186	261	#
31	384.935	120	137	153	169	185	186	261	#
32	383.368	136	137	152	168	184	200	261	#
33	377.283	168	169	170	184	185	186	261	#
34	355.278	120	121	136	137	138	152	261	#
35	103.126	75	91	262	#
36	158.67	59	75	#
37	47.8936	90	91	262	#
38	746.663	47	144	145	160	161	176	177	178	192	193	194	210	263	#
39	928.717	114	130	131	145	147	148	153	160	161	163	164	177	263	#
40	818.685	144	145	146	160	161	162	163	164	176	177	192	193	263	#
41	806.353	8	24	40	41	47	56	58	59	72	73	74	90	263	#
42	758.237	88	128	144	145	146	160	161	162	176	177	178	192	263	#
43	731.915	144	145	160	161	162	163	176	177	178	192	193	208	263	#
44	40.3043	62	#
45	111.264	181	182	183	184	264	#
46	86.8514	182	198	214	215	264	#
47	186.79	8	9	24	265	#
48	259.239	8	9	10	265	#
49	251.234	11	27	28	29	43	44	266	#
50	362.416	29	45	46	61	77	93	266	#
51	326.801	26	27	28	43	44	59	266	#
52	326.468	9	10	11	12	27	28	266	#
53	201.268	11	12	26	27	28	29	266	#
54	64.4972	239	#
55	437.771	158	173	174	175	189	190	191	207	267	#
56	479.467	158	172	173	174	175	190	191	207	267	#
57	467.594	190	191	204	205	206	207	220	221	267	#
58	438.189	158	172	173	174	175	188	189	190	267	#
59	386.364	172	173	189	190	205	206	207	223	267	#
60	358.962	155	173	174	175	184	190	191	207	267	#
61	854.533	124	204	206	218	219	220	221	222	235	236	237	238	251	252	253	268	#
62	1120.89	172	173	189	190	191	206	207	220	221	222	236	237	238	252	253	268	#
63	962.311	175	191	204	206	207	220	221	222	223	235	236	237	238	252	253	268	#
64	958.885	108	109	110	124	125	154	155	170	221	236	237	238	239	252	253	268	#
65	950.878	38	54	205	206	218	220	221	234	235	236	237	238	250	251	252	268	#
66	941.725	72	104	119	120	134	135	136	206	207	220	221	222	236	237	238	268	#
67	221.684	21	22	37	269	#
68	222.906	5	21	22	269	#
69	211.561	37	53	54	269	#
70	1055.27	5	6	7	8	9	19	20	21	22	23	24	25	26	36	38	39	270	#
71	1207.6	22	23	38	39	53	54	55	206	220	221	222	235	236	237	238	253	270	#
72	1032.59	0	1	2	3	4	5	6	7	8	9	19	21	35	170	171	172	270	#
73	1023.32	5	6	7	19	20	21	22	23	36	37	38	39	51	52	53	68	270	#
74	1018.06	4	5	18	19	20	21	22	23	24	34	35	36	37	38	53	185	270	#
75	1015.9	2	4	5	6	7	9	18	19	20	21	22	23	24	36	37	38	270	#
76	563.12	75	90	91	92	94	107	108	109	110	126	271	#
77	667.052	59	60	76	92	93	94	107	108	109	110	271	#
78	566.27	92	94	107	108	109	110	111	125	126	127	271	#
79	521.815	93	108	109	110	124	125	126	142	143	158	271	#
80	504.118	79	93	94	95	109	110	111	125	126	142	271	#
81	498.807	76	77	78	79	93	94	95	108	109	110	271	#
82	1489.13	133	135	137	138	149	150	151	152	153	154	163	166	167	168	169	182	183	184	186	197	198	199	214	272	#
83	1601.88	10	75	91	102	107	108	118	123	133	134	135	150	151	163	166	167	179	180	181	182	183	198	199	272	#
84	1590.49	104	120	135	137	151	152	153	154	167	168	169	182	183	184	185	186	199	200	201	202	216	217	218	272	#
85	1511.14	118	119	133	134	135	136	151	152	164	165	166	167	168	181	182	183	184	199	205	206	207	221	222	272	#
86	1505.52	88	142	143	150	151	153	165	166	167	168	169	182	183	184	185	186	197	198	199	200	201	202	218	272	#
87	1489.69	18	34	35	36	50	51	65	66	80	81	152	153	154	168	169	184	186	190	191	200	201	202	203	272	#
88	467.684	61	62	63	77	78	79	93	94	95	109	273	#
89	636.344	15	28	29	30	45	46	60	61	62	125	273	#
90	552.678	44	45	61	62	63	76	77	78	79	94	273	#
91	535.588	26	29	30	45	46	62	63	78	79	95	273	#
92	534.607	3	8	9	23	24	26	39	63	72	79	273	#
93	512.894	44	60	76	77	78	92	93	94	108	109	273	#
94	332.989	76	77	78	146	274	#
95	376.605	146	162	178	194	274	#
96	173.162	61	62	77	78	274	#
97	153.991	68	#
98	1031.83	108	121	122	123	124	138	139	140	168	169	183	184	185	199	200	201	202	215	275	#
99	1132.09	109	110	124	125	126	140	141	183	184	199	200	214	215	216	229	230	231	232	275	#
100	1115.22	137	152	153	168	169	183	184	185	186	187	200	201	202	215	216	217	218	234	275	#
101	1100.03	187	188	199	200	201	202	203	215	216	217	218	219	232	233	234	235	236	250	275	#
102	1083.92	76	92	108	109	110	122	123	124	125	126	138	139	140	141	142	155	156	170	275	#
103	1070.34	56	57	71	72	73	92	93	108	109	110	123	124	125	126	138	139	140	141	275	#
104	198.245	81	82	98	99	276	#
105	254.42	82	97	98	113	276	#
106	230.881	81	98	99	100	276	#
107	181.432	65	80	81	96	276	#
108	2049.01	1	2	3	4	5	16	17	18	19	20	21	32	34	35	36	37	38	48	50	51	52	53	54	55	67	68	69	70	83	84	85	86	87	101	103	277	#
109	2438.11	1	2	16	17	18	19	20	32	33	34	35	48	49	50	51	65	67	197	198	199	212	213	214	215	227	228	229	230	231	242	243	244	245	246	247	277	#
110	2248.1	0	1	2	5	6	16	17	18	19	20	21	32	33	34	35	37	48	49	50	51	52	64	65	66	80	81	82	96	98	104	120	121	122	137	153	277	#
111	2233.24	0	1	2	3	4	5	16	17	18	19	20	21	32	33	34	35	36	37	48	49	50	51	52	53	64	65	66	68	80	81	82	96	98	145	146	277	#
112	2198.7	0	1	2	3	4	5	6	16	17	18	19	20	32	105	120	121	122	137	138	143	147	148	149	153	154	155	159	163	170	171	179	180	194	195	226	277	#
113	2158.09	1	2	3	4	5	16	17	18	19	20	21	32	33	34	35	36	37	48	49	50	51	52	53	54	64	65	66	67	68	80	81	82	96	98	171	277	#
114	618.693	46	47	62	63	78	79	95	109	110	126	278	#
115	626.572	79	95	110	111	123	124	125	126	127	141	278	#
116	602.45	15	30	45	46	62	78	79	93	94	109	278	#
117	595.201	12	13	28	29	31	45	46	47	59	60	278	#
118	577.856	92	93	95	108	109	110	111	125	126	141	278	#
119	488.037	62	78	79	93	94	95	109	110	111	126	278	#
120	718.232	43	44	57	58	59	60	73	74	90	91	105	120	180	195	196	211	212	279	#
121	1045.23	12	13	14	15	27	28	29	30	31	43	44	45	46	47	58	59	60	279	#
122	1030.91	116	130	131	147	148	163	164	166	179	180	182	196	197	198	199	251	252	279	#
123	1002	14	26	29	30	42	43	44	45	46	47	59	60	61	62	74	75	76	279	#
124	956.355	21	24	37	39	40	53	54	55	56	58	59	71	72	73	74	75	121	279	#
125	943.567	131	132	147	148	163	164	165	179	180	181	182	195	196	197	211	212	213	279	#
126	136.724	53	54	280	#
127	140.886	54	70	280	#
128	1561.18	53	56	57	58	59	67	68	75	88	90	91	104	105	106	107	118	119	120	121	122	123	124	136	137	138	139	152	153	154	155	281	#
129	1837.48	75	90	91	92	93	95	103	104	105	106	107	108	109	110	119	120	122	123	125	136	137	138	173	174	175	189	190	248	249	250	281	#
130	1836.35	76	88	89	90	91	92	94	103	104	105	106	107	108	109	119	120	121	122	123	124	125	126	137	138	139	140	141	156	166	246	281	#
131	1789.34	70	86	87	88	102	103	104	105	117	118	119	120	121	132	133	135	136	137	138	148	149	152	176	193	208	209	237	238	239	255	281	#
132	1762.09	86	87	88	89	90	91	101	102	103	104	105	106	107	117	118	119	120	121	122	123	133	134	135	136	137	138	150	151	152	168	281	#
133	1721.36	90	92	104	105	106	107	108	120	121	125	136	137	138	139	140	141	150	151	152	153	154	155	168	169	170	184	185	186	202	218	281	#
134	96.4637	76	92	282	#
135	49.2246	76	77	282	#
136	1140.78	129	145	161	162	176	177	178	179	193	194	195	196	209	210	211	212	225	226	227	228	283	#
137	1479.91	13	192	193	194	195	200	208	209	210	211	216	217	225	226	227	228	232	248	249	250	283	#
138	1320.11	113	114	128	129	130	132	145	147	148	149	158	160	161	163	177	216	232	233	248	250	283	#
139	1310.61	80	81	82	96	97	98	112	113	114	128	129	130	144	145	146	160	161	162	187	203	283	#
140	1259.22	4	20	21	22	37	38	39	54	90	103	104	105	106	120	121	179	195	196	211	227	283	#
141	1204.42	128	129	130	144	145	146	152	160	161	162	163	176	177	178	192	193	194	208	209	210	283	#
142	471.395	158	172	173	174	188	189	190	284	#
143	552.292	170	171	172	186	187	188	202	284	#
144	507.456	158	173	174	175	189	190	191	284	#
145	473.269	172	173	174	187	188	189	190	284	#
146	414.948	156	172	173	174	189	190	205	284	#
147	364.533	173	188	189	190	204	205	220	284	#
148	46.0688	69	70	285	#
149	36.7534	53	69	285	#
150	1222.4	149	163	164	165	166	182	183	184	185	186	200	201	202	216	217	218	219	232	233	234	286	#
151	1470.99	100	101	114	115	116	130	131	132	133	146	147	148	149	150	151	162	163	164	165	166	286	#
152	1423.47	12	13	14	28	29	30	45	46	59	60	61	62	63	186	200	201	202	216	218	234	286	#
153	1341.07	132	133	147	148	163	164	165	179	186	194	195	200	201	202	203	204	205	216	217	218	286	#
154	1323.9	135	136	137	152	153	154	155	168	169	170	171	184	185	186	200	201	202	216	217	218	286	#
155	1264.41	116	117	130	131	146	147	148	149	161	162	163	164	165	178	179	180	181	182	183	197	286	#
156	262.363	100	116	117	118	130	131	287	#
157	359.354	100	101	116	117	133	195	287	#
158	358.964	114	128	129	130	131	145	287	#
159	295.838	83	99	100	169	170	171	287	#
160	206.692	117	118	119	132	133	134	287	#
161	861.025	158	173	174	175	189	190	191	205	206	207	221	222	288	#
162	815.549	173	174	175	189	190	191	204	205	206	207	220	222	288	#
163	796.394	143	158	159	172	173	174	175	189	190	191	205	207	288	#
164	771.487	142	157	158	173	174	175	189	190	191	204	205	207	288	#
165	756.576	157	158	173	174	175	189	190	191	204	205	206	220	288	#
166	751.408	156	157	172	173	174	175	188	189	190	191	204	207	288	#
167	765.413	206	220	221	222	235	236	237	238	252	253	289	#
168	874.098	206	207	221	222	236	237	238	252	253	254	289	#
169	827.039	221	235	236	237	238	250	251	252	253	254	289	#
170	734.884	206	220	221	235	236	237	238	251	252	253	289	#
171	715.354	206	207	221	222	223	235	236	237	252	253	289	#
172	681.056	79	205	206	207	220	221	222	223	236	238	289	#
173	352.046	100	101	102	103	115	116	117	131	290	#
174	479.705	116	127	131	132	133	143	147	148	290	#
175	476.821	116	117	130	131	132	133	148	164	290	#
176	463.929	86	87	99	100	101	102	103	119	290	#
177	457.194	102	103	116	117	118	132	133	134	290	#
178	441.932	101	113	114	116	117	118	131	147	290	#
179	434.146	122	123	124	138	139	140	141	155	171	291	#
180	643.284	91	92	101	106	107	116	123	138	139	291	#
181	516.677	155	156	171	172	187	188	204	205	220	291	#
182	500.523	92	93	94	106	107	108	109	123	124	291	#
183	487.89	137	138	139	140	153	154	155	170	186	291	#
184	451.211	74	90	106	107	121	122	123	137	138	291	#
185	1207.37	84	85	99	100	101	102	103	114	115	116	117	118	119	131	132	133	134	147	148	149	150	151	163	165	166	182	195	292	#
186	1642.89	3	50	65	79	80	81	82	95	96	97	98	112	113	114	115	116	128	129	130	131	132	144	145	147	148	161	234	292	#
187	1636.47	48	49	64	66	80	81	82	96	97	98	99	100	101	102	113	114	115	116	117	130	131	132	133	145	147	148	149	292	#
188	1554.6	83	98	99	100	101	113	114	115	116	117	128	129	130	131	132	133	145	146	147	148	160	161	163	164	177	179	180	292	#
189	1538.36	68	84	85	98	99	100	101	112	113	114	115	116	128	129	130	131	132	133	144	145	147	148	149	150	160	161	164	292	#
190	1527.94	52	53	67	68	81	83	84	85	97	98	99	100	101	116	117	132	133	134	148	149	150	163	164	165	166	169	179	292	#
191	58.8255	141	#
192	152.651	149	150	151	293	#
193	186.895	149	165	186	293	#
194	174.87	148	149	150	293	#
195	1484.33	154	160	162	163	170	176	177	178	179	180	192	193	194	195	196	197	201	208	210	211	212	213	216	224	226	227	232	233	294	#
196	1765.66	162	163	176	177	178	179	180	192	193	194	195	196	197	198	206	210	211	212	221	224	225	226	227	228	236	237	238	252	294	#
197	1697.55	114	116	131	132	133	146	147	148	149	162	163	164	165	176	177	178	179	192	193	194	195	196	210	211	212	213	226	229	294	#
198	1635.49	178	193	194	195	196	197	205	206	207	209	210	220	221	222	223	224	225	226	235	236	237	238	239	240	241	251	252	253	294	#
199	1593.53	2	3	4	5	18	19	127	144	160	161	162	163	176	177	178	179	192	193	194	195	196	197	208	209	210	224	225	226	294	#
200	1582.53	90	106	107	118	120	121	122	123	134	135	136	137	138	139	140	151	152	153	154	155	168	169	170	171	172	185	186	202	294	#
201	4055.48	1	2	3	4	5	6	16	17	18	19	20	32	33	34	35	36	48	49	50	51	52	63	65	66	79	80	82	83	98	99	115	131	137	138	139	147	153	154	163	164	165	169	170	185	186	187	194	200	201	202	203	204	205	206	210	214	215	216	217	218	219	220	221	222	226	227	232	233	234	235	236	238	250	251	252	295	#
202	4727.74	11	12	13	14	27	28	29	30	31	42	43	45	46	47	59	60	61	62	70	85	86	102	103	112	114	117	118	128	129	130	131	132	133	134	139	140	144	145	146	147	148	155	160	161	162	163	164	176	177	178	179	180	189	192	193	194	195	196	205	208	209	210	211	212	213	214	224	225	226	227	228	229	230	242	243	295	#
203	4620.73	18	34	50	86	87	91	92	93	94	95	102	103	104	108	109	110	111	114	119	120	121	123	124	125	126	127	128	129	130	131	135	136	137	138	139	140	141	144	145	146	147	148	151	152	153	154	155	156	157	160	161	162	163	164	165	167	168	169	170	171	172	177	183	184	185	186	187	188	192	193	200	203	204	243	244	295	#
204	4496.78	4	20	21	22	34	35	36	37	38	50	51	52	53	54	65	66	67	68	69	82	83	84	85	86	98	99	101	102	113	114	115	116	131	143	146	147	148	159	160	161	162	176	177	178	180	192	193	194	195	196	198	208	209	210	211	212	213	214	215	224	225	226	227	228	229	230	231	234	241	242	243	244	250	251	252	295	#
205	4489.19	2	18	107	119	120	123	135	136	137	138	139	140	153	154	155	156	168	169	170	171	172	173	174	184	185	186	187	188	189	190	193	194	195	198	200	201	202	203	204	205	206	209	210	211	212	213	214	215	216	218	219	220	224	227	229	230	231	232	233	234	235	236	240	242	243	244	246	247	248	249	250	251	252	253	254	295	#
206	4483.45	29	30	44	45	46	120	121	123	124	137	138	139	140	141	153	154	156	169	171	172	173	181	185	186	187	188	189	196	197	198	199	200	201	202	203	204	205	206	211	212	213	214	215	216	217	218	219	220	221	222	223	226	227	228	229	230	231	232	233	234	235	236	242	243	244	245	246	247	248	249	250	251	252	253	254	295	#
207	94.9139	198	199	213	214	228	229	244	245	#
208	672.941	163	179	180	181	195	196	197	211	212	227	228	229	230	296	#
209	882.077	47	147	161	162	163	164	165	179	180	181	195	196	212	296	#
210	830.239	133	134	147	149	163	164	165	166	167	179	180	181	196	296	#
211	764.726	178	193	194	195	211	212	213	227	228	229	243	244	245	296	#
212	732.869	212	214	215	216	227	228	229	230	231	243	244	245	246	296	#
213	728.192	163	165	166	167	178	179	180	181	194	195	196	197	198	296	#
214	1296.29	107	122	123	138	139	154	155	162	170	171	177	178	186	187	201	202	217	218	225	241	242	243	297	#
215	1469.81	19	20	36	76	86	92	102	144	145	146	160	161	162	163	176	177	178	179	180	194	195	237	297	#
216	1433.19	92	107	108	123	137	138	139	153	154	155	168	169	170	171	172	184	185	186	187	188	200	202	297	#
217	1399.22	145	160	161	177	178	181	192	193	194	195	196	208	209	210	211	212	224	225	226	227	240	241	297	#
218	1385.35	161	162	163	177	178	179	180	195	196	209	210	211	212	224	225	226	227	228	240	241	242	243	297	#
219	1345.59	176	177	178	186	192	193	194	195	208	209	210	211	224	225	226	227	228	229	240	241	243	245	297	#
220	386.555	26	27	43	44	52	53	58	59	60	74	90	298	#
221	567.231	59	72	73	74	90	91	105	106	107	108	120	298	#
222	534.682	31	43	44	45	46	47	61	62	63	78	94	298	#
223	494.632	34	35	50	51	52	66	123	124	125	155	170	298	#
224	487.913	11	27	42	43	44	57	58	59	60	74	75	298	#
225	455.238	44	53	60	61	76	77	92	93	94	95	109	298	#
226	1264.9	104	105	107	108	120	121	122	123	124	137	138	139	140	141	153	169	221	229	230	236	251	252	253	254	299	#
227	1544.07	91	92	106	108	109	122	123	124	125	126	138	139	140	156	177	178	193	194	210	236	237	238	252	253	299	#
228	1427.97	171	173	190	207	212	218	222	223	227	228	229	230	234	235	236	237	238	239	244	250	252	253	254	255	299	#
229	1383.66	175	191	198	199	200	206	207	219	220	221	222	223	235	236	237	238	239	249	250	251	252	253	254	255	299	#
230	1327.68	169	170	185	186	187	188	203	204	205	206	219	221	222	233	234	235	236	237	238	250	251	252	253	254	299	#
231	1320.48	200	206	207	214	215	216	221	229	230	231	232	233	234	235	236	237	245	246	247	248	249	250	251	252	299	#
232	374.569	84	100	116	132	147	148	300	#
233	527.125	131	147	162	163	178	179	300	#
234	400.295	32	48	64	131	147	148	300	#
235	386.702	100	175	216	232	248	249	300	#
236	367.683	114	130	131	132	148	164	300	#
237	319.214	100	116	117	130	131	147	300	#
238	265.43	251	252	253	254	301	#
239	310.588	252	253	254	255	301	#
240	310.037	237	238	252	253	301	#
241	250.479	221	236	252	253	301	#
242	217.331	236	237	251	252	301	#
243	417.263	125	140	141	142	143	157	158	159	174	302	#
244	624.069	142	158	172	173	174	175	189	190	191	302	#
245	524.417	57	139	140	141	156	157	158	159	172	302	#
246	487.809	110	111	124	125	126	127	142	158	174	302	#
247	485.574	142	158	159	174	175	208	224	225	241	302	#
248	467.021	92	93	107	108	109	123	124	125	126	302	#
249	43.4909	67	#
250	755.69	107	108	123	124	125	126	137	138	139	140	141	153	156	303	#
251	934.62	107	108	109	110	124	125	126	134	142	149	150	165	166	303	#
252	866.128	29	30	45	60	108	122	124	138	139	140	141	151	252	303	#
253	811.419	76	91	92	94	95	107	108	109	122	123	124	140	141	303	#
254	782.921	76	77	92	93	107	108	109	110	124	125	126	140	142	303	#
255	736.927	107	108	123	124	125	139	140	141	156	157	172	173	189	303	#
256	353.657	21	37	53	68	81	254	255	304	#
257	407.335	80	81	82	96	97	98	99	304	#
258	392.944	205	221	237	239	253	254	255	304	#
259	371.399	10	24	25	26	42	43	254	304	#
260	316.246	36	37	38	52	53	54	68	304	#
261	305.064	34	35	50	51	52	68	84	304	#
262	33.501	107	#
263	570.374	6	165	166	181	182	197	200	201	213	214	215	216	217	232	305	#
264	777.95	155	170	171	183	184	185	186	200	201	202	216	217	218	219	305	#
265	756.186	136	152	168	169	184	185	186	187	188	200	201	216	217	218	305	#
266	746.6	198	199	200	208	214	215	216	224	225	229	230	231	232	248	305	#
267	737.715	1	2	3	4	5	6	18	19	20	21	22	177	193	209	305	#
268	734.925	53	170	171	180	181	186	197	200	201	202	213	216	217	218	305	#
269	1242.56	91	92	93	106	107	120	122	123	124	136	137	138	139	140	141	152	153	154	155	168	171	306	#
270	1342.19	40	56	57	58	59	60	61	72	73	74	75	90	91	92	93	106	107	108	109	124	165	306	#
271	1299.46	74	89	90	91	92	105	106	119	120	121	122	123	135	136	137	138	152	153	168	169	170	306	#
272	1295.28	58	59	62	63	73	74	90	106	107	109	110	120	121	122	123	124	135	136	137	138	153	306	#
273	1290.69	36	37	38	52	53	54	55	69	70	71	79	86	91	92	106	107	108	109	123	124	148	306	#
274	1289.52	89	90	91	92	104	105	106	107	120	121	122	135	136	137	138	139	151	152	166	167	168	306	#
275	972.899	2	18	34	48	50	64	65	66	80	81	82	96	97	98	99	307	#
276	968.484	34	48	50	64	65	66	80	81	83	96	97	98	99	113	129	307	#
277	939.216	48	50	51	64	65	66	67	80	81	82	96	98	99	169	185	307	#
278	925.857	48	49	50	51	64	65	80	81	82	96	98	114	129	130	147	307	#
279	898.123	48	50	64	65	80	81	82	83	96	97	98	99	112	113	128	307	#
280	870.029	50	51	64	65	66	80	81	82	96	98	99	115	206	207	222	307	#
281	967.882	12	13	14	15	29	30	31	46	47	174	175	190	191	200	207	223	308	#
282	1260.28	175	191	207	219	220	221	222	223	235	236	237	238	239	251	252	253	308	#
283	1180.13	173	175	189	191	205	206	207	221	222	223	236	237	238	251	252	253	308	#
284	1179.07	9	10	11	12	13	26	28	29	30	31	41	42	45	46	47	61	308	#
285	1116.78	129	130	131	132	173	174	175	176	178	190	191	192	193	194	195	207	308	#
286	1090.28	7	8	9	10	11	12	23	24	25	26	27	28	43	71	236	237	308	#
287	191.748	67	83	99	100	115	309	#
288	252.194	68	84	98	99	100	309	#
289	245.643	67	81	83	98	99	309	#
290	191.699	99	115	116	131	132	309	#
291	178.412	51	52	67	68	83	309	#
292	240.41	74	90	105	106	122	310	#
293	300.447	74	75	90	91	107	310	#
294	222.299	43	59	74	90	105	310	#
295	214.862	120	122	136	137	138	310	#
296	122.09	89	90	103	104	105	310	#
297	802.705	199	200	216	218	232	233	234	235	248	249	250	251	311	#
298	855.585	183	184	199	200	215	216	231	232	233	247	248	249	311	#
299	840.269	201	215	216	230	231	232	246	247	248	249	250	251	311	#
300	824.037	201	215	216	217	231	232	233	246	247	248	249	250	311	#
301	799.125	199	200	201	216	218	219	232	234	235	236	251	252	311	#
302	786.186	198	199	200	201	214	215	230	231	236	251	252	253	311	#
303	54.6123	7	#
304	461.707	1	2	3	4	17	18	33	34	63	127	312	#
305	637.615	0	1	17	18	32	33	34	35	36	48	312	#
306	599.839	2	18	19	20	33	34	35	36	50	65	312	#
307	565.62	1	2	3	16	17	32	33	49	50	65	312	#
308	559.162	18	19	34	114	130	131	144	145	160	161	312	#
309	556.241	1	2	17	18	19	33	34	49	50	65	312	#
310	555.032	147	162	163	164	178	313	#
311	542.611	162	163	164	165	178	313	#
312	449.065	146	161	162	163	178	313	#
313	420.446	131	132	147	148	164	313	#
314	360.319	76	146	161	162	163	313	#
315	335.021	160	177	178	198	199	313	#
316	161.666	118	119	135	314	#
317	241.258	119	135	151	314	#
318	123.521	103	118	119	314	#
319	106.564	117	118	133	314	#
320	63.2265	235	#
321	638.135	87	89	94	101	102	103	105	109	117	118	119	120	315	#
322	890.786	37	53	54	68	70	86	87	88	101	102	103	117	315	#
323	879.688	25	26	27	43	58	59	74	90	104	105	106	121	315	#
324	816.322	27	85	86	87	102	103	116	117	118	119	133	135	315	#
325	791.579	34	50	66	104	105	106	120	121	136	137	152	153	315	#
326	746.197	86	87	101	102	103	104	105	117	118	119	120	135	315	#
327	736.065	22	38	53	54	55	68	69	71	72	107	123	138	316	#
328	796.048	90	91	105	106	107	121	122	123	137	138	139	154	316	#
329	755.081	52	53	54	67	68	69	70	84	86	87	88	102	316	#
330	753.061	91	105	106	107	108	124	125	139	140	141	157	227	316	#
331	729.434	82	107	123	124	138	153	154	169	170	171	172	186	316	#
332	691.965	21	37	38	53	54	55	56	57	69	71	72	73	316	#
333	207.207	8	24	96	317	#
334	281.748	65	80	96	317	#
335	227.334	8	9	24	317	#
336	156.019	22	23	24	317	#
337	450.715	206	207	221	222	237	253	318	#
338	597.107	221	222	236	237	252	253	318	#
339	548.826	221	236	237	238	252	253	318	#
340	548.207	205	206	221	222	237	238	318	#
341	501.434	134	135	136	151	220	221	318	#
342	460.147	206	220	221	237	238	239	318	#
343	192.101	87	88	89	104	211	319	#
344	250.27	103	104	119	120	189	319	#
345	241.242	87	88	102	103	104	319	#
346	208.398	89	90	104	105	121	319	#
347	668.502	206	221	222	223	235	236	237	238	239	254	255	320	#
348	849.631	188	204	205	219	220	221	234	235	236	237	252	320	#
349	821.939	43	58	59	206	222	236	237	238	239	254	255	320	#
350	778.372	175	190	191	205	206	207	221	222	223	237	238	320	#
351	771.843	188	189	204	205	206	207	221	222	223	236	237	320	#
352	712.828	176	219	235	236	237	238	239	250	251	252	253	320	#
353	267.39	9	10	24	25	26	27	321	#
354	392.608	10	11	12	13	26	27	321	#
355	386.702	8	9	10	24	25	26	321	#
356	339.631	7	8	9	10	24	40	321	#
357	310.208	8	9	23	24	25	40	321	#
358	265.424	10	11	27	28	240	241	321	#
359	1119.43	119	121	123	135	136	137	138	139	140	141	142	143	151	153	156	157	158	159	174	322	#
360	1457.39	5	6	21	37	38	56	117	118	132	133	134	135	136	137	150	151	152	167	168	322	#
361	1299.54	111	114	127	129	130	143	146	147	148	162	163	164	177	178	179	194	195	196	210	322	#
362	1289.72	97	98	99	138	139	140	141	142	155	156	157	158	172	173	175	188	189	190	191	322	#
363	1252	76	91	92	103	104	105	107	120	121	122	123	136	137	138	151	152	153	208	224	322	#
364	1142.82	3	14	19	20	36	93	94	95	110	111	127	142	143	158	159	231	232	247	248	322	#
365	65.0135	91	213	229	230	323	#
366	65.0267	214	229	230	245	323	#
367	494.179	69	70	83	84	85	86	87	102	110	324	#
368	542.624	51	53	54	67	68	69	70	86	87	324	#
369	485.792	84	85	86	87	100	101	102	116	118	324	#
370	474.078	38	39	54	70	86	87	102	118	134	324	#
371	443.485	67	68	83	84	99	100	115	116	131	324	#
372	443.163	84	85	86	100	101	102	103	104	118	324	#
373	588.808	173	189	190	191	207	220	221	222	223	325	#
374	768.321	175	191	204	205	206	207	220	221	222	325	#
375	736.475	13	30	204	205	206	207	220	221	222	325	#
376	683.975	205	206	221	222	223	234	235	236	252	325	#
377	665.559	7	204	205	220	221	222	236	245	252	325	#
378	602.982	158	173	174	175	189	190	191	205	207	325	#
379	404.501	12	14	28	29	30	31	45	60	326	#
380	573.696	10	11	12	13	14	27	43	44	326	#
381	487.23	10	11	12	13	25	26	27	28	326	#
382	483.384	13	29	45	60	76	91	92	108	326	#
383	450.438	12	20	32	33	49	144	160	161	326	#
384	444.611	12	13	14	28	29	30	45	46	326	#
385	772.372	131	132	145	147	148	161	162	163	164	178	179	180	181	197	327	#
386	972.627	129	145	146	147	162	163	164	179	195	209	210	211	212	227	327	#
387	933.559	113	114	128	129	130	131	145	146	147	148	163	179	180	252	327	#
388	881.542	112	114	128	129	130	131	132	145	146	148	161	162	163	178	327	#
389	847.003	115	116	131	132	133	146	147	148	149	162	163	164	165	178	327	#
390	809.575	112	128	144	146	161	162	176	177	178	193	230	231	246	247	327	#
391	836.97	153	161	169	170	182	183	184	185	186	198	199	200	201	214	215	217	229	328	#
392	1204.01	171	172	173	189	190	205	226	227	228	229	230	231	232	245	246	247	248	328	#
393	1172.24	49	121	122	135	136	137	138	153	154	168	169	170	171	186	187	232	233	328	#
394	1092.81	25	152	153	168	169	184	199	200	201	202	215	216	230	231	232	248	249	328	#
395	1068.82	105	119	120	121	136	137	138	139	153	154	169	170	171	185	186	202	218	328	#
396	1068.26	171	183	184	186	199	200	201	202	203	215	216	217	218	219	230	231	232	328	#
397	558.105	84	100	101	114	115	116	129	130	131	145	147	329	#
398	706.433	43	46	59	60	61	62	129	130	145	146	162	329	#
399	650.694	20	36	37	38	52	53	68	69	84	85	86	329	#
400	648.726	114	115	116	117	131	132	133	140	147	156	157	329	#
401	612.194	113	114	129	130	131	145	146	147	148	161	164	329	#
402	604.456	101	114	116	129	130	131	132	133	147	148	149	329	#
403	45.6389	160	177	178	#
404	153.781	92	108	330	#
405	46.6448	108	124	330	#
406	429.074	172	173	188	189	203	204	205	331	#
407	571.865	155	170	171	172	173	187	188	331	#
408	497.533	5	21	22	38	39	173	189	331	#
409	483.622	204	205	206	221	222	237	238	331	#
410	470.656	170	186	202	203	217	218	234	331	#
411	470.336	205	206	207	220	221	222	223	331	#
412	443.745	214	229	230	231	232	245	246	247	248	332	#
413	560.858	214	216	217	230	231	232	233	248	249	332	#
414	560.688	214	229	230	231	232	246	247	248	249	332	#
415	543.366	53	68	215	230	231	232	246	247	248	332	#
416	516.346	229	231	232	244	245	246	247	248	249	332	#
417	505.65	214	215	229	230	231	232	246	247	248	332	#
418	136.948	218	219	234	333	#
419	171.126	202	218	234	333	#
420	139.56	203	219	235	333	#
421	146.875	153	#
422	248.576	58	59	74	75	91	334	#
423	320.813	75	91	92	107	123	334	#
424	243.125	43	58	59	74	75	334	#
425	237.66	42	43	58	59	74	334	#
426	204.154	43	59	74	75	91	334	#
427	202.213	59	60	75	90	91	334	#
428	1456.65	190	191	192	206	207	219	220	221	222	223	234	235	236	237	238	239	249	250	252	253	335	#
429	1508.13	210	211	212	221	222	225	226	227	228	235	236	237	238	239	243	251	252	253	254	255	335	#
430	1473.19	156	172	173	186	188	200	201	202	203	204	216	217	218	219	220	221	236	237	252	253	335	#
431	1453.3	150	151	152	166	167	168	169	170	182	183	184	185	186	198	199	222	237	238	239	255	335	#
432	1435.21	201	203	204	216	217	218	219	220	221	232	233	234	235	236	237	238	239	252	253	255	335	#
433	1414.75	51	52	201	209	210	211	216	217	218	219	220	221	233	234	235	236	237	238	249	250	335	#
434	350.948	160	161	176	177	192	193	336	#
435	416.578	107	123	176	192	193	209	336	#
436	399.283	148	193	208	209	225	241	336	#
437	398.317	112	113	128	144	160	161	336	#
438	362.156	160	161	162	177	178	193	336	#
439	332.001	176	177	178	192	193	194	336	#
440	49.912	102	#
441	696.629	0	1	16	17	18	32	48	49	50	64	337	#
442	707.343	0	1	2	3	16	17	18	19	34	50	337	#
443	688.412	16	17	18	33	34	48	49	50	65	81	337	#
444	645.949	1	4	5	16	17	18	19	21	34	37	337	#
445	626.878	0	1	2	16	17	18	32	33	34	49	337	#
446	611.762	16	17	18	32	33	34	49	50	131	132	337	#
447	985.437	114	129	130	144	145	147	148	149	160	161	163	164	165	177	338	#
448	1304.69	130	132	147	148	163	179	180	194	195	196	211	227	228	243	338	#
449	1189.28	147	151	152	162	163	164	165	166	167	179	180	181	195	197	338	#
450	1159.91	114	130	147	148	160	162	163	164	177	178	192	193	194	209	338	#
451	1036.08	11	100	101	102	113	114	115	116	117	130	131	132	147	148	338	#
452	1024.16	106	113	129	130	144	145	147	148	149	160	161	162	163	164	338	#
453	477.012	219	235	236	237	252	253	339	#
454	588.903	236	237	238	239	252	253	339	#
455	577.125	222	236	237	238	252	253	339	#
456	554.002	237	238	250	251	252	253	339	#
457	418.797	219	235	236	250	251	252	339	#
458	395.21	218	219	234	235	236	250	339	#
459	101.668	90	105	106	340	#
460	138.979	90	106	107	340	#
461	80.4467	89	105	121	340	#
462	78.8417	32	#
463	179.741	174	175	191	341	#
464	199.849	175	190	191	341	#
465	114.264	174	175	190	341	#
466	708.789	80	88	90	96	102	104	105	106	117	120	121	122	136	342	#
467	885.624	70	85	86	87	88	89	101	102	103	104	105	106	107	342	#
468	843.455	2	16	17	18	32	48	49	64	65	80	81	96	98	342	#
469	815.912	105	108	120	135	136	137	152	153	154	168	169	170	247	342	#
470	760.515	87	88	104	105	106	120	121	122	123	136	137	152	168	342	#
471	741.088	87	88	89	104	105	120	121	136	137	153	154	169	170	342	#
472	11.9524	31	47	#
473	75.8808	87	#
474	180.849	35	36	51	67	343	#
475	238.824	9	24	67	83	343	#
476	185.341	19	35	36	51	343	#
477	128.577	20	35	36	51	343	#
478	91.8514	34	35	50	51	343	#
479	689.628	4	5	20	21	22	37	40	41	42	53	54	344	#
480	669.042	4	19	20	21	34	35	37	50	51	67	227	344	#
481	667.631	4	20	21	22	23	24	38	40	53	54	55	344	#
482	644.183	4	5	6	7	8	19	20	21	22	35	36	344	#
483	639.928	4	5	6	20	21	22	23	36	38	98	99	344	#
484	591.374	7	8	9	24	25	26	40	41	56	57	73	344	#
485	653.846	184	199	200	201	214	215	216	230	231	232	247	248	249	345	#
486	876.147	14	15	29	30	216	231	232	246	247	248	249	250	251	345	#
487	810.61	195	211	212	214	227	228	229	230	231	232	243	244	247	345	#
488	786.35	135	151	152	165	166	167	168	182	183	184	185	186	200	345	#
489	714.677	183	184	185	199	200	213	214	215	216	231	232	247	248	345	#
490	699.851	184	187	199	200	201	205	206	215	216	218	219	231	234	345	#
491	327.139	131	132	147	148	346	#
492	406.33	131	147	148	163	346	#
493	325.465	130	147	148	163	346	#
494	197.309	130	131	132	147	346	#
495	416.484	1	2	18	19	34	35	347	#
496	465.501	2	18	19	20	34	35	347	#
497	442.057	3	19	34	35	36	141	347	#
498	372.265	1	2	17	18	19	35	347	#
499	323.579	3	19	20	35	36	244	347	#
500	321.819	0	1	2	16	17	32	347	#
501	698.335	45	46	47	57	60	61	62	73	74	76	77	78	79	90	91	92	93	94	95	106	109	126	348	#
502	1029.48	21	22	30	38	42	43	45	46	58	59	60	61	62	63	74	75	76	77	78	79	91	95	348	#
503	1010.65	9	11	13	14	15	26	27	28	29	30	31	45	46	61	62	63	77	78	79	94	95	109	348	#
504	1008.67	9	10	25	26	40	41	42	43	44	56	57	58	59	60	71	72	73	74	75	76	77	91	348	#
505	997.246	13	29	44	45	46	60	61	62	63	75	76	77	78	79	91	92	93	94	95	109	110	126	348	#
506	987.355	32	60	61	75	76	77	90	91	92	93	94	95	107	108	109	110	125	126	141	142	157	158	348	#
507	429.288	16	85	101	102	116	349	#
508	304.163	85	101	116	117	132	349	#
509	282.155	85	99	100	101	116	349	#
510	256.925	102	103	118	119	134	349	#
511	234.735	0	1	16	17	33	349	#
512	159.186	67	83	84	85	100	349	#
513	684.34	200	201	216	217	218	219	232	234	235	251	350	#
514	769.254	202	217	218	219	234	235	236	250	251	252	350	#
515	747.821	216	217	218	219	233	234	235	236	250	251	350	#
516	738.076	169	184	185	199	200	201	215	216	232	233	350	#
517	722.135	131	147	219	233	234	235	248	249	250	251	350	#
518	697.147	184	198	199	200	201	216	217	231	232	248	350	#
519	675.532	173	174	175	188	189	190	191	204	205	206	351	#
520	818.436	174	175	190	191	202	207	218	219	234	235	351	#
521	658.863	173	174	175	189	190	191	207	221	222	223	351	#
522	648.76	34	50	66	158	173	174	175	190	191	207	351	#
523	588.726	158	159	173	174	175	190	191	206	207	223	351	#
524	545.411	173	189	205	206	207	221	222	223	236	237	351	#
525	423.11	19	35	50	51	66	352	#
526	383.482	32	34	49	50	66	352	#
527	295.013	3	19	35	78	79	352	#
528	291.349	49	50	65	66	82	352	#
529	230.055	35	50	51	67	83	352	#
530	210.818	3	4	19	35	36	352	#
531	557.114	45	61	77	176	177	178	192	193	194	210	211	353	#
532	793.344	192	195	196	208	209	210	211	224	225	226	227	353	#
533	634.381	161	176	177	192	193	194	195	196	208	209	225	353	#
534	618.608	161	176	177	178	192	193	194	208	209	224	240	353	#
535	610.919	16	17	32	33	34	35	48	49	51	194	223	353	#
536	579.012	144	145	160	161	176	177	178	192	193	194	209	353	#
537	1089.81	194	195	196	208	209	210	211	224	225	226	227	228	240	241	242	354	#
538	1148.37	176	178	192	193	194	208	209	210	211	224	225	226	227	228	243	354	#
539	1131.47	176	177	178	192	193	194	195	208	209	210	211	225	226	227	228	354	#
540	1099.97	192	193	208	209	210	224	225	226	227	228	240	241	242	243	244	354	#
541	1067.18	49	176	192	193	208	209	211	224	225	226	227	240	241	242	243	354	#
542	1034.75	176	192	193	194	195	196	209	210	211	224	225	226	227	240	241	354	#
543	1463.61	16	17	33	165	166	179	180	181	182	191	192	193	194	195	196	197	198	208	209	210	211	212	224	225	226	227	355	#
544	2066.31	146	147	162	163	164	176	178	179	192	193	194	195	208	209	210	214	224	225	226	227	228	229	237	238	239	253	355	#
545	1840.92	114	116	131	145	146	147	162	163	165	166	172	178	179	180	181	182	193	194	195	196	197	198	199	210	212	226	355	#
546	1831.65	115	129	131	145	146	147	148	161	162	163	177	178	179	182	183	184	194	195	198	199	209	210	211	225	226	227	355	#
547	1774.91	133	148	149	150	151	163	164	165	179	180	181	194	195	196	197	198	210	211	212	214	226	227	228	230	231	243	355	#
548	1740.63	8	17	146	148	155	162	163	164	170	171	172	173	178	179	180	181	182	183	193	194	195	196	197	198	210	251	355	#
549	236.492	122	123	124	125	138	356	#
550	323.149	121	122	137	138	139	356	#
551	306.488	138	153	154	169	170	356	#
552	283.501	124	140	156	171	172	356	#
553	138.541	108	124	125	139	140	356	#
554	553.403	206	220	221	222	236	237	238	239	252	253	254	255	357	#
555	735.462	202	203	204	205	206	207	217	218	219	221	222	234	357	#
556	683.81	191	205	206	207	221	222	223	237	238	239	254	255	357	#
557	658.037	143	206	207	221	222	223	235	236	237	238	252	253	357	#
558	653.109	77	186	201	202	203	217	218	219	221	234	235	236	357	#
559	650.214	173	189	204	205	206	207	221	222	223	237	238	253	357	#
560	55.8226	49	#
561	94.6248	180	#
562	170.697	41	42	358	#
563	179.186	41	57	358	#
564	1051.67	115	195	210	211	214	215	226	227	228	229	230	231	243	244	245	246	247	248	359	#
565	1332.2	192	193	194	208	209	210	211	212	224	225	226	227	228	240	241	242	243	244	359	#
566	1278.83	163	179	180	181	193	194	195	196	197	209	210	211	212	225	226	227	241	243	359	#
567	1250.29	27	41	43	56	57	58	59	74	75	91	211	212	227	228	242	243	244	254	359	#
568	1245.03	162	163	179	194	195	196	210	211	212	213	214	227	228	229	230	243	244	245	359	#
569	1217.48	97	113	114	130	131	132	147	163	164	165	166	179	181	182	194	195	196	212	359	#
570	125.585	4	5	6	20	21	360	#
571	185.009	19	20	21	36	37	360	#
572	315.045	27	43	44	45	59	60	61	62	63	73	74	77	361	#
573	445.492	9	26	27	28	42	43	57	58	59	73	74	90	361	#
574	437.994	49	54	55	59	60	61	71	72	75	76	92	138	361	#
575	436.733	29	44	45	46	55	56	59	60	71	72	73	74	361	#
576	430.594	45	60	61	62	64	65	76	77	80	81	82	96	361	#
577	348.085	10	11	27	28	43	44	45	58	59	60	74	141	361	#
578	601.425	1	2	17	18	19	32	33	34	35	36	48	49	50	51	362	#
579	850.908	18	19	20	21	34	35	51	67	68	84	153	161	162	178	362	#
580	809.206	0	1	2	3	17	18	19	114	116	131	132	133	148	164	362	#
581	745.493	0	16	17	18	19	32	33	34	48	49	50	51	64	67	362	#
582	730.576	19	20	33	34	35	36	37	48	49	51	52	53	65	68	362	#
583	723.991	0	1	2	3	4	5	16	17	18	32	33	34	49	169	362	#
584	103.081	163	#
585	78.2322	137	#
586	138.524	213	229	230	363	#
587	169.339	49	212	213	363	#
588	164.381	214	229	230	363	#
589	132.285	214	215	229	363	#
590	365.103	26	27	43	59	60	74	75	91	364	#
591	494.903	10	11	12	13	26	27	42	43	364	#
592	487.063	75	90	91	92	105	106	107	123	364	#
593	443.296	59	73	74	75	90	91	106	107	364	#
594	439.18	28	29	45	46	60	61	62	63	364	#
595	433.383	8	9	10	11	24	25	26	27	364	#
596	879.306	91	92	108	124	125	140	141	156	225	227	240	241	242	243	365	#
597	927.23	194	195	196	208	209	210	211	212	225	226	227	228	242	243	365	#
598	904.086	153	168	169	170	183	184	185	186	191	206	207	209	222	225	365	#
599	882.671	78	79	95	109	110	125	126	140	141	142	156	157	158	172	365	#
600	880.686	176	177	193	194	195	209	210	211	224	225	226	240	241	242	365	#
601	857.434	91	92	107	108	109	110	112	114	126	196	197	212	213	214	365	#
602	176.237	239	254	255	366	#
603	242.225	252	253	254	366	#
604	694.483	20	21	22	36	37	38	39	53	54	55	69	70	367	#
605	996.114	13	19	20	21	29	37	38	52	53	54	68	69	367	#
606	909.264	5	21	22	37	38	52	53	54	70	85	86	102	367	#
607	859.128	38	51	52	53	54	67	68	69	70	83	84	85	367	#
608	798.806	21	22	37	38	39	52	53	54	55	68	70	84	367	#
609	786.636	53	54	55	69	70	86	102	146	150	165	166	167	367	#
610	640.731	93	95	109	110	111	126	127	141	142	143	156	157	158	159	368	#
611	919.944	158	159	172	173	174	175	188	189	190	191	205	206	207	223	368	#
612	886.991	108	109	125	139	140	141	155	156	157	170	171	172	232	233	368	#
613	809.393	92	93	94	108	109	110	124	125	126	127	141	142	156	157	368	#
614	790.757	59	75	91	106	107	108	109	122	124	125	141	156	157	220	368	#
615	728.496	91	94	95	107	108	110	111	125	126	127	141	233	250	251	368	#
616	121.835	232	233	369	#
617	121.899	233	250	369	#
618	91.5239	216	232	369	#
619	73.2196	33	49	50	#
620	46.201	58	74	#
621	361.833	45	48	59	60	61	76	77	93	370	#
622	454.18	61	77	78	92	93	94	109	110	370	#
623	410.753	27	42	43	44	59	60	61	76	370	#
624	387.724	32	48	49	64	65	66	80	81	370	#
625	386.272	44	45	46	60	61	76	77	78	370	#
626	378.664	8	45	61	62	76	77	78	94	370	#
627	2229.63	1	2	3	4	5	6	7	16	17	18	19	20	21	32	33	34	35	36	37	38	48	49	50	51	52	53	54	55	64	65	66	67	68	69	70	80	81	82	83	84	98	99	371	#
628	2768.44	0	1	2	3	4	5	16	17	18	19	20	21	32	33	34	35	36	37	38	48	49	50	64	66	80	81	85	86	87	100	101	102	103	104	115	116	117	118	119	120	151	169	371	#
629	2707.49	2	18	19	34	35	50	51	52	67	68	69	70	83	84	85	86	87	88	97	100	101	102	103	104	105	116	117	118	119	121	122	132	135	136	137	151	153	200	201	216	217	232	371	#
630	2677.18	2	3	4	5	17	18	19	20	21	22	32	33	34	35	36	37	38	39	49	50	51	52	53	54	66	67	68	69	70	86	87	102	103	113	114	115	129	130	131	132	133	145	371	#
631	2656.85	19	20	35	36	52	56	57	68	69	80	81	83	84	85	98	99	100	101	102	115	116	117	118	119	131	132	133	134	138	147	148	150	154	155	156	163	169	170	171	172	215	231	371	#
632	2642.63	1	2	3	5	6	17	18	19	20	21	22	23	24	33	34	35	36	37	38	39	49	50	51	52	53	54	55	66	67	68	69	70	82	85	86	87	88	101	102	103	118	119	371	#
633	362.653	149	214	215	216	231	232	247	372	#
634	437.286	89	201	215	216	217	231	232	372	#
635	435.323	199	200	215	216	230	231	247	372	#
636	430.402	65	199	215	216	231	232	233	372	#
637	417.077	201	215	216	231	232	233	248	372	#
638	409.048	198	199	215	228	229	231	247	372	#
639	222.147	189	190	191	373	#
640	257.448	173	189	190	373	#
641	203.412	175	191	207	373	#
642	434.744	11	12	13	15	27	28	29	30	149	374	#
643	647.691	28	29	45	46	61	62	147	163	164	374	#
644	552.083	9	11	12	26	27	28	29	42	43	374	#
645	508.256	13	14	15	29	30	31	46	47	62	374	#
646	507.738	11	12	24	25	26	27	41	42	43	374	#
647	471.082	10	11	12	13	15	29	30	45	46	374	#
648	136.805	252	#
649	457.687	48	64	65	80	81	82	97	98	113	375	#
650	450.6	32	49	64	65	66	80	81	82	98	375	#
651	449.145	32	33	48	49	64	65	80	81	96	375	#
652	445.763	32	33	48	49	50	64	65	80	81	375	#
653	432.984	34	48	49	50	65	80	81	82	96	375	#
654	421.53	49	65	66	81	82	97	98	99	113	375	#
655	835.074	90	106	107	122	123	124	138	144	151	152	160	161	177	213	214	229	245	376	#
656	1117.77	87	88	101	102	103	116	119	120	121	132	137	144	145	146	160	161	177	376	#
657	1047.21	89	104	105	134	135	149	150	151	152	153	168	169	186	188	203	204	227	376	#
658	1006.96	144	145	160	161	176	177	178	192	193	194	195	201	209	210	216	217	225	376	#
659	960.085	88	89	90	91	104	105	106	107	108	120	121	122	123	136	137	138	153	376	#
660	931.564	129	130	144	145	160	161	162	176	177	178	192	193	194	208	209	210	224	376	#
661	151.623	92	93	109	377	#
662	121.059	92	93	108	377	#
663	102.515	94	109	126	377	#
664	934.02	193	194	195	196	209	210	212	225	226	227	378	#
665	915.549	177	193	194	209	210	211	212	220	226	227	378	#
666	785.755	195	196	211	212	226	227	228	241	242	243	378	#
667	761.211	163	178	179	180	193	194	195	196	210	212	378	#
668	751.935	162	176	177	178	179	194	195	196	211	227	378	#
669	747.219	41	57	58	160	161	176	177	178	192	193	378	#
670	3348.82	76	92	93	94	95	108	109	110	156	171	172	173	182	183	184	185	186	187	188	197	198	199	200	201	202	203	204	205	206	207	213	214	215	216	217	218	219	220	221	222	223	229	230	232	233	234	235	236	238	239	245	246	247	248	250	251	252	253	254	255	379	#
671	3566.17	1	4	17	19	20	36	133	149	150	151	152	164	165	166	167	168	169	170	179	180	181	182	183	184	185	186	196	197	198	199	200	201	202	210	211	212	213	214	215	216	217	218	219	227	228	229	230	231	232	233	234	235	236	243	244	245	247	248	250	251	379	#
672	3558.74	4	118	119	120	121	128	131	132	134	135	136	137	144	146	148	149	150	151	152	160	162	163	164	165	166	167	176	177	178	179	180	181	182	183	192	193	194	195	196	197	198	199	208	209	210	211	213	214	224	225	226	227	228	229	230	231	241	243	244	245	379	#
673	3511.23	135	149	150	151	152	161	162	163	165	166	168	176	177	178	179	180	181	182	183	184	185	192	193	194	195	196	197	198	199	200	201	208	209	210	211	212	213	214	215	216	217	224	225	226	227	228	229	230	231	232	240	241	242	243	244	245	246	247	253	254	379	#
674	3500.09	0	1	17	75	91	92	93	95	105	106	107	110	126	142	143	152	159	168	170	180	181	182	183	184	185	186	187	188	195	196	197	198	199	201	203	204	211	212	213	214	215	216	217	218	219	225	226	227	228	229	230	231	232	233	234	244	245	246	247	248	379	#
675	3491.06	4	5	20	21	22	23	24	38	39	41	42	55	71	79	95	109	110	125	126	127	141	142	143	155	156	157	158	159	170	171	172	173	174	175	187	188	189	190	191	202	203	204	205	206	207	218	219	220	221	222	223	234	235	236	237	238	239	251	252	253	379	#
676	467.824	3	4	18	19	20	21	35	70	86	102	380	#
677	683.204	54	70	86	87	88	102	103	104	118	119	380	#
678	492.932	1	16	17	18	19	32	33	34	35	49	380	#
679	478.554	3	4	5	6	19	20	21	22	36	170	380	#
680	467.911	4	5	6	7	20	21	22	23	230	246	380	#
681	466.337	2	3	4	5	6	19	20	21	35	36	380	#
682	47.5835	41	42	381	#
683	32.4488	41	57	381	#
684	389.457	206	221	222	236	237	252	382	#
685	525.823	206	222	236	237	238	252	382	#
686	471.268	72	73	74	222	223	238	382	#
687	450.347	189	206	221	222	238	239	382	#
688	438.918	220	221	222	236	237	252	382	#
689	421.367	221	222	236	237	253	254	382	#
690	13.9474	179	#
691	441.178	54	70	85	86	87	101	102	383	#
692	401.251	54	85	86	101	102	117	144	383	#
693	394.861	86	87	101	102	103	116	117	383	#
694	322.436	69	70	84	85	86	87	102	383	#
695	282.652	101	102	103	104	118	119	120	383	#
696	274.541	53	54	70	86	119	120	135	383	#
697	1066.5	32	33	34	48	49	50	88	89	90	91	105	106	107	120	121	122	123	124	137	138	140	154	170	384	#
698	1265.8	41	57	73	74	86	88	90	91	92	93	102	103	104	105	106	107	118	119	120	121	122	123	124	384	#
699	1237.86	56	77	79	92	93	94	95	107	108	109	110	122	123	124	125	138	140	141	156	157	158	172	173	384	#
700	1234.17	53	54	55	69	70	86	87	88	101	102	103	104	105	106	119	120	121	122	123	124	137	138	201	384	#
701	1227.02	3	16	19	32	33	34	35	36	38	48	49	50	51	52	53	54	64	65	66	70	80	81	96	384	#
702	1212.47	105	106	108	119	120	121	122	123	124	135	136	137	138	139	140	141	154	155	156	169	170	184	185	384	#
703	121.169	186	187	202	385	#
704	98.8885	21	187	188	385	#
705	91.8572	169	186	187	385	#
706	74.7919	201	202	203	385	#
707	304.589	16	32	33	34	48	386	#
708	412.706	32	34	48	49	50	386	#
709	383.57	33	48	49	64	65	386	#
710	295.718	17	18	33	34	142	386	#
711	278.238	18	19	34	35	50	386	#
712	228.175	0	1	16	17	21	386	#
713	1784.18	2	3	4	17	18	19	32	33	34	35	43	48	49	50	51	59	60	61	64	65	67	74	75	76	80	81	90	91	92	96	98	108	109	387	#
714	2016.41	33	34	49	50	65	66	80	81	82	83	96	97	98	99	100	101	102	112	113	115	116	129	130	131	132	147	148	162	163	164	179	180	196	387	#
715	1916.58	9	13	24	26	27	28	29	30	40	41	42	43	44	45	46	58	59	60	61	62	63	76	77	78	91	92	93	94	107	108	109	123	126	387	#
716	1906.57	0	16	17	32	33	34	35	59	75	89	91	105	106	107	108	109	121	122	123	124	125	126	139	140	141	155	157	170	171	177	178	200	216	387	#
717	1883.85	9	24	25	26	40	41	42	43	56	57	58	59	72	73	74	75	90	91	104	105	107	120	121	137	187	188	202	203	204	220	221	222	237	387	#
718	1876.47	0	1	2	3	16	17	18	32	33	34	35	48	49	50	51	64	65	66	67	80	81	82	96	215	220	221	222	230	231	232	235	236	247	387	#
719	1985.94	10	25	26	27	29	43	44	45	57	58	59	60	61	73	74	75	76	77	78	79	87	88	89	90	91	92	93	94	104	105	106	107	108	109	110	120	121	122	123	124	125	126	142	388	#
720	2607.16	75	87	88	89	91	92	93	103	104	105	106	107	108	109	119	120	121	122	123	124	125	126	134	135	136	137	138	139	140	141	142	143	152	153	154	155	156	157	158	170	172	187	188	388	#
721	2587.48	29	30	31	42	43	44	45	46	47	57	58	59	60	61	62	63	76	77	78	91	92	93	94	107	108	109	125	126	144	146	160	161	162	176	177	192	193	194	212	237	252	253	254	388	#
722	2574.93	23	37	38	39	43	44	59	60	62	63	75	76	77	78	79	89	92	93	94	95	105	106	107	108	109	110	120	121	122	123	124	125	126	137	138	140	141	153	154	227	228	243	245	388	#
723	2470.89	1	17	32	33	34	48	49	59	64	65	75	76	77	80	81	91	92	96	98	106	107	108	122	123	124	125	126	138	139	140	142	154	169	170	176	177	186	192	193	194	209	210	245	388	#
724	2421.44	43	44	57	58	59	60	61	71	72	73	74	75	76	77	86	87	88	89	90	91	92	94	100	102	103	104	105	106	107	108	109	120	122	123	124	137	138	139	140	153	154	169	170	388	#
725	355.445	19	20	36	52	68	389	#
726	385.674	52	53	67	68	83	389	#
727	372.67	17	18	19	34	50	389	#
728	363.626	52	53	68	84	85	389	#
729	303.216	35	36	51	52	68	389	#
730	242.645	3	4	19	20	35	389	#
731	376.49	222	237	238	239	253	390	#
732	395.46	222	236	237	238	239	390	#
733	383.067	237	238	239	254	255	390	#
734	382.887	239	252	253	254	255	390	#
735	334.191	205	206	221	222	238	390	#
736	305.346	221	222	236	237	253	390	#
737	17.9072	30	31	#
738	439.481	18	19	20	34	35	50	51	52	391	#
739	574.462	1	2	17	18	19	20	34	35	391	#
740	531.032	20	33	34	35	36	52	53	54	391	#
741	530.717	2	3	17	18	19	20	34	35	391	#
742	525.166	1	2	3	13	17	18	19	34	391	#
743	427.031	18	19	20	36	51	52	67	205	391	#
744	20.2501	245	#
745	1067.56	102	103	126	130	144	145	146	156	157	160	161	162	163	164	172	177	178	193	194	392	#
746	1483.84	101	112	113	114	115	116	128	129	130	131	147	162	163	179	180	181	182	195	196	392	#
747	1360.85	61	77	101	113	114	115	116	117	128	129	130	131	132	145	146	147	161	162	178	392	#
748	1360.07	116	131	132	144	145	146	147	148	160	161	162	163	176	177	178	192	193	208	224	392	#
749	1318.47	110	178	179	192	193	194	195	196	197	208	209	210	211	212	213	228	229	243	244	392	#
750	1306.89	34	105	112	113	114	115	128	129	130	131	132	140	144	145	146	151	160	161	167	392	#
751	1018.05	49	50	65	118	119	134	135	136	137	150	151	166	167	174	175	182	191	393	#
752	1235.95	133	134	135	148	149	151	164	165	166	167	179	180	181	182	183	195	246	393	#
753	1181.99	43	59	60	118	134	135	150	151	152	155	166	167	168	169	170	171	184	393	#
754	1170	124	139	140	141	143	156	157	158	159	172	173	174	175	189	190	191	207	393	#
755	1073.97	142	157	158	159	174	175	190	191	207	208	209	222	223	224	225	240	241	393	#
756	1057.92	67	83	85	86	99	101	102	103	115	116	117	118	131	132	133	134	147	393	#
757	628.85	29	40	41	42	43	44	45	56	57	58	59	394	#
758	670.439	41	56	57	58	59	71	72	73	215	230	231	394	#
759	666.015	9	24	40	41	56	57	58	59	71	72	74	394	#
760	607.18	40	41	43	44	56	57	58	59	73	74	75	394	#
761	554.749	43	56	57	58	59	60	72	73	74	75	91	394	#
762	553.433	13	28	29	45	46	47	61	62	78	79	95	394	#
763	831.27	195	196	197	198	199	200	213	214	215	216	230	231	246	247	248	249	395	#
764	1203.25	180	196	204	205	220	221	222	233	234	236	237	248	249	250	251	252	395	#
765	972.997	30	46	61	62	78	199	200	201	202	214	215	216	217	218	219	230	395	#
766	920.871	200	201	203	215	216	219	231	232	233	234	247	248	249	250	251	252	395	#
767	889.934	200	201	211	216	217	218	219	227	232	233	234	235	242	243	247	248	395	#
768	878.986	134	166	179	180	181	182	184	186	196	197	198	199	200	201	202	217	395	#
769	56.8794	6	#
770	11.9273	45	#
771	142.405	0	1	16	396	#
772	193.647	1	2	18	396	#
773	481.186	176	177	192	193	208	209	210	211	397	#
774	685.494	177	178	194	195	210	225	226	227	397	#
775	610.161	144	148	161	162	163	164	177	202	397	#
776	506.125	192	193	208	209	210	224	225	226	397	#
777	504.686	176	177	193	209	210	225	226	227	397	#
778	488.626	176	192	193	194	208	209	210	226	397	#
779	140.517	107	108	#
780	142.887	36	67	83	84	398	#
781	189.796	84	100	116	117	398	#
782	177.785	19	20	36	52	398	#
783	148.726	83	99	100	101	398	#
784	147.843	51	52	67	83	398	#
785	23.7492	158	174	#
786	513.946	132	133	134	135	151	167	195	399	#
787	510.127	132	133	134	135	136	151	167	399	#
788	479.222	132	133	148	149	150	151	166	399	#
789	469.983	179	194	195	196	197	212	228	399	#
790	403.523	103	104	105	120	135	136	151	399	#
791	384.353	115	131	132	133	148	149	165	399	#
792	229.845	151	152	400	#
793	146.357	136	152	400	#
794	120.43	110	126	401	#
795	94.1038	95	110	401	#
796	14.0306	57	#
797	422.703	90	91	92	104	105	107	108	123	402	#
798	552.986	86	87	88	89	90	102	105	121	402	#
799	535.758	86	100	101	102	103	104	105	118	402	#
800	504.341	58	59	74	90	91	105	106	107	402	#
801	490.616	91	107	108	123	136	137	138	152	402	#
802	482.793	91	106	107	108	123	124	138	154	402	#
803	348.76	118	132	133	134	135	150	151	403	#
804	455.872	119	133	134	135	150	151	166	403	#
805	432.015	117	132	133	134	135	148	149	403	#
806	429.507	119	120	121	135	136	137	138	403	#
807	416.388	116	132	148	149	163	164	165	403	#
808	392.553	149	150	151	163	164	165	179	403	#
809	1079.09	146	183	184	187	188	200	201	202	203	204	217	220	221	236	237	252	404	#
810	1199.73	65	198	206	207	214	215	217	220	221	222	231	232	233	236	237	238	404	#
811	1104.39	48	204	205	206	220	221	222	236	237	239	250	251	252	253	254	255	404	#
812	1066.56	168	182	183	184	199	214	215	228	229	230	231	232	233	234	248	250	404	#
813	1061.09	86	102	103	182	183	184	198	199	200	201	214	215	216	217	231	232	404	#
814	1050.88	113	114	200	201	202	216	217	218	219	232	233	234	235	248	249	250	404	#
815	1664.12	81	84	85	98	99	100	101	107	114	115	116	118	123	130	131	132	133	134	137	145	147	148	149	150	153	163	164	405	#
816	1735.73	83	84	85	86	87	100	101	102	103	114	116	117	118	119	129	130	131	132	144	147	148	161	162	163	177	178	193	405	#
817	1727.92	31	86	101	102	103	104	118	119	130	132	133	134	147	148	149	150	160	161	162	163	164	165	166	178	240	241	242	405	#
818	1727.68	40	112	113	114	128	129	130	131	144	145	146	147	160	161	162	163	164	176	177	178	179	193	206	209	221	222	237	405	#
819	1721.96	86	99	100	101	102	114	115	116	117	118	130	131	132	133	145	147	148	154	161	162	163	164	168	169	170	185	186	405	#
820	1676.07	85	97	101	106	113	114	116	117	129	130	131	132	144	145	146	147	148	149	160	161	162	163	176	177	178	194	195	405	#
821	2664.21	101	117	118	120	121	132	134	135	136	137	147	148	151	152	162	163	164	165	166	167	180	181	195	196	197	208	209	210	211	212	213	225	226	227	228	229	230	231	241	242	243	244	245	246	247	248	406	#
822	2666.81	1	12	13	15	17	20	21	22	29	30	32	33	35	45	49	50	51	65	66	80	81	82	96	97	98	99	115	117	118	133	134	149	150	151	164	165	166	167	179	180	181	182	195	196	197	213	406	#
823	2663.92	16	17	33	101	102	103	118	119	133	134	135	148	149	150	151	163	164	165	166	167	180	181	182	183	184	185	196	197	198	199	200	201	211	212	213	214	215	216	227	228	230	231	242	243	244	247	406	#
824	2663.64	17	22	33	34	49	50	66	80	81	82	84	85	96	97	98	100	101	112	113	114	115	116	128	129	130	131	132	144	145	146	147	148	160	161	162	163	164	175	176	177	178	179	180	193	195	209	406	#
825	2634.75	54	114	129	130	131	132	133	134	135	147	148	149	150	151	152	163	164	165	166	167	168	169	179	180	181	182	183	184	185	186	195	196	197	198	199	200	211	214	216	232	236	238	239	251	252	253	406	#
826	2631.16	147	153	162	163	169	170	179	180	181	184	185	186	187	188	194	195	196	197	198	199	200	201	202	210	211	212	213	214	215	216	217	218	219	225	226	227	228	229	231	234	235	241	242	243	244	247	406	#
827	287.036	233	235	248	249	250	251	407	#
828	415.79	231	232	233	234	235	248	407	#
829	384.332	219	232	233	234	249	250	407	#
830	307.46	58	234	236	250	251	252	407	#
831	277.014	219	234	235	236	237	250	407	#
832	777.92	48	49	50	64	65	80	81	83	84	96	97	98	99	408	#
833	843.241	16	32	33	34	48	49	50	64	65	80	81	96	98	408	#
834	832.98	0	16	17	32	33	48	49	50	64	65	80	81	98	408	#
835	803.455	21	22	23	24	38	39	54	55	83	99	115	116	131	408	#
836	781.482	32	33	48	49	50	51	64	65	66	81	93	109	126	408	#
837	766.5	17	32	33	34	48	49	50	64	65	66	80	81	96	408	#
838	384.6	237	252	253	254	255	409	#
839	397.299	221	222	237	238	253	409	#
840	383.709	235	237	251	252	253	409	#
841	374.093	236	237	238	253	254	409	#
842	352.369	221	236	237	252	253	409	#
843	247.938	238	239	253	254	255	409	#
844	863.825	19	50	51	65	66	67	81	82	96	97	98	99	100	101	113	117	129	229	410	#
845	1111.2	13	14	29	30	31	46	47	66	82	97	98	99	100	112	113	128	129	144	410	#
846	1057.68	99	100	101	116	117	132	133	134	135	148	149	150	163	164	219	229	230	231	410	#
847	1033.7	76	83	84	85	86	87	91	92	99	100	101	108	115	116	117	132	133	148	410	#
848	981.21	65	66	80	81	82	84	97	98	99	100	101	113	116	117	120	137	138	207	410	#
849	979.269	62	165	180	181	182	196	197	212	213	214	227	228	229	230	243	244	245	246	410	#
850	429.985	146	147	148	162	163	411	#
851	407.469	147	163	164	179	195	411	#
852	375.765	144	145	146	161	162	411	#
853	292.637	92	148	149	164	165	411	#
854	275.27	160	161	162	163	177	411	#
855	261.949	115	131	147	148	149	411	#
856	397.25	211	224	225	226	227	240	412	#
857	530.588	210	211	212	225	226	227	412	#
858	510.624	101	102	211	225	226	227	412	#
859	436.231	210	224	225	226	227	240	412	#
860	403.329	176	192	208	209	224	225	412	#
861	190.788	208	224	225	226	240	241	412	#
862	329.31	17	18	19	20	21	33	413	#
863	424.501	16	17	18	19	32	171	413	#
864	392.09	1	16	17	18	19	32	413	#
865	358.226	20	21	22	37	38	221	413	#
866	331.978	0	16	17	33	34	49	413	#
867	204.745	4	19	20	35	36	52	413	#
868	99.0233	127	#
869	902.791	137	153	169	170	176	183	184	185	186	192	193	194	195	199	200	414	#
870	998.725	97	113	114	129	144	161	176	177	178	192	193	194	208	209	210	414	#
871	967.374	135	136	152	168	169	170	183	184	185	186	198	199	200	216	217	414	#
872	893.181	82	130	152	155	168	169	170	171	172	184	186	187	188	200	201	414	#
873	891.261	112	128	129	144	160	161	176	177	178	192	193	208	209	225	241	414	#
874	859.988	29	140	183	199	200	214	215	216	217	231	232	233	247	248	250	414	#
875	742.459	53	86	102	116	117	118	119	131	132	133	134	149	150	165	415	#
876	846.854	133	134	135	148	149	150	151	162	163	164	165	166	167	182	415	#
877	832.886	115	131	132	134	135	147	148	149	150	165	231	247	248	249	415	#
878	827.653	1	17	101	116	117	118	119	129	130	131	133	145	147	149	415	#
879	822.605	99	101	115	116	117	131	132	133	147	148	149	150	225	241	415	#
880	764.194	35	36	52	86	102	103	105	118	119	120	121	135	151	167	415	#
881	585.538	22	37	38	39	52	53	54	55	70	185	186	416	#
882	787.026	21	23	37	38	39	53	54	68	70	85	101	416	#
883	751.935	23	38	39	53	54	55	71	147	148	163	164	416	#
884	670.396	168	169	170	184	185	186	202	203	204	218	219	416	#
885	652.299	4	5	20	21	22	23	37	38	54	175	191	416	#
886	649.966	22	38	39	53	54	55	68	69	70	71	86	416	#
887	801.536	86	87	102	118	119	134	150	198	212	213	214	227	228	229	230	231	417	#
888	1012.64	29	102	103	117	118	119	120	121	133	134	135	150	151	165	166	167	417	#
889	1012.36	86	100	101	102	103	117	118	119	133	134	135	150	151	163	164	166	417	#
890	948.077	178	194	195	210	211	212	213	214	226	227	228	229	230	243	244	245	417	#
891	929.628	132	133	134	135	149	150	151	152	165	167	168	169	204	205	206	220	417	#
892	918.13	163	179	194	195	210	211	214	225	226	227	228	229	241	243	244	245	417	#
893	239.406	252	253	254	418	#
894	142.414	236	252	253	418	#
895	76.9508	250	251	252	418	#
896	1071.98	12	26	27	28	29	40	41	42	43	56	57	58	72	73	157	158	419	#
897	1157.93	27	28	29	30	40	42	43	44	45	56	57	58	59	60	75	91	419	#
898	1091.54	9	10	11	12	13	14	15	27	28	29	30	41	42	43	44	58	419	#
899	1023.86	11	27	40	41	42	43	44	56	57	58	59	74	75	164	165	181	419	#
900	998.204	24	40	41	42	43	44	56	57	58	59	72	73	74	75	90	91	419	#
901	973.973	7	8	9	22	23	24	26	39	40	41	42	56	57	58	72	73	419	#
902	1463.08	67	68	76	77	78	83	84	85	86	93	94	101	102	108	113	114	115	116	117	118	119	124	125	126	130	131	132	133	134	139	140	141	145	147	148	149	420	#
903	2111.46	2	3	4	5	9	19	24	25	40	41	57	87	101	102	103	115	116	119	131	132	133	134	135	136	147	148	149	150	151	152	164	165	166	167	168	184	420	#
904	2063.92	66	72	82	101	102	112	114	115	116	117	128	129	130	131	132	133	144	145	147	148	149	150	151	162	163	164	165	179	180	181	182	183	195	196	197	198	420	#
905	2024.04	16	32	33	34	48	49	50	51	52	62	64	65	66	67	68	78	80	83	84	85	86	87	99	100	101	115	116	131	132	147	230	231	233	246	247	248	420	#
906	1989.38	34	48	50	52	53	64	65	66	68	69	80	82	83	84	91	92	100	107	108	109	110	112	124	125	126	128	140	141	144	156	157	161	170	171	172	217	420	#
907	1985.23	1	2	3	16	17	32	33	34	48	49	73	74	82	90	98	99	101	114	115	116	117	130	131	132	133	147	148	149	154	163	169	170	186	187	188	204	420	#
908	556.651	13	14	30	31	45	46	47	62	77	78	94	421	#
909	740.26	12	13	14	15	27	28	29	30	31	45	46	421	#
910	668.149	12	13	29	30	31	45	46	61	62	63	77	421	#
911	651.362	13	14	15	28	29	30	31	45	46	47	62	421	#
912	600.904	13	14	15	30	31	46	47	62	63	67	78	421	#
913	591.326	14	29	30	43	44	45	46	47	60	61	76	421	#
914	282.303	17	33	34	49	422	#
915	271.202	17	18	33	34	422	#
916	265.21	17	32	33	49	422	#
917	260.731	18	33	34	49	422	#
918	233.899	17	18	33	49	422	#
919	197.914	137	153	423	#
920	174.435	153	169	423	#
921	121.235	137	138	423	#
922	506.056	10	11	26	27	42	43	44	59	60	424	#
923	737.861	29	45	58	59	60	61	62	76	217	424	#
924	665.203	9	11	26	27	28	42	43	58	59	424	#
925	617.191	8	9	10	11	23	24	26	27	42	424	#
926	601.51	10	26	27	42	43	44	58	59	75	424	#
927	594.332	13	29	30	44	45	46	47	61	62	424	#
928	1739.91	142	158	174	175	187	188	189	190	191	202	203	204	205	206	207	218	219	220	221	222	223	234	235	236	237	238	251	252	253	254	255	425	#
929	2059.45	43	58	59	75	155	171	172	173	187	188	192	199	200	201	202	203	216	217	218	219	221	234	235	236	237	249	250	251	252	253	254	425	#
930	2027.54	169	172	185	186	187	188	194	195	196	199	201	202	203	204	205	206	210	211	212	215	216	217	218	219	227	233	234	249	250	251	252	425	#
931	1973.49	0	16	81	89	97	98	112	113	114	115	131	132	147	172	185	186	187	188	201	202	203	204	205	217	218	219	233	234	244	250	251	425	#
932	1918.26	42	104	120	121	122	136	137	138	201	202	206	207	216	217	218	219	220	221	222	223	233	234	235	236	237	238	249	250	251	252	253	425	#
933	1907.13	121	137	142	153	158	169	170	172	173	174	184	185	186	187	188	189	190	200	202	203	204	205	206	207	219	220	221	222	223	236	237	425	#
934	117.804	206	221	222	223	426	#
935	172.149	206	207	222	223	426	#
936	136.546	221	236	237	253	426	#
937	285.203	221	236	237	252	427	#
938	304.782	234	250	251	252	427	#
939	246.521	221	222	236	252	427	#
940	185.901	206	221	222	237	427	#
941	106.749	227	#
942	315.582	63	77	78	79	93	94	95	109	428	#
943	421.416	46	62	63	76	77	93	94	109	428	#
944	382.424	62	77	78	79	93	94	95	109	428	#
945	347.201	60	61	76	77	93	94	117	133	428	#
946	338.017	63	78	79	95	109	110	125	126	428	#
947	291.993	93	94	95	109	110	126	142	143	428	#
948	1039.46	76	77	78	92	93	94	95	108	109	110	111	124	125	126	140	141	156	157	158	159	172	429	#
949	1420.87	19	34	35	36	50	51	52	53	54	67	68	69	70	76	86	92	102	108	109	125	126	429	#
950	1414.57	54	70	108	113	124	125	126	129	138	139	140	141	145	146	156	157	158	161	162	177	178	429	#
951	1315.54	81	82	97	98	140	141	156	157	172	173	187	188	189	190	191	203	204	205	220	221	222	429	#
952	1311.69	22	38	39	54	95	110	111	119	126	129	130	131	135	142	144	145	158	161	162	177	193	429	#
953	1295.86	42	43	44	125	126	141	142	155	156	157	158	169	170	171	172	173	186	189	190	191	207	429	#
954	1042.67	3	168	169	170	183	184	185	186	187	199	200	201	202	203	215	216	217	218	234	430	#
955	1285.87	123	201	202	206	207	215	216	217	218	221	232	233	234	235	236	237	248	249	250	430	#
956	1272.59	139	153	154	155	156	169	170	171	172	186	187	188	199	200	201	202	217	218	234	430	#
957	1249.46	155	169	170	171	172	185	186	187	188	201	202	203	204	205	217	218	219	247	248	430	#
958	1220.63	12	13	14	15	30	31	46	47	62	200	201	202	213	214	215	216	231	232	233	430	#
959	1210.07	1	2	105	120	121	137	138	139	153	169	182	183	184	185	199	200	201	202	216	430	#
960	518.007	1	16	17	18	32	33	34	48	431	#
961	538.746	2	18	32	34	49	50	65	66	431	#
962	532.259	0	1	2	3	16	17	18	34	431	#
963	487.365	0	1	16	17	18	32	33	34	431	#
964	476.716	1	17	18	32	33	34	48	64	431	#
965	466.701	16	32	33	48	64	80	171	172	431	#
966	173.704	29	44	45	60	432	#
967	226.907	45	46	57	60	432	#
968	198.115	44	45	59	60	432	#
969	169.829	13	27	28	29	432	#
970	75.2594	255	#
971	2750.35	8	9	10	11	12	13	23	24	25	26	27	28	29	31	38	40	41	42	43	44	45	46	51	52	53	54	56	57	58	59	60	61	62	67	68	69	70	72	73	74	75	77	78	84	86	99	100	115	116	138	139	140	141	155	218	219	433	#
972	3283.33	12	13	28	29	30	31	45	46	47	60	75	76	90	91	92	93	105	106	107	108	109	120	121	122	123	124	125	126	127	137	138	139	140	141	142	143	153	154	155	156	157	158	159	171	172	173	174	175	186	187	188	189	190	191	205	207	433	#
973	3245.24	78	85	86	87	106	107	122	123	137	138	139	140	152	153	154	155	156	168	169	170	171	172	173	182	183	184	185	186	187	188	189	190	196	197	198	199	200	201	202	203	205	212	213	214	216	217	218	219	231	232	233	234	235	236	250	251	433	#
974	3224.8	1	17	24	25	38	53	54	55	66	67	68	69	70	82	83	84	85	86	87	98	99	100	101	102	113	114	115	116	117	129	130	131	132	135	136	137	145	148	149	150	151	152	153	163	164	165	166	168	169	180	181	182	183	184	185	201	433	#
975	3222.34	1	16	17	32	33	34	48	49	50	51	53	64	65	66	67	68	80	81	82	83	84	85	96	98	99	100	101	102	103	104	115	116	117	118	119	120	133	134	135	136	148	149	150	151	152	159	164	165	166	167	168	169	181	182	183	197	433	#
976	3152.28	10	11	26	27	90	91	92	93	95	105	106	107	108	109	110	112	113	114	120	121	122	123	124	125	126	128	129	136	137	138	140	141	149	150	151	152	153	154	155	156	157	167	168	169	170	171	172	173	183	184	186	187	188	189	199	204	433	#
977	195.983	113	128	129	145	434	#
978	264.528	97	112	113	114	434	#
979	145.364	128	129	145	170	434	#
980	97.2659	128	129	130	144	434	#
981	163.198	21	22	435	#
982	165.068	5	21	435	#
983	410.274	22	23	37	38	39	55	436	#
984	551.55	21	22	23	37	38	54	436	#
985	529.562	21	22	37	38	53	54	436	#
986	514.024	8	9	23	24	40	41	436	#
987	481.028	22	37	38	53	54	68	436	#
988	454.908	22	23	38	39	54	55	436	#
989	26.6251	219	#
990	107.723	193	194	437	#
991	67.3924	176	193	437	#
992	463.928	8	9	10	11	12	25	26	27	438	#
993	580.943	11	12	13	14	27	28	30	46	438	#
994	491.163	7	8	9	23	24	25	26	40	438	#
995	474.549	10	11	26	27	42	43	59	202	438	#
996	425.218	9	10	11	12	25	26	27	28	438	#
997	419.888	7	8	9	24	25	26	104	139	438	#
998	81.0932	167	#
999	204.231	147	163	164	439	#
1000	209.097	148	163	164	439	#
1001	203.136	147	148	163	439	#
1002	157.816	163	164	179	439	#
