%% File generated by CATS v.2.1Mon Jul  4 11:06:57 2011

%% The CATS webpage is http://robotics.stanford.edu/CATS

%% PARAMETER SETTINGS:
% Goods: 256; Bids: 1000; Distribution: regions; Runs: 1; Seed: 1309806583
% Regions Distribution Parameters:
% Max Substitutable Bids = 5
% Removing HV Neighbor   = 0.1
% Adding DIAG Neighbor   = 0.2
% Additional Location    = 0.9
% Jump Probability       = 0.05
% Additivity             = 0.2
% Budget Factor          = 1.5
% Resale Factor          = 0.5
% Normal Private Value:
%   Mean                 = 0
%   Standard Deviation   = 30



goods 256
bids 1005
dummy 184

0	510.259	71	72	73	86	87	88	103	104	256	#
1	759.798	58	71	72	73	86	87	88	89	256	#
2	723.096	58	72	73	74	87	88	89	153	256	#
3	701.225	58	71	72	73	74	86	87	88	256	#
4	687.688	42	58	71	72	73	74	88	89	256	#
5	642.337	58	71	72	73	86	87	88	103	256	#
6	387.575	43	44	45	61	257	#
7	500.4	42	43	44	58	257	#
8	434.044	27	43	44	45	257	#
9	372.705	30	44	45	46	257	#
10	318.924	30	45	61	77	257	#
11	676.905	44	45	46	58	59	60	258	#
12	778.103	44	45	60	61	76	77	258	#
13	777.448	44	58	59	60	61	77	258	#
14	744.587	30	31	44	45	46	61	258	#
15	695.268	44	45	60	61	159	175	258	#
16	575.454	30	31	45	46	47	63	258	#
17	85.4275	39	#
18	224.471	167	168	169	183	259	#
19	295.814	166	167	182	183	259	#
20	207.264	169	185	186	201	259	#
21	206.018	168	183	184	185	259	#
22	163.963	168	169	185	201	259	#
23	510.193	66	67	82	98	99	260	#
24	453.687	65	66	67	82	98	260	#
25	413.526	98	113	114	115	131	260	#
26	365.84	64	65	66	67	249	260	#
27	350.674	50	65	66	82	83	260	#
28	294.389	3	19	83	99	115	260	#
29	233.997	178	194	209	210	261	#
30	336.982	146	162	177	178	261	#
31	257.922	192	193	194	209	261	#
32	141.356	193	209	210	211	261	#
33	118.154	81	97	193	194	261	#
34	1702.63	16	32	41	48	49	50	72	88	89	97	112	113	128	129	130	131	145	146	147	160	161	163	177	193	194	209	262	#
35	1807.86	4	19	87	88	89	105	113	114	120	121	122	128	129	130	131	137	138	139	144	153	154	160	161	162	176	192	262	#
36	1773.06	6	7	8	24	25	40	41	55	56	57	72	73	85	86	87	88	89	102	105	118	120	121	137	153	168	169	262	#
37	1756.14	32	33	34	80	81	86	96	97	98	99	100	101	102	112	113	114	115	116	128	129	130	131	132	144	145	161	262	#
38	1747.07	80	81	82	96	97	98	112	113	114	115	128	129	130	131	140	145	146	161	162	163	178	179	194	195	223	238	262	#
39	1698.5	48	67	80	81	82	83	96	97	98	99	100	112	113	114	115	131	198	199	214	215	223	231	237	238	248	254	262	#
40	1459.37	7	8	9	22	23	24	25	38	39	40	41	54	55	56	57	70	71	72	73	86	87	88	89	103	105	263	#
41	1796.61	25	40	41	56	57	72	73	87	88	89	104	105	142	155	156	157	158	159	173	174	189	190	205	219	220	263	#
42	1758.62	54	69	70	71	72	85	86	87	88	89	101	102	103	104	105	117	118	119	120	121	133	134	135	150	255	263	#
43	1736.99	8	9	10	13	14	15	23	24	25	29	30	31	40	45	55	56	57	211	212	228	229	230	243	244	245	263	#
44	1697.7	24	25	40	41	56	57	70	71	72	73	74	75	87	88	89	103	104	105	120	121	122	227	228	243	244	263	#
45	1692.03	11	56	59	71	72	73	88	89	90	138	139	141	154	155	156	157	158	180	192	193	208	209	224	225	240	263	#
46	54.4426	94	109	110	264	#
47	36.6546	93	94	110	264	#
48	1419.25	14	30	45	46	47	48	49	50	61	62	63	64	65	77	78	79	92	93	94	108	110	265	#
49	1890.21	13	14	28	29	30	44	45	46	47	61	62	63	76	77	78	79	92	93	108	109	124	265	#
50	1788.87	12	13	14	29	37	38	44	45	46	47	53	54	55	59	60	61	62	77	78	79	93	265	#
51	1787.81	8	9	10	11	24	25	26	41	42	43	62	78	79	92	93	94	95	108	109	124	125	265	#
52	1751.36	10	11	12	13	14	15	28	29	30	44	45	46	47	61	62	77	78	79	229	230	245	265	#
53	1745.19	7	8	9	12	13	14	15	29	30	31	44	45	46	47	60	61	62	63	78	79	93	265	#
54	122.702	70	71	266	#
55	147.687	54	70	266	#
56	1838.18	67	82	83	94	98	99	100	112	113	114	115	116	128	129	130	131	134	144	145	146	149	150	160	161	162	166	167	176	177	178	192	193	194	209	267	#
57	2611.92	29	45	53	69	70	71	102	118	119	134	135	136	147	148	149	150	151	162	163	164	165	166	167	178	179	180	181	182	183	195	196	197	198	213	267	#
58	2490.14	135	148	149	150	151	166	167	177	178	179	180	181	182	183	193	194	195	196	197	198	199	200	209	211	212	213	214	215	216	229	230	231	245	246	267	#
59	2463.47	18	19	33	34	35	50	51	52	53	66	67	68	69	70	71	72	82	83	84	85	98	100	101	102	113	114	117	118	119	132	133	134	150	183	267	#
60	2430.13	75	118	134	135	136	151	152	166	167	168	178	179	180	181	182	183	184	195	196	197	198	199	200	212	213	214	215	216	229	230	231	232	245	246	267	#
61	2368.34	122	123	137	138	139	140	141	142	144	145	146	156	157	158	160	161	162	163	172	173	174	175	176	177	178	189	190	191	192	193	194	206	207	223	267	#
62	1158.25	4	5	20	56	57	58	71	72	73	88	89	90	231	240	268	#
63	1409.66	58	70	71	72	73	87	88	89	90	106	107	122	138	154	268	#
64	1347.5	58	72	73	89	90	91	105	106	107	121	122	136	137	138	268	#
65	1331.53	40	41	56	57	58	59	60	70	71	72	73	88	89	90	268	#
66	1325.35	56	57	58	59	72	73	88	89	90	91	104	105	120	121	268	#
67	1167.6	25	41	55	56	57	58	71	72	73	74	87	88	89	163	268	#
68	46.0368	203	#
69	1208.75	11	12	13	14	15	28	29	30	31	43	44	45	46	47	61	62	63	77	78	269	#
70	1459.51	11	12	14	15	29	30	31	46	47	62	63	64	65	79	80	81	82	224	225	269	#
71	1329.92	9	10	11	12	13	14	15	24	25	27	28	29	30	41	43	44	46	57	62	269	#
72	1244.37	9	10	11	12	13	14	15	27	28	29	30	31	43	44	45	46	47	62	63	269	#
73	1214.34	8	9	10	11	12	13	14	24	25	26	27	28	29	30	31	39	45	46	62	269	#
74	1181.75	8	9	10	11	12	13	14	15	28	29	30	46	47	60	61	62	73	77	78	269	#
75	1442.9	150	166	167	168	182	183	195	196	197	198	199	201	212	213	214	215	217	218	228	229	230	231	232	233	234	245	246	247	248	249	250	270	#
76	2120.77	13	28	29	30	31	44	45	46	47	61	62	77	198	199	201	214	215	217	224	225	230	231	232	233	234	240	245	246	247	248	249	270	#
77	2060.43	28	29	30	31	45	46	47	60	61	62	97	113	129	148	168	182	183	184	196	197	198	199	200	213	214	215	230	231	232	246	247	270	#
78	1985.45	134	135	151	166	167	181	182	183	184	194	195	196	197	198	199	209	210	211	212	213	214	226	227	228	229	230	231	245	246	247	248	270	#
79	1821.58	24	25	26	40	41	56	57	58	70	71	72	117	132	133	195	196	197	198	199	212	213	214	215	216	223	229	230	231	232	247	248	270	#
80	1755.96	44	45	65	66	67	81	97	134	150	165	166	181	186	201	202	203	204	205	218	219	220	221	223	234	235	236	237	238	250	251	252	270	#
81	101.184	161	177	#
82	137.755	145	#
83	948.088	124	140	141	155	156	157	172	235	236	237	238	250	251	252	253	254	272	#
84	1204.54	93	109	122	124	125	138	139	140	141	147	154	155	156	157	170	171	272	#
85	1171.12	44	45	60	61	124	125	139	140	141	142	143	155	156	157	159	172	272	#
86	1090.5	8	9	10	25	93	94	109	110	125	126	139	140	141	142	156	157	272	#
87	1049.59	106	108	109	110	111	122	123	124	125	139	140	141	142	155	156	157	272	#
88	1036.8	90	91	106	107	108	121	122	123	124	125	137	140	141	142	156	157	272	#
89	482.426	151	166	167	168	182	183	184	185	241	242	273	#
90	700.239	168	169	170	182	183	184	199	200	214	215	273	#
91	580.469	152	165	166	167	168	169	182	183	198	214	273	#
92	512.841	165	166	167	168	169	170	182	183	184	200	273	#
93	477.817	105	153	168	169	170	184	185	201	202	217	273	#
94	451.432	193	208	209	211	224	225	226	240	241	242	273	#
95	474.851	46	53	54	62	77	78	79	93	274	#
96	647.915	5	6	22	37	38	39	54	55	274	#
97	586.424	36	37	51	52	53	54	55	56	274	#
98	490.868	61	62	77	78	79	107	123	155	274	#
99	468.5	29	45	46	60	61	62	63	79	274	#
100	464.509	30	45	46	47	61	62	78	79	274	#
101	478.297	33	34	48	49	50	65	66	67	81	97	275	#
102	664.052	32	33	34	35	49	50	51	65	66	81	275	#
103	651.899	17	32	33	34	35	49	50	51	52	66	275	#
104	581.465	32	33	34	48	49	64	65	80	81	97	275	#
105	575.826	33	34	49	65	80	81	96	97	98	113	275	#
106	562.217	1	2	3	17	18	19	33	34	35	36	275	#
107	538.378	13	14	28	29	85	86	101	102	118	132	133	276	#
108	788.773	11	12	13	14	28	29	30	43	44	46	62	276	#
109	713.477	11	12	13	14	27	28	29	30	45	46	47	276	#
110	709.687	37	38	53	54	69	70	71	85	100	101	116	276	#
111	605.073	100	102	116	117	118	119	120	129	130	131	133	276	#
112	564.037	117	132	133	147	148	149	150	151	164	166	180	276	#
113	861.021	5	21	36	37	51	52	53	54	55	56	57	68	69	70	210	211	212	277	#
114	1272.65	34	48	49	50	51	52	66	67	71	72	82	83	84	87	88	103	156	277	#
115	1158.13	26	37	39	40	41	42	43	51	52	53	54	55	56	57	58	59	70	277	#
116	1102.05	67	83	84	100	101	116	195	196	197	199	211	212	213	214	215	226	227	277	#
117	1075.5	26	27	40	41	42	43	56	57	58	59	72	73	74	75	88	89	90	277	#
118	1050.22	67	68	69	70	71	72	83	84	85	86	87	88	89	100	101	102	150	277	#
119	921.75	116	117	118	119	132	133	147	148	149	278	#
120	941.088	99	114	115	116	117	130	132	133	148	278	#
121	797.228	115	116	117	131	132	133	147	148	164	278	#
122	792.169	117	118	119	132	133	148	149	150	164	278	#
123	784.553	3	100	116	117	118	132	133	149	150	278	#
124	761.593	82	83	99	100	115	116	117	132	133	278	#
125	2316.73	11	12	13	26	27	40	41	42	43	57	58	59	60	61	74	75	76	77	90	91	92	105	106	123	124	140	279	#
126	2458.11	11	12	13	14	15	27	30	31	44	45	46	60	61	62	77	78	79	93	179	195	210	211	212	226	241	242	279	#
127	2385.49	13	14	15	26	27	30	31	42	45	46	47	59	60	61	62	63	76	77	78	79	92	93	94	109	110	111	279	#
128	2351.07	11	12	14	25	26	27	30	31	42	43	44	46	47	58	59	60	61	62	63	74	75	77	78	79	90	93	279	#
129	2197.32	15	26	42	58	59	74	75	89	90	91	104	105	106	107	108	120	121	122	123	124	211	224	225	226	241	242	279	#
130	2129.36	7	10	11	12	13	14	15	24	25	26	27	28	30	40	41	42	43	44	45	46	57	58	59	60	61	74	279	#
131	78.057	5	21	47	#
132	534.584	102	116	117	118	119	120	132	133	149	280	#
133	750.996	69	70	71	84	85	86	102	118	134	280	#
134	743.69	104	105	119	120	121	136	137	159	175	280	#
135	645.509	89	90	106	118	119	122	133	134	201	280	#
136	589.943	90	105	106	118	119	120	134	135	136	280	#
137	533.803	97	98	99	100	115	116	117	131	133	280	#
138	1213.41	89	90	106	107	108	119	120	121	122	123	124	138	139	155	281	#
139	1132.61	74	90	91	92	93	106	107	108	109	123	124	125	140	141	281	#
140	1122.61	90	103	104	105	108	120	121	122	123	124	140	141	240	241	281	#
141	1061.72	51	74	89	90	104	105	107	108	109	120	121	123	124	136	281	#
142	971.863	105	106	118	119	120	121	122	123	134	135	137	138	154	170	281	#
143	970.51	74	89	90	91	105	106	107	120	121	122	132	133	149	150	281	#
144	682.722	58	73	74	89	90	104	105	120	121	282	#
145	728.272	56	58	59	72	73	74	75	88	89	282	#
146	637.721	72	87	88	89	90	91	105	107	123	282	#
147	624.059	119	120	136	204	220	221	222	237	238	282	#
148	609.194	10	26	42	43	44	58	59	72	73	282	#
149	598.27	74	87	89	90	103	104	105	120	121	282	#
150	2044.92	72	73	74	88	89	90	91	92	103	104	105	106	108	119	120	123	124	125	136	138	139	140	141	142	154	155	156	157	158	170	171	172	173	174	185	186	187	188	189	201	202	203	283	#
151	2679.7	24	36	37	40	51	52	53	67	68	121	136	137	138	140	143	153	154	155	156	159	172	173	174	175	188	189	190	202	203	204	217	218	219	220	221	222	235	238	251	253	254	255	283	#
152	2631.79	29	44	45	60	61	124	125	126	139	140	141	142	143	155	156	157	158	170	171	172	173	174	175	188	189	190	191	202	203	205	206	207	220	221	222	223	237	238	239	253	254	255	283	#
153	2500.13	7	24	25	34	38	40	41	42	43	54	55	56	57	58	70	71	72	73	74	75	87	88	89	90	91	103	104	105	106	123	141	155	156	157	172	173	174	188	189	190	191	206	283	#
154	2430.19	0	23	26	42	43	56	57	58	59	60	72	73	74	88	89	90	102	105	106	118	119	120	121	122	133	134	135	136	137	148	149	150	151	152	153	164	165	166	167	180	182	183	283	#
155	2358.97	61	108	109	111	124	125	127	138	139	140	141	142	143	153	154	155	156	157	158	159	169	170	171	172	173	174	186	187	188	189	190	191	203	206	207	222	223	229	230	238	239	245	283	#
156	120.773	58	74	284	#
157	97.6145	58	73	284	#
158	227.012	58	72	73	89	285	#
159	195.861	55	56	72	88	285	#
160	140.816	58	73	74	75	285	#
161	94.5529	72	73	74	89	285	#
162	925.104	125	141	155	156	157	158	159	172	173	174	175	189	190	206	222	286	#
163	1064.07	120	121	135	136	137	151	153	158	159	167	174	175	190	191	207	286	#
164	903.549	108	109	123	124	125	140	141	142	156	157	172	173	188	203	219	286	#
165	884.965	122	123	124	139	140	154	155	156	169	170	172	186	193	194	210	286	#
166	846.265	93	108	110	124	126	127	140	141	143	157	158	159	174	175	190	286	#
167	839.271	126	127	141	142	143	156	157	158	159	173	174	175	189	190	191	286	#
168	1146.16	151	153	167	168	169	170	180	181	182	183	184	185	186	198	200	201	202	214	230	287	#
169	1642.81	43	44	168	181	182	183	184	185	196	197	198	199	200	213	214	215	216	231	232	287	#
170	1614.52	168	182	183	184	198	199	200	214	215	216	229	230	231	232	233	234	245	246	247	287	#
171	1474.51	181	182	183	198	199	200	213	214	215	216	228	229	230	231	232	245	246	247	248	287	#
172	1456.02	154	155	168	169	170	182	183	184	185	186	187	198	199	200	201	214	217	233	234	287	#
173	1344.35	102	168	169	170	182	184	185	186	197	198	199	200	201	214	215	216	231	232	247	287	#
174	268.493	64	65	80	81	96	97	112	128	288	#
175	316.543	49	64	65	81	96	97	112	128	288	#
176	208.999	49	65	66	67	81	96	112	128	288	#
177	201.23	67	68	90	91	106	107	289	#
178	278.198	74	90	105	106	107	120	289	#
179	260.892	90	91	106	107	121	122	289	#
180	169.068	74	90	104	105	121	122	289	#
181	182.496	229	245	290	#
182	187.183	245	246	290	#
183	1019.29	14	28	29	30	31	44	45	46	60	61	77	291	#
184	1097.24	14	29	30	31	43	44	45	60	61	76	77	291	#
185	1090.33	13	14	15	28	29	30	31	44	45	60	61	291	#
186	1069.91	12	13	14	15	29	30	44	45	60	61	62	291	#
187	1059.08	12	13	14	15	29	30	31	44	45	60	61	291	#
188	1051.27	13	14	15	29	30	31	45	46	61	62	77	291	#
189	1835.38	20	21	22	23	37	38	39	54	55	100	101	116	117	118	119	132	133	134	135	136	148	149	150	163	164	165	166	179	192	193	241	292	#
190	2004.01	4	5	8	9	20	21	22	23	24	33	34	37	38	39	40	41	42	43	49	53	54	55	56	57	58	59	65	69	74	75	81	292	#
191	1988.35	8	9	23	24	38	39	40	41	55	56	102	118	132	133	134	135	136	137	138	150	151	152	153	166	167	168	169	183	186	199	202	292	#
192	1960.9	5	6	7	8	20	21	22	23	24	25	35	36	37	38	39	40	41	42	51	52	53	54	55	56	57	58	59	67	70	211	227	292	#
193	1881.35	1	2	3	4	5	6	7	8	16	17	18	19	20	21	22	23	32	34	35	36	38	39	54	55	70	106	122	138	139	154	155	292	#
194	1872.43	102	118	119	132	133	134	135	147	148	150	151	152	153	165	166	167	168	169	181	182	183	184	196	197	198	199	200	213	214	215	216	292	#
195	109.011	205	206	221	293	#
196	116.507	204	205	221	293	#
197	110.023	204	205	220	293	#
198	100.867	189	205	206	293	#
199	268.474	121	137	153	154	155	169	170	171	172	188	294	#
200	344.699	62	78	79	137	138	139	153	154	155	171	294	#
201	322.669	136	137	152	153	169	230	231	247	248	249	294	#
202	259.945	136	139	152	153	154	167	168	169	170	185	294	#
203	257.326	149	150	151	155	166	169	170	171	187	188	294	#
204	251.097	141	154	155	156	171	172	188	204	219	220	294	#
205	361.819	121	136	137	295	#
206	276.397	42	136	137	295	#
207	333.346	104	105	201	217	233	296	#
208	354.365	89	90	105	119	120	296	#
209	335.027	72	88	89	103	104	296	#
210	317.577	187	202	203	217	218	296	#
211	242.589	106	231	232	233	248	296	#
212	221.541	169	185	201	202	203	296	#
213	129.282	224	#
214	122.137	166	167	297	#
215	180.804	151	167	297	#
216	636.544	181	182	197	198	199	200	213	214	298	#
217	571.954	197	198	199	200	212	213	214	215	298	#
218	514.683	182	183	197	198	212	213	214	237	298	#
219	491.107	181	182	183	195	196	197	198	213	298	#
220	471.473	151	166	167	168	181	182	183	200	298	#
221	448.383	111	198	199	214	215	230	231	232	298	#
222	3502.96	35	36	39	50	51	52	53	54	55	63	66	67	68	69	70	71	82	84	85	86	87	88	89	90	91	92	99	100	101	102	103	104	105	106	107	116	117	118	119	120	121	122	132	133	134	135	137	138	150	151	152	153	154	166	167	168	169	182	183	231	299	#
223	3939.14	1	2	3	4	5	6	7	8	9	18	19	20	21	22	23	24	25	34	35	36	37	38	39	40	41	50	51	52	53	54	55	56	57	66	67	68	69	70	71	72	73	81	82	83	84	85	86	87	88	90	99	101	102	104	105	107	120	121	122	137	299	#
224	3904.28	4	5	6	10	11	19	20	21	22	23	24	25	26	27	34	35	36	37	38	39	40	41	42	43	50	51	52	53	54	55	56	57	58	59	67	68	69	72	73	74	77	78	81	82	83	84	85	86	87	90	93	100	112	128	129	224	225	226	241	242	299	#
225	3902.87	12	13	14	29	30	36	38	43	44	45	46	47	51	52	53	54	59	60	61	62	63	64	65	66	67	68	69	77	78	79	80	81	82	83	84	93	96	97	98	99	100	109	113	115	116	117	118	131	132	133	134	140	147	148	150	155	156	166	198	199	299	#
226	3797.26	3	7	9	10	19	20	23	25	35	36	37	38	39	40	41	42	43	53	54	55	56	57	58	59	69	71	72	73	74	75	85	86	87	88	89	90	91	101	102	103	104	105	106	107	118	119	120	121	122	123	133	136	138	139	151	152	153	154	155	170	299	#
227	3764.93	0	20	21	34	35	36	37	50	51	52	53	64	65	67	68	69	83	84	85	86	87	88	89	90	91	102	103	104	105	106	107	118	119	120	121	122	123	124	132	136	137	138	139	140	141	151	152	153	154	155	166	167	168	169	170	182	183	184	185	198	299	#
228	715.565	207	221	222	223	235	236	237	238	239	252	253	254	255	300	#
229	1010.02	159	175	190	191	207	222	223	237	238	252	253	254	255	300	#
230	999.19	106	120	122	123	139	204	205	221	222	223	237	238	239	300	#
231	852.066	188	189	190	203	204	205	206	219	220	221	222	223	237	300	#
232	846.471	175	191	204	205	206	207	221	222	223	237	238	239	254	300	#
233	845.257	93	110	126	205	209	221	222	223	236	237	238	252	253	300	#
234	842.717	1	2	16	17	32	33	48	49	50	64	65	80	301	#
235	908.32	17	33	34	35	48	49	50	66	203	204	218	219	301	#
236	906.264	0	1	2	16	17	18	32	33	49	208	209	226	301	#
237	833.767	0	1	2	3	16	17	18	19	33	34	50	139	301	#
238	832.701	4	5	6	16	17	20	21	22	32	33	48	49	301	#
239	832.04	16	17	32	33	34	35	48	50	64	212	213	228	301	#
240	209.484	121	122	302	#
241	301.329	122	123	302	#
242	2162.29	89	90	105	106	107	108	111	115	118	121	122	123	124	125	131	137	138	139	140	141	153	154	155	156	170	171	172	173	174	188	189	190	191	204	205	206	219	303	#
243	2598.39	62	78	89	90	91	92	93	105	106	107	108	109	110	111	119	120	121	122	123	124	125	138	139	140	141	142	154	155	156	157	171	172	188	202	203	238	254	303	#
244	2493.97	30	46	58	59	61	62	72	73	74	77	78	90	91	92	93	94	105	107	108	109	110	121	122	123	124	125	138	139	140	141	153	154	155	156	170	171	186	303	#
245	2471.43	53	54	55	69	78	83	84	85	86	92	93	95	106	107	108	109	110	111	121	122	123	124	125	138	139	140	141	153	154	155	156	157	158	170	171	172	188	303	#
246	2461.01	106	107	108	109	122	123	124	125	138	139	140	141	149	153	154	155	156	157	169	170	171	172	173	174	186	187	188	202	203	204	217	218	234	235	236	250	251	303	#
247	2431.56	52	53	106	107	108	109	122	123	124	125	138	139	140	141	142	143	154	155	156	157	158	159	169	170	171	172	173	174	175	185	186	187	188	202	203	221	222	303	#
248	1174.73	135	151	152	165	166	167	182	183	199	221	222	223	237	238	239	304	#
249	1200.53	149	150	166	167	182	183	184	197	198	199	200	214	215	230	231	304	#
250	1077.2	118	119	120	121	134	135	136	149	180	181	197	198	199	214	215	304	#
251	1068.99	148	149	150	163	164	165	166	167	179	180	181	182	183	196	199	304	#
252	1061.06	19	20	35	149	151	164	165	166	167	180	181	182	183	184	200	304	#
253	1031.93	175	190	191	206	207	218	222	223	234	235	236	237	238	239	255	304	#
254	185.585	240	241	305	#
255	219.029	224	240	305	#
256	189.381	225	241	305	#
257	860.561	77	82	92	93	98	99	108	109	110	111	126	127	142	143	157	306	#
258	1272.93	46	47	60	61	62	63	76	77	78	91	92	93	94	109	110	306	#
259	1108.37	62	63	78	91	92	93	108	109	110	111	126	127	142	197	213	306	#
260	1092.45	62	76	77	78	92	93	94	109	110	111	124	125	126	127	141	306	#
261	1036.45	76	77	91	92	93	94	106	107	108	109	110	111	124	126	127	306	#
262	1011.66	74	76	78	90	91	92	93	94	105	109	110	111	125	126	127	306	#
263	472.637	143	156	157	158	159	173	174	190	307	#
264	633.843	33	142	143	158	159	175	191	207	307	#
265	531.808	125	140	141	155	156	157	158	174	307	#
266	506.649	125	140	141	142	156	157	172	173	307	#
267	390.231	174	190	204	205	206	207	220	223	307	#
268	375.111	111	126	127	142	143	157	158	173	307	#
269	454.452	26	27	42	43	44	56	57	58	74	308	#
270	615.001	56	57	58	113	114	122	138	139	155	308	#
271	540.645	11	26	27	42	43	44	45	46	59	308	#
272	521.795	26	27	42	43	44	45	56	57	58	308	#
273	495.341	10	11	25	26	27	40	41	56	57	308	#
274	494.052	6	7	8	21	24	40	56	72	73	308	#
275	105.164	169	170	#
276	202.614	13	29	309	#
277	157.391	12	13	309	#
278	912.561	58	59	90	106	107	108	115	116	122	123	124	132	310	#
279	935.358	76	77	91	92	93	108	109	124	141	156	172	173	310	#
280	918.106	27	40	43	56	57	58	59	60	72	73	74	75	310	#
281	792.663	57	58	82	97	98	113	114	128	129	130	145	222	310	#
282	776.047	105	108	121	122	123	124	136	137	139	140	141	155	310	#
283	770.499	82	83	99	100	113	114	115	116	117	130	132	133	310	#
284	2457.77	4	19	35	36	37	51	52	53	86	90	102	105	106	118	120	121	122	123	124	125	134	135	136	137	138	139	141	149	152	153	154	155	156	164	165	166	169	170	171	181	182	185	201	311	#
285	3312.51	6	7	11	12	13	20	21	22	23	28	29	34	35	36	37	38	39	44	45	51	52	53	54	55	56	60	61	62	63	67	68	69	70	71	72	77	78	83	84	85	86	87	102	311	#
286	3284.85	12	13	28	29	43	44	45	59	60	61	62	63	77	88	89	90	91	104	105	106	107	120	121	122	123	134	135	136	137	138	139	149	152	153	154	155	169	170	171	172	187	188	203	311	#
287	2999.3	38	76	77	89	92	93	104	105	106	107	108	109	120	121	122	123	124	125	134	135	136	137	138	139	140	141	145	146	147	152	153	154	155	156	163	170	171	172	186	188	202	203	219	311	#
288	2979.9	0	1	2	3	17	18	19	28	32	33	34	35	36	37	38	48	49	50	51	52	53	65	66	67	68	69	70	82	83	84	85	98	99	100	114	115	116	117	189	205	206	207	222	311	#
289	2933.7	0	1	2	3	16	17	18	32	33	34	48	64	74	92	105	106	107	108	109	120	121	122	123	124	134	135	136	137	138	139	140	148	149	152	153	154	155	156	165	169	170	185	186	311	#
290	1516.04	185	186	187	188	201	202	203	204	215	216	217	218	219	230	231	232	233	234	235	236	237	248	250	251	252	312	#
291	1828.1	25	26	27	41	172	184	185	186	188	200	201	202	203	207	217	218	219	223	233	234	235	236	237	238	239	312	#
292	1788.41	170	185	186	201	212	213	214	215	216	217	218	219	223	232	233	234	235	236	237	238	239	250	251	252	254	312	#
293	1775.34	188	189	199	201	202	203	205	214	215	216	217	218	219	230	231	232	233	234	235	236	246	247	248	249	251	312	#
294	1655.74	186	188	201	202	203	204	215	216	217	218	219	231	232	233	234	235	236	237	246	247	248	250	251	252	253	312	#
295	1624.52	167	168	181	182	183	184	196	197	198	199	200	213	214	215	216	217	229	230	231	232	233	234	246	247	248	312	#
296	1040.44	172	188	197	198	199	200	204	205	214	215	216	217	219	220	229	230	231	232	233	234	235	251	313	#
297	1504.87	0	1	16	17	32	33	48	211	212	213	214	226	227	228	229	230	231	232	242	245	246	247	313	#
298	1479.55	127	138	139	154	155	156	170	171	172	186	188	189	190	203	204	205	206	207	219	220	222	223	313	#
299	1340.76	123	139	140	151	152	153	154	166	168	169	170	183	184	185	196	197	198	199	200	214	215	230	313	#
300	1270.83	94	122	136	137	138	139	151	152	153	154	155	169	190	212	228	229	230	231	232	246	247	248	313	#
301	1264.37	27	147	150	151	152	163	166	167	179	181	182	183	196	197	198	199	202	212	213	214	215	216	313	#
302	41.1877	153	169	314	#
303	38.5782	152	169	314	#
304	6.08597	137	153	314	#
305	67.4072	176	177	#
306	541.278	216	217	232	233	234	235	250	251	316	#
307	593.973	38	54	62	78	235	236	237	252	316	#
308	579.679	0	184	185	201	217	232	233	248	316	#
309	537.344	126	142	216	231	232	233	247	248	316	#
310	511.474	73	217	218	232	233	234	248	250	316	#
311	455.603	203	204	215	216	231	232	247	248	316	#
312	435.305	44	45	61	76	77	78	79	317	#
313	603.829	45	47	60	61	62	63	79	317	#
314	451.741	46	61	62	76	77	78	79	317	#
315	417.712	38	61	62	77	78	79	93	317	#
316	373.771	29	45	61	62	77	78	79	317	#
317	228.884	78	79	92	93	94	110	126	317	#
318	635.516	6	21	36	37	52	53	69	318	#
319	716.257	36	37	52	53	68	69	84	318	#
320	715.369	53	68	69	83	84	85	86	318	#
321	633.141	4	5	6	7	8	24	25	318	#
322	575.4	52	53	67	68	69	83	99	318	#
323	568.33	36	38	52	53	54	68	69	318	#
324	536.25	105	119	120	121	135	136	137	319	#
325	603.912	120	121	122	135	136	137	138	319	#
326	561.843	118	124	134	135	136	137	149	319	#
327	559.742	37	120	134	135	136	137	150	319	#
328	467.099	119	120	136	151	152	167	169	319	#
329	455.398	58	74	89	90	91	105	107	319	#
330	987.273	72	73	76	88	89	90	91	92	93	94	95	105	106	107	108	123	124	141	156	157	172	320	#
331	1453.37	46	47	61	62	77	78	79	93	94	95	106	107	108	109	110	111	122	123	124	139	185	320	#
332	1429.29	44	45	46	60	61	74	76	89	90	91	92	93	106	107	108	109	123	124	125	141	208	320	#
333	1384.63	47	59	60	61	76	77	78	87	90	91	92	93	94	106	107	108	109	110	123	125	139	320	#
334	1290.35	11	27	28	29	42	43	44	59	60	75	76	77	91	92	93	94	107	108	109	110	125	320	#
335	1267.5	74	76	85	90	91	92	93	96	97	100	101	102	108	109	112	124	125	140	141	157	158	320	#
336	284.113	163	164	179	180	195	321	#
337	252.152	78	79	148	163	164	321	#
338	224.421	179	180	195	211	226	321	#
339	218.651	146	147	162	163	164	321	#
340	4.9217	148	164	180	196	197	321	#
341	576.72	85	86	101	102	117	118	119	132	133	227	322	#
342	728.355	118	119	133	134	149	150	164	165	166	167	322	#
343	686.175	112	119	149	150	156	164	165	179	180	181	322	#
344	653.667	84	99	100	114	115	116	117	132	133	149	322	#
345	587.017	22	116	117	128	132	133	147	148	149	165	322	#
346	584.752	101	102	117	118	132	133	134	148	149	150	322	#
347	722.02	30	46	62	77	78	93	94	95	110	111	126	127	323	#
348	783.889	14	29	30	31	43	44	45	46	62	63	78	79	323	#
349	769.273	30	43	44	45	46	60	61	62	77	78	79	246	323	#
350	754.014	77	78	79	93	94	95	108	109	110	111	126	127	323	#
351	752.119	30	46	62	63	77	78	79	93	94	95	110	111	323	#
352	736.797	94	95	110	111	126	127	142	143	157	159	175	191	323	#
353	133.297	84	#
354	218.543	215	216	231	232	247	324	#
355	299.951	215	230	231	246	247	324	#
356	273.536	229	231	245	246	247	324	#
357	230.443	215	216	231	247	248	324	#
358	167.869	215	216	217	232	233	324	#
359	72.7385	65	215	216	232	233	324	#
360	951.145	18	34	35	49	50	51	52	65	66	67	82	83	325	#
361	1248.68	50	51	52	88	90	104	105	106	119	120	121	122	325	#
362	1120.76	0	1	2	4	5	16	17	18	19	20	34	35	325	#
363	1096.48	34	48	49	50	51	64	65	66	67	82	84	132	325	#
364	1086.08	0	1	2	3	4	16	17	18	19	34	35	50	325	#
365	1030.22	1	2	18	34	35	49	50	66	67	82	83	84	325	#
366	289.864	0	1	16	17	326	#
367	343.786	0	1	17	18	326	#
368	342.58	1	157	172	173	326	#
369	229.068	1	2	17	18	326	#
370	224.136	16	32	#
371	963.155	34	35	36	37	38	39	50	51	52	53	54	66	67	68	82	84	85	101	249	327	#
372	1194.45	28	29	44	45	53	54	55	60	61	69	77	91	93	115	116	132	133	134	149	327	#
373	1189.83	50	51	53	54	66	67	68	69	83	84	85	86	87	98	99	100	101	102	116	327	#
374	1182.88	19	35	36	37	50	51	52	53	67	68	69	84	85	86	101	198	199	215	216	327	#
375	1172.12	32	33	34	35	36	37	50	51	52	53	66	67	68	69	83	84	99	115	116	327	#
376	1130.21	67	68	84	85	99	100	101	102	115	116	135	151	152	166	167	168	183	199	200	327	#
377	769.357	26	27	42	43	64	65	66	67	80	81	82	83	84	97	98	99	100	113	328	#
378	1149.32	51	52	67	68	69	82	83	85	99	100	101	114	115	116	129	130	131	140	328	#
379	1121.34	19	34	35	36	37	51	52	53	54	67	68	69	81	82	83	84	97	181	328	#
380	1116.9	48	64	65	66	68	80	81	82	83	84	85	87	88	90	96	99	104	105	328	#
381	1050.84	50	65	66	81	82	83	84	98	99	100	113	114	115	116	129	130	131	146	328	#
382	1003.49	25	26	37	41	52	53	54	56	57	64	65	66	67	68	81	82	83	168	328	#
383	658.549	13	36	37	38	53	68	69	70	84	329	#
384	841.236	67	68	69	83	84	85	99	100	115	329	#
385	797.991	20	21	34	35	36	37	38	39	51	329	#
386	642.652	35	36	37	52	53	54	69	70	71	329	#
387	642.334	4	19	20	35	36	37	38	52	68	329	#
388	610.683	39	54	68	69	70	85	101	204	205	329	#
389	533.113	68	69	85	86	101	102	118	176	192	330	#
390	740.851	89	90	105	118	119	120	121	133	137	330	#
391	726.611	68	69	85	86	100	101	102	118	133	330	#
392	696.418	27	43	59	99	100	101	102	118	134	330	#
393	648.097	27	43	53	54	59	60	68	69	70	330	#
394	629.454	70	71	85	86	87	101	102	103	118	330	#
395	64.6569	82	#
396	797.458	147	163	164	177	178	179	180	193	194	195	196	197	211	212	213	331	#
397	1070.56	179	180	181	195	196	197	209	210	211	212	213	228	229	244	245	331	#
398	928.235	132	133	147	148	149	163	164	165	179	180	181	195	196	197	198	331	#
399	921.868	131	175	178	179	180	181	195	196	197	210	211	212	228	229	244	331	#
400	914.012	7	21	22	23	38	39	54	55	56	160	161	176	177	178	194	331	#
401	903.291	133	178	179	180	181	195	196	197	209	210	211	212	213	226	227	331	#
402	664.981	42	43	44	59	60	61	62	79	176	177	192	193	332	#
403	933.258	26	27	28	30	42	43	44	45	57	58	59	60	332	#
404	918.596	29	30	44	45	46	47	62	63	78	79	211	212	332	#
405	847.695	10	26	27	42	43	44	58	59	60	73	74	217	332	#
406	839.082	22	38	45	54	61	62	77	78	79	93	94	109	332	#
407	810.718	29	30	43	44	45	46	59	60	61	62	77	78	332	#
408	467.706	133	135	149	150	151	152	157	164	165	166	167	183	333	#
409	616.091	116	117	132	133	148	149	163	164	165	166	180	181	333	#
410	607.813	147	148	149	150	151	165	166	167	181	182	197	198	333	#
411	504.064	133	134	135	149	150	151	165	166	167	168	182	183	333	#
412	487.607	56	72	73	77	78	79	89	140	141	156	157	173	333	#
413	445.061	150	151	152	153	154	166	167	168	177	183	193	209	333	#
414	1497.25	129	145	160	161	162	163	164	176	177	178	179	192	193	194	195	196	197	208	209	210	211	212	213	224	225	226	227	240	241	242	334	#
415	1975.33	2	3	65	129	132	133	134	135	145	149	151	160	161	162	163	164	165	166	177	179	180	181	182	195	196	197	198	213	214	242	334	#
416	1901.57	117	129	130	131	132	133	144	145	146	147	148	160	161	162	163	164	165	166	176	177	178	179	180	181	193	194	195	208	209	210	334	#
417	1869.6	64	65	80	81	82	83	96	97	99	100	112	114	128	130	131	144	145	146	147	160	161	162	163	176	177	178	179	193	194	195	334	#
418	1804.8	15	79	130	131	132	134	135	144	145	146	147	148	150	151	152	160	161	162	163	164	165	166	167	176	177	180	181	193	194	210	334	#
419	1788.64	9	10	25	102	114	115	118	119	129	130	131	132	133	134	135	145	146	147	148	149	161	162	163	164	165	166	167	168	169	180	334	#
420	144.763	24	25	335	#
421	139.293	24	40	335	#
422	131.831	9	25	335	#
423	1362.81	180	183	195	196	197	199	210	211	212	213	214	215	216	226	227	228	229	230	231	232	233	243	244	245	246	247	248	249	336	#
424	2024.54	47	121	134	135	136	137	138	139	145	146	147	148	149	150	151	152	153	155	164	165	166	169	180	181	196	197	211	227	336	#
425	1986.95	66	67	68	69	70	80	82	83	84	85	96	97	98	99	100	113	114	115	116	129	130	131	145	228	231	244	246	247	336	#
426	1927.48	151	152	153	165	166	167	168	169	176	182	198	199	213	214	215	216	227	228	229	230	231	232	244	245	246	247	248	249	336	#
427	1878.82	166	167	182	183	184	195	197	198	199	200	209	210	211	212	213	214	215	216	227	230	231	232	233	245	246	247	248	249	336	#
428	1815.99	158	159	162	178	179	193	194	195	197	208	209	210	211	213	214	215	226	227	228	229	230	242	243	244	245	246	247	248	336	#
429	911.804	97	98	112	113	114	115	128	129	130	131	144	145	146	160	161	162	176	178	337	#
430	1328.23	49	50	65	66	80	81	82	83	96	98	99	112	113	114	115	116	131	172	337	#
431	1296.51	49	64	65	66	80	81	82	83	96	97	98	99	113	114	115	128	129	130	337	#
432	1231.91	64	80	81	82	96	97	98	99	112	113	114	115	128	129	144	145	197	198	337	#
433	1206.63	50	66	82	86	87	97	98	99	100	101	102	112	113	114	115	116	131	132	337	#
434	1154.29	97	98	112	113	114	115	128	129	130	144	145	160	161	162	163	176	177	192	337	#
435	1509.83	11	14	15	27	29	30	31	43	44	45	46	47	59	60	61	62	63	77	78	79	91	92	93	94	108	109	110	111	338	#
436	2226.65	10	11	12	13	14	29	30	31	45	46	47	61	106	122	123	124	140	141	156	172	173	174	217	218	232	233	234	235	338	#
437	2197.8	11	12	13	14	15	29	30	31	44	45	46	60	62	122	123	124	138	139	140	141	154	155	156	168	169	170	185	186	338	#
438	2127.47	11	12	13	14	15	24	25	26	27	28	29	30	31	41	43	44	45	46	47	57	59	60	61	62	77	161	181	182	338	#
439	2117.42	11	12	13	14	15	26	27	28	29	30	31	41	43	44	45	46	47	57	58	59	61	62	63	74	75	77	78	90	338	#
440	2105.66	7	9	10	11	12	13	14	15	24	25	26	27	28	29	30	41	42	43	44	45	46	57	58	59	61	74	75	102	338	#
441	163.456	167	182	183	339	#
442	215.81	183	198	199	339	#
443	185.638	166	182	198	339	#
444	101.568	151	166	167	339	#
445	334.509	29	30	31	45	46	61	62	340	#
446	500.092	13	14	30	45	46	47	61	340	#
447	460.993	45	46	47	61	62	63	78	340	#
448	390.345	13	28	29	30	44	45	46	340	#
449	248.652	8	24	28	30	43	44	45	340	#
450	557.25	6	7	8	9	21	23	24	25	26	341	#
451	680.174	9	25	26	27	42	43	44	184	200	341	#
452	627.687	6	7	8	21	22	24	38	39	40	341	#
453	559.589	6	7	8	9	24	25	40	41	48	341	#
454	529.029	7	8	22	24	38	39	40	41	54	341	#
455	528.143	4	5	6	19	20	21	22	37	38	341	#
456	492.905	193	194	208	209	210	224	225	342	#
457	507.373	208	209	224	225	226	241	242	342	#
458	484.182	195	209	210	211	212	213	226	342	#
459	479.183	193	208	209	210	224	225	240	342	#
460	290.17	160	161	177	193	194	210	226	342	#
461	276.599	177	178	193	194	208	209	210	342	#
462	164.454	59	74	75	194	343	#
463	180.234	177	178	193	194	343	#
464	170.52	27	43	59	75	343	#
465	114.935	59	74	75	90	343	#
466	113.849	72	73	74	90	343	#
467	1440.88	11	12	14	28	29	30	45	46	47	62	63	77	78	92	134	135	148	149	150	344	#
468	1758.6	10	11	12	13	14	15	26	28	29	30	42	43	44	45	46	59	75	108	124	344	#
469	1730.58	11	27	28	30	43	44	45	46	47	59	60	61	75	77	78	92	93	145	161	344	#
470	1665.77	13	14	28	29	30	43	44	45	46	47	59	60	61	62	75	76	77	79	92	344	#
471	1643.06	7	22	24	28	29	37	38	39	40	44	45	46	47	53	54	55	56	60	61	344	#
472	1622.75	11	12	28	44	45	46	60	61	62	76	77	92	93	110	192	193	225	241	242	344	#
473	713.195	0	1	2	4	18	19	33	34	35	36	49	50	52	65	345	#
474	940.95	4	19	32	33	34	35	36	48	51	128	144	145	237	253	345	#
475	876.928	32	33	48	49	64	65	66	80	81	82	96	112	128	129	345	#
476	844.244	18	33	34	48	49	50	51	52	67	82	83	84	99	100	345	#
477	837.401	0	1	2	17	18	19	20	32	33	48	49	64	65	80	345	#
478	773.463	3	4	5	6	7	8	18	19	20	34	35	50	65	66	345	#
479	565.679	0	1	2	16	17	18	32	33	48	346	#
480	672.202	0	1	2	3	17	18	19	34	50	346	#
481	621.295	0	16	17	32	33	49	50	51	52	346	#
482	589.828	0	1	2	16	17	18	19	33	34	346	#
483	577.672	0	1	16	17	32	33	34	48	50	346	#
484	568.097	0	1	16	17	18	19	32	33	34	346	#
485	836.59	43	44	59	60	61	73	74	75	89	90	172	347	#
486	1051.97	72	73	74	75	88	89	90	106	121	122	151	347	#
487	1017.39	61	74	88	89	90	104	105	106	107	123	159	347	#
488	992.035	58	72	73	74	75	88	89	90	91	106	122	347	#
489	896.721	30	31	44	45	46	60	61	76	77	78	79	347	#
490	834.607	58	73	74	75	88	89	90	91	104	105	107	347	#
491	396.861	159	174	175	189	190	191	348	#
492	401.639	157	158	159	173	174	190	348	#
493	395.783	143	158	159	170	171	186	348	#
494	392.07	173	189	190	206	222	223	348	#
495	272.475	122	174	190	206	222	223	348	#
496	215.636	89	174	189	190	191	205	348	#
497	1906.73	7	8	9	10	21	22	23	24	25	26	27	37	38	39	40	41	53	54	55	56	68	69	72	78	88	92	93	109	349	#
498	2204.59	1	2	6	7	8	9	10	17	18	22	23	24	25	26	37	38	39	44	53	54	69	141	153	156	157	158	172	200	349	#
499	2140.35	1	3	6	7	17	18	19	22	23	33	34	35	36	37	38	39	50	51	52	53	54	184	185	186	187	201	202	241	349	#
500	2036.41	7	8	9	24	25	37	38	39	40	41	51	52	53	54	55	56	66	67	68	69	70	82	83	84	85	99	100	101	349	#
501	1969.39	5	6	7	8	21	22	23	24	33	34	35	36	37	38	39	40	49	50	51	52	53	54	55	56	57	68	84	92	349	#
502	1969.08	7	8	22	23	24	38	39	40	41	42	43	44	55	56	57	58	59	60	61	72	73	74	88	89	90	104	105	115	349	#
503	628.436	40	41	56	57	132	147	148	164	205	221	237	238	239	350	#
504	920.289	18	19	191	205	206	207	221	222	223	236	237	253	254	350	#
505	897.154	188	203	204	207	219	220	221	222	223	238	239	254	255	350	#
506	886.014	130	131	132	146	147	148	161	162	163	164	179	195	211	350	#
507	866.767	50	51	205	206	207	221	222	223	236	237	238	252	253	350	#
508	858.255	22	100	110	116	117	118	132	133	134	135	136	148	149	350	#
509	3008.36	4	5	6	7	8	9	10	11	20	21	22	23	24	25	26	27	36	37	38	39	42	43	54	55	56	57	58	70	71	72	73	87	88	89	351	#
510	2794.87	5	6	7	8	10	21	22	23	24	25	26	27	36	37	38	39	40	41	43	52	53	54	55	56	57	58	69	70	71	72	87	88	103	104	351	#
511	2792.05	1	4	5	6	7	8	9	10	17	18	19	20	21	22	23	24	25	26	36	37	38	39	40	41	42	43	52	53	54	55	56	57	70	72	351	#
512	2741.58	1	3	4	5	6	7	8	9	10	18	19	20	21	22	23	24	26	38	39	40	55	182	183	198	199	214	215	216	229	230	231	232	233	248	351	#
513	2739.43	6	8	9	20	21	22	23	24	25	26	30	36	37	38	39	40	41	45	53	54	55	56	57	58	69	70	71	72	87	88	89	155	158	240	351	#
514	2725.69	5	6	7	21	22	23	24	25	26	36	37	38	39	40	41	53	54	55	56	57	69	70	72	88	130	131	146	147	199	214	215	229	230	234	351	#
515	1446.64	18	20	21	22	23	35	36	37	38	51	52	53	54	67	68	69	82	83	84	85	101	110	111	227	352	#
516	1808.07	0	1	2	3	4	6	16	17	18	19	20	21	22	23	32	33	37	38	39	53	54	55	80	96	352	#
517	1799.97	0	1	18	19	20	21	35	36	37	38	51	52	53	68	69	83	84	223	237	238	239	253	254	255	352	#
518	1765.33	0	1	2	3	4	16	17	18	19	20	21	22	32	34	35	37	207	222	223	238	239	253	254	255	352	#
519	1730.06	0	17	33	38	49	50	52	53	54	65	66	67	68	69	70	83	84	85	99	114	115	130	146	158	352	#
520	1709.89	12	13	14	28	29	30	44	45	46	61	62	77	78	79	93	94	95	108	109	110	111	126	127	142	352	#
521	754.543	114	130	144	145	146	147	148	160	161	163	353	#
522	781.63	112	128	130	144	145	146	160	161	162	178	353	#
523	752.87	82	97	98	113	114	115	130	131	146	147	353	#
524	747.598	113	129	130	144	145	146	160	161	162	163	353	#
525	743.074	129	130	131	145	146	147	160	161	162	178	353	#
526	663.184	98	114	130	132	146	147	148	162	177	178	353	#
527	268.545	88	89	354	#
528	137.01	88	104	354	#
529	690.295	92	93	94	95	110	111	112	126	127	128	143	355	#
530	1002.74	112	113	114	115	128	129	130	146	147	161	162	355	#
531	656.961	95	110	111	126	127	142	143	157	158	159	173	355	#
532	624.024	93	94	95	109	110	111	125	126	127	142	143	355	#
533	570.664	77	92	93	94	95	110	111	126	127	143	159	355	#
534	547.123	77	93	94	95	110	111	126	127	142	143	157	355	#
535	99.2225	172	188	356	#
536	91.4773	171	172	356	#
537	713.594	90	92	93	106	107	108	109	110	122	123	124	125	138	139	154	196	357	#
538	1033.01	29	44	45	61	62	63	77	79	93	108	109	123	124	125	141	156	357	#
539	914.744	76	89	90	91	92	105	106	107	121	122	123	124	138	139	154	155	357	#
540	879.571	87	89	90	91	92	106	107	108	109	123	124	139	140	141	155	157	357	#
541	874.915	92	93	106	107	108	109	110	121	122	123	124	125	126	138	141	156	357	#
542	865.902	90	92	106	107	108	122	123	124	125	139	140	141	155	156	172	173	357	#
543	709.745	88	89	105	120	136	150	151	152	165	166	182	358	#
544	878.972	58	71	72	73	87	88	89	90	91	104	105	358	#
545	870.398	132	133	134	135	149	150	165	181	182	183	184	358	#
546	780.063	134	135	149	150	151	152	153	165	166	181	182	358	#
547	762.347	11	134	150	165	166	181	182	197	198	204	214	358	#
548	731.589	42	58	59	73	74	75	88	89	90	104	129	358	#
549	366.948	6	22	23	38	39	55	206	219	220	221	222	359	#
550	541.509	158	159	173	174	189	190	205	206	207	222	223	359	#
551	500.054	6	8	22	24	25	26	37	38	39	42	54	359	#
552	453.419	203	204	205	206	207	219	220	222	223	235	239	359	#
553	449.627	155	171	172	187	188	203	204	205	218	219	220	359	#
554	383.936	6	7	8	9	22	23	24	25	37	38	39	359	#
555	262.353	162	163	164	165	360	#
556	277.804	146	162	163	164	360	#
557	208.311	147	163	164	165	360	#
558	139.489	132	148	165	172	360	#
559	82.0138	6	21	#
560	6.63151	143	#
561	678.848	189	205	219	220	221	222	223	237	238	254	361	#
562	678.477	191	205	206	207	221	222	223	236	237	253	361	#
563	662.602	206	207	220	221	222	223	237	238	239	254	361	#
564	632.395	172	173	174	189	204	205	219	220	221	222	361	#
565	582.758	13	173	189	190	205	206	207	221	222	237	361	#
566	522.185	188	204	205	206	220	221	222	238	254	255	361	#
567	92.2295	59	75	199	362	#
568	132.614	74	75	90	362	#
569	73.2787	58	59	75	362	#
570	62.7096	198	199	214	362	#
571	499.656	205	206	207	221	222	223	238	363	#
572	604.961	204	205	220	221	222	223	237	363	#
573	566.495	204	205	206	221	222	223	237	363	#
574	449.891	207	221	222	223	237	238	239	363	#
575	423.014	221	222	223	237	238	239	253	363	#
576	387.642	135	136	206	207	223	238	239	363	#
577	110.997	105	#
578	109.971	204	#
579	358.906	220	221	235	236	237	252	253	364	#
580	405.882	206	220	221	222	237	252	253	364	#
581	385.234	218	233	234	235	236	251	252	364	#
582	331.875	62	203	218	219	220	235	251	364	#
583	317.759	204	219	220	221	222	223	238	364	#
584	232.736	189	190	191	205	206	221	222	364	#
585	1121.96	6	14	21	22	29	30	31	33	34	35	36	37	45	46	47	52	53	54	67	68	365	#
586	1591.19	0	1	16	17	18	32	33	34	35	48	49	50	51	64	65	66	82	94	109	110	365	#
587	1525.45	0	1	16	17	18	32	33	34	35	36	37	49	50	51	52	53	54	67	69	162	365	#
588	1453.69	4	19	33	34	35	48	49	50	51	64	65	66	81	82	83	96	99	115	118	134	365	#
589	1384.72	34	35	36	37	51	52	53	67	68	69	150	166	168	182	183	184	185	199	246	247	365	#
590	1361.57	12	13	14	26	27	28	29	30	31	45	46	61	62	97	100	113	114	115	116	131	365	#
591	43.5502	13	14	29	366	#
592	25.0134	29	30	45	366	#
593	2326.22	5	6	12	13	14	20	21	22	29	30	31	39	42	43	44	45	46	55	58	59	61	77	93	129	130	145	146	160	161	176	177	178	179	195	367	#
594	2654.77	0	1	5	6	7	8	17	18	19	20	21	22	23	33	34	36	37	38	39	40	52	53	54	55	56	69	70	71	72	88	104	209	225	241	367	#
595	2529.31	11	12	13	14	15	26	27	28	29	30	31	43	44	45	46	47	59	60	61	62	63	76	77	78	92	93	94	108	109	110	124	125	140	243	367	#
596	2524.02	10	11	12	13	14	26	27	28	29	30	31	42	43	44	45	46	47	58	59	60	61	62	63	76	77	78	79	92	93	94	108	109	110	125	367	#
597	2522.14	10	11	12	13	14	26	27	28	29	30	31	41	42	43	44	45	46	47	57	58	59	60	61	62	63	73	74	77	92	93	94	110	160	161	367	#
598	2491.74	4	5	6	7	10	11	12	13	20	21	22	23	24	26	27	28	29	30	31	37	38	39	40	41	43	44	45	53	54	55	57	59	60	61	367	#
599	143.396	160	161	177	178	179	368	#
600	209.831	161	162	176	177	178	368	#
601	206.293	177	178	179	193	194	368	#
602	201.71	139	145	154	160	161	368	#
603	1359.64	67	83	135	136	138	151	152	153	154	155	156	166	167	168	169	170	171	184	185	186	369	#
604	1506.29	34	35	50	51	65	66	67	68	69	81	82	83	84	85	97	100	101	194	210	211	369	#
605	1483.98	108	109	121	122	123	124	125	126	139	140	141	142	143	154	155	156	157	171	172	173	369	#
606	1455.51	122	123	124	137	138	139	140	141	152	153	154	155	156	168	169	170	184	185	186	201	369	#
607	1413.91	89	90	105	120	121	122	137	141	152	153	154	155	156	169	170	171	184	185	186	201	369	#
608	1388.18	40	50	51	52	53	54	55	56	66	67	68	69	70	83	84	85	99	100	101	116	369	#
609	230.281	205	206	220	221	222	370	#
610	335.082	204	205	206	219	220	370	#
611	304.051	189	204	205	220	221	370	#
612	300.375	175	190	191	206	207	370	#
613	279.653	186	204	205	221	237	370	#
614	206.263	205	220	221	222	223	370	#
615	772.78	12	13	14	28	29	30	44	45	46	60	177	178	193	194	210	255	371	#
616	1136.88	204	205	206	222	223	234	236	237	238	239	250	251	252	253	254	255	371	#
617	1118.77	53	92	93	94	108	109	131	145	146	147	160	161	162	163	178	179	371	#
618	1115.74	11	12	13	14	15	28	29	30	31	44	45	46	56	57	60	62	371	#
619	1056.85	12	13	28	29	30	31	44	45	60	61	62	63	77	93	94	95	371	#
620	1039.65	13	14	15	29	30	31	45	46	47	61	62	63	77	78	79	93	371	#
621	164.054	21	40	41	56	57	72	73	#
622	149.996	182	198	214	215	372	#
623	177.608	197	198	214	215	372	#
624	112.019	166	167	182	183	372	#
625	82.0291	183	199	214	215	372	#
626	1555.48	12	13	14	28	29	30	44	45	46	47	60	61	62	63	76	77	135	136	151	373	#
627	1648.51	12	13	28	42	43	44	45	46	59	60	61	62	63	75	76	77	78	79	92	373	#
628	1610.44	12	13	14	29	43	44	45	46	47	59	60	61	62	63	75	77	78	79	115	373	#
629	1608.58	12	13	27	29	30	42	43	44	45	46	47	60	61	62	63	76	77	78	79	373	#
630	1482.97	11	12	27	42	43	44	45	46	47	59	60	61	62	63	76	77	78	79	93	373	#
631	1420.41	11	12	13	14	28	29	30	43	44	45	46	61	62	63	77	78	93	170	186	373	#
632	233.496	90	91	105	106	374	#
633	299.875	25	106	123	139	374	#
634	263.978	90	91	104	105	374	#
635	225.081	89	90	91	105	374	#
636	150.975	58	74	90	91	374	#
637	832.277	78	79	92	93	108	109	110	111	124	125	140	375	#
638	1000.84	104	107	108	122	123	124	134	135	137	138	141	375	#
639	955.898	62	78	92	93	107	108	109	110	123	124	125	375	#
640	916.875	28	44	45	60	61	62	63	78	79	106	122	375	#
641	885.515	92	93	108	109	123	124	125	139	140	155	156	375	#
642	833.214	22	37	38	39	67	68	69	108	124	125	140	375	#
643	1491.89	8	9	24	25	39	40	41	42	45	54	55	56	57	58	59	60	69	70	71	72	73	74	87	88	90	135	151	235	376	#
644	2074.9	4	5	6	7	8	9	11	18	19	20	21	22	23	24	25	26	27	37	38	39	40	41	53	54	55	56	57	72	376	#
645	2033.25	5	6	7	8	9	19	20	21	22	23	24	25	26	27	35	36	37	38	39	40	41	53	54	55	56	57	71	72	376	#
646	2015.61	12	13	14	25	26	27	28	29	30	43	44	45	46	56	57	58	59	60	61	62	75	76	77	78	79	87	188	204	376	#
647	1898.36	4	5	6	7	8	9	10	11	12	20	21	22	23	24	25	26	27	37	38	39	40	42	54	55	58	69	70	85	376	#
648	1896.22	5	6	20	21	22	36	37	38	39	52	53	54	55	56	57	68	69	70	71	72	73	85	86	87	88	103	104	253	376	#
649	1016.81	0	1	2	3	4	16	17	18	19	32	33	34	35	48	49	50	377	#
650	1157.73	1	2	17	18	104	145	146	147	148	160	162	163	164	165	180	181	377	#
651	1156.87	0	1	16	17	18	32	33	34	48	49	50	51	65	81	82	162	377	#
652	1120.74	1	2	3	16	17	18	19	20	34	35	36	37	51	52	53	69	377	#
653	1086.4	16	17	32	48	49	50	69	85	86	87	88	103	105	120	121	137	377	#
654	1078.71	0	1	2	16	17	18	32	33	34	48	49	50	51	67	127	143	377	#
655	1355.98	1	2	3	4	5	16	17	18	19	20	21	33	34	35	36	37	50	51	53	54	67	68	164	378	#
656	1791.99	0	1	2	3	4	16	17	18	19	32	33	34	35	50	107	108	122	123	124	125	139	140	141	378	#
657	1782.58	18	30	31	34	44	45	46	49	50	51	62	63	64	65	66	67	79	81	176	177	217	218	234	378	#
658	1740.77	0	1	2	3	16	17	18	19	20	21	32	33	48	49	64	80	167	168	182	183	198	199	214	378	#
659	1728.72	51	52	53	54	67	68	69	70	71	82	83	84	85	86	87	99	100	101	102	103	116	117	118	378	#
660	1670.34	0	1	2	3	4	5	6	16	17	18	19	20	21	37	38	123	124	141	142	143	157	158	159	378	#
661	196.245	1	2	17	18	379	#
662	84.3684	1	17	18	34	379	#
663	45.267	0	16	17	18	379	#
664	980.518	89	90	91	105	106	107	121	122	123	124	137	138	139	202	203	217	218	219	234	380	#
665	1281.32	185	186	201	217	219	220	231	232	233	234	235	245	246	247	248	249	250	251	252	380	#
666	1268.91	26	32	42	58	74	75	89	90	91	105	106	107	108	121	122	123	139	140	155	380	#
667	1267.63	80	81	90	96	97	105	106	107	112	113	121	122	123	124	136	137	138	139	155	380	#
668	1241.48	68	69	85	106	107	108	122	123	124	138	139	140	152	153	154	155	156	170	171	380	#
669	1213.11	74	89	90	91	106	107	121	122	123	124	138	139	140	152	154	155	156	169	170	380	#
670	638.047	108	123	124	125	140	141	155	156	157	171	172	173	381	#
671	850.852	57	58	73	74	90	106	107	108	109	123	124	141	381	#
672	778.786	124	138	139	140	141	153	154	155	156	170	171	172	381	#
673	770.055	90	91	106	107	108	109	123	124	125	139	141	155	381	#
674	767.881	124	126	139	140	141	142	143	155	156	157	158	173	381	#
675	759.519	90	91	106	107	108	109	122	123	124	125	141	156	381	#
676	254.594	76	92	108	109	124	382	#
677	364.517	76	77	91	92	93	382	#
678	342.107	76	77	78	92	93	382	#
679	318.103	123	124	125	140	141	382	#
680	223.823	92	93	108	109	124	382	#
681	93.5713	94	109	110	124	125	382	#
682	855.252	11	12	29	30	31	45	46	47	62	63	383	#
683	1155.17	47	62	63	78	79	93	94	108	109	199	383	#
684	1034.83	28	29	45	46	47	61	62	63	78	79	383	#
685	937.037	12	28	29	30	44	45	46	47	62	63	383	#
686	897.629	30	45	46	47	61	62	63	77	78	79	383	#
687	875.489	61	62	63	78	92	93	108	109	110	111	383	#
688	559.286	132	211	212	213	226	227	228	229	230	242	243	244	245	246	384	#
689	816.783	198	209	214	215	225	226	227	228	229	230	231	232	242	245	384	#
690	788.404	181	182	198	199	214	215	227	228	229	230	231	232	244	245	384	#
691	693.614	179	195	209	211	212	224	225	226	227	228	229	241	242	244	384	#
692	606.807	106	156	194	208	209	210	211	212	224	225	226	227	240	242	384	#
693	585.492	166	168	181	182	183	195	197	198	199	211	212	213	214	230	384	#
694	1041.44	16	17	18	32	33	48	49	50	51	64	65	66	67	68	156	223	239	255	385	#
695	1429.63	0	1	2	3	16	17	18	19	20	32	33	34	35	48	49	50	65	66	385	#
696	1406.67	0	1	2	3	4	5	18	19	20	21	22	35	36	37	51	234	235	251	385	#
697	1367.13	50	51	52	53	66	67	68	83	84	99	100	114	115	130	131	174	189	190	385	#
698	1337.99	0	1	2	3	16	17	18	32	33	34	35	48	49	50	51	65	66	82	385	#
699	1292.3	49	50	51	66	114	130	146	161	162	163	178	179	180	195	196	211	212	213	385	#
700	141.323	199	215	216	232	386	#
701	189.273	199	214	215	230	386	#
702	72.4352	215	216	232	233	386	#
703	16.4425	48	#
704	182.933	188	203	204	219	235	387	#
705	267.461	171	187	203	204	219	387	#
706	175.262	119	150	204	205	219	387	#
707	164.613	187	203	217	218	233	387	#
708	397.163	166	167	168	180	181	182	183	196	197	199	220	221	388	#
709	588.105	85	151	152	167	168	169	182	183	184	198	199	200	388	#
710	556.406	174	190	191	204	205	206	207	220	221	237	252	253	388	#
711	508.983	133	147	148	149	151	165	166	167	181	182	183	198	388	#
712	506.54	187	201	202	203	205	217	218	219	220	233	234	235	388	#
713	500.82	129	135	151	152	166	167	181	182	183	197	198	199	388	#
714	577.972	158	159	173	174	175	189	190	191	205	206	220	221	225	237	246	389	#
715	858.338	33	34	199	212	213	214	215	228	229	230	245	246	247	248	249	389	#
716	843.837	138	139	154	155	206	207	221	222	223	236	237	238	239	252	255	389	#
717	792.696	28	65	66	67	83	84	85	189	205	206	207	220	221	222	237	389	#
718	762.722	123	124	126	139	140	141	142	155	156	157	158	172	173	174	188	389	#
719	673.351	159	174	175	190	191	206	207	221	222	236	237	238	239	254	255	389	#
720	50.0336	98	#
721	1459.57	62	76	77	78	88	89	90	91	92	93	103	104	105	106	107	108	109	110	111	119	120	121	122	123	124	125	136	137	138	139	140	153	154	169	170	171	185	390	#
722	2147.27	70	71	87	88	89	90	91	103	104	105	106	107	120	121	122	123	124	130	136	140	146	147	148	156	157	161	162	163	164	176	177	178	179	180	186	195	196	390	#
723	2098.9	79	88	89	90	91	92	103	104	105	106	107	108	109	120	121	122	123	124	137	138	153	154	155	156	167	168	169	170	182	183	185	215	216	220	231	232	247	390	#
724	2062.83	7	8	9	24	25	26	39	40	41	54	55	56	57	70	71	72	83	84	85	86	87	88	89	90	91	103	104	105	106	107	118	119	120	121	122	137	153	390	#
725	2042.04	135	136	151	152	153	154	155	156	165	166	167	168	169	170	180	181	182	183	184	185	186	195	196	197	198	199	200	201	202	203	212	213	217	218	219	233	234	390	#
726	2041.69	32	122	123	124	125	139	140	141	151	152	153	154	155	156	157	158	159	167	168	169	170	171	183	184	185	186	187	200	203	205	206	218	219	220	221	233	234	390	#
727	411.622	134	138	150	165	166	181	182	198	391	#
728	573.56	183	184	198	199	200	214	215	231	391	#
729	547.743	106	122	123	124	138	139	153	154	391	#
730	487.446	147	148	149	162	163	164	165	166	391	#
731	432.389	115	116	132	133	148	149	150	164	391	#
732	378.757	166	167	180	181	182	183	197	213	391	#
733	94.2891	54	#
734	505.645	0	1	2	3	8	17	18	34	35	51	392	#
735	718.129	7	8	9	23	24	25	39	40	41	57	392	#
736	497.25	2	3	4	18	19	20	34	240	241	242	392	#
737	455.49	2	3	19	34	35	36	50	51	55	56	392	#
738	400.968	3	4	19	34	35	50	51	67	83	241	392	#
739	399.139	0	1	2	3	17	18	19	20	34	35	392	#
740	890.115	5	7	8	9	21	22	23	24	25	37	40	41	54	55	56	393	#
741	1184.04	7	8	23	24	38	39	40	41	42	54	55	56	57	58	232	393	#
742	1086.02	23	24	25	26	36	40	41	54	55	56	57	72	88	189	244	393	#
743	1061.86	6	7	8	9	10	23	24	25	38	39	40	41	54	56	57	393	#
744	1050.53	7	8	9	22	24	25	26	27	38	39	53	54	55	56	69	393	#
745	1002.44	5	6	8	21	22	23	24	25	37	38	39	40	41	54	57	393	#
746	187.183	64	80	96	394	#
747	270.839	96	112	128	394	#
748	242.265	80	81	97	394	#
749	98.3563	120	121	395	#
750	86.0907	121	137	395	#
751	37.1816	120	136	395	#
752	1248.55	41	56	57	58	59	72	73	74	75	88	89	90	104	105	204	220	221	396	#
753	1618.91	9	10	26	42	43	44	55	56	57	58	59	71	72	73	88	89	90	396	#
754	1544.87	28	40	41	42	43	44	45	57	58	59	60	61	73	74	75	89	90	396	#
755	1539.44	40	41	42	44	55	56	57	58	59	60	71	72	74	75	90	106	248	396	#
756	1518.17	42	43	44	45	56	57	58	59	60	61	72	73	74	75	77	88	89	396	#
757	1469.98	12	26	27	28	29	30	31	42	43	44	45	58	59	60	75	86	170	396	#
758	264.968	42	43	58	74	397	#
759	320.853	26	42	43	44	397	#
760	309.22	26	42	43	59	397	#
761	129.84	57	58	74	83	397	#
762	86.6026	42	58	73	74	397	#
763	333.88	108	109	124	398	#
764	283.75	93	108	109	398	#
765	267.371	92	93	108	398	#
766	187.302	123	124	141	398	#
767	29.7129	36	#
768	1264.17	186	187	188	201	202	203	204	205	206	207	217	218	219	220	221	234	235	236	250	251	252	399	#
769	1633.75	109	124	125	187	188	203	204	205	206	207	218	219	220	221	222	223	235	237	238	239	254	399	#
770	1626.19	70	71	87	173	189	190	204	205	206	207	219	220	221	222	223	235	236	237	238	253	254	399	#
771	1611.71	158	159	174	175	189	190	191	204	205	206	207	219	221	222	223	237	238	239	253	254	255	399	#
772	1496.03	68	69	84	85	100	171	187	188	191	203	204	205	206	207	218	219	220	221	222	234	235	399	#
773	1483.43	188	203	204	205	218	219	220	221	222	234	235	236	237	238	239	250	251	252	253	254	255	399	#
774	788.971	182	198	214	215	216	228	229	230	231	232	245	246	248	249	400	#
775	942.129	135	136	137	150	151	165	166	167	180	181	182	183	197	198	400	#
776	919.949	166	182	198	199	214	215	229	230	231	245	246	247	248	249	400	#
777	877.789	149	150	164	165	166	167	168	180	181	182	183	197	198	199	400	#
778	860.381	39	54	68	69	70	85	214	215	230	231	245	246	247	248	400	#
779	803.192	43	182	183	198	199	200	213	214	215	216	230	231	246	247	400	#
780	521.308	82	97	98	113	158	159	174	175	191	401	#
781	648.437	47	50	51	66	67	82	83	98	113	401	#
782	619.104	81	82	83	84	96	98	99	100	113	401	#
783	588.359	143	159	175	191	204	205	219	220	235	401	#
784	496.54	42	58	98	113	114	128	129	130	131	401	#
785	492.751	158	159	174	175	190	191	206	207	222	401	#
786	1693.79	58	73	76	77	87	88	89	90	91	92	93	94	103	104	105	106	107	108	109	119	120	121	122	123	136	137	138	151	208	402	#
787	2155.48	24	40	56	57	58	59	71	72	73	74	82	83	84	86	87	88	89	90	91	92	103	104	105	106	107	122	123	138	139	402	#
788	2064.55	6	7	8	9	23	24	25	40	41	55	56	57	58	59	72	73	74	87	88	89	90	104	105	106	107	120	121	122	136	402	#
789	1930.77	51	66	67	80	81	82	83	98	99	100	116	177	178	184	193	194	200	208	209	210	211	212	224	225	226	227	240	241	242	402	#
790	1848.56	51	52	61	62	67	68	76	81	82	83	84	85	90	91	92	93	98	99	100	104	105	106	107	108	115	116	122	123	139	402	#
791	1838.95	76	90	91	92	93	104	105	106	107	108	120	121	122	123	124	125	140	141	172	173	189	190	195	205	212	220	221	222	238	402	#
792	2214.98	44	45	46	60	61	76	77	92	93	94	108	109	110	124	125	126	127	140	141	142	143	155	156	157	230	231	232	233	247	248	249	403	#
793	2280.38	5	8	24	76	77	90	91	92	95	108	109	110	111	124	125	126	127	140	141	142	143	150	156	157	165	166	167	173	181	182	198	403	#
794	2213.04	3	19	25	26	27	35	42	43	44	45	54	55	58	59	60	61	70	71	72	73	74	75	76	77	85	86	87	88	89	92	103	403	#
795	2176.33	3	5	19	21	22	23	24	25	34	35	36	37	38	39	41	51	53	54	69	70	71	72	87	88	94	109	110	126	142	156	157	403	#
796	2116.69	94	108	109	110	111	117	118	119	123	124	125	126	127	132	133	134	135	137	138	139	140	141	142	143	155	156	157	171	172	173	202	403	#
797	2100.58	0	1	2	3	18	77	93	94	109	110	122	123	125	126	127	138	139	140	141	142	143	156	157	163	164	171	172	173	174	188	190	403	#
798	478	32	33	34	35	49	51	404	#
799	503.71	19	32	33	34	35	48	404	#
800	465.266	16	17	32	33	34	35	404	#
801	440.933	33	34	49	65	66	67	404	#
802	365.495	33	34	50	51	65	66	404	#
803	244.996	2	18	34	35	36	50	404	#
804	290.387	18	34	50	51	66	405	#
805	358.347	49	50	51	66	67	405	#
806	349.115	1	2	17	18	33	405	#
807	213.991	18	19	34	35	254	405	#
808	168.076	66	82	83	98	99	405	#
809	1036.93	13	14	30	184	185	199	200	214	215	216	227	228	229	230	246	406	#
810	1195.1	80	149	150	151	166	213	214	215	216	229	230	231	245	246	247	406	#
811	1133.26	11	12	13	14	15	27	28	29	30	31	43	44	45	46	47	406	#
812	1092.66	134	165	180	181	197	212	213	228	229	230	231	243	244	246	247	406	#
813	1090.53	181	197	198	199	212	213	214	215	228	230	231	244	246	247	248	406	#
814	1015.75	12	13	14	27	28	29	30	31	43	44	45	46	59	60	61	406	#
815	431.702	122	136	137	138	139	153	154	155	170	407	#
816	638.306	23	39	105	106	119	120	121	122	138	407	#
817	610.496	34	50	134	135	137	138	151	152	153	407	#
818	559.32	118	120	121	133	134	135	136	137	152	407	#
819	515.817	125	139	140	141	154	155	156	170	171	407	#
820	458.23	123	136	137	139	153	154	155	170	171	407	#
821	592.506	17	32	33	34	48	49	50	66	67	84	408	#
822	666.759	4	16	17	19	32	33	35	48	49	64	408	#
823	639.477	0	1	16	17	18	32	33	34	48	49	408	#
824	538.864	0	1	2	17	18	32	33	34	49	50	408	#
825	526.629	2	3	17	18	19	20	33	34	159	175	408	#
826	515.976	16	17	18	32	33	34	35	48	49	150	408	#
827	1160.35	148	163	164	165	177	178	179	180	181	182	193	194	195	196	197	198	211	212	213	214	409	#
828	1514.39	116	117	118	132	133	134	135	147	148	149	150	163	164	165	178	179	180	181	196	197	409	#
829	1485.72	105	121	122	176	177	178	179	180	192	193	195	196	197	209	210	211	212	226	227	228	409	#
830	1437.99	133	134	135	147	148	149	150	164	165	166	178	179	180	181	182	195	196	197	211	212	409	#
831	1339.85	153	168	169	179	180	181	182	183	184	185	195	196	197	198	199	200	211	212	213	214	409	#
832	1327.15	100	116	117	118	132	133	134	135	146	147	148	149	150	162	163	164	165	179	180	181	409	#
833	1396.88	106	116	118	132	133	134	148	149	150	162	163	164	165	166	178	179	191	194	195	207	223	242	410	#
834	1649.1	6	7	8	9	10	20	21	23	24	37	40	53	90	91	92	106	107	108	122	123	138	139	410	#
835	1640	89	102	105	114	115	116	117	118	119	120	121	122	130	131	132	133	134	135	136	146	148	149	410	#
836	1637.09	115	130	131	132	133	134	144	145	146	148	149	160	161	162	163	164	165	177	178	179	180	196	410	#
837	1615.66	82	84	85	99	100	101	102	114	115	116	117	118	119	130	131	132	133	134	146	148	149	150	410	#
838	1596.88	114	115	116	117	130	131	132	133	145	146	147	148	149	160	161	163	164	165	166	179	180	181	410	#
839	187.575	209	225	241	411	#
840	179.584	226	241	242	411	#
841	170.767	210	225	226	411	#
842	149.956	209	210	226	411	#
843	147.932	48	64	80	81	96	412	#
844	142.423	65	66	80	81	96	412	#
845	140.317	64	65	66	80	81	412	#
846	60.7287	49	64	65	80	81	412	#
847	693.477	90	91	105	106	107	108	121	122	123	227	413	#
848	904.555	88	89	90	91	105	106	107	108	121	122	413	#
849	855.318	88	90	91	92	104	105	106	107	108	123	413	#
850	803.839	77	89	90	91	92	93	105	107	108	109	413	#
851	785.346	74	89	90	91	105	106	107	120	121	123	413	#
852	706.779	74	76	90	91	92	106	107	108	123	124	413	#
853	497.246	56	57	61	76	77	92	414	#
854	650.836	41	56	57	58	59	73	414	#
855	636.254	92	93	106	107	108	109	414	#
856	489.233	45	61	62	63	77	79	414	#
857	433.85	76	77	78	79	92	93	414	#
858	422.975	44	45	61	62	76	77	414	#
859	165.455	8	20	415	#
860	233.56	8	253	415	#
861	39.3353	3	20	415	#
862	131.787	144	#
863	1215.71	72	73	88	89	90	91	104	105	120	121	137	218	233	234	235	236	251	252	416	#
864	1468.98	72	73	74	75	87	88	89	90	92	104	105	106	107	108	120	121	123	136	416	#
865	1418.7	56	58	72	73	86	87	88	89	102	104	105	130	132	146	147	148	162	243	416	#
866	1348.32	108	120	121	123	124	130	136	137	138	139	144	145	146	153	154	160	161	162	416	#
867	1326.5	25	40	41	42	56	57	58	73	74	75	88	89	90	91	106	107	123	124	416	#
868	1259.04	119	120	121	122	123	135	136	137	138	139	150	151	152	153	154	155	166	169	416	#
869	22.6646	208	209	#
870	329.189	74	76	90	91	92	107	123	417	#
871	481.387	90	91	92	93	106	107	123	417	#
872	464.823	106	122	123	124	125	139	140	417	#
873	381.364	76	92	93	107	108	109	110	417	#
874	345.073	90	105	106	107	120	121	243	417	#
875	303.388	56	72	73	74	75	89	90	417	#
876	349.174	126	142	157	173	418	#
877	385.442	156	157	172	173	418	#
878	313.878	126	127	142	160	418	#
879	190.618	142	156	157	227	418	#
880	169.081	110	126	142	157	418	#
881	241.387	208	224	240	419	#
882	301.882	224	240	241	419	#
883	190.416	208	209	225	419	#
884	289.25	76	92	108	144	420	#
885	273.772	93	108	109	124	420	#
886	259.478	61	62	76	77	420	#
887	245.73	92	157	158	159	420	#
888	145.426	128	144	145	160	420	#
889	2115.4	9	10	11	12	25	26	27	28	40	41	42	43	44	56	57	58	59	71	72	73	74	75	86	87	155	156	157	158	170	171	172	173	174	189	190	206	207	421	#
890	2614.25	5	6	9	10	20	21	22	23	25	26	27	28	29	30	34	35	36	37	38	39	40	41	42	43	44	45	54	56	58	59	69	70	73	74	75	90	91	421	#
891	2455.28	7	8	21	22	23	24	26	36	37	38	39	40	41	42	43	44	52	53	54	55	56	57	58	59	72	73	74	75	84	85	86	87	88	100	104	105	116	421	#
892	2420.61	26	27	29	30	39	41	42	43	44	45	46	53	54	55	56	57	58	59	60	61	69	70	71	72	73	74	75	89	90	91	92	105	106	107	108	109	124	421	#
893	2387.72	6	7	8	11	12	13	23	28	29	30	32	44	45	48	49	64	65	66	95	156	162	167	168	178	180	182	183	184	185	194	198	199	200	213	214	215	230	421	#
894	2386.39	5	6	7	20	21	22	23	37	112	113	123	124	125	128	141	144	145	155	156	157	158	172	173	174	175	188	189	190	191	206	207	222	223	237	238	239	255	421	#
895	38.5943	34	#
896	365.872	134	149	150	164	165	181	422	#
897	431.499	180	181	195	196	197	198	422	#
898	408.834	136	149	152	164	165	181	422	#
899	310.405	133	134	149	150	164	165	422	#
900	267.489	134	148	149	150	164	165	422	#
901	264.397	150	151	164	165	166	182	422	#
902	30.7113	157	#
903	108.62	54	70	#
904	1055.62	25	26	28	29	30	31	42	43	44	45	46	47	59	60	61	62	63	423	#
905	1087.91	26	28	29	42	43	44	56	59	60	71	72	73	74	75	88	89	90	423	#
906	1071.44	14	15	30	36	39	44	45	46	47	52	53	54	60	61	62	63	68	423	#
907	1067.96	12	28	29	30	31	34	35	44	45	51	61	118	119	134	228	229	244	423	#
908	1063.77	10	11	12	28	29	30	44	45	46	47	61	62	63	157	158	173	174	423	#
909	1042.7	28	29	30	43	44	45	46	58	59	60	61	62	74	75	77	78	90	423	#
910	526.012	44	60	61	62	78	79	424	#
911	640.024	30	45	46	62	63	78	424	#
912	558.012	44	59	60	61	62	193	424	#
913	544.373	44	59	60	61	77	78	424	#
914	488.702	61	62	76	77	78	79	424	#
915	468.013	60	61	62	77	78	79	424	#
916	46.5548	186	202	203	#
917	351.662	10	11	26	27	42	425	#
918	384.867	9	10	11	26	27	425	#
919	343.158	11	26	27	43	59	425	#
920	271.924	10	11	27	43	44	425	#
921	267.796	10	25	26	27	43	425	#
922	210.823	26	27	42	43	44	425	#
923	1127.89	54	114	115	130	131	144	145	146	147	161	162	163	164	177	178	179	195	426	#
924	1403.68	87	89	103	104	105	130	146	147	148	164	180	181	195	196	197	212	213	426	#
925	1283.89	113	129	130	131	144	145	146	147	148	160	161	162	163	176	177	178	194	426	#
926	1283.04	162	163	164	165	166	167	178	179	180	181	183	194	195	196	197	212	213	426	#
927	1272.7	68	69	71	112	128	130	144	145	146	160	161	162	176	222	223	238	239	426	#
928	1264.39	145	146	160	161	162	163	176	177	178	179	180	192	193	194	195	196	197	426	#
929	834.018	66	67	73	82	83	88	89	90	104	105	107	121	427	#
930	974.497	72	73	89	105	120	121	122	137	138	154	169	170	427	#
931	790.859	74	89	90	91	105	106	107	108	119	120	121	137	427	#
932	782.051	58	72	73	86	87	88	89	90	103	104	105	121	427	#
933	778.691	58	73	74	75	89	90	96	105	106	107	112	120	427	#
934	771.437	50	66	67	80	81	82	83	84	96	99	100	116	427	#
935	648.96	56	57	58	59	73	74	75	89	90	91	125	428	#
936	879.727	72	73	87	88	89	90	104	105	107	221	237	428	#
937	785.13	57	58	73	74	75	145	146	160	161	162	163	428	#
938	775.795	42	57	58	73	74	88	89	90	105	120	121	428	#
939	766.753	40	56	57	58	59	72	73	74	75	88	89	428	#
940	757.272	58	59	72	73	74	75	88	89	90	105	106	428	#
941	571.828	187	188	203	204	205	219	220	221	222	238	429	#
942	855.345	144	160	161	204	205	219	220	221	237	238	429	#
943	829.015	188	203	204	218	219	234	235	236	250	251	429	#
944	756.582	204	206	207	219	220	221	222	223	238	239	429	#
945	667.293	1	206	207	221	222	223	237	238	239	245	429	#
946	653.774	172	173	188	189	204	205	217	218	219	220	429	#
947	517.416	67	82	83	84	99	100	120	161	430	#
948	583.419	160	161	162	177	178	179	192	193	430	#
949	428.067	67	82	83	84	85	99	100	115	430	#
950	409.939	3	18	19	120	121	136	137	152	430	#
951	386.875	67	81	82	83	96	98	99	115	430	#
952	355.096	66	67	81	82	97	98	99	114	430	#
953	2129.1	116	118	119	132	133	148	149	188	189	190	191	201	202	203	204	205	206	207	217	218	219	221	222	223	232	233	234	235	236	237	238	239	250	251	252	253	254	255	431	#
954	2810.84	16	32	87	88	89	90	102	104	105	106	118	119	120	121	122	133	134	135	144	145	147	148	149	150	160	161	162	163	164	165	176	180	181	192	195	196	197	198	431	#
955	2582.89	33	54	70	71	72	83	84	85	86	87	88	89	100	101	102	103	104	116	117	118	119	120	121	132	133	134	135	136	137	149	150	151	152	167	175	182	190	191	431	#
956	2581.96	4	6	7	20	21	22	118	134	135	151	165	166	179	180	181	182	183	191	196	197	198	199	206	207	214	215	216	223	228	229	230	231	232	245	246	247	248	249	431	#
957	2574.23	87	90	105	106	120	121	122	134	135	136	139	155	156	157	158	159	170	171	172	173	174	175	188	189	190	191	203	204	205	206	207	216	218	219	220	222	223	238	431	#
958	2467.81	51	52	53	67	68	69	70	84	85	86	87	100	101	116	117	135	190	191	204	205	206	207	218	219	220	221	222	223	236	237	238	239	250	251	252	253	254	255	431	#
959	150.527	22	124	432	#
960	116.091	124	141	432	#
961	299.822	154	155	156	433	#
962	294.425	155	156	157	433	#
963	196.935	21	37	155	433	#
964	89.2412	225	226	#
965	94.3336	62	78	93	94	#
966	72.4824	149	#
967	91.0666	186	187	#
968	896.933	166	167	182	183	198	199	215	236	237	253	254	434	#
969	936.437	150	166	167	182	183	198	199	200	214	215	216	434	#
970	827.55	95	111	181	182	183	197	198	199	200	213	214	434	#
971	821.776	111	150	166	167	182	183	198	199	213	214	215	434	#
972	802.071	166	167	168	170	171	182	183	199	200	215	216	434	#
973	730.72	167	181	182	183	197	198	201	202	203	217	233	434	#
974	1490.78	28	29	42	43	44	45	58	59	60	61	62	63	74	75	77	78	219	435	#
975	1688.66	14	15	28	29	30	31	42	43	44	45	46	60	61	62	77	78	93	435	#
976	1552.66	13	14	27	28	29	30	31	42	43	44	45	46	58	59	75	87	88	435	#
977	1542.65	11	12	13	14	15	27	28	29	30	31	44	45	46	47	61	62	63	435	#
978	1490.34	13	14	30	31	44	45	60	61	62	78	93	94	208	209	225	226	241	435	#
979	1480	10	11	26	27	28	42	43	44	58	59	60	61	62	63	74	201	217	435	#
980	563.458	106	121	122	123	137	138	139	154	155	170	436	#
981	529.406	106	121	122	123	136	137	138	139	140	155	436	#
982	508.534	106	109	122	123	124	125	140	185	186	201	436	#
983	502.747	154	155	170	171	186	187	202	203	204	220	436	#
984	499.968	8	74	90	91	106	107	108	123	139	154	436	#
985	498.41	74	89	90	105	106	121	122	136	137	153	436	#
986	276.393	134	135	149	150	437	#
987	370.888	134	135	150	151	437	#
988	264.254	133	134	149	150	437	#
989	236.072	100	135	136	151	437	#
990	197.227	134	135	148	149	437	#
991	136.51	28	#
992	151.477	138	#
993	1075.06	7	24	39	40	41	42	43	55	56	57	58	59	60	72	73	74	75	88	89	438	#
994	1514.53	9	10	12	14	26	27	28	29	30	42	43	44	45	46	58	59	60	61	131	438	#
995	1433.32	10	11	12	26	27	28	42	43	44	56	57	58	59	60	72	73	74	75	88	438	#
996	1384.29	11	27	42	43	44	45	56	58	59	60	72	73	74	75	90	106	204	219	228	438	#
997	1341.01	7	8	9	10	11	24	25	26	27	39	41	54	98	99	114	115	130	131	146	438	#
998	1218.17	41	42	43	57	58	59	72	73	74	75	89	90	106	107	112	123	124	125	244	438	#
999	1158.01	9	10	11	12	13	14	26	27	28	29	30	44	45	60	439	#
1000	1404.97	11	12	13	28	29	30	32	33	44	45	46	47	60	62	439	#
1001	1327.54	11	12	13	14	15	28	29	30	44	45	46	60	61	62	439	#
1002	1287.28	10	11	12	13	14	15	28	29	30	44	45	46	60	61	439	#
1003	1242.36	11	12	13	14	28	29	30	44	45	46	59	60	61	77	439	#
1004	1222.28	12	13	28	29	30	31	44	45	46	59	60	61	62	77	439	#
