%% File generated by CATS v.2.1Mon Jul  4 11:06:59 2011

%% The CATS webpage is http://robotics.stanford.edu/CATS

%% PARAMETER SETTINGS:
% Goods: 500; Bids: 1000; Distribution: regions; Runs: 1; Seed: 1309806588
% Regions Distribution Parameters:
% Max Substitutable Bids = 5
% Removing HV Neighbor   = 0.1
% Adding DIAG Neighbor   = 0.2
% Additional Location    = 0.9
% Jump Probability       = 0.05
% Additivity             = 0.2
% Budget Factor          = 1.5
% Resale Factor          = 0.5
% Uniform Private Value:
%   Deviation            = 0.5
%   Max Good Value       = 100



goods 500
bids 1001
dummy 180

0	345.798	8	9	31	53	500	#
1	449.781	31	52	53	74	500	#
2	435.99	9	31	52	53	500	#
3	278.861	8	30	52	53	500	#
4	273.909	9	31	32	33	500	#
5	1957.96	3	25	26	44	45	46	47	66	68	69	71	88	89	90	91	93	106	107	110	111	112	113	114	115	128	133	134	135	156	157	501	#
6	2361.37	40	41	58	59	60	62	63	64	80	81	82	83	84	85	102	103	104	105	106	107	125	126	127	129	146	147	168	169	183	446	501	#
7	2253.93	69	70	71	91	92	93	112	113	114	115	134	135	136	137	157	159	160	166	169	170	179	187	188	189	190	191	209	213	231	232	501	#
8	2188.06	66	69	88	89	90	91	93	110	111	112	113	114	115	116	117	133	134	135	136	137	155	156	157	159	178	200	221	222	244	266	501	#
9	2185.25	25	26	44	45	46	47	48	66	67	68	69	70	88	89	90	91	92	94	111	112	113	114	115	116	134	136	137	138	159	160	501	#
10	2173.13	68	69	70	72	90	91	92	93	94	112	113	114	115	116	134	135	136	137	155	156	157	158	159	177	178	179	180	200	203	412	501	#
11	940.093	182	202	203	204	225	226	227	228	247	248	249	270	271	272	273	292	502	#
12	1051.83	226	247	248	270	290	291	292	293	295	312	314	315	316	317	337	498	502	#
13	1014.13	247	248	249	270	271	292	314	315	319	321	340	341	342	343	362	363	502	#
14	989.617	17	38	39	61	83	226	227	247	248	249	251	269	270	271	272	273	502	#
15	978.864	226	227	228	247	248	249	269	270	271	272	292	293	294	314	315	316	502	#
16	941.975	227	228	229	247	248	249	250	251	270	271	272	273	292	293	295	315	502	#
17	580.036	170	171	172	190	191	192	212	213	503	#
18	667.711	147	148	170	171	190	191	192	212	503	#
19	663.244	103	125	126	147	148	170	171	193	503	#
20	618.202	166	167	168	189	190	212	456	477	503	#
21	602.766	148	150	170	171	172	192	193	214	503	#
22	587.8	128	150	170	171	191	192	193	194	503	#
23	454.233	6	8	27	28	29	30	50	51	504	#
24	649.89	8	9	30	31	32	52	53	54	504	#
25	542.269	30	51	52	53	74	269	291	313	504	#
26	524.467	8	28	29	30	31	50	72	271	504	#
27	484.503	29	30	50	51	52	53	72	73	504	#
28	462.709	6	7	27	28	29	50	51	72	504	#
29	566.295	340	359	360	361	362	382	383	505	#
30	681.945	94	320	360	381	382	403	404	505	#
31	650.871	337	359	360	361	362	381	382	505	#
32	639.705	359	360	361	362	381	382	383	505	#
33	551.963	359	360	380	381	382	403	425	505	#
34	528.628	339	361	382	383	384	404	405	505	#
35	303.536	240	241	262	263	506	#
36	352.235	260	261	262	263	506	#
37	333.352	219	241	262	263	506	#
38	293.372	262	263	285	307	506	#
39	218.914	240	241	263	351	506	#
40	927.894	381	398	399	400	403	404	420	421	422	423	424	425	445	447	467	468	469	470	507	#
41	1339.86	207	208	209	230	381	403	404	405	424	425	426	427	428	447	448	449	470	471	507	#
42	1322.14	357	359	379	380	381	403	404	423	424	425	426	427	428	447	449	450	451	471	507	#
43	1214.28	381	403	404	405	424	425	426	427	428	447	448	449	450	451	469	470	471	472	507	#
44	1200.13	288	309	310	311	331	332	352	353	374	375	376	396	397	398	418	420	421	440	507	#
45	1195.96	57	309	310	332	353	354	374	375	376	397	398	419	420	440	441	442	445	466	507	#
46	263.89	359	360	381	508	#
47	315.232	359	381	382	508	#
48	265.34	359	360	382	508	#
49	130.631	68	69	90	509	#
50	125.151	46	69	70	509	#
51	125.033	46	47	68	509	#
52	805.093	116	138	160	161	182	204	312	313	510	#
53	758.655	138	159	160	161	182	183	204	227	510	#
54	630.215	204	226	227	249	322	323	344	345	510	#
55	624.865	268	269	270	290	291	312	313	335	510	#
56	619.418	95	116	117	118	138	139	161	162	510	#
57	599.338	138	160	161	162	183	184	205	206	510	#
58	192.078	184	256	257	278	279	511	#
59	284.884	140	162	163	183	184	511	#
60	266.971	255	256	257	278	279	511	#
61	264.069	256	257	278	279	300	511	#
62	126.896	257	258	259	279	280	511	#
63	386.179	381	403	425	426	449	450	471	512	#
64	497.501	358	359	380	381	382	401	402	512	#
65	447.925	359	381	382	403	404	425	447	512	#
66	333.729	88	403	404	425	426	447	449	512	#
67	301.883	426	428	449	450	469	470	471	512	#
68	275.198	383	403	404	405	424	425	426	512	#
69	1163.97	41	63	85	86	107	108	128	129	130	131	150	152	172	173	174	513	#
70	1154.63	39	40	41	63	82	83	84	85	86	106	107	108	128	129	130	513	#
71	1128.65	20	21	40	41	43	62	110	290	311	312	313	314	315	334	384	513	#
72	1126.03	41	61	62	63	84	85	106	107	108	127	128	129	130	131	152	513	#
73	1076.95	63	85	105	106	107	108	126	127	128	129	130	131	150	171	172	513	#
74	1067.48	39	40	41	61	62	63	64	82	83	84	85	86	87	107	108	513	#
75	164.613	74	96	#
76	414.652	238	239	240	261	262	263	285	514	#
77	561.744	219	241	261	262	263	285	307	514	#
78	535.041	196	218	239	240	241	262	263	514	#
79	506.968	238	239	240	241	263	286	308	514	#
80	463.084	239	240	241	262	263	283	285	514	#
81	434.622	132	218	219	239	240	241	263	514	#
82	317.073	16	17	38	61	62	194	515	#
83	410.718	19	38	40	41	61	62	515	#
84	405.616	15	16	38	60	61	83	515	#
85	352.317	16	37	38	456	457	458	515	#
86	273.085	16	17	37	38	39	61	515	#
87	250.67	150	171	193	194	216	217	515	#
88	42.3653	378	#
89	1069.27	128	278	279	298	299	300	301	321	322	323	324	344	346	366	369	516	#
90	1205.89	257	278	279	296	297	298	299	300	301	319	321	322	323	324	345	516	#
91	1135.81	297	298	299	319	321	344	389	406	410	411	412	431	432	433	434	516	#
92	1134.82	41	62	63	64	66	85	88	106	107	127	128	129	151	152	175	516	#
93	1086.93	276	279	298	299	300	301	319	321	322	323	341	342	344	453	475	516	#
94	1015.31	162	163	185	186	207	208	278	299	300	301	321	322	323	344	345	516	#
95	275.007	271	293	294	316	517	#
96	269.195	248	249	270	271	517	#
97	245.048	316	337	338	360	517	#
98	236.563	271	272	292	293	517	#
99	102.826	24	272	294	431	517	#
100	190.7	374	396	418	440	518	#
101	265.12	396	397	419	441	518	#
102	203.373	353	374	375	396	518	#
103	849.544	79	80	102	103	123	124	223	407	428	429	430	452	474	519	#
104	926.606	34	46	69	354	385	406	407	429	430	452	472	473	474	519	#
105	893.313	88	89	110	132	133	154	155	156	177	178	179	223	235	519	#
106	882.627	406	407	409	429	430	431	449	450	452	453	473	474	476	519	#
107	806.871	58	80	101	102	103	104	106	122	124	125	126	127	148	519	#
108	793.716	77	79	80	99	101	102	103	120	121	122	123	124	144	519	#
109	546.146	0	1	2	22	44	45	66	67	88	110	520	#
110	775.699	0	1	2	3	22	23	24	25	44	45	520	#
111	753.036	0	1	2	3	22	23	24	25	45	67	520	#
112	736.383	0	1	2	22	23	24	44	45	66	67	520	#
113	715.28	0	22	23	44	45	66	67	68	179	201	520	#
114	644.002	0	1	22	23	44	45	66	67	88	110	520	#
115	1560.15	71	93	94	95	96	115	116	117	136	137	139	140	158	159	160	161	180	181	182	183	521	#
116	1673.9	93	94	114	115	116	136	137	158	159	160	161	181	182	203	225	295	296	297	317	318	521	#
117	1593.58	52	71	73	93	94	95	114	115	116	136	137	158	159	160	161	180	181	182	201	202	521	#
118	1565.79	94	116	117	139	140	160	161	162	184	185	337	338	431	452	453	456	457	475	476	477	521	#
119	1562.87	68	71	72	73	75	76	90	91	93	94	95	98	113	114	115	116	136	137	158	433	521	#
120	1507.98	111	132	133	136	137	155	157	158	159	160	161	178	179	180	181	182	201	202	203	223	521	#
121	30.2749	403	#
122	681.822	237	238	396	397	418	419	440	441	442	462	463	522	#
123	781.43	194	214	216	217	236	237	238	239	258	260	261	522	#
124	744.672	352	353	374	375	376	397	418	419	440	441	463	522	#
125	723.359	287	309	330	331	352	353	374	375	396	397	418	522	#
126	674.402	223	245	309	310	331	353	374	375	396	397	418	522	#
127	649.745	52	353	374	375	396	397	398	418	440	441	463	522	#
128	283.116	427	449	450	471	523	#
129	325.963	245	449	450	471	523	#
130	259.947	428	449	450	471	523	#
131	228.696	404	405	427	449	523	#
132	417.867	16	17	35	37	38	39	58	59	60	61	524	#
133	576.99	35	36	38	39	57	58	59	60	80	103	524	#
134	557.351	14	15	16	35	36	37	38	39	58	59	524	#
135	546.959	14	15	34	35	36	37	38	58	59	61	524	#
136	541.13	34	35	36	56	58	59	60	80	82	102	524	#
137	522.205	14	35	36	38	57	58	59	60	80	103	524	#
138	783.176	57	79	101	121	122	123	144	374	375	396	418	419	440	441	442	462	463	464	525	#
139	1164.71	39	40	61	353	354	374	375	396	418	419	441	442	445	462	463	464	465	466	525	#
140	1150.98	380	381	423	441	442	443	445	449	462	463	464	465	466	467	468	469	470	471	525	#
141	986.39	77	98	99	120	290	311	312	334	335	353	354	355	356	374	375	396	397	419	525	#
142	977.614	353	354	374	375	396	397	418	419	440	441	442	443	445	462	463	464	465	466	525	#
143	975.865	78	79	80	101	102	103	418	419	440	441	442	443	445	462	463	464	465	466	525	#
144	138.534	45	67	526	#
145	45.2255	67	89	526	#
146	670.315	13	33	34	35	36	56	57	58	78	79	80	81	103	527	#
147	859.446	11	33	34	35	54	55	56	57	58	76	79	80	291	527	#
148	835.848	57	79	80	101	102	103	105	124	125	126	127	350	351	527	#
149	735.795	35	57	59	79	80	81	100	101	102	103	122	124	146	527	#
150	731.047	33	34	35	54	55	56	57	75	76	77	78	79	80	527	#
151	728.111	35	36	38	58	59	60	78	79	80	81	103	124	125	527	#
152	591.275	406	428	429	430	450	451	452	472	473	474	475	528	#
153	792.096	71	430	452	453	454	472	473	474	475	476	477	528	#
154	733.109	366	388	409	410	431	432	453	454	474	475	476	528	#
155	704.777	407	408	409	429	430	431	451	452	453	454	476	528	#
156	658.778	306	307	387	408	409	429	430	452	453	454	476	528	#
157	624.45	385	406	407	408	428	429	430	452	453	474	475	528	#
158	1348.88	89	110	111	133	154	155	156	176	177	178	179	198	199	200	201	202	220	221	222	242	243	344	529	#
159	1714.88	18	39	40	60	61	82	83	105	176	198	199	220	221	242	264	265	266	267	286	289	290	311	529	#
160	1689.26	198	199	220	221	242	243	244	264	265	266	267	286	289	290	291	311	312	313	314	335	432	433	529	#
161	1688.84	198	200	220	221	222	242	243	244	264	265	266	267	286	289	290	296	297	298	311	319	341	342	529	#
162	1632.75	179	198	199	200	201	220	221	222	223	242	244	261	264	265	266	267	283	286	289	290	311	312	529	#
163	1579.05	154	177	178	179	180	181	182	198	199	200	201	220	221	234	255	256	257	268	278	300	322	323	529	#
164	188.386	94	95	117	530	#
165	218.846	117	139	162	530	#
166	208.507	94	115	116	530	#
167	1059.4	282	301	303	304	323	324	344	345	346	347	365	366	367	368	388	531	#
168	1151.94	136	137	158	159	260	261	282	301	303	323	324	325	346	347	370	531	#
169	1099.07	319	340	342	343	344	345	361	362	363	364	365	366	367	387	409	531	#
170	1043.17	236	237	280	281	282	300	301	302	303	322	323	324	325	346	347	531	#
171	1007.98	303	323	324	325	327	346	347	348	349	350	351	370	371	373	393	531	#
172	989.356	279	280	301	303	304	322	323	324	325	326	345	346	347	368	390	531	#
173	960.369	69	70	365	386	387	388	406	407	408	409	426	428	429	430	431	449	450	451	532	#
174	1339.22	45	46	49	66	67	68	69	70	71	74	93	94	95	96	116	118	119	141	532	#
175	1296.01	278	288	299	300	310	322	343	364	365	386	387	388	407	408	409	430	431	453	532	#
176	1281.72	319	339	340	361	362	383	384	406	407	408	409	426	429	430	448	449	450	451	532	#
177	1239.16	38	44	45	46	61	66	67	68	69	70	71	88	90	91	93	111	112	113	532	#
178	1131.04	43	300	321	322	342	343	344	345	364	365	366	386	387	388	407	408	409	430	532	#
179	657.46	125	146	147	148	149	170	192	201	223	224	246	533	#
180	809.074	103	104	105	125	126	127	146	147	148	149	170	533	#
181	789.225	222	223	243	244	245	246	267	268	289	311	333	533	#
182	770.817	125	147	148	149	170	171	192	193	213	214	215	533	#
183	746.261	127	147	148	149	170	171	192	193	213	214	215	533	#
184	654.963	133	139	155	178	198	199	200	201	202	221	243	533	#
185	1646.88	135	155	156	157	179	180	181	182	387	405	406	407	408	409	426	427	428	429	430	431	450	451	452	453	454	474	534	#
186	2027.02	221	222	244	312	313	343	365	386	387	388	389	406	407	408	409	410	411	429	430	431	432	433	451	452	473	474	534	#
187	2004.31	16	17	18	38	39	40	44	45	61	62	66	83	84	85	243	343	365	366	367	387	388	409	410	431	452	453	534	#
188	1946.61	263	297	298	317	318	319	321	322	338	340	341	342	343	361	362	363	364	365	366	367	383	386	387	388	389	408	534	#
189	1946.02	205	227	241	247	248	269	291	313	314	343	365	387	388	407	408	409	428	429	430	431	452	453	454	476	477	482	534	#
190	1907.81	124	125	343	344	365	387	388	406	407	408	409	410	411	428	429	430	431	432	433	450	451	452	453	454	474	476	534	#
191	676.822	45	67	143	164	165	186	187	208	209	231	535	#
192	745.009	209	210	231	232	233	234	254	255	256	277	535	#
193	742.304	14	36	38	58	59	60	82	83	187	209	535	#
194	678.079	186	187	208	209	210	231	232	233	253	254	535	#
195	590.069	120	140	141	142	162	163	164	187	208	209	535	#
196	582.079	109	186	187	209	235	236	257	258	272	280	535	#
197	3378.84	17	18	19	41	44	62	63	64	66	81	83	84	85	86	102	103	104	105	106	107	108	109	124	125	126	127	128	129	130	131	147	149	150	151	152	172	173	194	195	196	197	216	217	218	219	298	536	#
198	3573.54	53	54	75	76	84	96	97	98	104	105	106	107	109	118	119	120	124	125	127	128	129	130	131	141	142	146	147	148	149	150	151	152	168	169	170	171	172	173	174	191	192	193	194	214	215	236	536	#
199	3531.81	9	10	20	31	41	42	43	61	62	63	64	82	83	84	85	86	102	103	104	105	106	107	108	109	124	125	127	128	129	130	148	149	150	151	152	169	171	172	173	174	175	191	192	194	195	216	536	#
200	3462.25	57	58	59	60	61	62	63	79	80	81	82	84	86	101	102	103	104	105	106	107	108	109	122	124	125	126	127	128	129	130	144	147	148	150	151	152	172	173	194	297	298	299	300	321	343	499	536	#
201	3427.86	32	33	34	35	36	54	58	59	60	62	63	81	82	83	84	85	86	104	105	106	107	108	109	125	126	127	128	129	130	131	148	149	150	151	152	170	171	172	173	174	194	242	265	287	288	485	536	#
202	3410.58	35	49	58	59	62	63	70	71	80	81	82	83	84	85	86	91	92	93	102	103	104	105	106	107	108	113	124	125	126	127	128	130	146	147	148	149	150	151	168	169	172	173	191	194	195	213	536	#
203	971.081	176	198	199	220	221	222	243	244	266	267	268	289	290	537	#
204	1019.09	142	143	222	244	266	268	269	270	289	290	291	312	313	537	#
205	988.086	222	244	265	266	267	287	288	289	290	291	311	312	313	537	#
206	967.323	222	243	244	245	266	267	289	290	291	311	312	313	334	537	#
207	939.68	154	176	177	198	199	220	221	222	244	260	437	438	459	537	#
208	842.062	154	176	177	198	199	220	242	317	337	338	339	359	361	537	#
209	80.9114	346	#
210	41.3408	216	238	239	538	#
211	57.3328	238	239	261	538	#
212	997.829	240	241	261	262	263	283	285	305	306	307	326	327	329	349	350	492	539	#
213	1140.19	150	151	152	173	174	239	240	261	262	282	283	301	303	304	305	324	539	#
214	1121.12	160	182	262	285	305	306	307	325	327	328	329	348	349	350	351	373	539	#
215	1111.01	301	305	306	307	327	328	329	346	349	350	351	369	370	371	391	413	539	#
216	1005.84	127	149	283	304	305	306	307	324	325	326	327	328	348	349	350	371	539	#
217	1004.36	259	260	281	282	285	303	304	305	306	307	325	326	327	328	329	351	539	#
218	617.601	171	172	193	194	215	216	238	239	260	281	282	304	540	#
219	834.305	216	237	238	239	260	261	262	282	304	431	453	475	540	#
220	810.256	215	217	237	238	239	260	261	282	304	325	326	348	540	#
221	802.659	60	82	239	240	241	260	261	262	282	283	304	305	540	#
222	785.841	129	148	151	170	171	172	173	191	192	193	194	215	540	#
223	778.588	129	151	171	172	173	193	194	215	216	238	260	289	540	#
224	1389.03	186	187	188	189	208	209	231	272	293	294	309	316	331	337	338	340	353	363	364	375	385	386	408	541	#
225	1789.17	339	340	343	344	362	363	384	385	388	405	406	407	408	409	410	411	426	427	428	429	431	450	451	541	#
226	1718.4	111	134	339	340	343	363	364	365	366	367	385	386	387	406	407	408	409	410	428	429	431	450	451	541	#
227	1698.23	292	293	294	315	316	317	319	335	336	337	338	339	340	341	358	359	360	380	381	382	481	482	483	541	#
228	1683.34	271	293	294	315	316	317	319	338	339	340	341	359	360	361	362	363	364	381	382	383	384	385	407	541	#
229	1658.47	20	360	361	362	364	381	382	383	384	385	386	406	407	408	428	429	430	431	432	451	453	476	493	541	#
230	389.565	325	326	347	348	380	542	#
231	467.313	325	346	347	368	369	542	#
232	439.436	303	324	325	347	348	542	#
233	400.612	262	283	305	326	327	542	#
234	398.389	304	324	325	326	348	542	#
235	321.141	380	381	402	404	405	542	#
236	171.261	335	357	358	543	#
237	210.236	334	335	357	543	#
238	173.127	335	336	357	543	#
239	441.07	165	166	187	208	209	210	231	232	233	253	544	#
240	645.212	126	146	147	148	166	167	168	169	190	468	544	#
241	641.552	119	141	142	163	164	165	185	187	206	207	544	#
242	567.151	231	232	233	251	252	253	254	275	276	297	544	#
243	564.067	163	164	185	187	207	208	209	228	229	230	544	#
244	537.188	64	210	211	212	231	232	233	253	254	276	544	#
245	1032.83	41	42	61	62	63	64	83	85	86	87	107	108	109	545	#
246	1062.68	38	39	58	59	60	61	62	82	83	103	104	105	106	545	#
247	1035.82	62	63	85	86	106	107	108	109	128	129	150	172	468	545	#
248	974.395	19	40	41	61	62	63	85	86	106	107	108	109	131	545	#
249	965.356	21	41	42	43	61	62	63	85	86	106	107	128	348	545	#
250	963.664	16	36	37	38	58	61	62	63	83	317	337	338	339	545	#
251	305.244	49	50	70	71	87	546	#
252	420.834	70	71	92	93	94	546	#
253	353.014	49	71	93	115	116	546	#
254	342.541	27	28	49	70	71	546	#
255	298.224	6	28	29	50	51	546	#
256	287.861	42	43	64	65	87	546	#
257	54.1291	208	#
258	866.641	0	22	270	292	313	314	315	333	334	335	355	356	357	378	438	547	#
259	1038.64	0	1	2	3	22	23	24	25	26	27	44	45	47	66	67	547	#
260	984.23	270	291	292	313	314	315	337	359	360	381	382	404	426	449	450	547	#
261	864.343	373	394	395	415	417	436	437	438	439	458	459	460	461	481	482	547	#
262	818.914	145	204	226	227	229	248	249	250	251	252	269	270	273	292	295	547	#
263	796.188	0	1	2	3	22	23	24	25	44	45	46	66	67	88	279	547	#
264	735.973	88	110	132	154	176	198	210	211	231	232	233	252	253	254	275	276	548	#
265	1046.76	210	211	231	232	233	253	254	275	276	277	287	308	309	330	331	352	548	#
266	1007.37	210	211	231	232	233	253	254	256	275	276	277	278	297	299	300	322	548	#
267	992.326	49	70	71	92	93	94	116	251	252	253	272	273	274	295	296	317	548	#
268	991.213	67	88	89	106	107	110	111	113	128	132	134	135	136	158	159	160	548	#
269	988.668	163	201	202	223	224	231	232	245	246	253	254	268	275	276	331	352	548	#
270	757.966	216	236	237	238	258	259	278	279	280	299	300	321	342	344	549	#
271	1080.58	299	321	322	343	344	345	363	364	365	366	386	407	408	430	549	#
272	1077.73	102	123	124	125	147	233	255	299	321	339	340	341	342	343	549	#
273	1066.26	87	299	300	321	322	341	342	343	344	345	364	365	367	389	549	#
274	1051.93	76	299	319	321	322	323	324	325	341	342	343	344	345	417	549	#
275	999.234	6	28	50	51	231	232	234	254	255	256	278	279	299	300	549	#
276	1107.9	150	170	171	172	191	192	193	213	214	234	235	236	255	256	258	277	550	#
277	1236.39	84	105	106	107	128	129	130	149	150	151	152	153	170	171	172	173	550	#
278	1164.75	105	106	128	129	130	150	151	152	170	171	172	173	174	192	194	195	550	#
279	1155.06	214	236	325	326	327	328	340	347	351	363	369	385	406	407	429	430	550	#
280	1114.34	170	171	191	192	213	214	215	234	235	255	256	257	258	278	279	280	550	#
281	1079.88	166	188	189	250	251	252	253	276	277	297	298	299	320	321	322	344	550	#
282	1157.28	215	237	238	258	259	260	261	262	281	282	283	284	302	303	304	305	306	324	325	326	347	348	370	551	#
283	1407.74	129	148	149	151	169	170	171	172	173	174	191	193	194	195	213	214	215	235	236	237	238	258	279	551	#
284	1395.9	260	261	262	282	283	302	303	304	305	324	325	326	327	328	329	346	347	351	369	370	390	391	392	551	#
285	1359.89	66	67	88	110	305	327	349	350	351	355	356	369	377	378	379	400	401	402	403	422	423	424	425	551	#
286	1346.06	101	122	126	127	128	144	148	149	150	151	169	170	171	172	173	174	192	193	194	215	216	217	237	551	#
287	1344.43	213	215	231	235	236	237	239	257	258	259	260	261	262	279	281	282	283	284	304	305	326	327	348	551	#
288	343.297	88	110	132	133	154	176	177	552	#
289	452.091	66	88	110	132	133	154	176	552	#
290	387.399	66	67	88	110	132	133	156	552	#
291	366.7	44	66	67	88	110	132	133	552	#
292	340.265	154	176	177	199	200	201	221	552	#
293	320.254	154	176	177	198	199	200	221	552	#
294	82.994	487	#
295	91.5433	86	#
296	2011.82	294	299	316	317	321	336	337	338	339	340	341	342	343	344	359	360	361	362	363	364	383	384	385	386	387	406	407	408	409	410	428	553	#
297	2390.25	61	62	83	162	164	184	185	204	205	206	226	318	339	340	341	362	363	364	382	383	384	385	386	387	406	407	408	409	429	430	452	553	#
298	2296.7	267	287	288	289	290	310	311	312	316	322	333	334	338	339	340	341	343	344	345	362	363	364	366	384	385	386	387	388	408	409	431	553	#
299	2295.05	59	60	81	82	83	103	104	105	106	125	126	127	128	307	329	339	340	341	360	361	362	363	364	382	383	384	385	386	387	464	465	553	#
300	2275.87	4	5	25	26	48	92	112	113	114	134	315	316	317	318	336	337	338	339	340	341	342	360	361	362	363	383	384	405	464	465	466	553	#
301	2212.16	293	295	296	316	317	319	337	338	339	340	341	342	343	347	359	360	361	362	363	364	382	383	384	385	386	387	406	407	408	409	430	553	#
302	334.312	412	414	433	434	435	436	554	#
303	468.455	411	433	434	435	456	457	554	#
304	431.134	413	414	434	435	436	456	554	#
305	417.903	389	412	413	434	435	456	554	#
306	409.755	389	411	412	413	433	434	554	#
307	385.039	260	389	412	413	414	435	554	#
308	1344.54	56	57	77	78	79	80	81	82	99	101	102	103	122	123	124	125	126	127	146	147	149	150	167	168	169	171	555	#
309	1878.89	38	57	59	60	63	64	79	80	81	82	86	87	101	102	103	104	105	106	108	109	125	127	128	130	131	147	555	#
310	1800.39	34	35	56	57	59	60	78	79	80	81	82	101	102	103	125	126	146	147	148	291	292	311	312	313	314	335	555	#
311	1788.42	63	80	81	82	83	86	102	103	105	106	108	109	125	126	127	128	129	130	131	147	148	149	150	151	152	169	555	#
312	1780.05	31	52	53	54	75	76	79	97	98	99	100	101	102	119	120	121	122	123	140	141	142	144	162	184	209	231	555	#
313	1748.47	75	76	79	97	98	99	100	101	120	121	122	142	143	144	164	165	166	185	186	187	188	314	352	353	374	396	555	#
314	202.043	126	127	148	556	#
315	216.704	104	126	127	556	#
316	164.684	106	127	149	556	#
317	60.0051	337	#
318	1245.36	305	325	326	327	328	329	346	347	348	349	351	369	370	371	373	390	391	413	557	#
319	1353.56	305	325	326	327	347	348	349	369	370	390	391	413	414	415	435	457	458	479	557	#
320	1298.79	216	217	218	239	260	261	262	283	305	325	326	327	328	347	348	349	369	371	557	#
321	1273.75	281	282	301	303	324	325	326	346	347	348	368	369	370	391	413	414	415	435	557	#
322	1252.84	278	300	346	347	368	369	370	389	390	391	411	412	413	414	433	434	435	457	557	#
323	1252.4	300	301	322	323	324	325	346	347	348	349	368	369	370	371	390	391	413	435	557	#
324	127.651	61	#
325	831.02	58	80	81	101	102	103	123	154	176	177	198	220	221	558	#
326	1098.45	220	221	222	243	244	264	265	266	267	268	287	289	290	558	#
327	980.56	133	154	155	156	176	177	178	406	407	427	428	429	452	558	#
328	973.78	198	199	220	221	222	243	244	245	264	265	266	267	287	558	#
329	944.467	82	102	103	104	105	123	124	125	146	147	458	459	460	558	#
330	908.032	100	101	102	103	122	123	145	146	147	148	167	168	190	558	#
331	73.808	387	408	409	431	559	#
332	91.3541	387	409	431	453	559	#
333	144.996	127	#
334	768.552	229	247	248	249	250	251	252	253	269	270	273	274	295	560	#
335	875.151	94	115	116	204	226	247	248	269	270	289	290	291	311	560	#
336	861.855	227	246	247	248	268	269	270	271	290	291	293	312	315	560	#
337	797.996	229	250	251	252	273	274	295	296	297	315	316	317	338	560	#
338	786.9	210	231	232	250	251	252	253	275	276	277	297	298	299	560	#
339	740.274	227	246	247	248	249	268	269	270	271	291	293	315	337	560	#
340	313.972	223	245	246	267	268	561	#
341	393.473	201	223	245	246	362	561	#
342	382.131	245	267	289	290	312	561	#
343	370.153	245	266	267	289	453	561	#
344	353.03	245	246	267	289	290	561	#
345	335.117	245	246	267	268	269	561	#
346	250.37	4	6	7	28	50	562	#
347	280.77	6	27	28	49	50	562	#
348	266.429	6	27	28	50	51	562	#
349	262.865	6	7	8	9	28	562	#
350	202.12	6	7	8	28	30	562	#
351	195.786	3	4	5	203	225	562	#
352	519.136	20	21	43	63	64	65	563	#
353	599.36	41	61	62	63	64	85	563	#
354	564.358	21	43	63	64	65	85	563	#
355	556.027	21	43	64	65	86	87	563	#
356	552.612	43	62	63	64	65	86	563	#
357	529.731	21	40	41	42	43	62	563	#
358	829.786	239	240	262	284	285	295	296	418	419	440	441	462	463	492	564	#
359	1022.19	240	241	259	262	263	283	284	285	306	307	360	381	382	404	564	#
360	975.867	240	241	262	263	283	284	285	305	306	307	328	329	350	351	564	#
361	916.582	176	198	220	251	272	273	274	294	295	296	297	318	319	340	564	#
362	899.798	39	353	374	396	418	419	440	441	442	443	462	463	464	465	564	#
363	824.945	184	206	229	251	272	273	274	294	295	317	318	319	338	339	564	#
364	20.5429	38	#
365	207.165	222	244	565	#
366	112.15	200	222	565	#
367	1673.54	7	10	29	31	32	50	51	52	53	54	65	72	73	74	75	76	95	96	98	114	117	118	139	140	566	#
368	1993.64	6	7	29	50	51	52	53	72	73	74	75	97	119	120	141	142	162	163	164	165	184	215	237	238	566	#
369	1968.78	29	51	52	53	73	74	75	76	97	98	99	118	119	120	121	139	140	141	142	162	163	164	187	188	566	#
370	1947.8	9	10	11	28	29	31	32	33	36	50	51	52	53	72	73	74	75	76	77	97	98	120	142	231	566	#
371	1889.15	52	53	75	76	77	97	98	99	117	118	119	120	121	139	140	141	142	163	164	203	204	306	318	340	566	#
372	1838.33	52	74	94	95	96	115	116	117	118	119	120	121	139	140	141	142	161	162	163	164	183	184	187	188	566	#
373	34.4459	56	#
374	368.427	110	132	154	155	156	567	#
375	447.957	154	155	156	157	178	567	#
376	384.049	154	155	178	200	222	567	#
377	309.388	111	133	155	156	362	567	#
378	230.545	88	110	395	416	417	567	#
379	207.902	88	110	132	133	154	567	#
380	858.082	254	255	275	276	277	296	297	298	299	320	568	#
381	878.844	254	255	275	276	295	296	297	298	299	320	568	#
382	850.191	274	275	276	295	296	297	298	299	300	320	568	#
383	800.082	141	162	163	184	275	276	295	296	297	298	568	#
384	794.56	254	255	275	276	277	298	299	300	320	385	568	#
385	739.653	255	275	277	296	297	298	299	318	320	321	568	#
386	435.51	348	349	350	351	370	371	569	#
387	537.74	304	326	348	349	350	370	569	#
388	519.848	326	348	349	350	351	371	569	#
389	484.213	326	327	348	349	350	371	569	#
390	410.154	327	328	329	349	350	351	569	#
391	399.875	327	348	349	350	370	371	569	#
392	614.443	204	226	227	247	248	249	269	270	570	#
393	744.844	247	269	290	291	312	313	334	483	570	#
394	703.462	248	269	270	290	291	313	335	336	570	#
395	645.231	247	248	269	270	271	292	293	315	570	#
396	631.076	226	227	228	247	248	249	269	270	570	#
397	598.777	204	205	226	227	247	248	249	271	570	#
398	491.7	260	282	332	333	334	335	354	355	356	571	#
399	662.689	290	291	292	312	313	314	334	335	336	571	#
400	591.041	260	261	262	263	281	282	283	284	306	571	#
401	565.753	333	334	335	354	355	356	377	378	379	571	#
402	551.697	9	270	292	332	333	334	335	354	355	571	#
403	515.177	238	260	274	281	282	283	296	297	303	571	#
404	491.877	261	283	305	325	326	348	572	#
405	451.098	240	260	261	262	283	284	572	#
406	447.671	324	325	326	327	347	369	572	#
407	416.231	260	262	282	283	284	305	572	#
408	413.405	284	305	306	326	327	328	572	#
409	407.859	323	324	325	326	346	397	572	#
410	439.515	180	181	203	204	205	207	226	227	228	229	573	#
411	656.528	158	159	160	178	179	180	181	203	204	205	573	#
412	592.032	44	142	143	150	164	165	186	206	207	208	573	#
413	537.293	48	70	162	184	185	206	207	229	251	274	573	#
414	519.492	204	205	226	227	228	229	247	248	249	469	573	#
415	492.584	203	204	205	226	227	249	250	251	271	272	573	#
416	813.211	253	254	275	276	277	297	298	299	319	320	386	574	#
417	930.952	253	254	275	277	297	298	299	319	320	409	410	574	#
418	890.11	210	232	253	254	275	276	277	296	297	298	320	574	#
419	796.898	210	232	254	275	276	277	297	298	299	319	340	574	#
420	790.036	233	234	253	254	255	256	275	276	277	298	320	574	#
421	780.466	275	296	297	298	320	321	322	341	342	343	344	574	#
422	533.915	426	447	448	449	450	451	468	469	470	471	472	575	#
423	760.926	360	381	404	426	447	448	449	471	472	473	474	575	#
424	655.6	17	18	38	39	40	61	62	407	429	430	451	575	#
425	655.223	404	426	427	428	447	448	449	468	469	470	471	575	#
426	650.96	382	383	404	405	427	428	448	449	471	472	473	575	#
427	645.781	404	426	444	445	447	448	449	467	468	469	470	575	#
428	512.904	11	32	33	122	144	166	167	576	#
429	571.282	8	29	30	31	32	33	52	576	#
430	502.998	11	12	340	361	362	363	383	576	#
431	495.462	101	120	121	122	144	166	167	576	#
432	482.597	101	102	121	122	144	166	167	576	#
433	426.891	121	122	123	124	144	166	497	576	#
434	127.161	448	#
435	1316.32	226	247	248	249	251	252	270	271	272	273	292	293	315	336	337	446	447	468	469	470	471	577	#
436	1505.96	26	27	28	49	50	51	52	72	92	93	94	113	114	115	447	448	449	450	469	470	471	577	#
437	1390.22	136	138	158	159	160	161	181	182	203	204	205	225	226	227	247	248	249	250	268	269	291	577	#
438	1367.49	63	86	87	108	249	250	251	252	272	274	347	400	401	423	432	452	453	454	474	475	476	577	#
439	1331.51	0	1	2	22	44	45	46	66	234	254	255	256	277	278	293	446	447	448	469	470	471	577	#
440	1327.64	25	47	116	117	204	205	226	247	248	249	250	251	269	270	271	272	273	292	293	315	402	577	#
441	1483.6	345	346	367	368	369	370	371	387	388	389	390	391	410	411	412	413	414	431	432	433	435	436	455	458	578	#
442	1792.43	84	87	105	106	107	108	109	127	128	129	130	149	150	151	152	172	431	432	453	454	469	474	475	476	578	#
443	1649.3	44	45	66	67	373	389	390	394	395	410	411	412	417	431	432	433	453	455	456	457	458	477	478	479	578	#
444	1625.49	111	132	133	134	135	156	157	322	323	324	346	348	368	370	388	389	390	391	410	412	413	432	433	455	578	#
445	1624.69	240	241	263	345	367	368	386	387	388	389	390	409	410	411	412	413	431	432	433	435	453	457	476	477	578	#
446	1621.26	274	296	368	369	370	388	389	390	391	410	411	412	413	414	431	432	433	434	435	453	454	455	456	476	578	#
447	306.879	325	326	327	348	349	579	#
448	349.793	186	325	326	327	349	579	#
449	303.231	324	325	327	348	349	579	#
450	265.914	327	328	348	349	371	579	#
451	257.392	325	367	389	412	433	579	#
452	246.949	82	83	327	348	349	579	#
453	918.87	216	237	238	239	259	260	279	281	282	301	303	304	324	326	580	#
454	1008.89	260	279	280	281	301	302	303	304	324	326	394	415	416	438	580	#
455	1005.76	25	26	46	47	48	279	280	301	302	303	323	324	346	347	580	#
456	969.78	11	12	214	216	217	236	237	238	239	456	457	458	477	478	580	#
457	927.063	172	173	194	195	216	217	238	239	240	260	261	269	281	282	580	#
458	909.602	237	238	260	279	280	281	301	302	303	323	324	345	346	347	580	#
459	160.906	183	184	581	#
460	132.468	162	184	581	#
461	727.962	16	17	18	19	36	37	38	39	60	61	62	63	64	86	582	#
462	865.515	16	36	37	38	39	60	61	62	83	105	127	409	431	432	582	#
463	827.275	20	21	42	43	62	63	64	65	86	107	108	129	151	173	582	#
464	821.073	19	41	42	61	62	63	64	85	86	107	108	109	130	152	582	#
465	817.327	18	19	41	42	63	64	83	84	85	86	107	108	129	130	582	#
466	783.82	13	14	15	16	35	36	37	38	39	56	57	58	61	83	582	#
467	2125.91	315	335	337	357	358	359	379	381	382	401	404	406	407	408	424	425	426	427	428	429	430	432	445	446	447	448	449	450	451	452	453	454	468	469	470	471	475	583	#
468	2504.32	9	10	32	54	389	394	410	411	412	414	415	431	432	433	434	435	436	437	438	452	453	454	455	456	457	458	459	460	473	474	475	476	477	478	479	480	481	583	#
469	2481.58	34	295	296	297	298	319	320	341	342	344	364	365	366	386	387	388	408	409	410	411	431	432	433	434	435	452	453	454	455	456	457	474	475	476	477	478	479	583	#
470	2473.89	125	147	148	169	170	358	359	362	381	382	383	403	404	406	407	408	418	425	426	427	428	429	430	431	432	447	448	449	450	451	452	453	454	471	474	475	476	583	#
471	2453.06	292	295	315	316	317	319	335	336	337	338	339	340	341	342	355	356	357	358	359	362	363	364	378	379	380	381	382	383	384	400	401	402	403	404	405	424	426	583	#
472	2434.25	4	5	27	49	50	110	132	154	177	198	199	220	221	242	264	297	298	319	362	384	390	406	407	412	428	429	430	431	432	433	434	450	452	453	454	474	475	583	#
473	113.115	287	#
474	598.98	222	423	425	444	445	446	447	448	464	465	466	467	470	584	#
475	857.254	381	403	404	405	426	446	447	448	449	469	470	471	472	584	#
476	804.807	359	381	403	425	445	446	447	448	469	470	471	472	473	584	#
477	771.864	176	177	178	179	198	199	200	201	221	222	223	243	244	584	#
478	715.763	396	397	418	419	440	441	442	462	463	464	465	466	467	584	#
479	712.025	381	403	404	405	424	425	426	427	428	446	447	449	471	584	#
480	648.254	317	338	339	340	361	362	363	383	385	585	#
481	686.685	340	362	363	382	383	384	385	407	408	585	#
482	685.702	339	340	361	362	363	382	383	404	405	585	#
483	684.123	339	340	363	364	365	366	385	387	407	585	#
484	666.838	212	361	362	363	382	383	385	405	427	585	#
485	662.584	340	361	362	363	383	384	447	469	470	585	#
486	1049.57	293	315	335	336	337	338	356	357	358	359	360	379	381	586	#
487	1102.53	27	28	49	50	71	312	313	333	334	335	336	337	359	586	#
488	1080.58	269	270	292	293	294	313	315	316	335	336	337	358	359	586	#
489	1027.65	315	336	337	339	358	359	360	361	379	380	381	401	404	586	#
490	1014.23	250	272	313	335	336	337	338	358	359	360	361	381	404	586	#
491	1011.15	292	293	315	336	337	338	356	357	358	359	378	379	401	586	#
492	892.381	330	333	334	352	353	354	355	374	376	377	396	398	399	400	587	#
493	955.342	354	355	376	398	399	426	427	428	429	448	449	450	470	471	587	#
494	849.158	214	236	331	332	352	354	355	376	377	398	399	400	422	423	587	#
495	841.482	242	264	265	286	287	308	330	331	332	352	353	354	376	398	587	#
496	828.934	332	354	355	376	377	398	399	400	421	422	423	443	464	465	587	#
497	822.968	288	310	311	331	332	352	353	354	355	374	376	396	398	399	587	#
498	2839.06	4	5	26	27	28	45	50	51	52	67	69	70	71	72	73	89	90	91	92	95	96	111	112	113	133	134	135	154	155	156	177	178	179	199	200	220	221	243	588	#
499	2835.01	22	23	44	45	66	67	88	89	90	91	92	110	111	132	133	134	135	154	155	157	158	159	176	177	178	179	180	199	200	201	202	203	221	223	225	243	432	454	588	#
500	2832.23	50	52	53	72	73	74	92	93	94	95	96	111	117	132	133	154	155	158	159	176	177	178	179	180	181	182	198	199	200	201	202	203	220	223	224	225	245	246	588	#
501	2831.21	17	18	19	37	38	39	40	41	82	83	84	85	105	107	113	133	134	154	155	157	158	176	177	178	179	180	198	199	200	201	220	221	222	223	243	244	266	289	588	#
502	2819.35	67	68	69	70	71	86	89	91	92	93	94	95	110	111	113	132	133	134	135	154	155	173	176	193	194	214	215	433	434	435	448	455	456	457	469	470	477	478	588	#
503	2789.25	88	89	110	111	132	133	134	154	155	157	158	159	177	178	179	180	199	200	201	202	203	210	220	221	222	223	224	225	231	232	243	244	246	253	254	255	256	278	588	#
504	1189.59	6	7	8	9	30	31	49	50	52	53	71	72	73	75	93	95	117	198	199	220	589	#
505	1534.57	36	58	80	102	103	133	135	154	155	156	176	198	220	242	264	286	287	288	309	331	589	#
506	1501.87	65	86	87	94	95	115	116	117	118	119	120	121	139	140	141	142	143	161	162	163	589	#
507	1411.84	2	3	24	25	26	27	28	47	48	49	50	51	69	70	71	72	154	155	176	198	589	#
508	1365.33	4	8	26	27	29	30	47	48	49	50	51	52	71	72	73	94	95	361	362	384	589	#
509	1210.39	7	8	9	10	29	30	49	50	51	52	53	71	72	73	74	75	94	95	117	139	589	#
510	168.225	36	37	59	81	590	#
511	240.087	15	16	36	37	590	#
512	223.222	36	81	103	352	590	#
513	191.147	59	60	81	103	590	#
514	437.362	397	398	399	400	418	419	420	440	463	464	591	#
515	567.095	390	413	414	415	416	442	443	463	464	465	591	#
516	530.282	92	418	419	440	441	442	462	463	464	465	591	#
517	524.888	88	110	375	376	397	398	399	418	419	420	591	#
518	516.398	354	375	376	397	418	419	440	441	442	462	591	#
519	499.762	36	37	38	61	224	225	399	400	401	402	591	#
520	114.412	121	122	123	144	592	#
521	169.465	101	102	122	123	592	#
522	156.064	120	121	122	123	592	#
523	126.96	121	122	144	166	592	#
524	20.6023	122	123	144	145	592	#
525	585.991	33	34	54	55	56	57	77	97	98	99	121	593	#
526	802.337	56	57	77	380	381	416	417	438	460	481	482	593	#
527	710.954	32	33	53	54	55	75	96	97	99	120	121	593	#
528	670.532	52	53	54	55	56	57	76	77	78	99	121	593	#
529	657.417	33	53	54	55	56	57	75	76	77	78	99	593	#
530	628.387	11	32	33	34	54	55	56	57	76	77	78	593	#
531	1327.04	4	6	26	27	28	49	50	70	71	93	94	115	137	158	159	261	262	283	284	285	594	#
532	1672.76	3	4	5	6	22	23	24	25	26	27	28	44	45	48	49	50	66	70	72	93	594	#
533	1588.55	3	4	5	25	26	27	46	48	69	70	281	290	312	313	333	334	335	354	356	498	594	#
534	1540	70	71	93	94	135	136	137	138	139	157	158	159	160	161	180	181	182	183	203	205	594	#
535	1438.13	6	7	8	10	27	28	29	31	32	33	49	50	51	52	53	54	71	72	75	76	594	#
536	1416.53	241	247	248	249	259	260	262	263	270	271	280	281	282	283	284	285	302	305	306	326	594	#
537	220.911	248	270	271	292	595	#
538	244.094	292	293	315	316	595	#
539	237.965	248	268	269	270	595	#
540	215.147	249	271	272	273	595	#
541	168.849	248	249	270	271	595	#
542	753.506	10	32	33	98	120	142	143	163	164	165	187	188	376	596	#
543	1114.41	54	76	77	97	98	119	120	121	141	142	144	163	301	596	#
544	1104.16	54	55	76	77	97	98	99	100	120	121	142	143	165	596	#
545	1090.88	54	76	77	95	96	97	98	99	120	121	142	144	163	596	#
546	988.894	120	141	142	143	155	163	164	165	177	178	221	222	436	596	#
547	925.317	33	34	53	54	55	77	97	98	99	121	144	181	203	596	#
548	314.094	387	388	409	410	411	597	#
549	430.966	409	410	411	431	432	597	#
550	360.946	365	387	409	410	411	597	#
551	347.26	366	388	389	409	410	597	#
552	300.62	411	412	432	433	434	597	#
553	294.635	70	365	366	387	388	597	#
554	68.7648	152	174	302	598	#
555	59.8359	174	175	197	598	#
556	23.0127	475	#
557	120.11	47	#
558	216.361	376	396	398	420	599	#
559	300.38	354	376	398	420	599	#
560	217.347	398	399	420	421	599	#
561	198.556	354	376	397	398	599	#
562	17.3126	374	396	397	418	599	#
563	262.884	83	104	105	126	600	#
564	376.277	39	61	83	105	600	#
565	326.374	126	148	169	170	600	#
566	308.261	105	106	107	128	600	#
567	265.508	60	82	83	104	600	#
568	1181.83	133	156	157	374	375	396	397	398	418	419	420	421	440	441	442	443	444	462	463	464	465	466	467	468	601	#
569	1692.75	8	9	66	88	89	90	91	110	112	113	132	133	134	135	136	137	155	156	157	159	178	179	200	201	601	#
570	1582.76	89	90	91	111	112	115	132	133	134	135	136	137	154	155	156	157	158	159	178	289	290	310	311	332	601	#
571	1445.83	313	335	357	358	359	380	381	402	403	404	405	424	425	426	427	443	447	448	449	465	466	467	468	469	601	#
572	1392.64	84	85	105	106	107	129	321	375	397	398	418	419	420	421	422	440	441	442	443	444	463	464	465	466	601	#
573	1348.22	73	92	93	94	95	115	116	375	396	397	418	419	420	421	440	441	442	443	444	463	464	465	466	467	601	#
574	708.792	333	356	378	400	401	402	422	424	425	443	444	446	447	448	465	470	602	#
575	1021.9	144	380	401	402	416	417	424	437	438	446	447	448	458	459	460	461	602	#
576	982.587	321	342	356	357	364	365	379	380	384	385	386	387	401	406	407	408	602	#
577	978.638	219	241	265	299	321	322	341	342	343	344	378	380	400	401	402	497	602	#
578	972.777	18	40	41	62	175	380	381	402	424	443	444	445	446	465	466	468	602	#
579	970.189	359	380	381	382	402	403	404	424	425	426	427	446	447	448	449	471	602	#
580	978.746	83	84	106	107	108	109	127	129	130	151	603	#
581	992.509	84	85	107	108	127	128	129	130	151	173	603	#
582	979.525	84	85	107	108	129	130	151	158	180	181	603	#
583	907.375	108	109	129	130	131	151	173	308	330	390	603	#
584	895.752	107	108	129	130	148	149	150	151	172	173	603	#
585	891.855	65	84	85	87	107	108	109	129	130	131	603	#
586	268.541	418	440	463	464	604	#
587	269.08	396	418	440	441	604	#
588	259.264	463	464	465	466	604	#
589	240.252	418	419	440	463	604	#
590	580.024	161	359	381	382	404	426	448	605	#
591	632.736	316	338	359	360	381	382	404	605	#
592	517.318	96	118	119	139	140	161	183	605	#
593	495.298	359	360	381	404	425	426	447	605	#
594	484.162	338	357	358	359	360	381	382	605	#
595	428.468	381	382	404	424	425	426	446	605	#
596	614.057	387	407	408	409	410	428	429	430	450	452	453	606	#
597	892.366	390	410	411	412	414	432	433	434	435	454	457	606	#
598	803.124	385	407	428	429	430	450	452	453	454	475	476	606	#
599	789.847	339	340	362	383	384	385	406	407	428	429	450	606	#
600	758.718	407	428	429	449	450	451	452	453	471	472	474	606	#
601	751.171	319	340	341	363	385	386	387	407	429	450	451	606	#
602	1333.7	0	1	22	23	44	45	46	66	67	68	69	88	89	90	91	111	112	113	114	132	133	134	156	157	607	#
603	1770.35	92	93	94	112	113	114	116	125	134	138	144	145	146	147	160	166	167	168	169	186	187	188	189	335	607	#
604	1761.8	44	45	46	69	72	91	92	93	113	123	124	125	144	145	146	147	166	167	168	169	188	189	190	212	607	#
605	1683.71	26	45	46	48	69	70	91	92	93	112	113	134	135	136	137	150	159	172	193	194	215	468	469	470	607	#
606	1657.28	23	44	45	46	47	48	66	68	69	90	91	92	111	112	113	114	133	134	135	155	156	157	179	491	607	#
607	1595.92	0	22	23	24	44	45	46	47	48	66	67	69	88	89	116	117	118	119	140	141	142	162	163	164	607	#
608	831.625	216	217	234	238	240	255	256	260	262	277	278	281	282	283	300	468	475	608	#
609	1141.5	10	11	30	31	32	33	53	54	55	76	213	214	215	234	235	256	278	608	#
610	1139.15	129	130	172	194	195	216	217	238	240	241	395	417	437	438	459	460	482	608	#
611	1138.5	10	11	32	54	55	76	77	194	195	216	238	260	282	283	284	429	452	608	#
612	1103.51	265	386	408	409	410	411	412	431	432	433	434	452	453	454	455	475	476	608	#
613	1101.03	234	235	256	257	278	279	386	387	408	409	410	411	431	432	433	454	455	608	#
614	1261.94	50	51	52	72	73	74	94	95	397	418	419	440	441	442	462	463	464	465	609	#
615	1225.47	50	51	72	73	92	93	94	95	111	113	117	133	134	418	440	441	442	462	609	#
616	1216.82	49	51	70	71	72	73	74	92	93	94	95	96	117	118	139	140	160	161	609	#
617	1191.76	50	51	52	72	73	75	93	94	95	97	98	99	117	120	121	142	417	439	609	#
618	1191.12	49	50	51	52	53	54	70	71	72	73	74	92	93	94	95	96	112	113	609	#
619	1190.47	28	50	51	52	71	72	73	93	94	95	104	105	115	117	118	119	141	142	609	#
620	1915.54	14	16	17	36	37	38	39	58	59	61	79	80	81	82	83	101	102	103	104	122	123	125	319	333	340	341	356	357	377	378	379	610	#
621	2354.09	14	33	34	35	36	37	38	39	58	59	61	81	82	83	84	85	106	107	213	214	235	258	259	280	281	335	336	337	357	358	379	610	#
622	2336.02	252	274	295	296	317	318	319	337	338	339	340	341	342	343	360	361	362	363	364	365	381	382	383	384	385	386	387	404	405	407	409	610	#
623	2312.83	37	38	61	81	82	83	84	85	102	103	104	105	107	124	125	126	127	128	129	146	147	148	149	167	168	169	188	189	190	191	334	610	#
624	2198.98	252	274	296	318	319	339	340	341	342	363	364	365	366	367	386	387	388	389	407	408	409	410	412	417	429	432	439	460	461	482	483	610	#
625	2146.08	79	88	97	98	99	100	101	120	121	122	123	124	125	145	146	147	148	149	167	168	169	170	171	189	190	191	192	213	214	234	235	610	#
626	69.4895	322	#
627	791.386	239	260	261	262	263	283	284	285	305	306	327	328	443	611	#
628	983.26	261	263	282	283	284	285	305	306	307	327	329	349	350	611	#
629	974.196	262	283	284	305	306	327	328	329	348	370	371	391	413	611	#
630	967.673	240	261	262	263	282	283	284	285	305	306	307	327	329	611	#
631	931.173	260	261	262	280	281	282	283	284	302	303	304	305	306	611	#
632	925.5	240	260	261	262	281	282	283	284	303	304	323	324	345	611	#
633	602.786	214	215	216	217	236	237	238	612	#
634	554.869	214	215	236	237	238	260	268	612	#
635	511.052	71	93	214	236	237	258	259	612	#
636	491.907	214	215	236	237	238	258	259	612	#
637	478.154	171	193	213	214	215	236	237	612	#
638	472.097	216	238	239	260	261	262	284	612	#
639	160.158	290	311	312	613	#
640	185.874	289	290	312	613	#
641	153.061	267	289	311	613	#
642	94.7603	311	312	334	613	#
643	219.791	325	346	347	614	#
644	253.906	346	347	369	614	#
645	203.56	301	324	325	614	#
646	166.709	322	323	346	614	#
647	456.117	234	256	257	258	259	260	281	303	324	615	#
648	641.576	213	214	233	234	235	255	256	257	278	615	#
649	602.807	234	255	256	257	278	279	359	381	404	615	#
650	580.233	249	257	271	279	293	301	323	324	325	615	#
651	509.619	233	234	255	256	257	278	279	280	301	615	#
652	428.813	233	234	255	256	257	258	259	278	279	615	#
653	79.1012	488	#
654	8.13648	376	#
655	1091.99	345	346	347	367	368	369	370	389	390	391	392	412	413	434	435	457	458	464	616	#
656	1529.85	305	307	321	325	326	327	328	329	342	343	344	345	351	367	389	390	412	413	616	#
657	1463.41	389	390	412	413	414	434	435	452	453	454	455	456	457	474	475	476	477	478	616	#
658	1320.33	272	283	367	368	389	390	392	393	412	413	414	415	416	434	435	436	437	456	616	#
659	1315.41	323	344	345	367	368	369	370	379	380	388	389	390	410	412	413	414	434	435	616	#
660	1278.76	327	349	368	369	371	389	390	391	392	393	412	413	414	415	434	435	456	457	616	#
661	350.235	291	292	313	314	315	617	#
662	460.966	269	290	291	313	335	617	#
663	445.981	247	248	269	290	291	617	#
664	416.3	290	291	313	314	335	617	#
665	384.218	290	291	292	313	314	617	#
666	296.841	292	293	314	315	316	617	#
667	633.657	38	60	81	82	83	101	102	103	104	122	618	#
668	823.767	16	38	59	60	61	81	82	83	105	127	618	#
669	774.642	15	37	38	59	60	61	81	82	104	105	618	#
670	727.488	46	60	80	81	82	104	105	126	148	169	618	#
671	726.16	38	60	61	62	63	82	83	104	105	126	618	#
672	677.037	58	59	60	80	81	82	103	104	126	148	618	#
673	5.28222	294	#
674	182.675	174	193	215	619	#
675	219.956	192	214	215	619	#
676	103.52	152	174	175	619	#
677	78.0689	67	193	196	619	#
678	511.736	159	160	161	247	248	270	620	#
679	644.768	136	159	160	161	182	475	620	#
680	518.37	136	158	159	160	181	182	620	#
681	492.703	247	248	249	269	291	313	620	#
682	418.689	95	117	139	140	160	161	620	#
683	382.826	180	181	182	247	248	269	620	#
684	29.5208	103	#
685	349.774	312	333	334	355	356	377	399	621	#
686	469.808	312	333	334	335	354	355	356	621	#
687	438.038	279	301	324	333	334	335	346	621	#
688	386.297	312	333	334	354	355	356	378	621	#
689	373.785	333	334	335	354	355	356	377	621	#
690	318.993	355	356	377	378	399	400	421	621	#
691	220.48	97	119	622	#
692	213.459	97	120	622	#
693	117.562	118	119	622	#
694	146.511	362	#
695	220.124	333	334	356	623	#
696	276.789	312	334	356	623	#
697	233.877	311	333	356	623	#
698	203.98	334	356	377	623	#
699	422.202	57	76	79	97	98	99	101	102	121	122	624	#
700	605.762	24	96	97	98	117	118	119	120	139	140	624	#
701	550.784	0	13	14	22	23	35	44	45	57	66	624	#
702	544.264	55	76	77	97	98	119	141	163	218	219	624	#
703	508.568	96	97	98	99	118	119	120	140	141	158	624	#
704	438.547	55	76	77	99	100	121	122	123	144	166	624	#
705	1776.58	361	362	381	382	383	404	405	406	407	408	427	428	429	430	448	449	450	451	452	453	454	471	474	475	476	625	#
706	1885.06	191	213	214	215	235	236	237	256	257	258	279	280	302	315	317	324	337	338	339	340	359	360	361	381	382	625	#
707	1848.24	337	359	360	381	382	383	403	404	405	408	427	428	429	430	447	448	449	450	451	452	453	469	470	471	474	625	#
708	1829.27	75	76	97	98	120	141	142	143	161	163	164	165	166	183	187	188	425	427	447	448	449	468	469	470	471	625	#
709	1789.34	294	313	316	317	335	336	337	338	339	340	359	360	361	381	382	383	403	404	405	434	435	456	457	477	478	625	#
710	1771.73	297	319	321	338	339	340	342	343	344	360	361	362	363	364	365	381	382	383	384	385	387	401	402	404	405	625	#
711	992.606	220	353	354	374	375	397	398	399	400	401	419	420	421	422	443	626	#
712	1247.76	397	398	399	400	401	419	421	422	434	440	441	442	456	477	478	626	#
713	1021.37	154	176	177	198	199	220	221	222	242	243	264	265	286	287	451	626	#
714	990.944	356	377	397	398	399	400	420	421	422	440	442	443	463	464	465	626	#
715	953.994	117	128	150	151	171	173	194	399	400	401	421	443	444	445	446	626	#
716	946.848	144	333	354	376	379	397	398	399	400	401	419	421	422	443	444	626	#
717	480.51	76	77	97	98	119	627	#
718	502.619	75	96	97	98	120	627	#
719	411.721	53	54	75	76	98	627	#
720	396.76	96	97	119	140	141	627	#
721	314.186	31	56	76	77	98	627	#
722	427.082	142	163	164	165	185	375	472	473	628	#
723	570.686	117	139	141	142	143	162	163	164	628	#
724	543.631	331	352	353	374	375	396	397	419	628	#
725	530.646	118	119	120	141	142	163	164	185	628	#
726	502.047	141	142	163	164	185	186	207	209	628	#
727	498.944	111	117	118	119	140	141	142	164	628	#
728	2609.59	183	205	227	228	229	247	249	250	251	252	269	270	271	272	273	290	291	292	293	294	295	312	313	314	315	316	317	333	334	335	336	337	338	339	358	359	360	361	381	382	404	629	#
729	3097.86	40	62	228	249	250	251	252	272	273	319	340	353	359	360	361	362	363	364	368	375	376	379	380	381	385	388	389	390	391	402	411	412	413	414	427	433	434	435	456	457	477	629	#
730	3080.89	98	122	270	271	293	315	316	317	319	334	335	338	339	340	341	356	358	359	360	361	362	378	379	380	381	382	402	404	407	424	429	431	432	452	453	454	456	475	476	477	478	629	#
731	2928.69	249	269	270	271	292	293	315	319	324	336	337	339	340	346	358	359	360	361	362	363	364	369	379	380	381	382	401	402	404	405	423	424	426	427	445	446	447	448	449	468	470	629	#
732	2920.73	92	250	270	271	272	273	292	294	296	297	314	315	316	317	319	333	335	337	338	339	340	341	342	343	356	357	358	359	360	361	362	363	364	380	381	385	402	404	405	424	426	629	#
733	2906.48	34	35	39	40	41	58	61	62	63	64	153	250	254	255	271	272	273	275	276	277	278	294	295	296	297	298	299	300	316	317	318	319	338	339	340	341	358	359	360	361	362	629	#
734	258.895	5	27	#
735	623.991	362	384	406	407	428	429	430	452	630	#
736	680.379	9	383	384	406	407	429	452	474	630	#
737	673.727	407	429	430	451	452	453	474	476	630	#
738	631.036	107	129	338	339	340	362	383	384	630	#
739	584.789	407	426	427	428	429	430	449	452	630	#
740	571.684	406	407	408	428	429	430	452	474	630	#
741	112.371	408	409	431	631	#
742	166.588	431	432	453	631	#
743	99.8098	408	409	410	631	#
744	299.88	321	322	343	344	632	#
745	267.463	300	321	322	344	632	#
746	210.328	299	321	343	344	632	#
747	197.717	321	342	343	364	632	#
748	744.076	185	186	206	208	228	229	230	250	251	272	273	278	292	331	633	#
749	910.538	2	23	24	45	227	228	229	249	250	251	272	273	274	295	633	#
750	876.261	161	164	183	184	185	186	187	206	208	209	229	230	231	248	633	#
751	872.071	142	163	164	184	185	186	206	208	209	229	230	231	251	274	633	#
752	852.763	227	228	229	249	250	251	271	272	273	274	293	296	318	477	633	#
753	850.258	70	264	286	287	308	309	330	331	332	333	352	353	356	374	633	#
754	185.272	397	398	399	420	634	#
755	241.544	398	399	420	421	634	#
756	238.138	377	398	399	400	634	#
757	204.287	399	400	421	422	634	#
758	147.417	375	397	398	419	634	#
759	640.533	20	21	42	43	64	65	86	87	635	#
760	657.208	43	64	65	86	87	318	340	341	635	#
761	600.974	63	64	86	87	107	108	109	131	635	#
762	584.15	20	21	42	43	64	65	86	108	635	#
763	575.982	19	20	21	41	42	43	64	65	635	#
764	532.257	20	21	40	41	42	43	207	229	635	#
765	418.396	288	308	309	310	331	332	352	374	636	#
766	622.456	352	374	375	376	396	418	419	441	636	#
767	593.011	246	266	268	288	289	290	310	311	636	#
768	571.924	168	169	352	354	374	375	376	396	636	#
769	555.792	286	308	330	352	374	375	376	396	636	#
770	517.125	308	309	331	352	374	396	418	419	636	#
771	142.218	150	151	171	637	#
772	200.395	129	151	152	637	#
773	166.33	128	150	171	637	#
774	163.01	204	226	227	638	#
775	148.252	211	226	248	638	#
776	130.314	204	205	227	638	#
777	1942.13	26	27	46	47	48	49	69	70	71	90	91	92	93	94	111	112	133	260	336	337	359	380	381	382	403	404	426	639	#
778	2065.48	0	3	4	5	22	26	27	44	45	46	48	49	50	51	52	66	69	70	71	73	90	91	92	93	94	95	112	639	#
779	2027.47	4	22	25	26	27	44	45	46	47	48	49	66	67	68	69	70	71	90	91	92	93	112	332	354	375	376	398	639	#
780	1922.94	5	27	44	66	67	88	89	90	91	92	110	111	112	132	133	134	154	155	156	176	177	178	179	339	340	341	361	639	#
781	1902.97	1	2	3	4	5	22	23	24	25	26	44	45	46	47	48	66	67	68	69	70	71	88	90	91	92	93	112	639	#
782	1901.05	3	4	24	25	26	27	45	46	47	48	67	69	70	71	90	91	92	93	110	111	112	134	135	136	158	362	363	639	#
783	777.388	216	217	234	235	236	237	238	239	257	258	259	260	279	281	282	304	640	#
784	1089.7	148	169	191	192	213	214	215	234	235	236	237	256	258	259	279	280	640	#
785	1002.09	234	235	236	237	256	257	258	259	260	278	281	282	283	304	305	326	640	#
786	950.705	213	214	234	235	236	237	256	258	259	260	261	278	279	281	282	283	640	#
787	914.32	213	235	236	237	256	257	258	259	278	279	280	281	282	283	300	362	640	#
788	908.665	51	108	109	194	195	216	217	236	237	238	258	259	260	281	282	304	640	#
789	400.246	37	38	58	59	60	81	641	#
790	443.103	59	60	81	82	103	125	641	#
791	361.465	37	38	39	59	60	82	641	#
792	339.671	16	37	38	39	59	60	641	#
793	315.325	37	38	58	59	60	490	641	#
794	306.787	4	38	59	60	81	210	641	#
795	470.294	243	244	245	267	289	290	312	642	#
796	608.022	221	243	244	266	267	456	477	642	#
797	491.259	199	220	221	243	244	245	267	642	#
798	464.875	199	220	221	243	244	265	266	642	#
799	370.228	245	246	268	290	291	311	312	642	#
800	357.452	223	224	245	441	442	463	464	642	#
801	143.026	493	#
802	125.686	359	#
803	370.56	221	222	243	643	#
804	260.032	199	221	243	643	#
805	220.027	116	138	221	643	#
806	512.642	268	290	291	312	333	334	335	644	#
807	563.03	223	245	246	267	268	289	290	644	#
808	548.813	268	269	290	291	312	314	475	644	#
809	515.278	245	267	289	290	291	312	313	644	#
810	485.451	289	290	310	311	312	333	334	644	#
811	461.052	290	310	311	312	333	354	355	644	#
812	140.232	166	167	645	#
813	144.986	167	168	645	#
814	91.0393	165	166	645	#
815	882.766	312	333	334	335	336	355	356	357	358	377	380	381	403	404	646	#
816	1051.57	31	32	53	75	76	98	380	381	382	383	403	425	426	427	646	#
817	1011.99	170	171	245	246	268	289	290	311	312	332	333	334	335	336	646	#
818	990.545	266	289	290	312	313	314	334	335	336	355	356	357	358	404	646	#
819	985.506	10	31	32	53	308	309	310	312	331	332	333	334	354	355	646	#
820	973.138	268	269	290	291	312	315	334	335	336	337	356	357	358	380	646	#
821	909.424	344	366	367	389	390	412	413	414	416	433	436	437	458	647	#
822	1119.39	347	369	370	371	389	391	411	412	413	432	433	434	454	647	#
823	1118.88	369	370	371	389	391	411	412	413	414	432	433	434	436	647	#
824	1099.18	139	161	162	366	367	389	410	411	412	432	433	434	456	647	#
825	1047.81	46	68	367	370	389	391	411	412	413	414	433	434	456	647	#
826	1020.12	366	387	388	389	390	408	409	411	412	431	432	433	454	647	#
827	705.993	183	204	205	226	227	228	248	275	276	297	298	299	320	321	648	#
828	1017.2	211	232	233	254	255	256	276	277	278	298	299	300	321	322	648	#
829	1002.91	210	211	212	231	232	233	254	275	276	277	297	298	299	300	648	#
830	982.552	210	211	212	231	232	233	251	252	253	254	273	275	277	297	648	#
831	939.134	210	232	233	252	253	254	255	275	276	277	296	297	298	299	648	#
832	917.886	138	139	160	161	162	183	184	204	205	206	226	227	228	481	648	#
833	329.513	234	256	257	278	300	649	#
834	474.819	191	213	234	235	256	649	#
835	334.823	256	257	258	259	279	649	#
836	321.065	256	278	340	341	363	649	#
837	239.217	237	238	239	240	278	649	#
838	150.177	277	278	279	299	300	649	#
839	112.489	124	#
840	768.407	359	360	361	378	379	380	381	382	403	424	425	426	650	#
841	1002.45	337	340	359	360	361	362	363	381	382	383	384	403	650	#
842	996.759	113	119	140	141	162	378	379	380	381	382	400	403	650	#
843	949.369	337	358	359	360	379	380	381	382	404	406	407	429	650	#
844	910.513	340	359	360	361	362	363	380	381	382	383	384	406	650	#
845	884.731	38	337	340	359	360	361	362	379	380	381	383	405	650	#
846	1065.5	5	7	9	27	30	31	49	50	51	52	72	73	93	95	96	115	117	130	651	#
847	1375.14	2	3	4	5	24	25	26	27	28	47	48	49	50	68	69	70	71	91	651	#
848	1364.67	5	7	9	10	11	26	27	28	29	30	31	32	51	52	53	73	75	263	651	#
849	1363.88	2	3	4	5	6	7	24	25	26	27	28	29	47	48	51	69	70	238	651	#
850	1341.73	70	92	93	94	113	114	115	116	117	136	137	138	139	141	158	159	160	162	651	#
851	1312.93	63	65	85	86	87	107	108	109	129	130	131	151	152	173	174	242	265	287	651	#
852	648.458	139	140	162	183	184	185	186	208	209	230	652	#
853	751.124	139	161	162	163	183	184	185	186	207	208	652	#
854	745.502	139	161	162	183	184	185	186	187	204	205	652	#
855	732.929	116	117	139	161	162	163	183	184	185	205	652	#
856	718.01	162	163	183	184	185	186	204	205	206	208	652	#
857	674.647	139	162	163	184	185	186	187	208	209	230	652	#
858	684.623	118	140	141	163	164	165	186	187	188	207	208	209	229	251	653	#
859	1026.37	8	29	30	52	53	54	73	74	75	97	117	118	119	140	653	#
860	957.591	143	164	165	166	167	168	169	186	187	188	189	190	191	213	653	#
861	904.38	164	186	187	188	208	209	257	277	278	279	280	299	300	301	653	#
862	877.846	142	143	163	164	165	166	167	184	185	186	189	207	208	293	653	#
863	858.33	29	50	51	52	53	74	96	97	118	119	140	148	168	169	653	#
864	518.06	125	126	147	148	169	170	211	654	#
865	618.992	125	147	168	169	190	191	213	654	#
866	521.97	103	104	126	147	148	170	171	654	#
867	498.86	103	125	146	147	168	169	191	654	#
868	494.999	126	148	168	169	170	191	213	654	#
869	488.069	102	103	125	147	169	423	445	654	#
870	352.487	429	451	452	474	655	#
871	285.843	360	452	453	474	655	#
872	278.168	428	429	451	452	655	#
873	275.934	452	453	474	475	655	#
874	265.923	428	429	430	452	655	#
875	1216.06	369	370	390	391	392	412	413	433	434	435	455	456	457	474	475	476	477	478	656	#
876	1436.65	385	388	390	407	408	409	410	411	412	413	431	432	433	453	454	474	475	476	656	#
877	1426.68	387	388	407	408	409	410	411	429	430	431	432	433	450	453	454	474	475	476	656	#
878	1341.98	79	80	81	347	368	369	370	371	388	390	391	392	393	409	410	413	432	435	656	#
879	1291.15	407	408	409	428	429	430	431	432	433	449	450	452	453	454	474	475	476	477	656	#
880	1271.33	73	93	94	95	115	117	118	139	162	354	391	413	414	435	436	475	476	477	656	#
881	245.494	456	457	479	657	#
882	211.825	456	477	478	657	#
883	132.325	477	478	479	657	#
884	1371.35	360	381	382	404	409	425	426	427	428	430	431	447	449	450	451	452	453	454	470	471	472	473	474	475	658	#
885	1881.98	319	336	337	338	340	356	358	359	360	361	362	363	377	378	379	380	381	383	384	385	400	401	402	404	658	#
886	1787.51	313	314	315	318	319	335	336	337	340	361	362	383	384	385	404	406	425	426	427	428	449	450	451	471	658	#
887	1766.07	182	204	205	226	227	228	248	249	269	270	271	319	338	339	340	360	361	362	366	367	380	381	383	389	658	#
888	1748.88	318	319	336	339	340	357	358	359	360	361	362	363	378	379	380	381	382	383	384	385	401	402	404	405	658	#
889	1741.95	357	360	361	362	379	380	381	383	384	385	401	402	404	406	407	423	426	427	428	449	450	451	453	471	658	#
890	407.016	275	295	296	297	319	659	#
891	417.379	297	298	299	320	321	659	#
892	410.32	296	297	318	319	340	659	#
893	402.218	253	254	275	297	298	659	#
894	383.179	318	319	340	362	363	659	#
895	290.277	250	272	273	295	296	659	#
896	1207.74	76	77	78	98	99	120	121	141	142	143	162	163	164	165	166	184	185	187	209	660	#
897	1549.33	51	52	76	98	118	119	120	139	140	141	142	143	161	163	164	165	185	187	207	660	#
898	1539.21	76	98	120	142	143	160	161	163	164	165	166	183	185	186	187	205	206	207	209	660	#
899	1453.11	76	98	118	120	139	140	141	142	163	164	184	185	186	187	205	206	209	213	231	660	#
900	1436.49	76	97	98	118	119	120	141	142	143	162	163	164	165	183	184	185	204	205	206	660	#
901	1434.44	119	141	142	143	163	164	165	166	185	187	205	206	207	213	214	236	258	280	281	660	#
902	450.417	17	18	19	20	21	41	42	43	661	#
903	554.228	19	20	21	41	42	43	62	63	661	#
904	551.456	20	21	42	43	64	65	87	109	661	#
905	490.171	20	21	41	42	43	63	64	65	661	#
906	488.638	18	19	20	21	41	42	43	63	661	#
907	482.501	18	19	41	42	43	292	315	316	661	#
908	667.621	117	308	330	331	352	353	374	375	396	397	398	662	#
909	798.681	61	352	353	354	375	376	397	398	419	420	489	662	#
910	739.73	217	240	262	309	331	352	353	354	374	375	396	662	#
911	721.467	352	353	354	374	375	396	397	418	419	440	441	662	#
912	677.098	264	286	288	308	309	310	330	331	352	374	396	662	#
913	674	331	352	353	354	374	375	376	397	398	419	420	662	#
914	453.391	35	36	37	57	58	59	80	102	663	#
915	510.373	80	102	103	234	235	254	255	277	663	#
916	492.077	35	37	38	58	59	60	80	102	663	#
917	491.98	14	35	36	37	58	59	80	102	663	#
918	471.702	33	34	35	36	57	58	59	80	663	#
919	426.032	33	34	35	55	56	57	58	59	663	#
920	761.568	169	170	190	191	192	214	215	234	235	236	250	258	664	#
921	965.213	146	147	148	166	167	168	169	170	189	190	191	192	664	#
922	961.866	104	126	127	147	148	169	170	191	192	214	215	237	664	#
923	918.546	147	148	168	169	170	189	190	191	192	214	236	258	664	#
924	893.452	124	146	147	166	167	168	169	170	189	190	191	192	664	#
925	876.69	148	170	189	190	191	192	214	215	234	235	236	258	664	#
926	262.993	373	395	417	439	461	665	#
927	362.364	351	373	395	417	438	665	#
928	324.218	417	438	439	460	461	665	#
929	289.299	438	439	459	460	461	665	#
930	239.926	395	415	416	417	439	665	#
931	233.175	395	416	417	439	461	665	#
932	1159.33	54	75	76	96	97	98	99	100	120	121	122	144	309	331	352	353	374	375	387	408	409	666	#
933	1632.96	32	54	75	76	77	97	98	99	100	120	121	142	144	164	166	187	188	262	263	285	307	666	#
934	1458.06	74	75	76	95	96	97	98	99	100	119	120	121	142	144	145	165	166	167	188	189	190	666	#
935	1437.06	343	363	364	365	384	385	386	387	407	408	409	410	430	431	432	442	452	453	454	474	475	666	#
936	1418.91	242	244	265	266	267	287	288	289	290	309	310	311	312	331	332	333	352	354	355	356	377	666	#
937	1401.72	75	76	94	95	96	97	98	99	106	107	108	116	117	118	120	121	128	129	130	152	251	666	#
938	317.528	105	106	127	128	667	#
939	411.796	83	105	127	128	667	#
940	353.386	127	128	150	172	667	#
941	279.045	106	107	127	128	667	#
942	872.581	167	168	170	171	172	189	190	191	192	193	194	214	236	668	#
943	1000.17	125	146	147	167	168	169	170	189	190	191	212	213	235	668	#
944	941.272	168	169	170	171	172	190	191	192	193	429	452	474	475	668	#
945	897.321	145	146	147	167	168	169	170	171	172	191	192	194	264	668	#
946	892.035	125	126	145	146	147	148	167	168	169	170	190	191	192	668	#
947	852.935	51	123	125	145	146	147	166	167	168	169	188	189	190	668	#
948	188.167	262	283	285	669	#
949	236.269	284	285	307	669	#
950	215.118	262	284	285	669	#
951	192.711	281	282	283	669	#
952	104.291	328	#
953	234.373	151	173	194	670	#
954	266.045	129	151	152	670	#
955	192.233	173	194	195	670	#
956	390.654	185	205	206	207	208	230	671	#
957	449.518	164	165	185	207	208	229	671	#
958	423.487	207	208	209	230	372	373	671	#
959	360.017	206	207	298	320	321	344	671	#
960	338.112	186	187	188	207	208	209	671	#
961	298.773	185	186	206	207	208	229	671	#
962	492.703	97	120	141	142	143	163	185	672	#
963	687.396	45	46	52	75	97	98	120	672	#
964	602.659	75	97	98	119	120	141	142	672	#
965	478.908	118	119	139	141	161	162	163	672	#
966	456.677	164	185	186	244	264	265	266	672	#
967	445.026	139	140	162	163	164	185	207	672	#
968	454.904	63	64	86	87	108	130	673	#
969	520.385	109	129	130	131	151	152	673	#
970	497.319	61	62	63	64	86	87	673	#
971	482.823	61	62	63	64	86	108	673	#
972	459.114	64	65	86	108	130	152	673	#
973	420.448	62	63	64	86	108	109	673	#
974	980.741	76	77	99	100	121	122	123	144	163	164	166	185	186	187	188	209	674	#
975	1183.7	7	8	30	32	52	53	54	55	75	76	77	78	97	98	120	121	674	#
976	1175.11	121	123	139	144	145	164	166	167	185	186	187	188	189	208	209	231	674	#
977	1095.69	90	142	162	163	164	166	185	186	187	188	189	206	207	208	209	231	674	#
978	1071.53	139	140	141	162	163	164	166	184	185	186	187	188	206	208	209	231	674	#
979	1043.97	11	97	98	120	121	122	123	144	145	146	166	167	168	169	188	191	674	#
980	104.767	393	415	675	#
981	146.832	392	393	675	#
982	133.63	415	437	675	#
983	160.486	223	224	245	676	#
984	222.859	1	223	245	676	#
985	177.199	200	201	223	676	#
986	250.295	52	53	75	677	#
987	281.923	51	52	75	677	#
988	267.446	52	53	54	677	#
989	266.007	75	97	98	677	#
990	224.771	201	223	224	452	678	#
991	334.917	52	74	224	225	678	#
992	277.583	201	223	224	245	678	#
993	229.786	201	202	203	224	678	#
994	222.479	429	450	452	453	678	#
995	1415.89	1	2	3	4	5	23	24	25	26	27	45	46	47	48	68	69	70	71	90	91	93	94	679	#
996	1681.3	3	4	5	25	26	27	47	48	68	69	70	71	90	91	92	93	94	112	113	114	134	135	679	#
997	1680.82	29	30	51	52	68	70	72	73	75	90	91	92	93	94	97	112	113	114	115	119	134	135	679	#
998	1664.26	3	4	5	26	27	48	67	68	69	70	172	194	195	216	318	340	360	361	362	383	384	406	679	#
999	1613.52	26	48	70	91	92	112	113	114	121	122	123	134	144	166	167	188	268	269	289	290	332	354	679	#
1000	1608.95	47	48	67	68	69	70	71	89	90	91	92	111	112	113	114	134	135	136	159	376	398	420	679	#
