%% File generated by CATS v.2.1Mon Jul  4 14:23:01 2011

%% The CATS webpage is http://robotics.stanford.edu/CATS

%% PARAMETER SETTINGS:
% Goods: 256; Bids: 1000; Distribution: regions; Runs: 1; Problems generated from distribution over features in files: qpstuff/cass-qp.txt, qpstuff/cplex-qp.txt, qpstuff/lehman-qp.txt; Seed: 1309819848
% Regions Distribution Parameters:
% Max Substitutable Bids = 5
% Removing HV Neighbor   = 0.1
% Adding DIAG Neighbor   = 0.2
% Additional Location    = 0.9
% Jump Probability       = 0.05
% Additivity             = 0.2
% Budget Factor          = 1.5
% Resale Factor          = 0.5
% Uniform Private Value:
%   Deviation            = 0.5
%   Max Good Value       = 100



goods 256
bids 1002
dummy 187

0	2526.17	92	152	153	165	167	168	169	182	183	184	198	199	201	213	214	215	216	217	218	227	228	230	231	233	234	241	242	243	244	245	246	247	248	249	250	256	#
1	2693.18	92	98	99	100	101	114	115	116	117	132	165	167	168	182	183	184	198	199	213	214	215	216	217	228	229	230	233	234	244	245	246	247	248	249	250	256	#
2	2650.48	137	151	152	153	167	168	169	170	183	184	185	186	187	188	198	199	201	202	203	213	214	215	216	217	230	233	234	235	236	244	245	246	247	248	249	256	#
3	2630.88	6	21	22	23	26	38	39	40	41	42	54	55	56	57	73	201	216	217	218	219	222	226	227	228	233	234	235	236	243	244	247	248	249	250	251	256	#
4	2601.26	0	1	2	16	32	33	48	49	50	64	65	66	80	96	97	98	113	114	115	129	130	131	165	180	181	182	183	196	197	198	199	212	213	214	215	256	#
5	2600.83	75	76	91	92	108	134	148	149	150	151	152	165	166	167	168	182	183	197	198	199	201	212	213	214	215	216	217	230	233	243	244	245	246	247	249	256	#
6	239.156	174	175	190	257	#
7	254.618	174	190	191	257	#
8	246.826	174	190	206	257	#
9	220.202	8	175	191	257	#
10	1437.73	14	30	45	46	47	61	62	63	75	76	77	79	93	94	95	111	113	128	129	130	144	160	161	258	#
11	1920.68	113	114	128	129	130	144	145	146	147	151	160	161	163	167	168	177	182	183	184	193	198	199	200	258	#
12	1723.57	72	73	74	75	76	77	87	88	89	90	92	93	103	104	106	107	108	147	148	163	164	180	195	258	#
13	1695.31	81	82	83	99	100	101	113	114	115	116	128	129	130	144	145	146	147	160	161	162	163	164	177	258	#
14	1683.7	97	112	113	114	128	129	130	144	145	146	147	160	161	162	163	176	177	178	179	193	194	195	216	258	#
15	1663.65	80	81	97	112	113	114	128	129	130	131	144	145	146	147	160	161	162	163	177	178	179	193	194	258	#
16	220.638	72	88	89	259	#
17	257.25	57	73	89	259	#
18	222.75	54	55	72	259	#
19	171.972	56	72	88	259	#
20	1201.79	37	52	53	54	68	69	70	71	72	78	86	87	88	94	95	103	104	110	120	260	#
21	1561.62	7	23	24	37	38	53	54	55	57	69	70	71	72	73	86	88	126	141	142	260	#
22	1543.04	6	7	21	22	23	24	25	37	38	39	54	55	56	69	70	71	72	73	86	260	#
23	1479.96	38	39	53	54	55	70	71	72	73	86	88	89	104	180	191	207	230	246	247	260	#
24	1462.41	5	6	7	21	22	23	37	52	53	54	55	57	68	69	70	71	72	73	88	260	#
25	1394.11	5	6	7	21	22	23	24	37	38	39	53	54	55	69	70	71	86	102	110	260	#
26	249.556	51	52	53	95	261	#
27	361.479	35	51	67	83	261	#
28	292.379	51	52	67	83	261	#
29	211.354	94	95	110	111	261	#
30	163.775	35	36	52	53	261	#
31	71.2624	8	24	#
32	491.132	33	49	65	81	97	262	#
33	520.561	65	81	82	97	98	262	#
34	453.96	49	64	65	81	97	262	#
35	441.103	65	81	96	97	113	262	#
36	381.347	33	49	64	65	81	262	#
37	231.213	1	17	32	33	34	262	#
38	681.561	2	17	18	88	101	102	104	117	119	120	263	#
39	873.314	1	2	3	4	17	18	19	20	34	35	263	#
40	836.948	102	104	119	120	121	135	136	150	151	152	263	#
41	836.098	1	2	3	4	17	18	19	33	34	49	263	#
42	803.363	0	1	2	3	4	16	17	18	19	33	263	#
43	802.696	102	104	105	107	117	119	120	121	122	123	263	#
44	47.1975	138	#
45	29.3728	11	#
46	1330.9	8	9	24	184	185	198	199	200	211	212	213	214	215	226	229	230	231	247	264	#
47	1662.8	117	133	149	165	166	181	182	184	185	198	199	200	212	213	214	215	216	232	264	#
48	1628.26	165	166	171	182	196	198	200	212	213	214	215	216	217	230	231	232	247	248	264	#
49	1611.27	99	115	122	165	180	182	195	196	198	199	200	211	212	213	214	215	217	233	264	#
50	1495.37	149	163	164	165	166	180	181	182	196	198	210	211	212	213	214	215	230	231	264	#
51	1489.61	182	184	185	186	198	199	200	201	214	215	216	217	218	227	228	230	232	233	264	#
52	301.855	26	41	42	43	44	59	265	#
53	447.966	42	43	44	45	59	75	265	#
54	415.433	39	40	41	56	57	58	265	#
55	376.398	14	29	30	43	44	45	265	#
56	257.634	10	26	27	43	44	59	265	#
57	241.866	43	44	59	60	61	75	265	#
58	103.394	181	#
59	881.791	71	72	87	88	89	102	103	104	105	120	121	191	207	223	266	#
60	1213.43	85	158	171	172	173	174	175	188	189	190	191	204	205	207	266	#
61	1047.01	142	143	156	158	159	171	172	173	174	175	189	190	191	207	266	#
62	1028.17	39	56	57	72	73	75	89	90	91	92	104	105	120	121	266	#
63	981.428	71	72	73	89	90	101	102	103	104	105	116	117	120	121	266	#
64	979.33	173	174	175	190	191	207	221	222	223	238	239	253	254	255	266	#
65	475.742	175	191	207	221	222	223	267	#
66	498.135	191	207	221	222	223	239	267	#
67	473.673	142	143	158	159	175	191	267	#
68	457.325	174	175	191	207	222	223	267	#
69	387.565	221	222	223	237	238	239	267	#
70	381.187	205	220	221	222	223	236	267	#
71	443.615	10	11	27	28	44	268	#
72	469.525	27	28	44	47	63	268	#
73	409.843	27	28	44	59	60	268	#
74	406.767	10	11	12	27	28	268	#
75	131.492	61	77	93	94	269	#
76	158.583	61	62	63	77	269	#
77	126.962	77	93	94	110	269	#
78	226.474	27	28	29	270	#
79	255.811	26	27	42	270	#
80	217.444	28	29	44	270	#
81	71.1884	133	#
82	1934.51	119	120	135	136	150	151	152	153	154	166	167	168	169	170	183	184	185	186	187	188	201	202	203	204	205	206	217	218	219	220	221	271	#
83	2524.68	41	128	129	130	131	136	144	145	146	150	151	152	153	154	162	167	168	169	170	182	183	184	185	198	199	200	201	213	214	216	217	271	#
84	2393.14	10	12	27	28	42	98	150	151	152	167	168	169	170	171	182	183	184	185	186	187	198	199	201	202	213	214	217	218	229	230	246	271	#
85	2345.56	33	34	49	52	67	68	83	98	99	105	106	114	122	123	138	140	151	156	165	167	168	169	170	172	181	182	184	185	186	187	198	271	#
86	2208.1	64	80	154	168	169	170	185	186	187	188	189	190	191	201	202	203	204	205	206	207	216	217	218	219	221	222	223	234	235	237	253	271	#
87	2155.23	102	103	118	119	121	135	136	151	152	167	168	169	170	183	184	185	186	187	199	200	201	215	216	217	218	232	233	234	247	248	249	271	#
88	959.807	27	42	43	44	59	60	61	75	76	77	93	94	110	111	272	#
89	1152.02	26	27	42	43	44	58	59	60	61	74	75	76	77	92	272	#
90	1081.34	16	43	44	58	59	60	61	74	75	76	77	90	91	92	272	#
91	1034.13	27	43	44	59	60	61	62	74	75	76	77	90	91	92	272	#
92	1011.2	10	25	26	27	41	42	43	44	59	60	61	75	76	77	272	#
93	1003.8	26	27	42	43	59	60	61	74	75	117	132	133	148	149	272	#
94	902.906	134	135	136	137	152	153	154	168	169	170	171	184	186	202	273	#
95	1134.44	184	186	200	201	202	203	216	217	218	219	232	233	248	249	273	#
96	1103.47	124	125	141	142	152	168	170	184	185	186	202	203	218	219	273	#
97	1065.88	154	168	170	171	184	185	186	200	201	202	203	215	216	217	273	#
98	1037.33	118	119	134	135	152	153	154	155	168	169	170	171	184	186	273	#
99	1037.3	1	48	49	50	64	125	140	141	155	170	171	186	202	203	273	#
100	120.252	10	11	274	#
101	136.351	10	133	274	#
102	405.92	25	41	42	57	58	275	#
103	444.748	27	41	42	43	57	275	#
104	411.467	26	39	41	42	43	275	#
105	371.891	25	26	41	42	57	275	#
106	351.339	57	58	73	89	195	275	#
107	291.765	57	58	73	74	90	275	#
108	646.833	82	96	97	98	113	114	128	129	145	146	276	#
109	794.215	65	66	67	68	69	82	83	85	86	99	276	#
110	759.743	112	128	129	145	146	162	163	179	245	246	276	#
111	739.758	80	96	97	112	113	114	128	129	145	177	276	#
112	730.595	112	113	114	128	129	130	131	144	145	160	276	#
113	704.655	49	64	65	80	83	96	97	98	99	100	276	#
114	310.234	80	82	97	98	99	115	277	#
115	417.34	98	99	100	114	115	116	277	#
116	348.279	82	98	113	174	175	190	277	#
117	308.933	64	80	96	97	98	114	277	#
118	308.235	80	97	98	99	114	132	277	#
119	295.842	66	82	83	98	99	113	277	#
120	2142.3	141	142	143	157	158	159	172	173	174	175	186	187	188	189	190	191	201	202	203	204	205	206	207	219	220	221	222	223	233	234	235	236	237	239	254	255	278	#
121	2712.37	72	73	74	75	88	89	90	184	186	187	189	190	195	200	201	202	203	204	205	210	211	217	218	219	220	221	222	223	233	234	236	237	238	239	249	253	278	#
122	2633.54	59	60	61	62	78	180	181	185	186	187	189	190	192	193	194	195	196	201	202	203	204	205	206	210	211	212	213	217	218	219	220	221	226	227	233	243	278	#
123	2555.21	71	85	86	87	88	89	90	101	102	103	104	105	106	117	119	120	122	127	134	135	136	150	151	152	205	220	221	222	236	237	238	239	252	253	254	255	278	#
124	2549.9	39	48	49	50	51	54	55	68	69	70	71	72	73	84	85	86	87	88	89	101	102	103	105	117	119	220	221	222	223	236	237	238	239	253	254	255	278	#
125	2511.53	84	85	100	101	102	103	117	139	140	141	155	171	172	185	186	187	188	189	190	201	203	204	205	217	219	220	221	222	223	233	234	235	236	237	238	239	278	#
126	121.988	40	#
127	958.325	158	159	173	175	188	189	190	191	204	205	206	279	#
128	968.627	88	89	173	187	188	189	190	191	204	205	206	279	#
129	924.846	142	157	158	173	174	188	189	190	204	205	206	279	#
130	913.328	173	174	188	189	190	204	205	206	220	221	222	279	#
131	888.698	158	173	174	175	188	189	190	191	205	206	207	279	#
132	802.78	170	171	186	187	188	189	190	202	203	204	205	279	#
133	779.067	189	204	205	220	221	222	223	237	238	239	252	253	254	255	280	#
134	1002.08	142	158	174	175	187	188	189	190	191	204	205	206	220	221	280	#
135	992.904	217	233	234	235	237	238	239	249	250	251	252	253	254	255	280	#
136	958.94	158	170	171	173	174	187	188	189	190	204	205	206	220	221	280	#
137	909.666	21	54	71	98	99	189	205	220	221	222	223	236	237	239	280	#
138	893.412	219	222	223	234	235	237	238	239	250	251	252	253	254	255	280	#
139	36.8032	109	#
140	354.393	208	209	210	224	225	240	281	#
141	438.262	208	209	210	211	224	225	281	#
142	406.261	209	210	211	224	225	240	281	#
143	337.514	192	193	208	209	210	211	281	#
144	309.401	209	210	224	225	241	248	281	#
145	253.601	192	208	224	225	240	241	281	#
146	511.525	174	192	208	209	224	225	226	227	240	241	282	#
147	745.191	164	180	181	195	211	226	227	228	242	243	282	#
148	668.737	97	113	192	202	208	209	210	211	224	226	282	#
149	624.098	16	32	33	50	209	210	211	224	225	226	282	#
150	620.169	192	208	209	210	211	224	225	226	241	242	282	#
151	612.312	224	225	226	234	235	240	241	242	250	251	282	#
152	81.0383	84	101	#
153	209.546	41	42	57	283	#
154	248.246	42	43	44	283	#
155	188.589	25	41	57	283	#
156	172.321	55	72	86	284	#
157	250.954	85	86	87	284	#
158	189.263	55	72	73	284	#
159	98.3822	55	71	72	284	#
160	1739.68	39	40	55	167	168	181	183	184	185	186	198	199	200	201	202	213	214	215	216	217	230	231	232	246	285	#
161	1811.63	24	26	40	41	42	57	152	167	168	182	183	184	185	186	198	199	200	202	213	214	215	216	217	232	285	#
162	1796.42	38	39	40	41	49	50	51	52	54	55	56	57	65	71	72	73	74	86	87	88	91	102	103	104	285	#
163	1772.1	114	167	168	183	184	185	186	187	198	199	200	202	215	216	217	219	230	231	232	233	234	235	250	251	285	#
164	1748.16	182	183	184	185	186	198	199	200	201	202	210	211	212	213	214	215	216	217	218	225	226	230	231	232	285	#
165	1729.2	152	167	168	181	182	183	184	197	198	199	200	213	214	215	216	217	218	230	231	232	244	245	246	247	285	#
166	1285.83	33	34	35	36	49	50	51	52	65	66	67	68	82	83	169	170	286	#
167	1439.71	65	66	67	81	82	83	97	98	99	112	113	114	115	130	183	184	286	#
168	1429.48	150	151	167	168	169	170	183	184	185	186	187	200	201	202	216	217	286	#
169	1422.39	1	17	18	33	34	35	36	50	51	52	57	58	66	67	74	91	286	#
170	1359.8	4	20	33	35	36	48	49	50	51	52	65	66	67	68	82	83	286	#
171	1348.5	26	27	41	42	43	44	49	50	65	66	67	81	82	83	99	100	286	#
172	110.53	5	21	37	287	#
173	154.94	5	21	22	287	#
174	139.535	37	38	53	287	#
175	1306.87	6	7	8	9	10	22	23	24	25	37	38	40	53	54	55	69	70	71	288	#
176	1356.72	38	53	54	55	69	70	71	72	85	86	100	101	102	112	119	128	129	144	288	#
177	1349.48	6	21	22	23	37	38	39	53	54	55	57	65	69	70	71	72	73	89	288	#
178	1340.73	6	7	21	22	23	35	36	37	38	51	52	53	54	68	69	70	71	99	288	#
179	1340.7	36	37	38	53	54	55	68	69	70	71	72	86	150	151	165	166	167	183	288	#
180	1340.43	5	21	22	23	35	36	37	38	53	54	55	69	70	71	72	73	89	105	288	#
181	490.359	11	27	43	44	45	59	289	#
182	594.51	27	40	41	42	43	59	289	#
183	560.806	13	28	29	44	45	216	289	#
184	529.029	42	43	59	74	75	91	289	#
185	505.625	27	41	42	43	59	75	289	#
186	489.34	30	43	44	45	46	59	289	#
187	253.732	189	205	206	290	#
188	209.437	57	173	189	290	#
189	172.857	204	205	206	290	#
190	717.666	117	133	148	149	164	165	180	181	197	291	#
191	795.834	195	196	197	209	210	211	212	213	214	291	#
192	791.461	134	148	149	165	170	171	181	197	213	291	#
193	730.391	148	164	165	180	181	195	196	197	212	291	#
194	701.708	116	117	132	148	163	164	179	180	195	291	#
195	638.452	132	133	148	149	164	180	195	196	212	291	#
196	1113.42	165	180	181	182	195	196	210	211	212	213	225	226	227	292	#
197	1089.54	164	178	179	180	195	196	209	210	211	226	227	242	243	292	#
198	1076.39	169	180	195	196	198	211	212	213	214	215	226	227	251	292	#
199	1064.36	126	132	134	148	149	164	166	179	180	195	196	211	226	292	#
200	1033.41	180	195	196	210	211	212	226	227	228	229	230	242	243	292	#
201	998.505	162	178	179	180	189	195	196	205	209	210	211	212	221	292	#
202	934.835	82	98	99	100	101	102	115	116	117	130	131	146	293	#
203	1053.21	66	81	82	97	98	99	113	115	144	160	161	176	293	#
204	989.034	15	80	81	97	98	113	115	130	131	146	147	162	293	#
205	925.246	83	98	99	113	114	115	116	117	118	132	133	148	293	#
206	897.726	102	115	116	117	118	129	130	131	132	146	147	162	293	#
207	890.409	97	98	99	100	101	102	103	113	114	115	116	117	293	#
208	260.837	232	246	247	248	294	#
209	237.232	216	231	232	248	294	#
210	237.081	229	230	246	247	294	#
211	156.589	231	232	247	248	294	#
212	439.348	30	31	46	47	62	63	78	79	295	#
213	594.266	45	46	47	62	63	78	79	95	295	#
214	514.541	12	13	28	29	30	44	45	60	295	#
215	512.056	47	60	61	62	63	77	78	79	295	#
216	485.035	46	47	62	63	78	79	95	111	295	#
217	478.24	30	31	47	61	62	63	79	95	295	#
218	671.131	81	91	106	107	124	125	138	139	140	141	142	155	157	158	296	#
219	987.39	34	50	51	67	68	82	83	158	159	174	175	190	191	207	296	#
220	976.643	87	88	89	104	105	106	107	118	119	120	121	122	124	138	296	#
221	950.764	65	67	68	81	82	83	98	113	210	225	226	227	228	243	296	#
222	865.252	107	123	124	125	141	157	158	173	174	237	238	252	253	254	296	#
223	830.308	107	123	124	125	126	137	138	139	140	141	155	156	171	172	296	#
224	49.5255	26	27	#
225	95.524	68	84	85	297	#
226	131.869	84	85	101	297	#
227	409.689	225	226	227	240	241	242	298	#
228	511.329	210	211	226	240	241	242	298	#
229	490.564	211	226	227	240	241	242	298	#
230	439.472	226	227	240	241	242	243	298	#
231	427.33	198	199	226	227	241	242	298	#
232	425.681	209	225	226	240	241	242	298	#
233	853.255	7	8	23	24	25	39	40	113	114	115	299	#
234	858.734	7	8	23	24	25	39	40	56	167	168	299	#
235	844.196	99	115	116	117	118	129	130	131	146	147	299	#
236	829.179	81	83	97	98	99	113	114	115	131	147	299	#
237	790.739	83	97	98	99	113	129	130	144	145	161	299	#
238	745.924	5	6	7	21	22	23	24	25	39	40	299	#
239	1919.75	5	6	7	8	9	23	24	25	36	37	39	40	41	53	54	55	56	57	69	70	71	72	73	74	86	88	90	103	104	105	300	#
240	2375.35	57	58	73	74	76	77	90	91	92	104	105	106	107	119	120	121	122	123	124	137	138	139	140	141	155	156	193	194	247	249	300	#
241	2333.88	54	69	70	71	84	85	86	87	101	102	117	118	119	120	134	135	150	151	152	153	168	169	171	180	181	187	188	189	195	196	300	#
242	2326.02	9	23	39	54	55	56	57	58	72	73	74	75	76	90	91	92	104	105	106	107	108	109	121	122	123	124	137	138	139	155	300	#
243	2291.77	51	66	67	68	71	83	84	85	86	87	101	102	103	118	119	120	133	134	135	149	150	165	184	200	201	202	217	218	219	233	300	#
244	2249.01	6	7	8	9	23	24	25	48	64	80	151	155	167	168	169	170	171	183	184	185	186	187	188	202	203	217	218	219	233	249	300	#
245	536.921	197	198	213	214	230	231	245	246	247	301	#
246	790.796	31	46	47	236	237	245	246	252	253	301	#
247	762.676	150	151	213	214	230	245	246	247	248	301	#
248	731.517	170	171	178	193	214	230	245	246	247	301	#
249	678.197	134	135	150	151	165	166	181	182	197	301	#
250	651.569	213	214	228	230	244	245	246	247	248	301	#
251	108.874	116	132	302	#
252	148.654	115	116	302	#
253	120.988	132	133	302	#
254	273.766	59	74	75	91	303	#
255	341.799	74	75	76	77	303	#
256	295.661	75	91	107	123	303	#
257	285.713	59	75	76	92	303	#
258	285.436	74	75	90	91	303	#
259	217.719	30	31	45	304	#
260	121.023	29	30	31	304	#
261	108.343	24	25	214	305	#
262	125.45	24	40	41	305	#
263	705.518	68	84	86	87	101	102	104	105	119	120	306	#
264	974.533	104	105	118	119	120	121	217	218	219	233	306	#
265	897.04	86	101	102	116	117	118	119	120	134	135	306	#
266	883.281	86	102	104	105	117	118	119	120	121	135	306	#
267	875.355	84	85	86	101	102	116	117	118	119	120	306	#
268	857.657	84	86	98	99	100	101	102	116	117	119	306	#
269	1300.88	194	195	196	209	210	211	212	213	225	226	227	228	229	241	242	243	244	245	307	#
270	1440.02	38	44	54	105	106	122	123	209	210	211	212	213	226	227	228	242	243	244	307	#
271	1424.74	100	101	103	116	132	179	195	209	210	211	225	226	227	228	241	242	243	244	307	#
272	1403.82	163	179	195	197	209	210	211	225	226	227	228	229	234	242	243	244	245	249	307	#
273	1354.01	179	195	196	209	210	211	212	225	226	227	228	241	242	243	244	245	246	247	307	#
274	1318.78	179	194	195	209	210	211	212	213	225	226	227	228	240	241	242	243	244	251	307	#
275	115.489	0	16	308	#
276	136.948	16	32	308	#
277	86.0377	0	1	308	#
278	141.891	129	130	309	#
279	171.333	129	145	309	#
280	279.676	232	247	248	310	#
281	283.834	215	216	232	310	#
282	1535.13	108	123	124	125	126	140	141	142	143	155	156	158	159	169	170	171	172	173	174	189	190	205	206	311	#
283	1791.02	69	84	85	158	170	171	172	173	174	185	186	187	189	190	191	200	201	202	205	216	217	233	249	311	#
284	1637.02	57	72	73	86	87	88	89	102	103	104	119	153	154	169	170	171	173	174	185	186	202	203	219	311	#
285	1619.03	124	140	155	156	158	170	171	172	173	174	186	187	188	189	190	191	203	204	205	206	207	220	236	311	#
286	1605.6	86	87	102	103	119	135	136	137	150	151	152	153	154	155	156	168	169	170	171	172	186	187	203	311	#
287	1564.57	122	123	124	139	140	141	155	156	157	158	170	171	172	173	185	186	187	202	203	217	218	219	233	311	#
288	624.387	110	123	124	125	126	127	141	142	157	158	159	175	312	#
289	889.26	37	38	53	54	142	157	158	159	175	190	191	206	312	#
290	840.833	122	124	125	126	137	138	139	140	141	142	155	158	312	#
291	840.749	105	122	124	125	126	127	138	139	140	141	142	155	312	#
292	819.518	79	95	126	141	142	157	158	159	175	190	191	206	312	#
293	790.358	104	105	106	121	122	123	124	138	139	140	141	155	312	#
294	154.217	189	190	313	#
295	173.125	190	191	313	#
296	1169.57	0	1	2	16	17	32	33	49	50	64	65	81	82	83	97	113	129	145	314	#
297	1474.39	67	82	83	97	98	99	113	114	115	124	128	129	130	131	144	146	147	162	314	#
298	1431.12	65	66	67	68	69	81	84	85	97	101	112	113	114	128	129	144	145	160	314	#
299	1407.55	80	96	97	99	112	113	114	115	128	129	130	131	144	145	146	160	161	177	314	#
300	1365.4	96	97	100	112	113	114	115	116	128	129	130	131	144	145	146	147	160	161	314	#
301	1345.62	36	52	53	66	67	68	69	82	83	84	99	100	101	114	115	116	131	185	314	#
302	1477.85	86	88	89	100	102	103	104	115	116	117	118	119	120	132	133	134	135	148	149	150	165	166	315	#
303	1885.32	67	70	82	83	86	98	99	100	102	113	114	115	116	117	118	119	120	131	147	152	168	169	315	#
304	1760.08	7	70	86	102	103	114	115	116	117	118	119	131	132	134	135	136	148	149	150	151	152	165	315	#
305	1691.75	33	48	49	50	51	65	66	67	82	83	86	87	88	100	101	102	116	117	118	119	132	133	315	#
306	1659.36	86	100	102	115	116	117	118	119	120	133	134	135	137	149	150	151	152	153	154	165	166	169	315	#
307	1647.7	70	86	102	115	116	117	118	119	120	131	132	133	134	135	148	149	150	151	152	165	166	182	315	#
308	681.42	0	16	84	233	234	235	236	249	250	251	316	#
309	837.62	16	17	32	33	49	50	51	52	53	65	316	#
310	807.508	219	234	235	236	249	250	251	252	253	254	316	#
311	774.637	157	173	174	189	205	250	251	252	253	254	316	#
312	723.097	51	52	66	67	68	69	84	86	101	102	316	#
313	713.29	219	220	234	235	236	249	250	251	252	253	316	#
314	1130.56	71	72	82	88	97	98	99	100	104	105	113	114	130	146	317	#
315	1409.69	80	97	112	113	115	128	129	130	131	144	145	146	147	244	317	#
316	1366.8	43	44	97	112	113	114	128	129	130	131	144	145	146	147	317	#
317	1340.06	64	80	82	83	97	98	99	112	113	114	115	129	130	131	317	#
318	1272.69	83	98	99	100	112	113	114	115	116	117	118	129	130	131	317	#
319	1271.84	112	113	114	115	128	129	130	131	144	145	146	147	162	207	317	#
320	160.533	116	132	133	318	#
321	193.289	115	116	132	318	#
322	188.593	117	132	133	318	#
323	525.025	54	55	68	69	70	71	85	86	319	#
324	663.751	22	38	54	55	70	71	121	122	319	#
325	603.257	38	39	40	54	55	71	72	234	319	#
326	594.364	51	54	69	70	85	86	192	208	319	#
327	565.504	39	40	54	55	56	64	72	88	319	#
328	533.288	53	54	70	71	85	86	205	221	319	#
329	452.285	29	30	45	46	47	212	213	320	#
330	628.346	180	194	195	196	211	212	213	320	#
331	479.967	45	46	47	61	62	63	77	320	#
332	438.835	143	159	181	197	212	213	214	320	#
333	435.12	12	28	29	30	31	45	47	320	#
334	402.368	12	13	28	29	30	45	251	320	#
335	127.706	107	108	321	#
336	182.117	107	124	321	#
337	102.743	108	109	321	#
338	882.536	3	4	17	18	19	20	33	34	35	36	50	53	322	#
339	976.788	1	2	3	4	17	18	19	20	33	34	35	169	322	#
340	972.759	3	19	20	199	200	201	202	216	217	218	233	249	322	#
341	954.984	2	3	18	34	35	36	37	50	53	69	70	86	322	#
342	952.554	1	2	3	16	17	18	32	33	34	35	49	50	322	#
343	951.948	1	2	3	17	18	33	34	35	36	37	50	53	322	#
344	190.89	30	31	44	45	323	#
345	259.534	26	27	28	44	323	#
346	234.343	30	44	45	46	323	#
347	201.021	30	45	46	47	323	#
348	97.9333	30	31	46	47	323	#
349	3211.97	7	9	21	22	23	24	25	35	36	37	38	39	40	41	42	53	55	56	57	58	59	69	70	71	72	73	74	75	84	85	86	87	88	89	90	91	101	102	103	104	105	106	107	118	121	122	123	124	137	138	139	224	225	240	241	324	#
350	4059	0	1	3	4	5	17	18	20	21	32	33	34	35	36	37	38	39	48	49	50	51	52	53	56	64	65	66	67	69	70	71	72	80	81	82	83	86	88	96	97	98	99	113	114	115	128	129	131	144	145	146	147	160	161	163	324	#
351	3918.8	5	6	7	21	22	23	26	27	34	35	37	38	39	42	48	49	50	51	52	53	54	55	56	64	65	66	70	71	72	80	81	82	86	87	96	97	102	103	104	113	118	119	120	121	122	129	133	134	135	136	149	151	152	166	167	324	#
352	3894.62	21	34	35	36	37	38	39	50	51	52	53	54	55	56	67	69	70	71	72	82	83	84	85	86	87	98	99	100	101	102	103	113	114	115	118	119	129	131	133	134	135	136	144	145	146	147	149	151	152	161	165	166	167	187	203	324	#
353	3889.87	9	10	11	12	13	26	27	28	42	55	56	58	70	71	72	73	74	75	86	88	89	90	91	92	102	103	105	106	107	118	119	120	121	122	123	124	134	135	139	140	141	149	155	156	157	171	172	173	187	189	201	202	203	204	219	324	#
354	3855.7	23	39	52	55	56	58	65	66	67	68	70	71	72	81	82	83	84	85	86	87	88	89	97	98	99	100	101	102	103	104	113	114	115	117	118	119	128	129	131	133	134	135	136	144	145	146	149	151	152	153	160	161	165	167	193	324	#
355	1065.11	59	75	89	90	91	105	106	107	116	117	122	136	137	138	154	191	207	325	#
356	1245.95	26	27	41	42	43	44	57	59	60	61	75	76	77	92	106	107	108	325	#
357	1238.07	31	106	107	108	121	122	123	135	136	137	138	139	140	153	155	168	169	325	#
358	1223.59	43	59	74	75	76	89	90	91	92	105	106	107	108	121	124	125	140	325	#
359	1222.26	83	97	98	99	100	113	114	115	116	129	130	131	132	144	146	147	161	325	#
360	1210.53	60	63	75	76	91	92	105	106	107	108	124	125	140	195	196	212	213	325	#
361	225.795	60	61	77	93	94	326	#
362	323.929	61	77	78	93	94	326	#
363	312.649	43	44	60	61	62	326	#
364	1801.44	5	6	7	21	22	23	25	37	38	39	40	41	42	45	53	54	56	57	69	70	71	72	73	85	89	105	327	#
365	2065.87	37	53	54	67	68	69	70	85	87	101	102	103	117	119	120	133	135	149	165	166	182	198	213	214	215	230	327	#
366	1954.48	8	57	69	73	85	101	102	104	105	106	107	108	117	118	119	122	123	124	134	135	138	139	140	165	182	220	327	#
367	1935.43	24	25	31	39	40	41	42	46	47	56	57	61	62	72	73	88	89	90	105	106	122	123	136	137	138	139	327	#
368	1921.63	5	6	22	23	37	38	39	40	41	42	53	54	56	57	69	70	72	85	175	188	189	190	191	205	206	207	327	#
369	1883.47	8	22	23	24	37	38	39	40	41	42	55	56	57	66	67	72	73	81	82	83	89	98	99	114	249	250	327	#
370	62.7009	243	#
371	801.825	31	47	60	61	62	63	77	78	79	93	94	95	200	216	328	#
372	1039.05	170	171	183	184	185	186	187	199	200	216	217	232	233	249	328	#
373	1019.44	30	42	43	44	45	46	47	61	62	63	77	78	79	95	328	#
374	960.735	29	30	31	42	43	44	45	46	47	61	62	63	76	77	328	#
375	958.765	59	61	74	75	76	77	91	92	93	107	108	124	140	155	328	#
376	948.02	30	44	45	46	47	60	61	62	63	152	167	168	169	170	328	#
377	1862.25	7	23	38	39	40	51	52	53	54	55	69	70	71	72	86	87	88	103	119	135	136	137	151	152	234	329	#
378	2026.94	182	198	200	201	204	208	209	210	214	215	216	217	220	221	225	231	232	233	234	235	236	246	247	250	251	329	#
379	1816.69	53	54	55	70	71	72	85	86	87	88	89	100	101	103	104	105	106	107	112	113	121	128	129	130	144	329	#
380	1776.7	23	36	37	38	39	52	53	54	55	71	72	73	87	88	214	215	216	228	229	230	231	232	245	246	247	329	#
381	1775.59	23	24	38	39	40	54	55	70	72	73	89	119	135	136	147	150	151	152	153	163	167	168	184	199	200	329	#
382	1720.15	33	34	37	38	39	50	51	52	53	54	55	66	67	70	72	82	83	86	88	130	131	141	146	147	162	329	#
383	591.793	210	211	225	226	227	240	241	242	243	244	245	330	#
384	782.239	177	180	193	194	195	196	211	212	225	226	242	330	#
385	777.423	44	177	193	194	195	196	210	211	227	242	243	330	#
386	744.42	193	194	195	196	210	211	226	227	243	244	245	330	#
387	721.542	48	64	65	81	82	83	98	114	243	244	245	330	#
388	651.876	61	77	211	225	226	227	241	242	243	244	245	330	#
389	116.428	209	225	#
390	567.021	48	64	65	66	198	199	214	215	331	#
391	666.092	182	183	198	199	213	214	215	216	331	#
392	604.142	48	49	50	64	65	66	81	97	331	#
393	586.461	64	65	113	114	129	130	144	160	331	#
394	570.479	6	7	182	198	199	214	215	230	331	#
395	546.044	64	65	66	81	96	97	113	129	331	#
396	252.306	151	152	167	332	#
397	225.35	151	167	168	332	#
398	207.038	135	136	151	332	#
399	789.75	17	18	19	34	35	36	51	52	66	67	68	82	333	#
400	938.338	3	4	18	19	20	33	34	35	36	180	181	197	333	#
401	934.597	20	34	35	36	37	38	51	52	54	67	68	70	333	#
402	929.76	20	33	34	35	36	48	49	50	51	66	67	68	333	#
403	924.234	18	20	34	35	36	49	50	51	52	67	68	69	333	#
404	921.51	35	48	49	51	52	64	65	66	67	68	81	82	333	#
405	113.066	204	#
406	1448.62	165	182	187	188	198	199	200	201	203	214	215	216	217	218	219	230	231	233	234	235	246	334	#
407	1702.53	140	152	156	165	167	168	169	181	182	183	184	198	199	200	214	215	216	217	230	246	247	334	#
408	1667.16	168	169	170	183	185	186	188	189	198	199	200	201	203	204	205	216	217	218	219	233	234	334	#
409	1644.78	198	199	200	201	213	214	215	216	217	218	219	230	232	233	234	235	246	247	248	250	251	334	#
410	1611.27	104	167	183	184	185	198	199	200	201	213	214	215	216	217	230	232	233	244	245	246	248	334	#
411	1609.51	135	151	152	165	167	168	169	182	183	184	185	198	199	200	213	214	215	216	217	230	232	334	#
412	631.225	182	183	184	198	199	214	215	231	335	#
413	680.135	41	57	73	89	165	182	183	199	335	#
414	649.104	165	182	184	198	199	200	214	215	335	#
415	636.521	182	183	184	185	198	199	200	215	335	#
416	628.712	183	184	198	199	214	215	231	247	335	#
417	619.354	214	215	216	231	244	245	246	247	335	#
418	70.8972	3	#
419	103.259	35	#
420	541.617	142	158	174	175	190	191	336	#
421	555.266	125	142	158	174	175	191	336	#
422	528.365	158	173	174	175	189	191	336	#
423	462.46	94	110	158	174	175	191	336	#
424	396.205	124	125	126	142	143	158	336	#
425	371.904	157	158	174	175	190	191	336	#
426	580.695	107	122	123	124	139	140	155	156	172	337	#
427	764.127	122	123	136	137	138	139	153	155	169	337	#
428	733.747	61	77	156	169	170	171	172	173	174	337	#
429	718.201	89	105	107	121	122	123	137	138	139	337	#
430	705.081	89	90	105	121	122	123	146	162	163	337	#
431	619.015	123	138	139	140	141	155	156	171	172	337	#
432	1723.66	81	97	99	100	112	113	114	115	116	128	129	130	131	132	144	145	146	147	160	161	176	192	208	224	338	#
433	1951.1	29	97	112	113	128	129	130	140	144	145	146	147	156	160	161	162	163	176	177	179	180	195	196	211	338	#
434	1897.61	112	113	125	128	129	130	141	144	160	161	164	176	177	180	192	193	194	195	196	208	209	211	226	227	338	#
435	1877.01	12	28	44	97	99	100	106	107	112	113	114	115	116	117	118	122	123	130	131	132	133	134	138	149	338	#
436	1835.35	95	144	160	163	176	177	179	180	192	195	196	208	209	210	211	212	213	214	224	226	227	228	229	230	338	#
437	1823.12	100	101	114	128	129	130	144	145	146	147	160	161	162	176	177	180	192	193	194	195	208	211	224	226	338	#
438	98.3581	12	#
439	300.069	6	7	22	23	61	77	339	#
440	432.233	6	7	22	23	38	39	339	#
441	362.188	6	22	23	38	68	69	339	#
442	317.619	6	7	21	22	23	24	339	#
443	313.974	44	60	75	76	77	93	339	#
444	278.878	6	21	22	23	24	38	339	#
445	1231.68	35	36	49	51	52	64	65	66	67	68	80	82	84	97	98	113	114	129	145	340	#
446	1561.71	59	60	65	66	73	74	75	76	81	82	91	92	97	98	107	108	113	114	116	340	#
447	1489.74	51	53	65	66	67	68	69	80	81	82	85	96	97	98	99	113	114	115	130	340	#
448	1482.24	2	18	34	35	36	48	50	51	53	64	65	66	67	68	69	82	84	85	98	340	#
449	1415.38	3	4	19	20	34	35	36	50	51	52	53	54	55	67	68	69	70	84	85	340	#
450	1410.13	48	64	66	80	81	82	97	98	99	113	114	128	129	130	144	145	160	161	177	340	#
451	958.148	26	27	28	41	42	43	44	59	60	61	62	75	91	107	341	#
452	1246.04	12	27	28	29	40	41	42	43	44	59	60	76	77	92	341	#
453	1127.37	10	12	27	28	29	41	42	43	44	57	59	60	75	76	341	#
454	1125.14	6	7	9	22	23	24	25	38	39	40	41	42	43	57	341	#
455	1116.75	24	25	27	38	39	40	41	42	43	70	71	86	87	103	341	#
456	1053.91	12	27	28	42	43	44	45	59	60	75	76	146	160	161	341	#
457	652.261	17	32	33	34	49	64	65	81	82	83	97	98	99	113	342	#
458	972.555	51	52	67	68	69	70	81	82	83	85	86	98	99	119	342	#
459	971.299	64	65	66	67	81	82	98	112	113	114	128	130	223	239	342	#
460	959.283	35	49	51	52	65	66	67	68	81	84	85	101	102	117	342	#
461	896.604	3	17	18	32	33	34	35	49	64	65	81	191	207	223	342	#
462	871.898	2	17	18	32	33	34	35	36	49	50	51	64	65	67	342	#
463	450.897	14	69	85	100	101	343	#
464	405.43	69	70	71	85	86	343	#
465	403.489	69	70	85	89	101	343	#
466	375.871	99	100	101	231	247	343	#
467	330.154	14	15	30	44	45	343	#
468	316.546	84	85	86	100	101	343	#
469	886.638	5	6	7	21	22	23	24	25	37	38	39	40	53	56	344	#
470	1020.47	5	6	21	22	23	36	37	38	39	40	41	44	45	53	344	#
471	959.95	6	7	8	9	12	13	22	23	24	25	38	39	41	42	344	#
472	951.866	5	6	22	23	25	36	37	38	39	40	53	55	71	72	344	#
473	929.325	6	22	23	36	37	38	39	53	55	112	128	129	144	145	344	#
474	925.411	22	23	24	25	37	38	39	40	55	56	72	87	88	104	344	#
475	2043.25	58	59	73	74	75	90	91	105	106	107	109	110	119	120	121	122	123	124	135	136	137	138	139	153	154	155	169	170	171	345	#
476	2297.09	57	58	73	74	75	86	87	88	89	90	91	102	103	105	106	107	108	117	118	121	122	123	134	135	139	150	151	155	220	345	#
477	2293.83	41	57	73	74	75	76	88	89	90	91	92	105	106	107	108	121	122	123	124	125	139	142	143	155	156	169	170	171	172	345	#
478	2292.83	73	74	75	85	86	87	88	89	90	91	103	104	105	106	107	108	120	121	122	124	137	138	139	140	149	155	166	171	254	345	#
479	2286.56	68	99	115	123	128	129	130	131	138	139	144	145	146	147	155	161	162	163	169	170	171	172	173	186	187	188	203	204	205	345	#
480	2285.19	41	42	43	57	58	59	73	74	75	83	90	91	92	106	107	118	134	135	136	150	151	165	166	179	180	181	195	211	227	345	#
481	740.356	22	23	35	36	38	39	40	53	54	55	70	346	#
482	976.563	7	23	38	39	40	41	55	57	58	73	74	346	#
483	917.217	7	8	9	23	24	38	39	40	41	56	57	346	#
484	868.708	21	34	35	36	37	38	39	40	41	53	56	346	#
485	785.9	5	7	21	22	23	24	38	39	40	55	56	346	#
486	775.426	22	35	36	37	38	51	52	53	54	67	68	346	#
487	2208.88	8	9	10	11	12	13	22	23	24	25	26	27	28	29	30	39	40	41	42	43	44	54	55	59	60	61	71	72	73	74	75	76	77	87	90	93	347	#
488	2919.08	27	42	43	44	58	59	62	63	73	74	75	76	78	90	99	100	106	107	112	113	114	115	122	128	129	130	144	145	160	161	176	177	178	192	198	208	347	#
489	2833.78	9	10	25	26	27	28	41	42	43	44	59	60	73	74	75	91	112	114	115	128	129	130	144	145	146	160	161	166	185	186	187	188	202	203	204	219	347	#
490	2756.57	8	9	10	11	12	25	26	27	28	29	30	40	41	42	43	44	45	59	60	73	74	75	82	98	99	112	113	114	115	128	129	130	131	144	147	193	347	#
491	2699.79	8	9	10	11	12	13	25	27	28	42	43	55	58	59	72	73	74	75	76	77	88	89	90	91	92	105	106	118	120	121	122	134	149	150	165	166	347	#
492	2651.75	7	22	23	24	25	40	41	56	57	58	59	72	73	74	75	88	89	90	105	166	198	199	200	213	214	215	229	230	231	232	233	234	246	247	248	249	347	#
493	248.04	60	75	76	348	#
494	301.72	75	76	77	348	#
495	294.507	75	76	92	348	#
496	175.367	11	12	43	59	349	#
497	123.016	9	10	11	26	349	#
498	122.942	44	59	60	61	349	#
499	287.658	82	83	96	97	98	350	#
500	373.941	67	82	83	97	98	350	#
501	361.841	96	97	98	114	130	350	#
502	344.513	0	97	113	114	129	350	#
503	268.893	80	82	96	97	98	350	#
504	210.647	82	83	98	99	100	350	#
505	657.629	144	160	161	176	177	192	208	209	210	351	#
506	757.726	96	97	112	113	128	129	130	144	161	351	#
507	685.089	48	64	65	66	80	82	208	209	210	351	#
508	655.163	112	113	128	144	146	160	161	162	177	351	#
509	640.72	160	176	192	217	233	234	248	249	250	351	#
510	620.335	113	129	130	144	160	161	176	177	192	351	#
511	892.552	35	51	52	66	67	68	80	81	82	84	96	97	98	112	113	352	#
512	1127.77	33	34	35	48	49	50	51	52	65	66	67	81	82	96	97	352	#
513	1088.89	66	80	81	82	96	97	98	113	114	115	116	130	131	147	163	352	#
514	1088.17	48	49	64	65	66	80	81	82	96	97	98	99	115	116	131	352	#
515	1064.57	35	48	49	51	64	66	67	80	81	82	96	97	98	112	113	352	#
516	1048.53	33	35	48	49	51	52	64	65	66	67	68	69	80	82	209	352	#
517	123.672	41	#
518	2084.4	0	1	2	3	16	17	18	19	20	32	33	34	35	36	37	38	39	49	50	51	53	69	84	85	86	101	102	118	119	239	254	255	353	#
519	2415.64	22	37	38	39	48	49	50	53	54	56	64	65	69	70	71	72	86	87	88	97	113	128	129	130	144	145	146	147	161	240	254	255	353	#
520	2375.47	95	97	110	111	112	113	126	127	142	154	169	170	171	172	183	184	186	187	188	199	200	201	202	203	216	217	218	233	234	239	249	255	353	#
521	2362.46	0	1	3	16	17	18	20	32	33	34	35	36	48	49	50	53	64	65	80	92	95	107	108	111	122	123	188	205	206	221	222	237	353	#
522	2330.72	20	35	36	37	38	53	54	69	71	123	139	140	153	154	155	156	170	171	172	173	187	188	189	201	202	203	204	205	206	217	219	221	353	#
523	2285.32	23	38	39	53	54	71	72	73	85	86	88	89	101	102	103	104	118	119	128	134	135	136	144	149	151	152	153	165	167	183	199	215	353	#
524	63.0368	20	36	37	354	#
525	117.512	37	126	127	354	#
526	83.1537	20	35	36	354	#
527	549.461	85	101	102	117	119	120	355	#
528	478.457	100	102	116	117	133	245	355	#
529	464.016	68	84	85	101	102	119	355	#
530	447.896	100	101	102	116	117	133	355	#
531	438.69	101	102	104	119	120	121	355	#
532	413.781	84	101	102	104	119	120	355	#
533	200.365	177	178	356	#
534	222.605	161	177	356	#
535	667.797	212	213	214	228	229	230	231	245	246	357	#
536	795.958	134	150	166	199	214	215	230	245	246	357	#
537	716.436	57	163	164	180	194	195	196	212	213	357	#
538	712.926	213	214	215	216	229	230	231	232	248	357	#
539	659.73	42	199	212	213	214	215	229	230	231	357	#
540	522.974	17	33	141	157	214	215	229	230	246	357	#
541	149.2	225	226	358	#
542	170.716	225	241	358	#
543	132.627	226	227	358	#
544	994.049	0	1	17	33	49	171	172	216	217	233	234	248	249	359	#
545	1112.44	101	117	219	233	234	235	236	248	249	250	251	252	253	359	#
546	1005.77	204	217	218	220	233	234	235	236	249	250	251	252	253	359	#
547	993.963	216	217	230	231	232	233	234	235	246	247	248	249	251	359	#
548	952.37	201	202	215	216	217	218	219	230	231	232	235	236	237	359	#
549	938.722	154	156	170	171	172	173	187	189	190	191	204	205	206	359	#
550	460.971	87	103	156	171	172	360	#
551	456.193	140	155	156	171	172	360	#
552	427.275	140	141	155	171	172	360	#
553	375.639	87	103	119	135	151	360	#
554	368.107	155	171	172	187	203	360	#
555	342.619	86	87	88	103	104	360	#
556	918.45	1	2	3	4	17	18	19	33	34	35	36	50	133	149	361	#
557	1160.18	1	2	17	18	33	34	50	51	151	152	153	168	250	251	361	#
558	1146.22	0	1	2	3	17	18	33	34	50	51	65	66	67	82	361	#
559	1097.95	18	33	34	35	50	51	52	57	58	66	67	73	74	90	361	#
560	1039.65	34	35	36	38	50	51	52	53	54	55	70	71	86	102	361	#
561	988.693	0	1	2	3	16	17	18	32	33	34	50	59	60	75	361	#
562	780.803	1	2	3	4	17	18	19	20	33	34	35	362	#
563	848.208	1	2	3	16	17	18	32	33	34	35	49	362	#
564	811.654	1	2	3	4	17	18	19	33	34	35	51	362	#
565	803.181	0	1	2	3	16	17	18	19	33	34	35	362	#
566	787.838	1	2	3	16	17	18	19	32	33	34	35	362	#
567	771.478	20	35	36	37	51	52	53	67	68	69	84	362	#
568	350.382	180	196	212	216	363	#
569	430.007	180	194	195	196	363	#
570	365.14	199	214	215	216	363	#
571	333.17	148	164	180	195	363	#
572	322.273	194	195	196	212	363	#
573	246.089	64	65	81	97	364	#
574	351.596	65	81	97	113	364	#
575	182.176	54	64	65	66	364	#
576	219.516	146	162	163	164	365	#
577	327.399	147	163	164	179	365	#
578	316.837	131	146	147	161	365	#
579	285.517	131	147	162	163	365	#
580	151.402	43	44	366	#
581	175.994	27	43	366	#
582	135.03	44	60	366	#
583	1358.62	129	145	146	147	160	161	163	177	178	226	227	228	229	230	242	243	244	245	246	247	367	#
584	1616.65	99	100	101	115	116	130	131	145	146	147	160	161	162	163	173	177	178	179	189	195	367	#
585	1532.32	33	48	49	64	65	66	67	80	81	82	83	96	198	213	214	227	228	229	230	246	367	#
586	1527.35	66	67	83	99	100	101	113	115	116	129	130	131	145	146	147	161	162	163	164	177	367	#
587	1512.02	214	216	218	219	230	231	232	233	234	235	244	245	246	247	248	249	250	251	252	253	367	#
588	1509.91	66	67	83	99	100	101	115	116	129	130	131	145	146	147	160	161	162	163	164	178	367	#
589	45.3342	251	#
590	1061.3	18	33	34	48	49	64	65	81	156	157	171	172	173	248	368	#
591	1294.37	0	1	2	17	18	19	34	35	48	49	50	51	65	67	368	#
592	1090.48	155	156	157	170	171	172	173	189	204	205	212	220	249	250	368	#
593	1080.39	199	200	215	216	231	232	233	234	235	247	248	249	250	251	368	#
594	1039.25	2	16	18	19	20	32	33	34	49	50	81	82	184	185	368	#
595	1036.59	16	32	33	34	48	49	64	65	80	81	82	98	99	113	368	#
596	1269.28	39	40	54	55	56	57	69	70	71	72	73	85	87	88	89	90	102	103	104	105	106	369	#
597	1824.71	8	9	24	40	41	57	58	66	67	73	74	75	82	89	90	91	92	107	108	124	241	369	#
598	1706.3	38	39	40	41	50	54	55	56	57	58	71	72	73	74	87	88	89	90	91	105	121	369	#
599	1665.82	0	16	32	33	49	50	74	87	88	89	90	102	103	106	188	189	196	204	208	209	212	369	#
600	1568.3	38	39	54	55	56	72	73	74	75	88	89	90	91	92	105	106	121	122	137	138	153	369	#
601	1525.49	57	58	73	74	75	89	90	91	105	106	107	108	109	120	121	122	124	167	183	198	199	369	#
602	915.149	82	98	99	112	128	129	130	131	144	145	146	370	#
603	956.889	129	130	131	144	145	146	160	161	177	193	194	370	#
604	944.769	16	112	128	129	130	131	144	145	146	160	161	370	#
605	908.076	97	113	129	130	131	144	145	146	147	160	161	370	#
606	880.108	129	130	131	144	145	146	161	177	250	251	252	370	#
607	855.627	65	80	81	97	98	99	112	113	129	130	144	370	#
608	2650.38	9	10	11	12	13	23	24	25	26	27	28	29	39	40	42	43	44	45	55	60	90	103	104	105	106	107	119	120	121	134	135	150	151	152	166	167	168	183	184	371	#
609	2849.25	9	24	25	40	41	42	57	58	73	74	75	76	85	86	87	90	91	92	102	103	104	105	106	107	108	112	113	117	119	120	121	122	123	124	133	135	136	139	234	371	#
610	2811.77	0	1	2	16	24	25	32	33	39	40	48	49	50	56	72	90	102	103	104	105	106	107	108	114	115	117	119	120	121	122	123	124	125	130	131	133	139	142	224	371	#
611	2807.57	119	135	136	137	139	148	152	153	154	155	164	167	168	169	170	171	172	173	174	180	184	185	186	187	188	189	201	202	203	204	205	217	218	220	221	233	234	249	250	371	#
612	2788.37	11	12	13	14	26	27	28	29	30	31	42	43	44	45	46	47	60	61	69	74	75	76	85	86	87	92	100	101	102	103	104	105	117	119	120	121	122	123	133	371	#
613	2757.44	9	10	11	12	13	24	25	26	27	28	29	30	31	40	41	42	43	44	45	46	47	125	141	142	143	156	157	158	159	171	172	173	174	175	187	188	189	191	204	371	#
614	469.745	12	27	28	44	45	372	#
615	402.618	11	12	13	28	29	372	#
616	396.59	28	44	45	46	60	372	#
617	392.8	12	13	28	29	30	372	#
618	355.816	30	31	45	46	47	372	#
619	296.085	11	12	26	27	28	372	#
620	325.033	3	4	19	20	373	#
621	384.194	18	19	20	219	373	#
622	367.394	3	4	18	20	373	#
623	232.744	2	3	19	20	373	#
624	198.689	19	20	36	37	373	#
625	3046.73	0	1	2	3	4	16	17	18	19	20	32	33	34	35	50	51	52	67	68	82	83	84	96	97	98	99	100	112	113	114	115	116	117	128	129	130	131	144	145	146	147	161	374	#
626	3385.3	16	18	32	33	34	50	67	97	98	99	100	112	113	114	115	116	128	129	130	131	144	145	146	147	160	161	162	163	164	176	177	178	179	180	192	193	194	195	196	210	211	227	374	#
627	3303.79	1	2	3	16	17	18	32	33	34	50	51	52	67	83	97	98	99	102	112	113	114	115	116	117	128	129	130	131	144	145	146	147	160	161	162	163	164	177	178	179	194	195	374	#
628	3282.22	33	50	51	52	67	68	82	83	84	97	98	99	100	101	112	113	114	115	116	128	129	130	131	144	145	146	147	160	161	162	163	168	176	177	178	180	184	193	194	195	196	200	374	#
629	3279.25	38	39	40	54	55	56	71	82	83	87	98	99	103	112	113	114	115	128	129	130	131	144	145	146	147	148	149	150	160	161	162	163	164	176	177	178	179	180	193	194	195	196	374	#
630	3267.84	0	1	2	3	4	17	18	19	20	32	33	34	35	50	51	67	82	97	98	112	113	114	115	128	129	130	131	144	145	146	147	160	161	163	176	177	178	179	192	193	194	195	374	#
631	522.384	14	29	30	31	45	46	47	375	#
632	643.666	31	46	47	62	63	78	211	375	#
633	640.684	30	44	45	46	47	62	78	375	#
634	608.518	28	44	45	46	47	62	133	375	#
635	539.935	30	31	46	47	147	162	163	375	#
636	528.083	29	30	31	45	46	47	63	375	#
637	954.419	91	92	151	152	167	168	169	170	184	376	#
638	920.354	78	134	150	151	152	166	167	168	184	376	#
639	847.865	60	74	75	76	91	92	108	109	124	376	#
640	801.147	118	134	135	136	150	151	152	166	167	376	#
641	758.429	119	135	136	137	151	152	154	168	184	376	#
642	751.712	135	136	150	151	152	153	168	183	184	376	#
643	411.079	209	225	226	227	228	242	243	377	#
644	404.807	121	176	192	208	209	225	241	377	#
645	401.719	176	177	226	227	228	242	243	377	#
646	367.931	208	209	224	225	226	227	240	377	#
647	315.24	225	226	227	228	242	243	244	377	#
648	307.487	154	225	226	227	228	229	243	377	#
649	493.997	0	1	3	4	16	17	18	19	378	#
650	510.266	1	2	3	4	17	18	33	34	378	#
651	508.3	0	16	32	33	34	48	49	50	378	#
652	501.04	2	3	17	18	19	33	34	197	378	#
653	488.705	2	3	17	18	19	32	33	152	378	#
654	475.338	0	1	17	18	19	32	33	34	378	#
655	1122.09	43	44	60	61	77	93	130	146	147	148	161	162	163	164	177	178	179	193	194	379	#
656	1551.86	98	99	112	113	115	116	128	129	130	144	146	147	160	161	162	163	177	178	179	379	#
657	1518.05	67	130	146	147	160	161	162	163	164	176	177	178	179	180	192	194	195	211	224	379	#
658	1514.84	65	66	67	77	81	82	83	84	93	97	98	99	100	101	102	103	113	115	116	379	#
659	1484.7	146	147	148	160	161	162	163	164	176	177	178	179	180	181	192	194	195	196	211	379	#
660	1444.33	114	129	130	144	146	147	160	161	162	163	164	176	177	178	180	181	192	194	195	379	#
661	1895.91	5	6	7	9	21	22	23	25	35	36	37	38	39	40	51	52	53	54	55	69	70	71	86	87	102	103	252	380	#
662	2132.58	8	9	10	12	13	26	27	28	29	30	42	43	44	45	59	60	74	75	76	77	91	92	107	124	140	171	172	380	#
663	2045.99	23	32	33	39	40	50	54	55	68	69	70	71	84	86	87	101	102	103	104	113	118	119	123	124	167	183	239	380	#
664	2044.07	3	7	19	20	22	23	24	35	36	37	38	39	40	51	52	53	54	55	67	68	69	70	71	86	87	102	103	380	#
665	2038.05	7	9	10	12	22	23	24	25	27	28	40	41	42	43	44	53	57	59	60	69	74	75	76	84	85	91	92	380	#
666	2021.93	6	7	20	21	22	23	35	36	37	38	39	52	53	54	55	69	70	71	72	86	87	144	146	147	161	171	177	380	#
667	120.317	217	#
668	894.744	81	97	112	113	129	145	150	151	167	183	199	215	381	#
669	1137.67	99	115	128	131	144	145	146	147	160	161	162	176	381	#
670	1087.44	86	87	88	89	112	113	128	129	144	145	161	244	381	#
671	1009.7	81	97	98	112	113	128	129	144	145	160	161	176	381	#
672	952.925	23	24	25	99	113	114	115	129	130	131	144	145	381	#
673	884.496	167	183	198	199	200	201	214	215	216	217	231	233	381	#
674	141.223	171	#
675	541.778	115	116	132	133	148	149	164	165	166	181	382	#
676	782.174	147	148	149	162	163	164	165	171	172	173	382	#
677	772.598	147	148	162	163	164	179	180	181	194	195	382	#
678	725.063	102	117	118	119	133	134	135	152	233	234	382	#
679	657.844	133	148	149	150	163	164	165	166	180	181	382	#
680	656.939	148	149	150	164	165	166	181	182	183	198	382	#
681	1112.9	67	83	97	98	99	100	101	112	113	114	115	116	117	133	383	#
682	1275.78	83	97	98	99	112	113	114	128	129	130	144	145	146	161	383	#
683	1263.78	97	98	112	113	114	128	129	145	146	161	162	163	177	178	383	#
684	1259.59	67	80	83	97	98	99	113	114	115	128	129	130	131	145	383	#
685	1240.35	80	83	97	98	99	112	113	114	128	129	130	144	145	161	383	#
686	1174.65	48	66	67	83	98	99	114	115	116	128	129	130	131	146	383	#
687	997.011	1	2	17	18	33	34	35	36	48	49	50	51	52	53	64	67	80	384	#
688	1243.81	2	3	18	34	35	36	38	39	49	50	51	52	53	54	55	67	83	384	#
689	1233.47	22	38	51	52	53	54	55	67	69	72	84	85	99	100	101	116	117	384	#
690	1184.62	1	2	36	51	52	53	66	67	69	81	82	83	98	99	114	115	131	384	#
691	1136.21	0	1	2	16	32	33	34	35	36	48	49	50	51	65	67	81	83	384	#
692	1125.88	2	18	34	35	48	49	50	51	52	64	65	66	67	81	82	83	98	384	#
693	190.015	107	124	125	385	#
694	277.217	106	107	108	385	#
695	250.496	107	108	124	385	#
696	179.748	125	126	127	385	#
697	526.593	8	9	24	25	41	42	386	#
698	561.559	26	27	40	41	42	43	386	#
699	517.841	26	27	41	42	43	59	386	#
700	492.253	8	9	24	25	40	41	386	#
701	474.106	8	9	23	24	25	41	386	#
702	362.073	8	9	10	24	25	26	386	#
703	1024.05	173	192	193	194	195	208	209	211	212	213	224	225	226	227	240	241	242	387	#
704	1493.86	147	160	161	162	163	165	176	177	178	179	180	181	192	193	194	195	196	387	#
705	1396.24	145	146	147	160	161	162	163	177	178	179	192	193	194	195	208	224	225	387	#
706	1377.01	10	11	27	41	42	43	57	58	74	75	76	181	197	212	213	214	215	387	#
707	1360.05	42	146	147	160	161	162	163	178	179	180	193	194	195	211	212	213	227	387	#
708	1359.04	146	147	160	161	162	163	164	177	178	179	180	192	193	194	195	211	226	387	#
709	1381.29	3	4	18	20	35	36	201	216	217	218	219	234	235	236	248	249	250	251	388	#
710	1486.91	39	40	56	182	184	185	198	199	200	201	215	216	217	218	232	233	247	248	388	#
711	1428.43	3	4	20	35	36	37	49	50	51	53	54	55	65	66	67	68	69	71	388	#
712	1381.56	114	130	131	216	217	219	232	234	235	236	237	238	248	249	250	251	252	253	388	#
713	1372.39	118	134	135	149	165	214	215	216	226	230	231	232	246	247	248	249	250	251	388	#
714	1304.75	182	198	199	201	202	214	215	216	217	218	219	229	230	233	235	246	249	250	388	#
715	1085.16	138	139	140	154	155	169	170	171	172	186	187	188	189	203	204	205	220	221	389	#
716	1359.17	47	63	69	79	84	85	89	101	105	187	188	200	203	218	219	233	249	255	389	#
717	1352.99	98	113	114	115	129	130	131	146	161	170	186	187	188	203	233	249	250	251	389	#
718	1293.75	108	143	159	171	173	174	187	188	189	190	203	204	205	206	219	220	221	236	389	#
719	1291.84	65	66	74	82	89	90	91	105	106	107	121	122	123	135	136	137	138	153	389	#
720	1284.63	153	154	157	170	171	172	173	187	188	189	190	203	204	205	206	218	219	220	389	#
721	159.772	61	62	390	#
722	118.25	61	77	390	#
723	730.202	141	157	158	174	175	188	189	190	191	204	205	206	207	221	391	#
724	955.125	175	187	188	189	190	191	201	202	203	204	205	206	207	219	391	#
725	953.406	142	158	171	174	175	187	188	189	190	191	203	204	205	219	391	#
726	941.02	49	64	65	80	81	97	174	175	190	191	236	252	253	254	391	#
727	928.585	33	34	35	49	50	175	186	187	188	189	190	191	204	206	391	#
728	903.623	187	188	189	190	191	202	203	204	205	219	220	221	235	236	391	#
729	214.607	158	159	174	175	392	#
730	175.383	157	158	159	173	392	#
731	276.956	4	20	224	225	240	393	#
732	377.27	3	4	18	19	20	393	#
733	274.556	167	168	209	224	225	393	#
734	257.231	192	208	209	224	225	393	#
735	223.115	192	208	224	240	241	393	#
736	127.148	5	6	21	22	23	394	#
737	120.707	21	22	36	37	53	394	#
738	198.341	81	97	98	395	#
739	221.31	80	97	113	395	#
740	214.392	49	65	81	395	#
741	1328.92	61	62	148	149	167	170	182	183	184	185	186	187	198	199	200	201	202	217	218	233	248	249	396	#
742	1653.93	29	30	31	46	47	62	63	64	65	80	81	97	112	113	183	184	185	200	201	232	247	248	396	#
743	1631.38	152	167	168	169	183	184	185	196	198	199	200	201	202	212	213	214	215	217	218	219	233	249	396	#
744	1625	136	137	152	168	169	170	171	184	185	186	188	189	200	201	202	203	204	217	218	219	233	235	396	#
745	1620.97	107	122	123	137	138	151	152	153	154	167	168	183	184	185	186	199	200	201	202	217	218	219	396	#
746	1615.84	9	24	25	41	42	100	114	115	116	167	183	184	199	200	201	202	203	217	218	233	248	249	396	#
747	1612.05	57	69	70	71	72	73	86	87	88	89	91	102	103	104	105	106	107	118	119	134	150	397	#
748	1698.29	1	40	41	57	58	71	72	73	74	88	89	91	176	197	213	214	215	216	217	231	232	397	#
749	1628.16	9	25	40	41	57	59	65	72	73	74	75	102	103	118	119	134	149	150	165	166	182	397	#
750	1488.25	87	101	102	103	118	119	125	134	135	136	141	142	148	149	150	151	152	164	165	167	180	397	#
751	1436.67	34	35	36	87	102	103	118	119	132	134	135	136	148	149	150	151	152	164	165	167	180	397	#
752	1418.78	25	41	57	58	69	70	71	72	73	84	85	156	157	168	172	173	174	183	184	185	190	397	#
753	524.129	134	135	136	137	150	151	152	398	#
754	688.02	137	150	151	152	153	169	170	398	#
755	553.029	135	136	137	150	151	152	153	398	#
756	550.991	135	136	137	138	151	160	176	398	#
757	497.666	134	135	136	150	151	165	166	398	#
758	477.374	135	136	137	138	151	152	153	398	#
759	1664.32	180	194	195	196	208	209	210	211	212	213	224	225	226	227	228	240	241	242	243	244	245	246	399	#
760	1799.06	164	180	194	195	196	197	209	210	211	212	213	214	215	225	226	227	228	230	243	244	245	246	399	#
761	1741.29	66	81	82	157	164	173	180	189	194	195	196	205	208	209	210	211	212	226	227	228	243	244	399	#
762	1727.35	180	194	195	196	208	209	210	211	212	214	226	227	228	230	241	242	243	244	245	246	247	248	399	#
763	1726.88	69	70	129	144	145	160	161	163	164	165	177	178	179	180	181	193	194	195	196	211	212	213	399	#
764	1723.03	34	35	50	195	196	208	209	210	211	212	224	225	226	227	228	234	240	241	242	243	248	249	399	#
765	58.8053	138	139	400	#
766	47.3251	139	140	400	#
767	533.668	145	146	147	148	161	163	164	179	401	#
768	598.314	82	98	99	113	130	146	147	161	401	#
769	581.889	147	163	164	179	180	181	186	202	401	#
770	527.536	105	106	122	123	145	146	161	162	401	#
771	514.991	130	145	146	147	161	162	163	164	401	#
772	511.913	116	132	133	148	163	164	180	181	401	#
773	714.343	146	161	163	164	177	178	179	180	183	195	247	402	#
774	965.24	112	128	129	131	144	146	147	160	161	162	177	402	#
775	954.751	161	162	177	178	179	180	181	194	195	196	211	402	#
776	922.435	164	180	181	194	195	196	197	198	212	213	214	402	#
777	885.982	98	114	115	116	129	130	131	144	146	160	161	402	#
778	813.609	183	199	200	213	214	215	231	232	246	247	248	402	#
779	388.751	74	75	91	107	108	403	#
780	458.32	91	92	107	123	124	403	#
781	427.424	91	107	108	123	124	403	#
782	420.072	73	74	89	90	91	403	#
783	375.085	74	90	91	107	124	403	#
784	220.764	43	59	60	75	91	403	#
785	723.434	147	162	163	178	179	193	194	198	199	214	215	216	404	#
786	972.59	168	182	184	198	199	200	214	215	230	231	232	247	404	#
787	945.654	66	67	82	98	192	193	194	208	209	210	224	225	404	#
788	897.699	182	198	199	200	214	215	216	217	230	231	232	247	404	#
789	884.466	198	200	214	216	217	218	230	231	232	247	248	249	404	#
790	864.914	163	167	168	179	184	199	200	201	204	205	216	217	404	#
791	180.687	226	241	242	405	#
792	259.021	122	241	242	405	#
793	76.6322	224	240	#
794	701.498	10	11	26	27	28	40	41	42	43	406	#
795	883.066	27	43	44	45	60	151	167	168	184	406	#
796	718.307	9	10	11	25	26	27	214	215	231	406	#
797	680.882	10	11	26	27	28	41	42	43	44	406	#
798	678.979	9	10	11	26	27	28	42	43	44	406	#
799	669.555	9	10	11	25	26	27	28	42	43	406	#
800	115.951	60	76	#
801	471.571	198	214	215	216	229	230	407	#
802	554.463	198	214	215	216	230	246	407	#
803	546.147	182	198	214	215	216	230	407	#
804	524.758	198	200	215	216	232	248	407	#
805	469.989	182	198	199	200	214	215	407	#
806	430.64	198	214	229	230	245	246	407	#
807	134.756	246	#
808	1999.32	59	60	61	75	76	77	91	92	93	107	108	109	123	124	125	126	135	136	137	140	141	151	154	155	156	170	171	172	186	187	188	203	204	205	408	#
809	2517.03	47	63	77	78	79	93	94	95	111	140	155	169	170	171	180	181	184	185	186	187	188	189	196	197	203	204	205	210	211	212	213	214	221	222	408	#
810	2503.93	43	44	55	58	59	60	72	73	74	75	76	77	89	91	92	93	107	108	109	123	144	160	176	192	208	209	210	211	212	213	218	224	225	241	408	#
811	2455.11	43	44	58	59	60	74	75	76	78	79	91	107	108	121	122	123	124	125	138	140	141	155	156	169	170	171	172	185	186	187	188	189	203	204	408	#
812	2420.09	85	100	101	102	116	117	118	119	121	122	123	132	133	134	135	136	137	138	148	149	151	152	163	164	166	167	168	179	180	181	184	185	197	213	408	#
813	2418.93	67	83	98	99	100	101	102	104	113	114	115	117	118	119	130	131	134	135	136	146	149	151	165	182	184	185	198	199	200	201	214	215	245	246	408	#
814	85.2165	30	31	409	#
815	126.148	29	30	409	#
816	1416.6	41	56	57	72	175	188	189	190	191	203	204	205	206	219	220	221	222	223	235	236	237	238	410	#
817	1741.98	81	82	97	157	170	171	173	174	185	186	187	188	189	190	191	202	203	204	205	206	207	218	410	#
818	1735.64	125	140	141	142	143	157	158	159	174	175	180	181	190	191	195	196	197	207	211	212	213	223	410	#
819	1729.83	125	141	142	143	156	157	158	159	173	174	175	188	189	190	191	204	206	207	222	223	237	238	410	#
820	1725.53	157	158	171	174	175	185	186	187	188	189	190	191	194	195	202	203	204	205	206	207	218	223	410	#
821	1682.57	124	140	155	156	171	173	184	185	186	187	188	189	201	202	203	204	216	217	218	219	232	233	410	#
822	1091.54	47	58	73	74	90	91	112	113	114	128	129	130	144	161	411	#
823	1334.63	96	97	112	113	114	115	128	129	130	131	145	146	147	254	411	#
824	1268.52	99	113	114	115	116	128	129	130	131	144	145	146	147	162	411	#
825	1237.68	81	97	112	113	114	128	129	131	144	145	146	147	160	162	411	#
826	1219.14	97	99	100	112	113	114	115	116	128	129	130	131	146	161	411	#
827	1215.55	7	9	10	23	24	25	27	41	42	43	57	58	74	91	411	#
828	1087.16	181	182	198	199	212	213	214	215	216	230	231	232	246	247	248	412	#
829	1424.27	182	196	197	198	199	200	201	212	213	214	215	216	217	218	231	412	#
830	1371.5	180	182	196	197	198	199	200	201	210	211	212	213	214	215	217	412	#
831	1341.94	153	169	182	183	184	198	199	200	201	214	215	216	217	231	233	412	#
832	1328.75	182	183	184	198	199	200	201	214	215	216	217	218	230	231	233	412	#
833	1274.06	167	183	184	199	200	201	214	215	216	217	218	219	230	231	232	412	#
834	66.7995	145	#
835	686.961	147	148	162	163	164	179	180	195	211	413	#
836	828.241	65	81	97	163	177	178	179	193	194	413	#
837	672.561	161	163	177	178	179	193	194	195	211	413	#
838	653.376	146	147	163	164	178	179	180	193	194	413	#
839	632.646	94	210	211	226	227	228	229	241	242	413	#
840	619.032	147	163	164	165	166	178	179	180	181	413	#
841	650.453	105	121	122	138	152	153	167	168	169	183	414	#
842	755.272	152	153	154	167	168	169	183	184	200	201	414	#
843	728.73	152	153	167	168	169	183	184	198	199	200	414	#
844	674.922	136	137	152	153	154	167	168	169	183	184	414	#
845	663.57	143	167	182	183	184	185	198	199	200	201	414	#
846	634.334	72	73	74	87	88	89	103	104	120	121	414	#
847	342.74	1	17	18	34	35	415	#
848	485.915	34	35	50	51	67	415	#
849	447.403	33	34	35	50	51	415	#
850	407.643	18	19	34	35	50	415	#
851	363.828	0	1	17	18	34	415	#
852	210.718	0	1	2	17	33	415	#
853	398.509	103	148	163	164	178	179	194	416	#
854	510.676	114	115	131	147	163	178	179	416	#
855	468.121	87	101	102	103	118	119	120	416	#
856	398.901	162	177	178	179	190	192	193	416	#
857	327.089	132	147	148	149	162	163	164	416	#
858	280.134	116	132	148	149	164	166	180	416	#
859	659.194	76	91	92	106	107	108	124	417	#
860	708.164	91	92	106	107	108	122	123	417	#
861	639.042	91	92	107	108	124	125	142	417	#
862	623.078	76	91	92	107	108	109	123	417	#
863	525.552	46	91	106	107	108	109	124	417	#
864	490.2	74	75	90	91	107	108	124	417	#
865	1273.4	17	98	99	142	157	158	173	188	189	197	204	205	220	221	222	237	418	#
866	1345.43	33	49	65	81	82	83	97	98	99	112	113	114	115	129	130	144	418	#
867	1198.28	141	157	158	173	174	180	187	188	189	190	191	195	204	210	211	212	418	#
868	1171.89	140	155	157	159	171	172	173	174	175	188	189	190	191	204	205	206	418	#
869	1149.92	119	120	149	165	180	181	182	183	184	195	196	197	198	199	212	213	418	#
870	1142.65	1	2	17	18	33	49	50	51	84	87	101	102	103	117	118	119	418	#
871	541.313	83	99	100	114	115	116	132	419	#
872	532.595	83	99	100	114	115	116	131	419	#
873	514.279	132	133	148	149	150	164	166	419	#
874	503.996	66	82	83	99	100	115	116	419	#
875	501.051	14	100	116	188	204	205	206	419	#
876	497.007	8	81	82	83	99	115	116	419	#
877	770.155	75	91	173	186	187	188	189	205	420	#
878	750.059	171	173	185	186	187	188	189	205	420	#
879	735.334	150	165	166	173	174	175	181	189	420	#
880	691.287	155	156	171	172	173	187	188	189	420	#
881	615.875	183	184	185	186	187	202	217	218	420	#
882	608.905	128	141	157	173	189	190	205	221	420	#
883	1161.9	118	134	150	166	173	186	187	188	189	190	191	202	203	204	205	218	219	220	421	#
884	1406.6	202	203	217	219	221	222	233	234	235	236	237	238	249	250	251	252	253	254	421	#
885	1403.29	173	174	180	187	188	189	190	196	198	202	203	204	214	215	216	217	218	219	421	#
886	1392.56	115	116	117	118	132	133	134	148	149	163	164	165	166	178	179	180	181	196	421	#
887	1377.67	182	198	199	202	203	204	215	216	217	218	219	232	233	234	235	250	251	252	421	#
888	1371.65	41	57	58	73	102	116	118	132	133	134	148	149	150	163	164	165	166	179	421	#
889	114.902	238	254	422	#
890	151.148	253	254	422	#
891	1564.32	10	26	101	116	117	132	133	146	148	149	150	162	163	164	165	166	178	179	180	181	192	193	195	196	423	#
892	1918.36	79	112	147	162	167	168	169	176	177	178	184	185	186	187	192	193	194	200	208	209	217	224	225	233	423	#
893	1892.83	104	105	112	113	115	116	128	129	130	131	144	146	147	161	162	177	178	180	194	195	196	211	221	222	423	#
894	1833.53	18	128	130	144	146	147	160	161	162	176	177	178	180	192	193	194	195	196	208	209	224	225	226	240	423	#
895	1817.96	52	68	71	84	85	86	87	99	100	101	102	103	114	115	116	117	118	130	131	132	133	153	168	169	423	#
896	1796.85	112	113	118	129	130	131	134	144	145	146	149	150	161	162	166	176	177	178	179	192	193	194	195	208	423	#
897	479.861	172	173	174	189	190	191	424	#
898	534.233	1	2	3	4	189	190	424	#
899	520.811	175	190	191	207	245	246	424	#
900	480.124	173	174	175	189	190	191	424	#
901	459.469	175	189	190	191	207	223	424	#
902	332.25	139	155	171	172	173	187	424	#
903	698.263	33	144	145	146	147	160	161	176	177	178	193	425	#
904	891.22	17	18	33	34	49	50	51	52	53	54	67	425	#
905	880.421	128	144	145	146	160	163	176	177	178	179	194	425	#
906	866.052	33	34	50	128	144	160	161	176	177	192	208	425	#
907	865.051	112	128	129	144	145	146	147	160	176	177	192	425	#
908	826.969	176	177	179	180	192	193	194	195	196	211	212	425	#
909	293.092	35	51	52	53	426	#
910	335.051	35	51	66	67	426	#
911	298.074	35	51	52	68	426	#
912	294.202	51	67	68	84	426	#
913	268.98	37	38	39	53	426	#
914	1302.64	0	2	3	4	16	17	18	19	32	33	34	35	36	37	38	39	50	427	#
915	1326.98	1	2	16	17	18	32	33	34	49	50	233	234	235	248	249	250	251	427	#
916	1236.78	0	1	2	3	4	17	18	19	20	22	33	34	35	36	37	38	39	427	#
917	1227.14	0	1	2	3	4	16	17	18	19	20	33	34	36	48	49	50	65	427	#
918	1227.07	0	1	2	3	4	16	17	18	19	32	33	34	49	50	65	66	121	427	#
919	1206.46	1	2	3	4	17	18	19	20	32	33	34	35	50	51	114	115	216	427	#
920	431.113	109	114	129	130	131	145	428	#
921	550.319	99	115	130	131	146	147	428	#
922	509.652	113	129	130	131	144	146	428	#
923	480.646	97	98	113	114	128	129	428	#
924	477.627	128	129	130	145	146	162	428	#
925	444.571	74	76	91	92	108	109	428	#
926	719.035	139	155	169	170	171	186	187	188	202	429	#
927	718.634	66	67	68	84	101	122	123	138	139	429	#
928	707.802	170	171	185	186	187	188	189	204	205	429	#
929	696.149	136	151	152	154	168	169	170	171	187	429	#
930	623.915	154	155	169	170	171	185	186	201	202	429	#
931	619.884	170	186	187	188	189	201	202	204	218	429	#
932	726.295	37	38	54	55	71	86	87	102	103	117	430	#
933	752.695	54	69	70	71	86	87	101	102	117	118	430	#
934	719.756	86	101	102	117	118	119	132	133	135	152	430	#
935	706.978	23	38	39	40	41	54	55	57	71	72	430	#
936	683.305	5	6	22	23	38	53	54	69	70	71	430	#
937	668.863	6	22	23	38	52	53	54	70	71	86	430	#
938	579.477	128	144	146	161	177	178	194	431	#
939	613.654	128	144	145	146	160	161	177	431	#
940	598.996	112	128	129	144	145	160	161	431	#
941	565.564	128	129	144	145	146	160	161	431	#
942	541.798	146	160	161	177	178	193	194	431	#
943	509.264	146	161	162	170	177	178	193	431	#
944	73.772	114	#
945	187.355	78	94	432	#
946	147.801	94	95	432	#
947	607.688	32	33	34	49	50	102	117	200	433	#
948	819.904	18	33	34	48	49	50	65	66	433	#
949	750.598	32	33	49	50	51	65	66	81	433	#
950	698.955	3	18	32	33	34	48	49	50	433	#
951	631.072	0	16	18	32	33	34	236	252	433	#
952	592.009	70	86	87	102	103	116	117	118	433	#
953	2120.89	5	21	25	35	36	37	38	40	41	42	52	53	54	57	58	59	69	70	71	73	74	75	88	89	90	91	106	107	108	124	140	434	#
954	2436.5	26	27	28	41	42	43	44	58	59	60	73	74	75	88	89	90	91	104	106	107	124	133	134	149	150	165	166	182	183	198	219	434	#
955	2271.22	22	38	53	54	58	69	74	75	88	89	90	91	104	106	107	108	119	120	121	122	123	124	125	136	137	138	139	140	152	153	167	434	#
956	2252.42	2	18	22	58	69	73	74	75	85	86	87	88	89	90	91	103	104	105	106	107	118	119	120	121	122	128	134	135	149	210	211	434	#
957	2239.41	1	17	18	32	33	40	41	43	49	55	57	58	59	64	65	66	72	73	74	75	89	91	98	99	107	110	124	125	126	127	142	434	#
958	2232.33	13	14	27	28	43	44	58	59	60	73	74	75	76	89	90	91	104	105	107	108	117	118	119	120	121	124	125	133	135	149	165	434	#
959	176.903	241	242	243	244	435	#
960	247.788	225	241	242	243	435	#
961	226.32	226	227	242	243	435	#
962	24.6155	227	228	229	244	435	#
963	1022.75	93	104	105	106	108	122	123	124	125	126	138	140	141	156	157	436	#
964	1392.99	44	60	73	74	75	76	89	90	91	92	105	106	108	122	138	436	#
965	1378.16	73	74	75	89	90	91	92	104	105	106	120	121	122	123	138	436	#
966	1352.92	72	73	74	75	89	90	91	92	105	106	120	121	122	123	138	436	#
967	1215.86	8	73	74	89	90	103	104	105	106	119	120	122	123	137	138	436	#
968	1192.83	128	156	157	171	172	173	189	204	205	221	234	235	236	251	252	436	#
969	279.422	161	176	177	437	#
970	315.086	160	176	192	437	#
971	305.713	144	160	161	437	#
972	288.293	176	177	193	437	#
973	1046.2	165	166	182	198	211	212	224	225	226	227	240	241	242	243	244	438	#
974	1221.89	172	194	195	196	211	224	225	226	227	230	243	244	245	246	254	438	#
975	1211.9	194	195	211	212	225	226	227	231	241	242	243	244	245	246	247	438	#
976	1191.88	150	151	167	168	182	183	184	198	199	200	201	214	217	218	230	438	#
977	1169.78	106	107	112	123	128	144	176	192	208	209	224	225	226	240	241	438	#
978	1135	51	52	66	67	68	83	103	119	134	135	150	151	165	166	182	438	#
979	119.226	125	141	157	158	173	439	#
980	172.772	125	126	141	157	158	439	#
981	1082.3	26	27	42	43	59	60	61	62	75	76	77	91	92	93	96	97	98	113	114	440	#
982	1470.96	21	22	36	37	38	39	40	41	53	82	98	100	113	114	115	116	117	130	131	440	#
983	1427.02	57	73	82	97	98	99	102	112	113	114	115	116	117	118	128	129	130	131	132	440	#
984	1419.76	83	96	97	98	99	112	113	114	115	116	128	131	132	196	212	213	214	215	231	440	#
985	1314.02	48	49	64	65	66	80	81	82	83	97	98	99	112	113	114	115	128	130	131	440	#
986	1252.42	12	27	28	42	43	44	59	60	61	74	75	76	77	89	90	91	92	106	108	440	#
987	71.7726	128	#
988	105.766	216	#
989	708.206	125	139	140	141	142	143	156	157	159	234	248	249	441	#
990	919.073	215	216	217	218	231	232	233	234	247	248	249	250	441	#
991	894.872	67	74	83	91	107	123	124	140	155	156	157	158	441	#
992	892.328	214	215	216	217	230	231	232	233	247	248	249	250	441	#
993	878.806	216	217	218	232	233	234	235	248	249	250	251	252	441	#
994	811.268	92	108	124	125	140	141	142	143	156	157	158	173	441	#
995	86.008	147	#
996	1012.84	72	73	75	76	77	89	90	91	92	105	108	442	#
997	994.364	73	89	90	91	92	105	106	107	108	121	122	442	#
998	928.359	60	61	75	76	77	89	90	91	92	106	108	442	#
999	902.375	58	59	60	74	75	76	91	92	108	115	124	442	#
1000	899.701	103	104	105	108	119	122	123	124	125	135	136	442	#
1001	846.303	69	72	85	86	87	88	89	90	102	105	121	442	#
