%% File generated by CATS v.2.1Mon Jul  4 11:06:53 2011

%% The CATS webpage is http://robotics.stanford.edu/CATS

%% PARAMETER SETTINGS:
% Goods: 256; Bids: 1000; Distribution: regions; Runs: 1; Seed: 1309806573
% Regions Distribution Parameters:
% Max Substitutable Bids = 5
% Removing HV Neighbor   = 0.1
% Adding DIAG Neighbor   = 0.2
% Additional Location    = 0.9
% Jump Probability       = 0.05
% Additivity             = 0.2
% Budget Factor          = 1.5
% Resale Factor          = 0.5
% Uniform Private Value:
%   Deviation            = 0.5
%   Max Good Value       = 100



goods 256
bids 1000
dummy 181

0	1276.83	74	89	90	91	106	121	122	138	139	140	141	142	156	157	158	172	173	174	188	190	191	205	206	207	221	256	#
1	1730.21	72	88	89	104	120	121	122	136	137	138	139	153	154	156	186	187	188	202	203	218	219	220	235	236	251	256	#
2	1685.35	122	136	137	138	139	153	154	155	156	169	170	171	172	185	186	187	188	202	203	204	218	219	220	221	235	256	#
3	1671.44	26	41	42	43	57	59	73	158	174	186	190	191	202	203	204	205	206	207	218	219	220	221	225	240	241	256	#
4	1638.67	57	72	73	74	88	89	90	91	104	105	106	120	121	136	137	138	139	153	154	169	170	185	186	202	219	256	#
5	1625.27	2	24	40	41	42	57	58	72	73	74	88	89	90	104	105	119	120	121	122	136	137	138	152	153	158	256	#
6	197.462	56	57	72	73	74	257	#
7	247.921	40	56	57	72	73	257	#
8	223.915	73	74	75	76	251	257	#
9	190.93	25	40	41	57	160	257	#
10	139.998	57	72	73	74	89	257	#
11	742.723	134	150	151	152	153	165	166	167	169	182	183	184	185	258	#
12	930.423	135	150	151	152	153	168	169	170	184	185	186	187	202	258	#
13	927.626	152	153	154	169	170	184	185	186	187	188	203	204	220	258	#
14	922.138	103	104	118	119	120	121	134	135	149	150	151	166	167	258	#
15	914.823	78	79	94	95	149	150	151	165	166	167	181	182	198	258	#
16	903.825	150	151	165	166	167	181	182	183	196	197	198	199	213	258	#
17	113.256	211	#
18	545.728	10	11	12	13	27	29	30	259	#
19	556.282	11	12	13	14	29	30	31	259	#
20	530.933	10	11	12	13	14	27	28	259	#
21	446.665	8	9	10	11	25	27	43	259	#
22	439.163	11	12	27	28	29	30	43	259	#
23	426.604	11	12	13	28	29	42	43	259	#
24	195.671	58	75	90	91	260	#
25	138.909	90	91	107	108	260	#
26	117.131	58	74	75	76	260	#
27	107.912	90	91	106	107	260	#
28	805.191	199	200	201	216	217	230	231	232	233	234	247	248	249	250	261	#
29	1045.38	181	182	184	198	200	201	202	217	218	232	233	234	247	248	261	#
30	1007.67	178	194	195	210	211	216	227	228	232	242	243	244	247	248	261	#
31	961.303	200	201	202	216	217	218	229	230	231	233	244	245	246	247	261	#
32	915.475	200	201	202	217	218	219	220	232	233	234	247	248	249	250	261	#
33	880.051	201	202	216	217	218	219	232	233	234	235	247	248	249	250	261	#
34	280.088	7	229	243	244	245	262	#
35	342.18	210	226	227	242	243	262	#
36	301.52	7	8	23	24	25	262	#
37	298.415	229	230	231	244	245	262	#
38	285.625	226	227	242	243	244	262	#
39	247.202	213	214	229	244	245	262	#
40	115.415	135	151	263	#
41	112.372	103	135	263	#
42	478.938	3	4	5	20	21	36	37	50	51	66	264	#
43	616.898	16	17	18	33	34	49	50	64	65	66	264	#
44	609.768	4	11	12	20	21	27	28	29	36	37	264	#
45	600.18	36	37	53	68	195	211	212	226	227	242	264	#
46	579.298	3	5	20	21	36	37	52	53	69	167	264	#
47	542.475	3	4	5	20	21	34	35	36	37	52	264	#
48	933.265	82	83	84	85	97	98	99	100	113	115	129	145	160	161	176	177	192	193	194	209	265	#
49	1399.78	32	33	48	49	65	160	161	176	177	179	193	194	195	209	210	211	212	225	226	242	265	#
50	1391.76	23	24	25	31	38	39	46	80	81	82	96	97	98	99	112	113	114	128	129	130	265	#
51	1385.14	119	132	133	134	135	150	151	161	162	166	167	168	176	177	192	193	194	208	224	225	265	#
52	1365.84	20	80	82	96	97	112	128	129	130	144	145	151	160	161	165	166	167	176	177	181	265	#
53	1347.69	48	49	64	65	80	81	82	96	97	98	112	113	114	128	129	130	131	145	146	147	265	#
54	170.162	229	245	266	#
55	131.812	228	229	266	#
56	488.033	30	31	46	47	62	63	267	#
57	519.095	13	14	30	31	46	62	267	#
58	480.728	29	30	31	46	47	63	267	#
59	466.217	14	29	30	31	46	47	267	#
60	460.48	30	31	44	45	46	47	267	#
61	448.461	30	31	46	47	63	79	267	#
62	382.23	123	125	126	127	139	140	141	143	157	158	159	268	#
63	543.14	122	123	139	140	141	156	157	158	171	172	188	268	#
64	520.925	122	123	139	140	156	157	158	171	172	181	188	268	#
65	503.829	109	111	125	126	127	141	142	143	158	159	175	268	#
66	484.618	109	125	126	127	139	140	141	143	158	159	175	268	#
67	456.873	40	41	42	126	141	142	143	157	158	159	174	268	#
68	523.924	67	80	81	82	83	96	97	98	99	112	113	269	#
69	738.335	97	98	112	113	114	128	129	146	161	162	177	269	#
70	645.667	48	49	64	65	66	80	81	82	96	97	98	269	#
71	623.209	48	49	65	66	80	81	216	232	233	248	249	269	#
72	620.228	80	81	97	98	99	100	101	113	114	115	131	269	#
73	605.176	28	43	44	97	98	112	113	114	129	130	146	269	#
74	622.789	96	97	112	128	190	221	222	238	239	254	270	#
75	813.796	80	96	97	112	113	128	129	146	161	162	270	#
76	731.962	73	74	80	89	90	96	103	104	105	112	270	#
77	716.896	203	204	206	220	221	222	223	238	239	254	270	#
78	699.67	39	40	80	81	96	97	98	112	113	114	270	#
79	620.854	205	206	207	220	221	222	223	238	239	254	270	#
80	643.133	173	174	175	189	190	191	205	206	207	220	221	271	#
81	758.974	155	156	171	172	187	188	189	205	206	207	221	271	#
82	739.374	173	189	190	204	205	206	207	219	220	221	222	271	#
83	717.352	156	172	173	186	187	188	189	190	191	205	221	271	#
84	711.253	172	173	188	189	190	191	203	204	205	219	221	271	#
85	698.059	142	143	159	173	175	189	190	191	205	221	222	271	#
86	358.254	200	215	216	232	249	272	#
87	419.978	183	199	200	216	217	272	#
88	411.853	197	198	199	214	215	272	#
89	276.58	214	215	216	217	232	272	#
90	269.858	215	216	217	232	233	272	#
91	269.796	231	232	247	248	249	272	#
92	72.6595	36	37	273	#
93	81.9615	37	38	273	#
94	774.629	4	5	6	7	20	21	22	23	24	38	40	41	54	274	#
95	1004.73	2	4	5	17	18	19	20	21	33	37	49	53	65	274	#
96	903.077	2	5	6	7	17	21	23	24	33	49	65	66	81	274	#
97	799.65	7	23	24	25	26	39	40	41	42	58	59	60	136	274	#
98	772.104	3	4	5	19	20	21	35	36	37	41	42	53	57	274	#
99	770.739	3	4	5	6	7	19	20	21	23	36	37	51	53	274	#
100	224.298	93	110	125	126	127	208	224	240	275	#
101	325.604	142	143	157	192	193	194	208	224	275	#
102	294.027	126	127	140	141	142	143	158	159	275	#
103	1758.75	76	77	78	79	91	92	93	94	95	108	110	111	124	126	127	139	140	141	142	155	156	157	165	180	181	205	221	236	237	238	239	276	#
104	2039.29	129	145	154	161	170	186	187	188	202	203	204	205	206	207	218	219	220	221	222	223	234	235	236	237	238	239	250	251	252	253	255	276	#
105	2006.11	7	8	22	23	24	26	30	40	41	42	43	46	57	58	59	60	61	62	63	76	77	78	79	92	94	187	188	202	203	204	220	276	#
106	1995.98	46	47	60	62	63	76	77	78	79	92	93	94	95	109	110	111	113	126	129	174	175	189	190	191	204	205	206	207	220	221	222	276	#
107	1995.31	149	150	165	166	186	188	189	202	203	204	205	206	207	213	216	217	218	219	220	221	222	223	229	234	235	236	237	238	239	250	253	276	#
108	1962	95	111	126	127	142	143	156	157	159	171	187	189	202	203	204	205	206	207	216	217	218	219	220	221	222	223	235	236	237	238	239	276	#
109	209.587	13	28	29	43	277	#
110	273.327	13	14	15	29	277	#
111	201.589	43	181	182	198	277	#
112	154.469	12	28	29	43	277	#
113	1455.75	30	41	42	43	44	46	57	58	59	60	61	62	73	74	75	78	89	90	91	101	106	107	120	121	122	233	234	278	#
114	1880.07	30	38	39	44	45	46	52	53	54	60	61	62	65	68	69	70	71	72	81	82	87	97	102	103	118	119	134	278	#
115	1849.65	12	13	28	31	44	45	46	47	60	61	62	63	76	78	79	85	92	94	95	101	111	114	127	131	147	163	164	278	#
116	1803.4	7	8	36	51	52	68	70	84	85	86	87	101	102	103	104	108	118	119	120	121	133	134	135	136	137	153	154	278	#
117	1748.39	2	11	12	13	27	28	29	30	42	43	44	45	46	58	59	60	61	62	76	78	91	92	93	94	108	110	126	278	#
118	1723.66	12	13	27	28	29	30	42	43	44	45	46	60	61	62	76	78	79	93	94	95	109	110	111	126	164	179	180	278	#
119	642.823	59	75	76	77	78	79	91	107	145	279	#
120	642.96	59	62	75	76	77	91	92	107	108	279	#
121	615.613	75	76	77	91	92	107	108	109	110	279	#
122	611.334	59	60	75	77	78	79	91	94	95	279	#
123	603.275	57	58	59	75	76	91	92	107	108	279	#
124	495.284	60	61	62	76	77	78	79	94	95	279	#
125	275.397	207	223	239	280	#
126	251.848	223	238	239	280	#
127	216.609	207	222	223	280	#
128	1536.43	65	70	81	85	99	100	115	116	117	118	131	132	133	134	149	164	165	166	167	180	181	182	183	184	197	198	214	215	231	235	236	281	#
129	2012.3	32	33	34	48	49	50	51	64	65	66	67	68	82	97	98	99	100	112	113	114	115	116	117	119	131	132	133	134	135	149	151	281	#
130	1980.57	67	68	80	81	82	83	84	97	98	99	100	112	113	114	115	116	117	119	120	121	131	132	133	134	135	146	147	149	151	162	163	281	#
131	1969.13	49	64	65	66	67	81	82	83	84	85	97	98	99	100	101	113	114	115	116	117	118	128	131	132	133	145	147	149	168	183	184	281	#
132	1940.66	45	46	59	60	61	62	63	75	76	77	78	91	92	93	97	98	109	110	111	113	114	115	130	131	146	198	214	215	216	231	232	281	#
133	1937.09	99	102	103	114	115	116	117	118	119	131	132	133	134	135	149	151	152	153	165	166	167	168	181	182	183	184	185	198	200	201	220	281	#
134	527.792	153	154	168	169	184	185	220	221	236	237	282	#
135	789.656	27	28	205	206	207	220	221	222	237	253	282	#
136	709.692	135	136	150	151	152	168	169	184	200	201	282	#
137	703.939	202	203	205	206	218	219	220	221	222	223	282	#
138	612.871	151	165	166	167	168	169	181	184	197	213	282	#
139	597.726	57	203	204	219	220	234	235	236	237	251	282	#
140	335.276	166	167	168	182	232	283	#
141	445.871	167	168	169	184	200	283	#
142	368.102	166	167	168	169	182	283	#
143	338.303	166	167	182	183	200	283	#
144	323.721	167	168	182	184	201	283	#
145	122.839	232	233	234	248	249	283	#
146	179.627	186	202	284	#
147	135.734	186	187	284	#
148	732.683	7	8	9	10	11	23	24	25	40	56	72	285	#
149	756.436	7	8	9	10	22	23	24	25	40	41	57	285	#
150	747.898	7	8	9	10	11	23	24	25	40	41	57	285	#
151	740.652	7	8	9	10	23	24	25	40	41	57	73	285	#
152	726.644	57	58	59	70	71	72	73	74	87	88	89	285	#
153	705.129	7	23	24	25	40	41	56	57	72	73	161	285	#
154	57.4857	139	#
155	123.168	134	135	286	#
156	68.3627	133	134	286	#
157	214.416	0	1	#
158	689.802	129	130	131	132	146	147	160	161	162	163	164	287	#
159	816.684	11	26	27	42	43	147	148	161	162	163	164	287	#
160	740.247	112	113	128	129	130	145	146	147	162	164	178	287	#
161	716.277	112	113	114	129	130	131	145	146	147	161	162	287	#
162	688.529	65	66	80	81	82	130	131	147	163	164	180	287	#
163	681.069	128	129	130	144	145	146	147	160	161	176	192	287	#
164	476.565	215	231	233	246	247	248	249	288	#
165	543.911	228	229	230	244	245	246	247	288	#
166	542.911	232	233	245	246	247	248	249	288	#
167	533.315	199	215	216	217	232	249	250	288	#
168	471.875	216	217	232	233	247	248	249	288	#
169	450.21	199	215	216	231	232	247	248	288	#
170	53.496	85	#
171	1582.62	112	113	128	144	160	162	176	177	178	192	193	208	209	210	224	225	226	227	228	241	242	243	289	#
172	1891.93	55	56	71	76	92	162	178	179	195	210	211	212	213	226	227	228	229	241	242	243	244	245	289	#
173	1735	164	179	180	181	195	196	197	210	211	212	213	214	225	226	227	228	229	241	242	243	244	245	289	#
174	1717.42	149	165	180	181	195	196	210	211	212	213	225	226	227	228	229	230	241	242	243	244	245	246	289	#
175	1691.47	10	11	12	13	14	78	195	196	197	210	211	212	213	226	227	228	229	241	242	244	245	246	289	#
176	1667.07	178	179	195	196	197	208	209	210	211	212	224	225	226	227	228	229	240	241	242	243	244	245	289	#
177	177.664	32	33	49	290	#
178	221.641	33	34	49	290	#
179	164.653	49	50	211	290	#
180	121.828	17	32	33	290	#
181	217.172	80	96	291	#
182	200.052	64	80	291	#
183	773.229	103	205	206	207	219	220	221	222	223	236	238	239	254	255	292	#
184	891.525	29	86	87	102	103	118	119	120	134	135	219	234	235	236	292	#
185	848.845	205	206	207	220	221	222	223	225	236	238	239	241	254	255	292	#
186	842.763	2	17	18	112	128	129	144	145	205	206	207	222	238	254	292	#
187	838.752	48	64	80	96	204	206	207	218	219	220	221	222	235	236	292	#
188	837.765	86	102	117	118	190	205	206	207	222	223	238	239	254	255	292	#
189	590.827	72	73	88	89	103	104	105	117	118	293	#
190	634.179	71	72	73	87	88	89	103	104	105	293	#
191	600.855	115	116	117	118	133	134	135	149	150	293	#
192	600.796	88	104	105	106	122	138	181	182	197	293	#
193	576.296	45	46	115	116	118	132	133	134	135	293	#
194	562.386	72	88	89	90	103	104	105	106	122	293	#
195	49.6877	52	#
196	104.125	54	55	294	#
197	125.188	39	55	294	#
198	834.262	149	165	166	167	168	182	183	184	198	199	213	214	295	#
199	889.399	136	151	152	166	167	168	169	182	184	185	198	214	295	#
200	865.596	151	166	167	182	195	198	199	200	212	213	214	215	295	#
201	849.248	151	152	167	168	182	183	184	199	200	215	216	217	295	#
202	841.442	170	182	183	184	198	199	200	212	213	214	215	216	295	#
203	840.413	169	183	184	199	200	201	202	215	216	217	218	231	295	#
204	866.2	113	114	115	116	130	131	132	147	148	163	164	179	180	196	212	213	296	#
205	1044.18	69	70	82	84	85	98	99	100	113	114	115	130	131	132	147	164	296	#
206	1041.6	113	114	115	129	130	131	132	145	146	160	161	162	163	177	178	194	296	#
207	1036.09	47	60	61	62	63	117	118	119	134	135	148	150	163	164	180	196	296	#
208	1021.45	113	114	115	116	129	130	131	139	140	155	156	171	172	173	187	188	296	#
209	1013.92	98	112	113	114	115	116	129	130	131	132	146	147	148	164	180	196	296	#
210	760.436	56	57	69	70	71	72	88	104	107	108	225	297	#
211	784.464	26	42	56	57	70	71	72	73	88	104	105	297	#
212	762.834	87	103	104	119	120	121	137	152	153	169	184	297	#
213	755.165	39	55	56	57	71	72	73	74	87	103	119	297	#
214	740.279	23	39	40	46	55	56	69	70	71	72	86	297	#
215	739.649	90	91	92	93	105	106	107	108	109	121	125	297	#
216	123.594	206	222	298	#
217	115.74	190	206	298	#
218	1036.24	4	5	6	7	8	9	10	11	12	20	22	23	24	25	38	39	40	299	#
219	1244	1	6	7	8	9	10	11	24	25	40	186	187	202	203	218	219	236	299	#
220	1220.55	9	10	11	12	13	14	15	25	27	29	30	43	44	59	60	76	92	299	#
221	1154.65	7	8	9	10	11	12	13	14	24	25	27	28	29	30	43	44	60	299	#
222	1117.48	6	7	8	9	10	11	23	24	25	27	37	38	39	40	55	71	87	299	#
223	1036.85	6	7	8	9	10	11	22	23	24	25	27	38	39	40	41	42	51	299	#
224	913.391	12	13	14	26	27	28	29	30	42	43	59	95	300	#
225	969.585	27	28	29	43	101	102	117	118	133	134	149	150	300	#
226	943.843	7	11	12	26	27	28	42	43	57	58	59	60	300	#
227	894.392	10	11	12	26	27	28	29	42	43	57	59	60	300	#
228	876.608	12	13	14	27	28	29	30	31	42	43	110	111	300	#
229	862.659	11	12	13	14	15	27	28	29	30	43	44	59	300	#
230	1364.4	93	105	106	108	120	121	122	123	124	136	137	138	139	152	153	166	167	168	169	185	214	301	#
231	1574.65	41	105	106	120	121	122	136	137	138	139	144	145	150	151	152	153	167	168	208	224	240	301	#
232	1563	150	151	165	166	167	168	181	182	183	184	198	206	214	215	224	231	240	241	242	247	248	301	#
233	1518.34	138	151	152	153	165	166	167	168	169	170	181	182	183	184	185	198	199	200	201	210	216	301	#
234	1502.62	92	106	107	108	121	137	138	153	168	169	170	185	201	217	232	233	234	247	248	249	250	301	#
235	1502.26	46	90	103	104	105	106	107	108	120	121	122	123	124	137	138	151	152	153	167	169	185	301	#
236	442.727	171	172	173	174	175	187	203	302	#
237	596.285	170	171	186	187	202	203	204	302	#
238	526.762	158	172	173	174	190	205	206	302	#
239	518.322	186	187	203	204	219	235	236	302	#
240	469.156	172	173	174	187	188	189	190	302	#
241	427.008	155	171	172	173	187	188	189	302	#
242	1058.68	53	69	70	85	86	89	99	100	101	102	103	104	105	116	117	303	#
243	1256.44	55	56	70	71	72	73	85	86	88	89	101	102	103	104	105	303	#
244	1205.35	55	56	69	70	71	83	85	86	99	100	101	102	103	116	132	303	#
245	1161.9	52	53	69	70	71	83	85	86	98	99	100	101	102	103	119	303	#
246	1157.59	39	40	53	55	56	69	70	71	72	85	86	99	100	101	102	303	#
247	1148.92	36	52	86	88	102	103	104	195	196	211	212	227	233	234	235	303	#
248	2180.04	32	48	82	96	97	98	99	100	112	113	114	115	131	138	153	172	173	174	188	189	203	205	219	220	221	234	235	236	237	238	250	251	252	253	304	#
249	2601.15	29	30	35	154	167	168	169	173	174	183	184	185	188	189	190	191	200	203	205	206	219	220	221	222	223	235	236	237	238	239	251	252	253	254	304	#
250	2590.72	142	155	158	171	172	173	174	186	187	188	189	190	191	203	205	206	207	218	219	220	221	222	223	235	236	237	238	239	250	251	252	253	254	255	304	#
251	2579.41	18	84	100	130	171	173	186	187	189	190	202	203	205	206	207	218	219	220	221	222	223	233	234	235	236	237	238	239	250	251	252	253	254	255	304	#
252	2524.5	142	155	158	159	171	172	173	174	175	187	188	189	190	191	202	203	205	206	219	220	221	222	223	235	236	237	238	239	241	251	252	253	254	255	304	#
253	2462.24	3	20	155	156	171	172	173	186	187	188	189	190	202	203	205	206	218	219	220	221	222	223	232	233	234	235	236	237	238	239	250	251	252	253	304	#
254	679.529	6	21	22	37	38	139	140	141	142	156	157	158	172	230	305	#
255	954.623	10	11	12	27	28	43	115	214	215	230	231	246	247	248	305	#
256	902.74	5	21	37	38	39	53	54	55	67	70	83	97	98	99	305	#
257	869.831	4	5	6	7	19	20	21	22	23	35	36	37	38	101	305	#
258	842.203	3	5	20	21	37	38	52	53	54	69	70	71	85	86	305	#
259	797.498	58	75	121	137	138	139	140	153	155	156	171	172	184	200	305	#
260	386.336	136	137	138	139	151	152	306	#
261	474.209	104	121	136	137	138	147	306	#
262	389.583	136	151	152	167	168	183	306	#
263	367.656	136	137	152	167	168	169	306	#
264	310.273	90	106	112	139	140	141	306	#
265	265.201	122	137	138	139	140	141	306	#
266	388.515	226	227	228	241	242	244	307	#
267	573.361	224	225	227	240	241	242	307	#
268	480.948	225	226	227	228	241	242	307	#
269	357.36	98	99	114	211	226	227	307	#
270	350.673	226	227	228	243	244	245	307	#
271	325.486	211	227	228	243	244	245	307	#
272	935.837	42	59	60	61	77	78	79	93	108	109	110	111	125	126	127	143	308	#
273	1041.98	10	11	12	27	28	44	45	58	60	61	62	75	76	77	78	94	308	#
274	1022.18	62	77	93	109	110	125	126	141	142	160	161	169	170	186	250	251	308	#
275	991.555	12	13	27	28	29	44	59	60	61	62	77	78	122	123	139	234	308	#
276	982.07	35	42	56	57	58	59	75	90	91	168	169	170	184	185	201	217	308	#
277	934.133	13	14	16	32	44	60	77	78	93	108	109	110	125	126	141	142	308	#
278	62.7598	15	#
279	896.924	28	43	51	68	81	82	83	84	97	99	100	101	115	116	132	309	#
280	1054.37	96	97	98	99	112	114	115	116	117	128	131	132	147	164	230	309	#
281	1044.73	80	81	82	83	96	97	99	113	115	116	130	131	132	146	147	309	#
282	1035.64	94	95	96	97	99	102	114	115	116	117	118	130	131	132	146	309	#
283	968.762	97	99	100	101	102	114	115	116	117	118	131	132	133	134	135	309	#
284	931.29	51	64	65	66	67	68	81	83	98	99	115	130	131	132	147	309	#
285	991.693	1	2	16	17	18	32	33	34	35	48	49	50	64	65	66	80	81	310	#
286	1147.48	2	16	17	18	32	33	48	49	57	64	65	80	96	112	113	128	144	310	#
287	1116.97	0	1	2	16	17	18	32	33	48	64	65	66	80	147	164	180	196	310	#
288	1046.96	1	16	17	32	33	48	49	64	65	66	67	150	185	200	201	205	221	310	#
289	1032.02	3	5	19	20	21	35	36	37	38	48	49	50	53	54	65	66	67	310	#
290	1032.01	45	48	49	50	61	62	63	65	66	77	81	92	93	108	109	124	125	310	#
291	251.59	183	184	200	216	311	#
292	282.125	183	199	200	216	311	#
293	228.703	199	200	201	216	311	#
294	225.868	167	183	199	200	311	#
295	180.6	169	184	185	201	311	#
296	738.729	144	145	146	147	160	161	164	177	192	193	194	312	#
297	855.228	146	161	162	176	177	192	193	194	208	209	224	312	#
298	837.73	2	55	144	145	160	161	176	177	192	193	194	312	#
299	774.18	176	177	192	193	194	208	209	224	225	240	241	312	#
300	758.2	39	55	71	160	161	176	177	192	193	209	225	312	#
301	720.446	63	130	131	146	147	148	160	161	162	183	199	312	#
302	693.274	1	2	17	18	27	42	43	44	45	58	60	74	313	#
303	772.97	12	28	43	44	45	59	60	61	75	77	93	108	313	#
304	763.663	11	12	14	26	27	28	42	43	44	45	59	61	313	#
305	736.755	47	60	61	62	63	77	78	79	93	94	95	108	313	#
306	729.583	6	7	8	9	23	26	27	42	58	59	74	90	313	#
307	728.444	0	1	2	17	18	33	34	49	216	217	233	249	313	#
308	526.232	178	194	195	196	197	198	212	213	214	314	#
309	702.935	146	162	178	179	194	195	211	212	213	314	#
310	602.204	176	177	178	193	194	195	196	197	212	314	#
311	577.402	180	181	182	195	196	197	211	212	213	314	#
312	562.743	6	178	179	194	195	197	212	213	229	314	#
313	516.285	162	163	164	178	180	193	194	195	196	314	#
314	179.467	62	63	162	315	#
315	199.993	62	63	78	315	#
316	87.2945	47	63	79	315	#
317	72.8176	152	168	316	#
318	54.9309	151	152	316	#
319	637.449	137	138	139	140	154	155	156	157	171	186	187	203	317	#
320	854.091	139	140	155	156	171	187	197	203	204	211	212	213	317	#
321	825.667	171	186	187	188	202	203	204	217	218	219	220	235	317	#
322	798.698	138	139	140	154	155	156	171	186	187	188	203	204	317	#
323	797.344	186	202	203	216	217	218	219	220	231	236	251	252	317	#
324	787.002	48	64	80	138	139	140	141	142	155	156	171	187	317	#
325	691.79	5	6	7	21	39	54	55	69	70	71	85	86	102	109	318	#
326	984.311	55	70	71	85	86	87	100	101	117	118	126	198	199	215	318	#
327	982.313	71	87	102	103	104	106	107	108	116	117	118	121	122	132	318	#
328	975.059	70	71	85	86	102	103	104	118	119	121	134	137	138	153	318	#
329	889.295	5	6	7	8	22	23	24	25	39	40	41	57	167	168	318	#
330	880.213	54	55	56	69	70	71	85	86	87	102	103	104	119	136	318	#
331	129.801	116	132	133	319	#
332	134.514	116	117	118	319	#
333	112.764	132	133	194	319	#
334	337.496	213	229	244	245	320	#
335	334.666	229	243	244	245	320	#
336	327.296	227	228	229	245	320	#
337	254.117	197	213	229	245	320	#
338	240.506	213	214	229	245	320	#
339	889.545	122	138	139	140	153	154	155	156	169	170	185	188	321	#
340	881.889	139	140	155	156	172	173	174	188	189	190	191	205	321	#
341	861.787	139	140	155	156	172	173	174	175	188	189	191	205	321	#
342	825.018	154	169	170	185	186	193	194	195	205	208	209	224	321	#
343	800.63	138	139	140	155	156	171	172	173	174	188	189	205	321	#
344	798.259	138	139	154	155	169	170	185	186	201	202	203	219	321	#
345	419.735	52	53	67	68	69	84	322	#
346	433.188	69	154	169	170	186	202	322	#
347	420.109	10	11	27	67	68	69	322	#
348	396.144	53	69	83	84	85	100	322	#
349	323.17	35	36	52	53	69	85	322	#
350	314.651	66	67	83	98	99	100	322	#
351	310.467	34	35	36	52	323	#
352	309.539	18	34	35	36	323	#
353	285.678	33	51	52	67	323	#
354	267.038	3	20	36	52	323	#
355	264.705	2	17	33	34	323	#
356	447.358	219	220	233	234	235	236	237	250	251	253	324	#
357	660.699	165	166	167	217	233	234	235	249	250	251	324	#
358	588.377	202	219	232	233	234	235	248	249	250	251	324	#
359	551.83	202	203	218	219	220	235	236	237	250	251	324	#
360	513.895	4	13	14	28	29	181	182	197	237	253	324	#
361	364.792	190	206	207	221	222	223	237	238	253	254	324	#
362	834.612	32	48	50	64	65	66	80	81	82	83	84	96	99	325	#
363	971.477	81	82	83	84	96	97	99	112	113	114	128	129	144	325	#
364	941.921	65	66	80	81	82	83	84	85	96	97	100	113	114	325	#
365	923.521	29	64	65	66	80	81	82	83	96	97	98	113	114	325	#
366	915.122	65	66	80	81	82	96	97	98	112	113	114	129	146	325	#
367	911.818	48	49	64	65	80	81	82	83	96	97	113	114	131	325	#
368	2021.36	68	73	89	147	148	152	154	162	163	164	168	169	170	177	178	179	180	181	182	183	184	185	194	195	196	197	199	200	201	213	216	229	231	232	233	245	326	#
369	2576.91	162	176	177	178	179	180	181	182	183	193	194	195	196	197	198	199	200	210	213	214	215	216	219	226	227	228	229	230	231	236	243	244	245	247	252	253	326	#
370	2488.94	65	66	96	100	101	112	113	114	115	116	117	128	129	130	131	132	144	145	146	160	161	162	176	177	178	179	194	195	213	228	229	237	243	244	245	246	326	#
371	2483.3	84	85	96	97	100	101	112	113	114	115	116	117	118	128	129	130	131	134	144	145	146	147	148	161	162	163	164	176	177	178	179	180	181	193	194	195	326	#
372	2481.41	26	39	40	41	42	54	55	56	57	58	59	70	71	75	154	168	169	170	182	183	184	185	186	187	188	198	199	200	201	202	203	204	219	220	236	252	326	#
373	2369.37	13	14	30	46	112	113	128	129	131	144	145	146	147	148	160	161	162	163	176	177	178	179	180	181	193	194	195	196	197	208	209	210	224	225	226	227	326	#
374	943.613	193	202	209	224	225	226	227	228	229	240	241	242	243	244	327	#
375	1123.48	193	195	209	210	211	212	224	225	226	227	240	241	242	243	327	#
376	1114.31	177	193	195	209	210	211	212	224	225	226	227	240	241	242	327	#
377	1111.83	210	211	225	226	227	228	230	241	242	243	244	245	246	247	327	#
378	1084.45	18	33	34	49	209	210	225	226	227	228	241	242	243	244	327	#
379	1052.22	177	192	193	208	209	210	224	225	227	228	240	241	242	243	327	#
380	563.4	37	38	39	40	41	42	53	54	69	70	77	328	#
381	799.296	3	20	36	37	38	51	52	53	144	195	212	328	#
382	767.534	60	61	75	77	78	91	92	94	165	166	180	328	#
383	713.921	60	61	69	84	85	86	100	102	103	104	240	328	#
384	708.823	38	39	40	54	148	164	165	166	180	196	197	328	#
385	687.096	23	24	27	28	40	41	42	43	44	45	57	328	#
386	1207.84	177	193	194	195	196	208	209	210	211	212	225	226	227	240	241	242	243	329	#
387	1298.54	178	193	194	195	196	209	210	211	212	224	225	226	227	240	241	242	243	329	#
388	1278.51	25	161	162	176	177	178	192	193	194	208	209	224	225	227	240	241	242	329	#
389	1267.09	49	178	179	192	193	194	208	209	210	211	224	225	226	227	240	241	242	329	#
390	1245.38	195	196	208	210	211	212	213	224	225	226	227	228	240	241	242	243	244	329	#
391	1240.12	161	162	178	179	193	194	195	196	210	211	227	228	240	241	242	243	244	329	#
392	559.633	89	103	104	105	119	135	330	#
393	436.662	103	104	119	121	135	151	330	#
394	410.07	73	74	89	90	91	105	330	#
395	409.902	88	103	104	119	120	135	330	#
396	409.056	58	73	74	89	90	105	330	#
397	375.974	103	104	119	121	122	137	330	#
398	560.84	206	207	221	222	223	235	236	237	238	239	253	254	331	#
399	735.05	133	142	149	158	174	175	190	191	205	206	207	222	331	#
400	696.405	174	190	206	207	222	223	237	238	239	253	254	255	331	#
401	675.751	189	190	191	205	206	221	222	237	238	239	253	254	331	#
402	668.554	128	187	203	204	218	219	220	221	235	236	237	238	331	#
403	664.822	142	158	159	173	174	222	237	238	239	253	254	255	331	#
404	854.197	12	14	15	28	29	30	31	43	44	45	46	47	61	332	#
405	1030.1	14	30	31	45	46	47	61	62	63	78	79	95	111	332	#
406	986.062	14	29	30	31	44	45	46	47	60	61	62	63	76	332	#
407	968.144	4	14	30	31	46	47	60	61	62	63	77	79	95	332	#
408	963.844	14	15	23	28	29	30	31	39	46	47	62	63	78	332	#
409	948.415	14	15	28	29	30	31	46	47	61	62	63	78	79	332	#
410	436.72	54	68	69	84	85	100	333	#
411	526.494	68	84	85	86	100	102	333	#
412	486.984	68	69	70	84	85	86	333	#
413	403.438	54	68	69	85	86	100	333	#
414	398.865	83	84	100	194	195	209	333	#
415	337.457	69	70	84	85	99	100	333	#
416	969.803	131	138	139	140	147	148	156	162	163	164	171	172	173	189	334	#
417	1084.48	139	140	155	156	171	172	173	187	188	189	202	203	204	205	334	#
418	1048.88	156	171	172	173	174	189	190	205	206	207	222	223	239	255	334	#
419	982.063	140	156	170	171	172	186	187	188	189	202	219	234	235	236	334	#
420	980.123	83	84	88	99	100	101	104	105	115	116	130	131	132	147	334	#
421	977.897	139	140	155	156	157	171	172	187	188	202	203	204	219	235	334	#
422	2.78052	129	#
423	233.727	95	110	111	127	142	143	335	#
424	331.721	47	62	63	79	95	111	335	#
425	286.911	124	125	141	142	143	157	335	#
426	244.83	124	125	141	142	157	158	335	#
427	163.237	125	127	141	142	143	157	335	#
428	233.409	4	5	6	7	21	336	#
429	298.545	4	5	6	7	22	336	#
430	283.603	4	5	21	112	113	336	#
431	229.212	3	4	5	19	20	336	#
432	291.78	161	214	215	231	247	337	#
433	353.74	181	197	198	214	215	337	#
434	310.579	144	145	160	161	177	337	#
435	304.588	198	214	215	230	231	337	#
436	297.349	200	216	230	231	247	337	#
437	278.827	214	215	230	231	247	337	#
438	1359.84	14	15	28	30	31	43	44	45	46	47	60	61	62	63	76	77	78	79	93	94	95	109	110	125	338	#
439	1950.51	12	13	14	15	28	29	30	31	44	46	47	62	63	77	78	79	95	161	162	178	179	195	196	212	338	#
440	1815.94	10	11	12	13	14	15	28	29	30	44	46	59	60	61	62	63	75	76	77	92	93	108	109	125	338	#
441	1739.32	10	11	12	13	14	15	24	26	27	28	29	30	40	41	42	44	55	56	57	58	73	74	75	90	338	#
442	1712.28	11	12	13	14	15	28	29	30	44	45	46	47	58	59	60	61	62	63	75	76	77	78	79	94	338	#
443	1687.07	11	12	13	14	15	28	29	30	31	46	47	60	61	62	63	77	78	79	93	94	95	109	110	111	338	#
444	1654.37	39	54	55	60	61	71	72	76	87	88	89	90	91	92	103	104	106	107	119	120	121	122	123	137	138	139	140	153	154	170	186	202	339	#
445	2310.53	69	70	85	86	96	97	98	100	101	102	114	115	116	117	118	119	120	132	133	134	135	149	150	151	167	169	182	183	184	199	200	216	339	#
446	2044.93	118	119	120	134	135	150	151	152	153	154	159	165	166	167	168	169	170	174	175	182	183	184	190	191	199	200	206	207	216	217	231	232	339	#
447	2040.07	11	26	27	28	29	30	31	42	43	44	45	46	57	60	61	62	63	71	72	74	75	76	77	88	89	90	92	93	105	109	110	179	339	#
448	2032.03	156	161	162	171	172	173	186	187	191	202	203	204	205	216	217	218	219	220	221	222	231	232	233	234	235	236	237	249	250	251	252	253	339	#
449	1940.41	26	27	28	29	39	40	41	42	43	44	45	55	57	60	61	62	63	73	74	75	77	78	79	89	90	91	92	93	94	107	109	125	339	#
450	275.749	12	28	44	254	340	#
451	313.898	12	13	23	29	340	#
452	308.473	12	28	43	44	340	#
453	270.011	27	28	43	44	340	#
454	345.918	96	112	113	341	#
455	371.338	97	112	113	341	#
456	279.949	97	113	114	341	#
457	60.0668	13	#
458	194.029	201	216	217	218	231	342	#
459	269.927	183	198	199	200	216	342	#
460	191.97	42	200	216	230	231	342	#
461	132.641	184	185	200	201	217	342	#
462	121.279	162	#
463	864.571	53	68	69	70	71	85	86	87	105	106	107	108	109	130	343	#
464	1035.99	81	96	97	112	113	114	115	128	129	130	131	146	161	162	343	#
465	945.107	22	23	38	54	68	70	71	84	85	86	87	100	102	103	343	#
466	934.738	54	55	56	70	71	85	86	100	109	110	115	116	117	118	343	#
467	930.308	38	54	55	68	70	71	84	85	86	87	100	117	170	186	343	#
468	853.816	39	54	55	56	68	69	70	83	84	85	100	116	132	133	343	#
469	738.138	68	69	70	82	83	84	85	100	101	102	103	116	117	118	344	#
470	984.658	22	38	54	55	67	68	69	70	85	100	101	102	103	118	344	#
471	980.223	85	87	100	101	102	103	104	105	106	119	120	121	136	137	344	#
472	888.553	85	87	99	100	101	102	103	104	105	114	115	116	130	240	344	#
473	852.343	82	83	96	97	98	99	100	112	113	114	115	128	130	131	344	#
474	832.582	54	55	69	85	87	100	101	102	103	116	117	118	133	149	344	#
475	98.1368	48	65	#
476	438.19	10	11	12	27	43	345	#
477	453.638	11	27	43	44	59	345	#
478	438.696	10	11	12	26	27	345	#
479	379.652	10	11	26	27	43	345	#
480	347.937	10	11	12	28	43	345	#
481	313.615	123	124	125	126	141	142	143	157	159	211	346	#
482	322.094	110	126	141	142	143	155	156	157	158	159	346	#
483	277.549	109	110	124	125	126	141	142	143	158	159	346	#
484	226.407	93	110	125	126	141	142	143	157	158	159	346	#
485	895.348	108	109	123	124	136	137	138	139	140	141	142	152	153	155	156	157	347	#
486	1142.7	58	59	60	61	62	63	76	77	90	92	93	106	107	108	109	124	347	#
487	1052.95	121	123	136	137	138	139	152	153	154	155	161	170	172	176	177	188	347	#
488	1049.05	138	139	140	153	154	155	156	165	167	172	181	182	188	196	197	246	347	#
489	1031.22	63	79	87	95	103	104	105	121	122	123	136	137	138	152	153	154	347	#
490	1025.7	44	59	60	76	77	89	90	91	92	93	105	106	107	108	109	110	347	#
491	911.507	202	203	205	206	219	220	221	222	236	237	238	251	252	253	348	#
492	1098.29	135	151	171	172	186	187	188	202	203	204	218	219	220	221	348	#
493	1006.89	154	169	170	171	184	185	186	187	188	201	202	203	219	236	348	#
494	955.078	186	202	205	206	219	220	221	222	236	237	238	251	252	253	348	#
495	930.782	154	163	170	186	202	203	204	205	219	220	221	236	237	238	348	#
496	900.202	79	94	95	156	172	188	189	205	206	207	219	220	221	236	348	#
497	298.713	85	100	101	116	132	349	#
498	364.908	116	117	132	133	149	349	#
499	340.962	70	85	100	101	117	349	#
500	332.807	69	85	101	116	117	349	#
501	316.151	100	101	115	116	117	349	#
502	287.614	116	117	132	147	148	349	#
503	1735.94	13	14	15	17	29	30	32	33	34	36	37	38	48	51	52	53	64	65	66	68	69	70	71	80	81	83	84	85	86	99	100	350	#
504	2075.03	10	11	12	13	26	27	29	30	40	41	42	43	44	57	58	59	60	61	74	75	77	90	96	97	112	113	129	145	183	199	215	350	#
505	2066.91	9	10	11	12	13	14	15	26	27	29	30	31	42	43	46	47	63	70	95	107	110	111	125	126	127	142	210	211	226	227	242	350	#
506	1990.04	35	50	51	68	70	80	81	82	83	84	85	96	97	98	99	100	113	114	115	116	117	130	131	167	168	169	183	184	199	200	201	350	#
507	1955.18	40	41	42	43	44	55	56	57	58	59	70	71	72	73	74	87	123	153	168	169	170	183	184	185	195	196	200	201	212	216	217	350	#
508	1942.64	4	11	12	20	27	34	35	36	37	38	42	43	44	48	50	51	52	53	54	57	59	63	64	65	66	68	69	70	85	247	248	350	#
509	956.46	199	202	214	215	216	217	218	229	230	231	245	246	247	351	#
510	986.661	11	52	194	195	210	211	227	228	229	230	231	247	248	351	#
511	975.372	184	199	200	201	202	216	217	218	228	229	230	231	247	351	#
512	959.72	4	20	30	31	43	44	45	46	59	202	203	218	219	351	#
513	914.371	178	194	195	211	225	227	228	229	230	241	242	243	244	351	#
514	906.667	183	200	216	217	228	229	230	231	245	246	247	248	249	351	#
515	1474.36	38	39	48	54	55	64	65	66	67	70	71	82	83	84	85	99	100	101	115	116	117	132	352	#
516	1738.01	55	68	70	71	84	85	86	87	99	100	101	116	117	118	132	133	134	135	199	215	216	231	352	#
517	1638.02	12	24	38	39	40	54	55	56	67	68	69	70	71	83	84	85	87	100	234	235	250	251	352	#
518	1624.89	67	68	70	71	83	84	85	86	87	98	99	100	101	115	116	117	118	132	134	135	150	151	352	#
519	1622.55	67	68	70	82	83	84	85	97	99	100	101	112	113	114	115	116	117	118	132	232	247	248	352	#
520	1612.97	1	22	37	38	39	54	55	56	64	68	70	71	83	84	85	86	87	99	100	101	103	117	352	#
521	355	215	230	231	246	353	#
522	387.92	215	216	230	231	353	#
523	371.161	199	215	230	231	353	#
524	318.612	230	231	245	246	353	#
525	283.753	199	200	214	215	353	#
526	182.756	229	230	231	246	354	#
527	134.625	231	232	247	248	354	#
528	2009.01	80	82	85	96	97	98	99	100	101	112	114	115	128	129	137	144	145	146	147	152	153	154	160	161	162	163	169	170	177	192	193	194	209	355	#
529	2410.82	112	129	144	145	146	147	161	162	163	164	165	176	177	179	180	192	193	194	195	196	197	198	209	210	211	212	225	226	227	240	241	242	243	355	#
530	2285.04	4	5	6	7	21	22	23	112	128	129	144	145	146	147	148	160	161	162	163	164	165	166	176	177	180	192	193	194	195	196	197	209	211	355	#
531	2274.31	38	80	81	96	97	112	128	129	131	144	145	146	147	160	161	162	163	164	165	176	177	178	180	192	193	194	195	196	209	210	224	225	241	355	#
532	2262.12	80	81	82	83	97	98	99	101	112	114	115	116	117	118	119	129	131	132	133	134	135	145	146	147	148	149	161	162	163	164	177	178	194	355	#
533	2246.42	37	41	42	43	58	71	72	73	74	76	87	88	96	97	104	112	128	129	144	145	146	147	161	162	163	164	165	177	180	181	192	193	194	355	#
534	996.761	10	11	12	13	14	28	29	42	43	58	59	60	61	75	77	356	#
535	1042.16	11	12	13	14	26	28	29	30	32	42	43	44	48	64	80	356	#
536	1009.46	11	12	13	14	15	26	27	28	30	42	43	44	59	60	61	356	#
537	989.107	28	29	42	43	44	45	59	60	61	75	77	92	107	108	109	356	#
538	930.149	8	9	10	11	12	13	14	23	24	25	40	41	56	57	155	356	#
539	921.093	28	44	60	61	76	77	92	93	94	107	108	109	125	181	197	356	#
540	1169.57	11	12	13	27	28	29	42	43	44	45	46	58	59	60	61	74	75	76	77	357	#
541	1267.86	11	12	26	28	42	43	44	55	56	57	58	59	71	72	73	74	75	76	90	357	#
542	1256.95	10	11	12	13	26	27	28	29	42	56	57	58	59	61	72	73	74	75	88	357	#
543	1237.05	10	11	12	27	28	29	41	42	43	44	45	58	59	61	62	75	76	77	92	357	#
544	1220.42	12	27	28	41	42	43	44	57	58	59	71	72	73	74	75	76	89	92	105	357	#
545	1210.73	26	27	42	44	46	47	57	58	59	60	61	73	75	76	77	78	79	92	95	357	#
546	380.263	216	232	233	249	250	358	#
547	521.387	232	235	249	250	251	358	#
548	498.132	216	232	249	250	251	358	#
549	378.667	217	230	233	249	250	358	#
550	293.771	216	217	232	233	249	358	#
551	635.909	135	190	206	207	223	239	254	255	359	#
552	674.02	190	205	206	207	222	223	239	255	359	#
553	623.945	189	190	205	206	207	221	222	223	359	#
554	577.312	174	189	190	191	205	206	207	223	359	#
555	569.212	190	206	207	222	223	239	254	255	359	#
556	537.638	203	207	221	222	223	239	254	255	359	#
557	56.1736	127	#
558	73.7771	209	210	#
559	388.542	235	249	250	251	360	#
560	281.392	233	234	250	251	360	#
561	280.968	203	219	234	235	360	#
562	269.53	219	220	235	251	360	#
563	259.595	51	68	248	249	360	#
564	1067.62	39	55	70	71	72	85	87	88	89	100	101	102	103	104	117	118	133	134	361	#
565	1390.82	10	11	71	87	101	102	103	104	118	121	122	155	171	172	173	188	189	205	361	#
566	1303.44	6	7	8	22	23	24	39	40	41	42	54	55	56	57	70	71	87	103	361	#
567	1302.69	0	1	2	17	18	70	71	72	73	80	87	96	101	102	103	119	135	151	361	#
568	1302.43	23	24	25	39	40	41	42	54	55	56	59	60	70	71	76	87	103	119	361	#
569	1281.27	13	14	33	39	40	49	54	55	56	57	65	70	71	87	225	226	241	242	361	#
570	428.005	140	141	155	156	157	158	159	171	172	362	#
571	596.349	141	149	155	156	157	171	172	187	188	362	#
572	536.863	125	139	140	141	155	156	157	171	187	362	#
573	503.784	34	50	109	110	125	141	156	157	175	362	#
574	487.55	121	122	123	139	140	141	155	156	157	362	#
575	473.272	122	138	139	140	155	156	157	171	172	362	#
576	161.891	146	162	363	#
577	182.887	146	147	363	#
578	145.598	162	178	363	#
579	984.269	82	96	97	112	114	115	128	129	130	131	145	146	147	161	162	163	364	#
580	1046.18	50	64	65	66	67	68	80	81	82	83	84	96	97	100	101	112	364	#
581	1042.03	6	22	41	57	112	113	114	129	144	145	146	160	161	177	178	250	364	#
582	1021.62	75	76	82	91	96	97	98	112	114	115	128	129	130	131	147	224	364	#
583	999.261	96	112	128	129	130	144	145	146	160	161	177	178	187	188	189	190	364	#
584	984.325	48	64	80	82	96	98	112	114	115	128	129	130	131	144	145	160	364	#
585	525.753	194	195	196	197	211	227	365	#
586	445.297	178	193	194	195	211	227	365	#
587	438.059	180	181	196	197	213	229	365	#
588	420.183	210	211	227	242	243	244	365	#
589	408.235	146	162	178	179	193	194	365	#
590	348.537	126	127	142	196	197	212	365	#
591	104.225	44	#
592	532.352	11	26	27	74	90	91	107	112	366	#
593	570.702	10	11	12	13	27	28	43	59	366	#
594	493.044	9	10	11	26	27	28	44	60	366	#
595	482.52	49	58	74	90	91	92	107	108	366	#
596	474.091	10	11	12	26	27	28	43	120	366	#
597	461.258	81	96	97	112	113	128	129	145	366	#
598	380.355	4	19	20	34	35	36	50	367	#
599	501.991	36	50	51	52	53	67	68	367	#
600	440.214	36	50	51	65	66	67	68	367	#
601	375.329	2	17	18	34	35	36	50	367	#
602	359.105	4	19	20	21	35	36	51	367	#
603	340.323	3	4	19	20	21	36	51	367	#
604	614.716	181	197	213	214	216	229	230	231	245	368	#
605	738.336	53	69	85	215	228	229	230	231	246	368	#
606	700.493	38	39	215	229	230	231	245	246	247	368	#
607	667.906	171	228	229	230	231	240	245	246	247	368	#
608	588.643	133	149	165	166	167	181	197	198	199	368	#
609	583.901	215	216	217	224	225	231	233	234	249	368	#
610	23.9487	180	#
611	334.353	124	125	159	172	173	174	175	191	369	#
612	497.538	156	172	173	174	175	189	191	205	369	#
613	426.621	139	156	158	172	173	174	189	205	369	#
614	424.165	93	94	95	108	124	125	126	127	369	#
615	333.037	155	171	172	173	174	175	190	191	369	#
616	308.939	156	157	158	159	172	173	174	189	369	#
617	377.51	49	50	51	67	68	69	85	370	#
618	473.825	68	69	85	100	101	102	253	370	#
619	437.029	61	62	77	84	85	100	101	370	#
620	402.772	38	54	67	68	69	83	84	370	#
621	394.841	35	50	51	65	66	67	68	370	#
622	392.914	35	49	50	51	66	67	68	370	#
623	2119.08	80	81	96	97	98	99	100	101	112	114	115	116	117	128	129	130	131	132	144	145	146	147	148	160	161	162	163	164	176	177	178	179	192	193	194	195	371	#
624	2610.21	58	69	70	75	76	85	90	91	92	100	101	114	115	116	117	130	131	132	137	144	145	146	147	148	153	160	161	162	163	176	177	178	179	192	235	251	371	#
625	2553.25	16	17	33	66	67	68	70	71	83	85	98	99	100	101	102	103	115	116	117	118	119	120	128	130	131	132	133	134	144	160	161	176	177	178	192	193	371	#
626	2516.57	10	11	12	26	27	28	42	43	59	60	115	130	131	132	147	148	162	163	164	165	166	177	178	179	180	181	182	195	197	198	206	207	211	212	222	223	371	#
627	2477.45	25	41	57	70	71	85	86	101	102	103	104	114	117	118	119	130	131	144	145	146	147	148	160	161	162	163	164	176	177	178	179	184	192	193	200	201	371	#
628	2454.51	45	66	67	68	82	83	97	112	113	128	129	130	131	144	145	146	147	148	160	161	162	163	176	177	178	179	192	193	195	211	212	226	227	228	242	244	371	#
629	45.1442	219	#
630	497.787	0	1	2	16	17	18	32	34	48	372	#
631	741.062	0	1	2	17	18	33	34	35	49	372	#
632	684.334	0	1	2	17	18	34	35	49	50	372	#
633	671.164	1	2	17	18	33	34	35	49	50	372	#
634	667.928	2	17	18	33	34	35	49	50	66	372	#
635	665.403	0	1	17	18	33	34	48	49	65	372	#
636	39.2055	125	#
637	231.656	56	57	72	73	89	373	#
638	314.434	57	73	89	105	106	373	#
639	305.545	41	55	56	57	72	373	#
640	261.945	56	72	215	231	247	373	#
641	251.768	42	57	58	73	89	373	#
642	195.946	57	58	73	137	138	373	#
643	616.413	81	97	112	113	114	128	129	145	374	#
644	751.623	26	80	81	96	97	112	113	183	374	#
645	729.861	80	96	97	112	113	129	146	161	374	#
646	677.192	64	80	81	97	98	113	114	129	374	#
647	657.164	80	96	97	98	113	114	115	116	374	#
648	649.124	97	98	112	113	128	129	146	161	374	#
649	992.365	43	59	60	61	76	77	79	91	92	93	94	95	109	189	375	#
650	923.937	43	45	57	58	59	60	61	62	74	75	76	77	91	92	375	#
651	921.552	46	59	60	61	62	76	77	78	79	92	93	94	95	111	375	#
652	921.382	27	43	44	59	60	62	74	75	76	77	78	95	111	204	375	#
653	899.911	143	172	173	188	189	190	205	206	207	219	220	221	222	238	375	#
654	888.861	43	44	45	59	60	61	75	76	77	90	91	92	200	201	375	#
655	293.081	99	114	115	116	131	376	#
656	358.756	98	113	114	115	129	376	#
657	321.959	114	115	130	131	132	376	#
658	287.348	98	99	114	115	131	376	#
659	280.716	83	99	115	116	131	376	#
660	161.529	100	116	117	132	133	376	#
661	1465.85	121	136	137	153	178	179	180	192	193	194	195	196	197	198	208	209	210	211	212	213	224	225	226	229	377	#
662	1720.24	130	131	132	162	163	173	174	178	179	180	189	190	192	194	195	208	209	210	211	212	224	225	240	241	377	#
663	1713.48	92	108	115	130	131	146	162	163	164	178	179	192	193	194	195	208	209	210	211	224	225	226	240	241	377	#
664	1603.87	6	22	23	113	161	177	178	179	180	192	193	194	195	208	209	224	225	236	237	238	239	240	241	255	377	#
665	1557.29	112	128	129	130	131	146	147	148	163	164	178	179	180	182	194	195	196	197	198	210	211	212	226	227	377	#
666	1527.12	113	114	115	126	130	131	132	146	160	162	163	176	177	178	179	180	194	195	210	211	212	213	229	230	377	#
667	123.851	235	236	#
668	1677.94	81	96	97	113	114	129	130	131	202	203	204	212	218	219	220	221	234	235	236	237	238	249	250	251	252	378	#
669	1937.52	139	155	156	171	172	173	186	187	200	202	203	204	215	216	219	220	221	231	232	236	237	250	251	252	253	378	#
670	1838.75	21	37	53	68	69	70	84	187	189	202	203	204	218	219	220	221	233	234	235	236	237	250	251	252	253	378	#
671	1808.05	123	139	140	155	156	170	171	172	173	180	186	187	202	203	204	217	218	219	220	234	235	236	250	251	252	378	#
672	1781.77	140	155	156	169	170	171	172	173	186	187	202	203	204	218	219	220	221	235	236	237	238	250	251	252	253	378	#
673	1737.84	1	2	17	18	186	187	189	190	202	203	204	206	207	219	220	221	222	223	235	236	238	239	252	254	255	378	#
674	1120.39	146	149	162	163	165	179	180	181	186	196	197	202	219	235	236	252	379	#
675	1237.77	83	84	155	156	170	171	172	173	186	187	188	189	202	203	218	219	379	#
676	1216.03	134	149	150	165	166	180	181	182	183	194	195	196	197	198	199	214	379	#
677	1160.04	1	133	134	135	149	150	151	165	177	181	202	204	219	235	236	251	379	#
678	1127.28	116	117	118	133	134	149	150	165	166	180	181	196	197	198	214	215	379	#
679	1109.09	149	165	166	180	181	182	183	184	196	197	198	213	214	229	230	231	379	#
680	361.641	108	208	209	224	225	241	242	380	#
681	535.072	208	224	225	226	227	241	242	380	#
682	455.752	176	177	193	208	209	224	225	380	#
683	455.56	208	224	225	240	241	242	243	380	#
684	438.235	18	34	35	50	242	243	244	380	#
685	417.687	193	208	209	224	225	241	242	380	#
686	585.295	2	17	23	32	33	34	39	40	49	50	56	381	#
687	698.163	7	12	22	23	24	25	28	39	40	41	56	381	#
688	662.114	49	50	51	66	68	104	121	122	123	133	245	381	#
689	598.146	2	16	17	18	32	33	34	35	251	252	253	381	#
690	586.877	17	33	34	35	36	49	50	64	65	187	203	381	#
691	563.971	10	11	12	16	17	28	32	33	34	35	38	381	#
692	815.925	33	48	49	65	66	81	82	96	97	112	113	382	#
693	839.344	17	18	33	34	48	49	64	65	66	67	81	382	#
694	743.75	17	18	33	34	35	49	65	66	237	238	253	382	#
695	735.839	32	33	49	65	66	67	205	206	221	222	252	382	#
696	722.268	82	96	97	112	113	114	128	129	145	146	161	382	#
697	703.596	65	81	82	96	97	98	112	113	128	129	130	382	#
698	601.081	146	147	162	163	179	180	194	195	208	209	225	383	#
699	792.036	160	161	176	177	192	193	194	195	209	211	212	383	#
700	750.231	58	59	71	72	73	74	75	88	104	225	241	383	#
701	737.635	177	178	192	193	194	195	196	208	209	212	224	383	#
702	730.195	192	193	194	208	209	210	224	225	226	241	242	383	#
703	714.916	130	131	140	141	144	145	146	147	160	161	162	383	#
704	527.977	102	103	104	117	118	119	134	384	#
705	557.629	87	102	103	104	116	117	118	384	#
706	548.103	71	72	87	102	103	118	119	384	#
707	517.028	87	102	103	104	118	134	135	384	#
708	515.939	71	72	87	102	103	104	119	384	#
709	485.169	87	102	103	118	119	120	134	384	#
710	558.501	48	65	81	82	83	84	97	99	114	385	#
711	635.581	65	66	81	82	97	112	113	114	130	385	#
712	619.419	49	65	80	81	82	83	96	97	114	385	#
713	555.633	48	65	80	81	82	83	96	97	99	385	#
714	551.021	67	70	82	83	84	85	100	101	116	385	#
715	529.879	49	65	67	81	82	83	84	85	97	385	#
716	325.846	147	148	162	163	386	#
717	376.7	147	162	163	178	386	#
718	103.495	148	164	179	180	386	#
719	90.9864	239	#
720	429.014	52	68	69	70	84	85	387	#
721	520.577	21	36	37	52	53	68	387	#
722	484.364	11	27	70	84	85	178	387	#
723	445.587	68	84	85	176	177	181	387	#
724	416.882	39	54	55	70	71	86	387	#
725	392.78	37	53	68	69	84	85	387	#
726	446.122	202	217	218	219	235	388	#
727	515.566	202	203	218	219	235	388	#
728	474.819	187	202	203	204	219	388	#
729	332.837	184	201	216	217	218	388	#
730	306.696	202	219	220	234	235	388	#
731	266.88	184	201	216	217	233	388	#
732	525.153	12	27	28	29	186	187	202	203	389	#
733	604.014	170	186	187	188	189	202	203	205	389	#
734	588.751	10	11	12	27	28	43	161	162	389	#
735	541.727	170	172	173	186	187	188	202	218	389	#
736	527.226	13	29	30	31	45	46	60	61	389	#
737	484.031	169	170	186	202	218	219	234	235	389	#
738	74.6582	109	125	#
739	15.6261	89	#
740	468.358	135	136	151	152	168	184	390	#
741	515.974	103	104	119	135	150	151	390	#
742	454.143	121	136	137	152	168	175	390	#
743	405.246	136	152	153	168	184	201	390	#
744	391.114	150	151	152	153	167	168	390	#
745	372.825	136	152	166	167	168	182	390	#
746	164.847	37	53	#
747	574.967	179	192	193	194	195	196	209	210	235	391	#
748	682.472	230	231	234	235	245	246	247	248	251	391	#
749	554.774	149	161	177	179	193	194	195	209	210	391	#
750	524.098	106	122	138	139	140	177	193	209	210	391	#
751	493.092	144	154	160	169	176	192	193	209	210	391	#
752	476.457	122	164	179	180	181	182	195	196	197	391	#
753	187.533	36	37	38	392	#
754	255.435	37	38	92	392	#
755	194.682	37	38	39	392	#
756	131.082	36	51	52	392	#
757	3772.63	93	94	110	111	125	126	127	129	130	131	140	141	142	143	147	148	155	156	157	158	159	164	170	172	174	175	176	177	178	179	186	187	188	189	190	191	192	193	195	203	205	206	207	208	209	210	217	219	220	221	222	223	225	226	233	234	235	237	238	239	242	243	244	248	249	250	251	254	255	393	#
758	4574.82	6	7	8	9	10	22	23	24	25	38	39	40	41	48	55	56	64	71	80	81	82	96	97	98	112	113	114	128	129	130	131	144	145	146	182	183	184	198	199	200	202	203	212	213	214	215	216	217	218	219	227	228	229	230	231	232	233	234	235	243	244	245	246	247	248	249	250	251	252	393	#
759	4515.04	80	81	93	94	96	97	98	99	112	113	114	115	116	128	129	130	131	132	133	141	144	145	146	157	160	161	162	166	176	177	178	179	181	182	192	193	195	196	197	198	199	200	206	207	208	209	210	211	212	213	214	215	216	217	222	223	225	226	227	228	229	230	233	240	241	242	243	244	245	393	#
760	4482.45	31	48	60	61	62	64	76	77	78	79	80	81	89	90	91	92	93	94	96	97	98	107	108	112	113	128	129	131	144	145	146	147	148	160	161	162	164	176	177	178	179	180	181	192	193	194	195	196	197	198	208	209	212	213	214	225	226	229	230	231	233	234	235	240	241	245	249	250	251	393	#
761	4481.85	20	21	37	38	39	56	57	64	72	80	81	88	89	90	91	92	96	97	100	104	105	107	112	113	114	116	117	118	121	122	123	128	129	130	131	132	133	137	144	145	146	147	148	160	161	162	163	164	170	176	177	178	179	186	192	193	194	195	196	202	208	209	210	211	212	213	214	225	229	393	#
762	4472.9	14	30	31	46	83	96	98	99	100	112	113	115	116	128	129	130	131	132	133	134	145	146	147	149	150	160	161	162	164	176	177	178	179	180	181	182	192	193	194	195	196	197	198	200	203	208	209	210	211	212	213	214	216	219	225	226	227	228	229	230	231	235	240	241	242	243	244	245	247	393	#
763	798.298	63	78	79	93	94	95	109	110	111	125	127	142	143	157	225	244	394	#
764	1079.83	179	195	208	210	211	212	214	224	225	226	227	240	241	242	243	244	394	#
765	1055.81	60	61	63	77	78	79	129	130	160	161	162	176	177	192	193	194	394	#
766	910.459	179	180	182	195	196	197	198	210	211	212	213	214	226	229	244	245	394	#
767	891.754	27	59	60	77	78	79	93	94	95	108	109	110	111	124	125	127	394	#
768	866.064	44	45	60	61	76	77	78	92	93	94	95	108	109	110	111	125	394	#
769	106.368	91	#
770	636.69	4	5	6	7	8	9	20	21	22	37	395	#
771	739.017	37	39	53	54	55	69	85	86	100	101	395	#
772	724.158	4	5	6	7	8	20	22	23	24	39	395	#
773	699.255	7	8	23	24	39	40	55	71	87	103	395	#
774	681.096	3	4	5	6	7	19	20	21	23	39	395	#
775	680.628	8	9	10	11	12	24	27	28	197	213	395	#
776	68.0594	221	237	253	#
777	696.239	176	177	192	193	194	195	208	209	212	224	225	240	241	396	#
778	835.674	144	160	161	162	176	177	178	192	193	208	209	224	225	396	#
779	798.741	145	161	162	164	165	177	178	179	180	181	195	196	212	396	#
780	762.055	105	106	107	120	121	178	179	193	194	195	212	213	214	396	#
781	761.47	176	192	193	208	209	210	224	225	226	227	240	241	242	396	#
782	748.948	164	180	195	196	197	198	212	213	214	215	229	231	245	396	#
783	1137.31	34	35	36	37	42	50	51	52	57	58	67	68	69	70	73	75	84	85	88	89	90	100	101	397	#
784	1598.34	30	31	46	51	62	67	68	70	71	78	81	83	84	85	97	99	100	101	114	115	116	131	147	397	#
785	1571.25	7	8	12	24	25	28	40	41	42	43	44	56	57	58	59	74	89	90	91	106	107	121	122	397	#
786	1549.36	21	36	37	51	52	67	138	139	153	154	155	169	170	171	175	190	191	206	207	222	223	238	239	397	#
787	1503.29	20	21	35	36	37	51	52	66	67	68	83	84	211	226	227	228	229	230	243	244	245	246	247	397	#
788	1434.83	6	7	8	9	12	13	23	24	25	27	28	39	40	41	42	43	44	56	57	58	73	74	75	397	#
789	262.988	214	215	216	217	218	398	#
790	359.072	187	203	218	219	236	398	#
791	274.549	201	215	216	217	218	398	#
792	260.415	215	216	217	231	247	398	#
793	240.817	216	217	218	233	234	398	#
794	170.003	198	214	215	216	217	398	#
795	122.499	93	110	126	127	399	#
796	159.656	77	93	109	110	399	#
797	500.615	12	13	14	26	27	28	29	400	#
798	548.537	13	14	28	29	30	46	188	400	#
799	537.888	12	13	14	28	29	30	46	400	#
800	525.371	12	26	27	28	29	42	59	400	#
801	520.517	13	14	15	29	30	31	46	400	#
802	458.04	10	11	12	26	27	28	42	400	#
803	146.674	10	11	401	#
804	109.286	9	10	401	#
805	177.363	111	127	402	#
806	226.16	95	111	402	#
807	1150.72	127	141	142	143	149	152	153	157	158	159	165	168	174	175	184	189	190	191	206	403	#
808	1432.26	166	167	168	169	170	182	183	184	185	188	189	198	199	200	205	206	207	221	251	403	#
809	1412.55	99	100	114	115	130	131	142	146	157	158	159	161	173	174	175	189	190	205	206	403	#
810	1326.57	111	127	142	143	159	174	175	189	190	191	205	206	207	222	226	227	238	242	243	403	#
811	1258.01	111	127	141	142	143	155	156	157	158	159	174	175	189	190	191	205	206	207	223	403	#
812	1251.33	16	17	18	136	138	139	152	153	166	168	169	182	183	184	197	198	199	200	216	403	#
813	2138.14	7	22	23	36	37	38	52	53	54	64	68	69	70	80	82	84	85	86	96	97	98	99	100	101	102	113	114	116	117	118	130	132	404	#
814	2433.7	7	8	54	64	65	70	80	81	82	85	86	96	97	98	99	100	102	112	113	114	115	116	117	118	130	132	146	147	161	162	178	252	404	#
815	2254.83	68	82	84	85	86	96	97	98	99	100	101	102	103	113	114	130	145	146	147	149	150	161	162	163	164	165	176	177	178	179	180	181	404	#
816	2192.44	51	52	53	54	68	69	70	82	84	85	86	97	98	99	100	101	102	103	113	114	115	116	117	118	119	130	132	133	146	147	149	162	404	#
817	2186.32	6	64	65	66	69	70	80	81	82	84	85	86	96	97	98	99	100	101	102	113	114	115	116	117	118	130	131	132	146	224	225	240	404	#
818	2182.78	1	2	16	17	18	20	32	34	35	36	50	52	53	54	68	69	70	84	85	86	100	101	102	116	117	118	132	182	183	184	199	200	404	#
819	1341.06	60	75	77	88	89	90	91	92	104	106	107	119	120	121	122	123	124	138	139	405	#
820	1499.94	29	30	31	44	45	46	47	60	103	119	120	135	214	224	225	227	241	242	243	405	#
821	1309.18	60	74	75	77	90	91	92	93	106	107	121	122	123	138	153	154	169	170	186	405	#
822	1296.43	58	75	90	91	92	106	107	121	122	129	146	147	158	163	164	178	179	180	181	405	#
823	1293.06	58	75	90	91	104	106	107	108	120	121	122	137	138	152	153	168	169	184	200	405	#
824	1281.28	60	61	76	88	89	90	91	92	103	104	105	106	119	120	121	122	123	124	135	405	#
825	107.801	116	131	132	406	#
826	139.986	100	116	117	406	#
827	70.5093	131	132	158	406	#
828	731.33	144	145	152	160	161	162	163	168	176	177	184	192	193	407	#
829	1019.47	80	96	112	113	128	144	146	160	161	162	176	177	178	407	#
830	997.054	146	158	159	161	162	174	175	177	178	194	195	196	212	407	#
831	954.249	44	60	61	76	77	162	163	178	179	194	195	210	211	407	#
832	950.563	10	11	12	27	28	29	43	44	45	160	161	176	177	407	#
833	905.711	144	146	148	160	161	162	163	164	176	177	178	193	194	407	#
834	909.366	11	12	13	14	28	29	30	31	43	46	47	59	63	408	#
835	997.764	11	12	13	14	15	27	28	29	30	31	46	47	224	408	#
836	948.483	10	11	12	13	14	27	28	29	30	31	43	46	59	408	#
837	941.941	11	12	13	14	20	27	28	29	30	31	42	43	46	408	#
838	830.724	30	45	46	47	61	62	63	79	94	95	111	126	127	408	#
839	827.101	11	13	14	27	28	29	30	42	43	57	58	59	75	408	#
840	26.252	69	103	#
841	1207.2	112	129	146	161	162	163	177	178	179	180	193	206	207	221	222	223	237	238	239	255	409	#
842	1580.76	0	1	64	65	81	96	97	112	113	114	129	130	131	146	161	162	163	177	178	179	409	#
843	1305.17	99	112	113	114	115	129	130	131	146	147	148	161	162	163	164	178	179	193	194	209	409	#
844	1300.99	112	129	145	146	161	162	163	164	166	176	177	178	179	180	181	182	192	197	198	208	409	#
845	1279.99	48	64	80	81	82	96	97	98	112	113	114	128	129	130	145	146	160	161	162	178	409	#
846	1262.6	61	62	63	75	76	77	78	91	128	129	146	148	161	162	163	164	179	180	181	197	409	#
847	404.19	47	62	63	77	78	79	93	94	95	410	#
848	568.126	44	60	61	62	63	77	78	254	255	410	#
849	562.656	46	47	60	62	63	77	78	79	93	410	#
850	492.091	44	60	77	78	93	94	110	126	142	410	#
851	461.444	46	47	61	62	63	78	79	94	95	410	#
852	437.224	77	78	92	93	94	110	126	127	143	410	#
853	624.215	31	37	46	47	52	53	68	69	411	#
854	678.487	21	37	52	53	54	67	68	69	411	#
855	551.877	46	47	62	63	76	77	79	92	411	#
856	540.593	21	37	39	53	54	55	68	69	411	#
857	528.892	31	45	46	47	61	62	63	77	411	#
858	510.302	31	45	46	47	61	62	77	93	411	#
859	859.212	40	41	56	57	58	71	72	73	75	88	89	90	220	236	412	#
860	1134.03	70	71	84	85	87	100	101	102	103	104	117	118	134	135	412	#
861	1037.93	40	56	57	58	72	73	75	88	89	90	91	104	105	121	412	#
862	1014.07	42	57	58	71	72	73	88	89	90	102	103	104	121	224	412	#
863	997.81	41	55	56	57	58	71	72	73	87	88	89	103	104	105	412	#
864	981.337	8	40	56	57	58	72	73	74	75	88	89	91	96	97	412	#
865	1729.05	54	64	65	69	70	80	81	82	85	96	97	98	100	112	113	114	115	116	128	129	130	131	132	144	145	146	147	148	160	161	164	176	413	#
866	2272.57	80	96	98	100	112	114	115	116	118	128	129	130	131	132	133	134	135	144	146	147	149	151	152	161	162	165	224	225	226	240	241	242	413	#
867	2159.16	37	52	53	54	55	68	69	82	84	85	86	96	97	100	101	102	114	115	116	117	118	119	130	131	132	133	134	135	149	150	165	166	413	#
868	2002.93	82	96	97	112	113	114	115	116	117	129	130	131	132	133	134	135	146	147	148	149	150	162	164	177	178	193	194	195	196	209	211	212	413	#
869	1972.61	37	38	52	53	54	55	56	67	68	69	70	71	81	82	83	84	85	96	97	98	100	112	113	114	115	116	129	130	131	132	147	255	413	#
870	1966.19	11	27	43	81	97	112	113	114	115	116	128	129	130	131	132	144	145	146	147	148	160	161	162	163	164	176	177	178	179	194	195	196	413	#
871	606.802	152	154	168	169	170	182	183	184	199	201	215	414	#
872	890.06	138	153	154	169	182	183	184	199	200	215	216	414	#
873	826.112	22	23	39	165	166	181	182	183	184	199	200	414	#
874	783.907	169	181	182	183	184	199	200	201	215	216	232	414	#
875	766.914	153	169	183	184	199	200	201	216	232	233	249	414	#
876	750.478	182	183	184	199	200	201	214	215	216	231	247	414	#
877	2250.21	22	38	54	67	68	69	70	71	72	82	83	84	85	86	87	88	89	90	97	99	101	102	103	104	116	117	118	119	120	121	132	134	135	150	240	415	#
878	2654.16	3	11	20	34	35	36	37	51	52	53	65	66	67	68	81	82	83	84	85	96	97	98	100	101	102	103	112	113	114	115	116	118	119	131	132	415	#
879	2547.31	4	20	32	33	34	35	36	50	51	52	53	54	65	66	67	68	69	70	81	82	83	84	85	86	87	96	97	100	101	102	103	112	114	116	132	415	#
880	2526.45	4	20	32	35	36	48	51	52	53	64	65	66	67	68	81	82	83	84	96	97	112	113	114	115	128	129	130	144	145	146	147	161	163	164	179	415	#
881	2491.28	22	36	37	38	53	54	67	68	69	70	82	83	84	85	86	87	101	102	103	104	105	106	118	119	121	134	135	141	150	229	230	231	245	246	247	415	#
882	2487.26	32	37	38	48	51	52	53	58	64	65	66	67	68	80	81	82	83	84	96	97	98	112	113	114	115	116	129	130	131	132	145	146	147	161	162	415	#
883	60.2713	16	32	33	48	416	#
884	27.496	16	32	48	64	416	#
885	302.539	7	8	9	23	417	#
886	342.486	7	8	129	145	417	#
887	252.801	7	8	9	25	417	#
888	238.052	7	8	9	24	417	#
889	223.586	22	23	39	40	417	#
890	959.431	24	26	39	40	41	42	54	55	56	57	58	59	72	73	74	75	418	#
891	1285.97	28	39	40	41	42	44	55	57	59	60	61	62	63	77	78	79	418	#
892	1202.68	42	56	57	58	59	60	61	62	72	73	74	75	76	77	91	92	418	#
893	1176.38	42	55	56	57	58	59	60	61	62	72	73	75	76	77	92	190	418	#
894	1157.3	8	11	12	22	23	24	26	27	39	40	41	42	56	57	59	72	418	#
895	1123.59	26	27	41	42	57	58	59	60	71	72	73	74	75	91	92	223	418	#
896	197.439	123	139	152	168	419	#
897	242.901	108	123	124	139	419	#
898	216.14	152	153	169	185	419	#
899	185.059	138	139	140	141	419	#
900	180.947	167	168	169	184	419	#
901	1112.07	36	51	67	68	81	82	83	84	97	98	99	100	112	113	114	115	131	140	147	176	226	420	#
902	1363.85	51	52	67	68	81	82	83	84	85	97	101	105	137	138	152	153	154	168	169	170	184	420	#
903	1355.59	67	68	81	82	83	84	96	97	99	101	113	114	130	146	147	148	160	161	164	180	181	420	#
904	1334.15	112	113	128	129	145	160	161	165	166	177	180	181	182	183	192	193	194	195	196	198	212	420	#
905	1282.73	115	116	130	131	132	146	147	164	180	181	192	193	194	197	208	209	210	211	226	241	242	420	#
906	1263.87	177	179	192	193	194	195	196	208	209	210	211	212	226	227	228	229	230	242	243	244	245	420	#
907	101.409	128	145	421	#
908	140.222	128	144	421	#
909	383.383	119	133	134	135	150	422	#
910	401.803	119	133	134	135	149	422	#
911	364.371	102	118	133	134	135	422	#
912	362.196	103	104	105	119	120	422	#
913	327.037	131	132	133	134	135	422	#
914	293.468	134	135	150	151	152	422	#
915	1292.82	195	196	197	210	211	212	213	222	223	226	227	228	229	230	231	241	242	243	244	246	247	423	#
916	1443.05	55	71	165	180	181	195	196	197	198	199	211	212	213	226	227	228	239	242	243	244	255	423	#
917	1423.53	164	165	180	181	194	195	196	210	211	212	213	225	226	227	228	229	241	242	243	244	245	423	#
918	1413.19	60	61	63	75	76	77	78	79	93	94	96	195	196	197	211	212	213	226	227	228	229	423	#
919	1391.61	176	179	180	192	194	195	196	197	198	208	209	210	211	212	224	225	226	227	240	241	243	423	#
920	1391.48	133	134	135	149	150	151	165	167	168	179	180	181	194	195	196	197	205	206	211	212	213	423	#
921	615.499	53	54	69	70	84	85	86	250	424	#
922	652.044	37	38	53	54	55	70	84	85	424	#
923	606.108	219	220	234	235	236	250	251	252	424	#
924	558.371	37	52	53	54	69	70	85	86	424	#
925	556.489	54	69	70	84	85	86	102	118	424	#
926	538.889	20	21	36	37	52	53	54	69	424	#
927	836.049	1	2	16	17	18	32	33	34	35	49	50	60	66	76	77	78	79	425	#
928	1158.85	2	16	17	18	32	33	34	46	50	114	115	130	131	146	147	161	162	425	#
929	1120.26	42	57	58	59	62	74	75	76	77	78	91	92	93	108	109	110	124	425	#
930	1113.56	14	15	30	46	61	62	75	76	77	78	79	91	92	93	94	108	109	425	#
931	1044.35	28	43	44	60	61	63	74	75	76	77	78	79	91	92	93	94	95	425	#
932	919.079	47	59	61	62	63	74	75	76	77	78	79	92	93	94	95	108	124	425	#
933	1281.82	108	109	110	125	126	139	140	141	142	155	156	157	158	159	171	172	174	175	190	191	231	239	246	247	426	#
934	1640.19	24	40	55	56	57	92	106	107	108	126	142	156	157	158	171	172	173	174	175	190	191	205	206	207	426	#
935	1554.15	158	171	172	173	174	189	190	191	206	207	208	209	210	224	225	226	227	228	229	240	241	242	243	244	426	#
936	1470.84	109	110	125	126	127	140	141	142	153	154	157	158	168	169	184	192	200	208	224	227	240	241	242	243	426	#
937	1469.96	136	150	151	152	153	168	183	184	185	200	216	220	221	222	231	232	236	237	238	239	247	252	253	255	426	#
938	1446.83	60	61	74	75	76	77	90	91	92	93	94	95	107	108	109	110	111	125	126	127	142	172	188	189	426	#
939	1219.11	7	8	9	10	11	12	22	23	24	25	39	40	41	55	56	57	138	143	159	174	175	191	427	#
940	1566.01	7	8	9	10	23	24	25	39	40	41	55	56	57	189	204	205	206	218	219	220	221	236	427	#
941	1536.18	7	8	22	23	24	36	37	38	39	40	41	52	53	54	55	56	68	69	70	71	162	178	427	#
942	1532.36	7	8	23	24	39	40	54	55	56	68	70	84	85	86	102	103	118	136	137	153	169	185	427	#
943	1527.68	8	13	14	24	28	29	40	41	42	43	44	58	59	184	185	200	201	232	247	248	249	250	427	#
944	1516.87	7	8	22	23	24	28	38	39	40	41	42	43	44	59	60	62	77	78	83	91	92	94	427	#
945	66.9203	132	#
946	416.89	208	224	225	240	428	#
947	353.811	209	224	225	241	428	#
948	312.741	209	210	225	241	428	#
949	278.955	192	208	209	225	428	#
950	888.748	194	195	196	198	209	212	213	214	215	229	230	231	245	246	429	#
951	1060.98	146	161	162	163	164	178	192	193	194	208	209	224	225	241	429	#
952	942.127	181	182	196	198	199	212	213	214	227	228	229	230	246	247	429	#
953	931.135	180	194	195	196	199	211	212	213	214	215	226	227	228	229	429	#
954	927.369	182	195	196	197	198	199	211	212	213	229	230	231	245	246	429	#
955	921.447	146	147	162	163	164	178	179	193	194	195	197	209	212	213	429	#
956	757.578	147	148	163	164	178	179	192	194	195	196	208	209	212	213	253	430	#
957	1131.88	30	31	46	61	62	77	78	79	208	209	224	225	240	241	242	430	#
958	1042	131	146	147	148	162	164	180	181	183	196	197	198	199	212	215	430	#
959	998.03	11	12	13	14	28	66	67	146	162	163	178	179	180	181	194	430	#
960	979.128	84	112	113	114	129	131	145	146	147	148	163	164	179	180	196	430	#
961	943.246	99	100	114	115	131	147	148	152	153	163	164	168	169	180	181	430	#
962	1197.48	109	110	125	126	195	197	198	202	210	211	212	213	219	226	227	235	243	431	#
963	1197.92	164	180	181	195	196	197	198	210	211	212	213	214	215	226	227	242	243	431	#
964	1190.85	161	177	178	193	194	195	197	198	208	209	210	211	212	213	214	224	226	431	#
965	1169.64	169	170	171	186	187	189	190	202	205	219	220	221	234	235	236	252	253	431	#
966	1149.07	145	160	161	162	163	164	180	195	196	197	198	211	212	213	214	227	243	431	#
967	1129.87	14	15	195	197	210	211	212	213	216	217	226	227	228	241	242	243	244	431	#
968	70.4178	45	#
969	509.99	17	18	33	34	38	54	86	432	#
970	590.341	18	33	34	35	50	51	66	432	#
971	542.055	68	69	70	85	86	102	118	432	#
972	496.269	18	32	33	34	35	49	50	432	#
973	447.11	2	16	17	18	33	34	50	432	#
974	445.96	38	53	54	69	70	71	85	432	#
975	788.746	81	82	97	114	131	147	148	163	164	178	179	180	196	433	#
976	962.046	49	65	80	81	90	96	97	98	106	112	113	114	131	433	#
977	918.653	130	145	147	161	162	163	178	179	194	195	196	212	213	433	#
978	867.259	51	52	66	67	68	80	81	82	83	96	97	98	113	433	#
979	850.395	130	131	132	133	147	149	150	163	178	179	180	195	196	433	#
980	824.308	163	178	179	180	194	195	196	197	210	211	212	227	228	433	#
981	390.218	129	145	160	161	162	176	177	193	434	#
982	560.042	12	13	14	28	44	129	130	131	434	#
983	549.038	161	162	163	164	176	177	178	179	434	#
984	514.982	160	176	177	192	208	209	224	240	434	#
985	511.243	177	192	193	194	208	209	224	225	434	#
986	510.708	97	112	113	114	129	145	161	162	434	#
987	1183.64	66	67	83	92	93	98	99	100	101	108	109	110	115	116	117	125	126	127	132	133	134	135	143	149	159	165	435	#
988	1734.52	70	71	87	100	101	103	104	115	116	117	118	119	121	122	132	133	134	135	149	150	151	152	167	182	183	200	435	#
989	1689.89	87	103	119	132	133	135	147	148	149	150	151	164	165	166	179	180	181	182	184	195	196	200	201	216	231	232	435	#
990	1670.72	66	67	82	83	98	99	103	115	119	135	149	150	151	166	167	169	181	182	183	184	199	200	201	216	225	241	435	#
991	1657.98	144	147	148	149	160	161	162	163	164	165	166	177	178	179	180	181	182	193	194	195	196	219	235	236	237	252	435	#
992	1636.46	24	40	41	55	56	71	72	73	87	88	89	103	104	105	119	121	122	133	134	135	150	151	167	183	239	255	435	#
993	121.532	68	#
994	427.889	75	76	168	169	184	185	436	#
995	502.506	60	75	76	91	92	108	436	#
996	476.012	42	43	58	59	60	75	436	#
997	459.776	165	166	167	168	183	184	436	#
998	445.755	168	183	184	185	200	201	436	#
999	370.526	182	183	184	185	199	201	436	#
