%% File generated by CATS v.2.1Wed Jun 29 16:15:15 2011

%% The CATS webpage is http://robotics.stanford.edu/CATS

%% PARAMETER SETTINGS:
% Goods: 50; Bids: 400; Distribution: regions; Runs: 1; Seed: 1309382078
% Regions Distribution Parameters:
% Max Substitutable Bids = 5
% Removing HV Neighbor   = 0.1
% Adding DIAG Neighbor   = 0.2
% Additional Location    = 0.9
% Jump Probability       = 0.05
% Additivity             = 0.2
% Budget Factor          = 1.5
% Resale Factor          = 0.5
% Normal Private Value:
%   Mean                 = 0
%   Standard Deviation   = 30



goods 50
bids 404
dummy 77

0	1850.24	10	16	17	21	22	23	24	25	26	28	29	30	31	32	33	35	36	37	38	39	42	43	44	46	50	#
1	2065.7	6	12	13	14	15	16	17	18	19	21	22	23	24	25	26	27	28	33	35	37	42	43	44	47	50	#
2	1982.7	0	7	14	15	16	17	21	23	24	25	28	29	30	31	32	33	35	36	37	38	42	43	44	45	50	#
3	1931.04	7	14	15	17	22	24	26	28	29	30	31	32	33	34	36	37	38	39	40	42	43	44	46	47	50	#
4	1885.53	7	10	14	15	17	21	22	24	25	28	29	30	31	32	33	35	36	37	38	39	42	43	44	45	50	#
5	1831.01	9	10	16	17	18	19	23	24	25	26	28	29	31	32	33	35	36	37	38	39	40	42	43	44	50	#
6	574.128	17	23	24	30	31	37	44	51	#
7	733.642	30	31	36	37	38	43	44	51	#
8	700.095	30	31	37	38	42	43	44	51	#
9	694.751	23	30	31	37	38	44	45	51	#
10	528.178	21	22	23	29	30	31	36	51	#
11	480.065	1	24	25	28	30	35	36	51	#
12	1291.45	9	16	23	29	30	31	32	33	34	35	36	37	38	40	41	44	45	46	47	52	#
13	1404.81	8	10	16	17	22	23	29	30	31	32	35	36	37	38	43	44	45	46	47	52	#
14	1320.38	16	17	22	23	28	29	30	31	32	33	34	35	36	37	38	40	41	44	47	52	#
15	1315.2	8	14	15	16	22	23	28	29	30	31	32	33	36	37	38	39	43	44	46	52	#
16	1219.88	0	1	2	3	7	8	9	10	14	15	16	17	18	23	30	31	36	37	44	52	#
17	1190.78	1	8	9	16	17	21	22	23	27	29	30	31	32	36	37	38	40	43	44	52	#
18	139.601	49	#
19	294.224	27	33	34	40	41	47	48	53	#
20	402.086	11	30	40	41	46	47	48	53	#
21	371.6	26	30	31	32	33	40	41	53	#
22	366.809	26	27	32	33	34	39	41	53	#
23	357.056	31	32	33	34	40	41	48	53	#
24	348.102	26	27	33	34	40	41	48	53	#
25	312.023	12	13	19	20	27	54	#
26	423.021	13	18	19	20	27	54	#
27	355.618	4	5	12	13	17	54	#
28	305.306	18	19	25	26	33	54	#
29	329.432	32	39	40	47	55	#
30	442.775	38	39	46	47	55	#
31	327.466	40	46	47	48	55	#
32	279.995	32	33	40	47	55	#
33	273.735	33	40	41	48	55	#
34	670.935	31	33	36	37	38	39	40	41	46	47	48	56	#
35	1005.33	29	30	31	35	36	37	38	39	42	43	44	56	#
36	962.249	28	35	36	37	38	39	42	43	45	46	47	56	#
37	919.013	23	31	35	37	38	39	42	43	44	45	46	56	#
38	900.274	23	24	25	29	30	31	32	37	38	39	46	56	#
39	812.787	24	29	30	31	32	33	34	37	38	39	46	56	#
40	724.297	6	12	13	18	19	20	26	27	33	34	41	47	48	57	#
41	892.484	6	9	10	11	12	13	16	17	18	19	20	24	25	57	#
42	853.34	4	6	11	12	13	18	19	20	26	27	34	40	41	57	#
43	820.503	5	6	8	11	12	13	16	17	18	19	20	25	26	57	#
44	805.239	4	5	6	8	11	12	13	15	18	19	20	22	27	57	#
45	781.896	6	11	12	13	15	17	18	19	20	26	27	30	35	57	#
46	2575.52	1	2	3	10	15	16	17	18	19	21	22	23	24	25	26	27	28	29	30	31	32	33	34	35	36	37	38	39	40	41	42	43	44	45	46	47	48	58	#
47	2751.91	3	4	5	6	7	8	9	10	11	12	14	15	16	17	18	23	24	26	28	29	30	31	32	33	35	36	37	38	39	40	41	42	43	44	45	46	47	58	#
48	2744.78	2	3	4	5	6	9	10	11	13	16	17	18	19	20	21	24	26	27	28	29	30	31	32	33	34	35	36	37	38	39	40	41	42	43	44	45	48	58	#
49	2721.24	2	7	8	9	10	14	15	16	17	18	19	20	21	22	23	24	25	26	27	28	29	30	31	34	35	36	37	38	39	40	42	43	44	45	46	47	48	58	#
50	2720.12	2	3	7	8	10	13	14	15	16	17	18	19	20	21	22	24	25	26	27	28	29	30	33	34	36	37	38	39	40	41	42	43	44	45	46	47	48	58	#
51	2707.15	2	3	5	6	7	8	9	10	13	14	15	16	17	18	19	20	21	22	23	24	25	26	28	29	30	31	35	36	37	38	39	42	43	44	45	46	47	58	#
52	144.993	23	#
53	663.356	23	30	31	36	37	44	59	#
54	690.772	21	22	23	28	29	36	59	#
55	631.853	29	30	31	36	37	44	59	#
56	604.661	36	37	38	42	43	44	59	#
57	592.707	29	30	31	36	37	38	59	#
58	550.512	18	23	30	31	36	38	59	#
59	354.949	5	12	17	18	19	25	26	60	#
60	516.15	5	6	12	13	19	20	49	60	#
61	439.308	5	6	11	12	13	19	20	60	#
62	395.688	17	18	19	25	30	37	43	60	#
63	326.131	6	12	13	19	20	26	27	60	#
64	279.877	6	11	12	13	20	26	27	60	#
65	231.645	0	7	#
66	281.206	23	26	31	32	33	38	40	61	#
67	415.096	24	25	26	27	32	33	40	61	#
68	256.171	1	8	14	15	22	23	28	61	#
69	218.367	25	26	31	32	33	40	41	61	#
70	180.36	26	32	33	40	41	47	48	61	#
71	607.504	0	1	2	7	8	9	10	16	17	23	24	25	31	62	#
72	880.769	10	17	21	22	23	24	25	29	30	31	35	36	38	62	#
73	880.69	9	16	17	22	23	24	29	30	31	36	37	38	44	62	#
74	832.731	9	10	16	17	18	22	23	28	31	35	36	37	44	62	#
75	794.586	9	10	16	17	23	29	30	31	32	39	46	47	48	62	#
76	784.262	7	8	9	14	15	16	17	21	22	23	28	31	35	62	#
77	654.537	4	11	12	13	17	18	19	63	#
78	603.83	8	10	16	17	18	23	30	63	#
79	594.734	6	11	12	13	19	26	27	63	#
80	519.01	2	3	9	10	16	17	24	63	#
81	509.284	11	12	13	19	20	27	34	63	#
82	442.927	4	5	11	12	18	19	20	63	#
83	2043.72	7	8	12	15	16	17	19	20	24	25	26	27	29	30	31	32	33	34	35	36	37	38	39	40	41	42	43	44	45	46	47	48	64	#
84	2361.51	0	1	2	3	7	8	9	10	14	15	16	17	18	19	21	22	23	24	25	28	29	30	31	32	36	37	38	39	40	42	43	44	64	#
85	2350.83	0	2	6	9	10	14	16	21	23	24	25	26	28	29	30	31	32	33	34	35	36	37	38	39	40	41	42	43	44	45	47	48	64	#
86	2348.74	0	1	2	3	7	8	9	10	11	14	15	16	17	18	21	22	23	24	25	26	28	29	30	31	35	36	37	38	42	43	44	45	64	#
87	2348.38	0	1	2	5	6	7	8	9	10	13	14	15	16	17	18	21	22	23	24	25	28	29	30	31	35	36	37	38	42	43	44	45	64	#
88	2338.41	0	3	7	8	9	10	14	15	16	17	20	21	22	23	24	25	26	27	28	29	30	31	32	33	34	35	36	37	38	39	42	43	64	#
89	669.456	5	12	13	17	18	19	20	25	26	27	33	65	#
90	870.23	16	17	18	19	20	23	24	25	26	27	30	65	#
91	829.361	2	3	9	10	16	17	18	19	20	25	36	65	#
92	764.76	8	10	12	16	17	18	19	23	24	25	31	65	#
93	724.898	5	12	17	18	19	20	24	25	26	27	33	65	#
94	718.427	4	5	11	12	18	19	24	25	26	30	31	65	#
95	394.064	7	14	15	16	22	23	24	30	31	66	#
96	526.634	7	8	14	15	16	23	30	36	43	66	#
97	447.625	0	1	7	14	15	22	23	28	30	66	#
98	408.253	16	17	22	23	24	29	30	31	32	66	#
99	405.247	17	18	23	24	25	29	30	31	37	66	#
100	377.891	7	9	14	15	16	22	23	29	30	66	#
101	521.249	29	30	36	37	38	43	44	67	#
102	612.898	30	36	37	38	39	43	44	67	#
103	553.583	31	32	37	38	39	43	45	67	#
104	512.868	12	13	36	37	38	43	44	67	#
105	463.039	15	29	35	36	42	43	44	67	#
106	398.122	23	30	31	37	42	43	44	67	#
107	349.251	8	9	16	17	21	22	23	24	68	#
108	483.23	2	9	10	16	17	18	19	24	68	#
109	109.003	33	#
110	286.896	1	2	8	30	36	37	69	#
111	412.639	29	30	35	36	37	38	69	#
112	411.267	14	15	22	23	30	31	69	#
113	375.559	0	1	2	7	8	15	69	#
114	365.862	30	35	36	37	42	43	69	#
115	261.766	0	1	2	3	9	10	69	#
116	674.139	1	2	3	7	8	9	10	14	15	21	22	23	28	29	30	35	37	44	70	#
117	999.741	21	22	28	29	30	31	32	35	36	37	38	39	42	43	44	45	46	47	70	#
118	878.659	16	21	22	23	28	29	30	31	32	33	36	37	38	39	43	45	46	47	70	#
119	834.876	23	24	28	29	30	31	32	33	35	36	37	38	39	40	42	43	44	45	70	#
120	832.421	2	3	4	8	9	10	14	15	16	21	23	31	32	33	38	39	45	46	70	#
121	728.892	22	23	24	28	29	30	31	32	33	34	35	36	37	38	40	41	44	47	70	#
122	702.857	10	30	35	36	37	42	43	44	71	#
123	762.963	22	28	29	30	31	36	37	38	71	#
124	737.149	14	21	28	29	30	35	36	42	71	#
125	716.688	29	30	31	35	36	37	42	43	71	#
126	692.29	23	30	35	36	37	38	42	43	71	#
127	685.952	21	22	24	25	36	37	42	43	71	#
128	154.093	38	45	46	72	#
129	167.97	32	39	46	72	#
130	106.231	37	38	45	72	#
131	89.7635	31	38	45	72	#
132	770.669	7	8	14	15	21	22	28	29	73	#
133	812.005	14	15	21	22	23	28	29	36	73	#
134	801.078	1	7	8	14	16	17	21	38	73	#
135	798.9	7	8	14	15	16	21	22	28	73	#
136	782.145	8	14	15	21	22	23	28	29	73	#
137	701.368	3	10	14	15	21	22	28	35	73	#
138	1519.6	0	1	2	3	5	7	8	9	10	12	14	15	16	17	18	19	20	21	22	23	24	25	28	29	30	31	35	36	37	38	39	42	43	44	45	74	#
139	1955.85	2	3	4	5	6	7	8	9	10	11	12	13	14	15	16	17	18	19	20	22	23	24	25	31	32	33	36	37	38	39	40	41	43	44	45	74	#
140	1914.89	1	2	3	4	5	6	8	9	10	11	12	13	14	15	16	17	18	19	20	23	24	25	30	31	34	36	37	38	40	41	43	44	45	47	48	74	#
141	1861.9	1	2	4	5	7	8	11	12	13	14	16	17	18	19	21	23	24	25	28	29	30	31	32	35	36	37	38	39	40	41	42	43	44	45	46	74	#
142	1812.46	0	1	2	3	4	5	7	8	10	11	12	14	15	16	17	18	19	20	21	22	23	28	29	30	31	35	36	37	38	39	42	43	44	45	46	74	#
143	1684.97	2	3	6	7	8	9	10	11	12	13	15	16	17	18	19	20	22	23	24	25	28	29	30	31	35	36	37	38	39	41	43	44	45	46	48	74	#
144	557.579	32	33	39	40	46	47	75	#
145	582.186	18	19	26	32	33	40	75	#
146	568.505	7	11	37	38	39	43	75	#
147	477.196	26	32	33	34	40	41	75	#
148	469.571	32	35	38	39	45	46	75	#
149	398.516	31	32	33	40	46	47	75	#
150	80.5697	13	20	#
151	476.732	2	3	9	10	16	17	18	23	24	30	36	76	#
152	658.983	2	3	21	22	23	24	28	29	30	31	32	76	#
153	653.458	0	1	7	10	14	17	18	19	24	25	26	76	#
154	594.473	12	16	17	18	19	20	24	25	26	27	34	76	#
155	554.425	8	9	10	16	17	18	19	24	25	26	27	76	#
156	552.593	2	9	10	12	17	18	19	24	25	29	31	76	#
157	331.018	31	32	33	40	41	46	47	48	77	#
158	482.575	23	24	30	31	32	33	40	41	77	#
159	472.245	19	26	27	32	33	34	40	47	77	#
160	449.137	16	17	23	24	30	31	32	36	77	#
161	386.722	13	20	27	33	34	40	46	47	77	#
162	339.304	27	32	33	34	40	41	47	48	77	#
163	183.531	16	23	31	78	#
164	224.24	16	22	23	78	#
165	127.211	16	41	48	78	#
166	113.882	30	31	38	78	#
167	1232.01	0	1	2	3	7	8	9	10	14	15	16	17	18	19	20	24	25	26	27	28	31	33	34	40	41	79	#
168	1594.95	13	17	19	20	24	25	26	27	29	30	31	32	33	36	37	38	39	40	41	42	43	44	46	47	48	79	#
169	1536.6	10	16	17	19	20	23	24	25	26	27	30	31	32	33	34	36	37	38	39	40	41	44	46	47	48	79	#
170	1524.13	4	11	14	15	20	21	25	26	27	28	29	30	31	32	33	34	37	38	39	40	41	45	46	47	48	79	#
171	1516.12	4	5	6	9	10	11	12	13	16	17	18	19	20	24	26	27	32	33	34	39	40	41	46	47	48	79	#
172	1495.37	5	6	10	12	13	16	17	18	19	20	24	25	26	27	31	32	33	34	38	39	40	41	46	47	48	79	#
173	1247.96	23	29	30	31	34	35	36	37	38	39	43	44	45	80	#
174	1332.6	21	22	23	29	30	31	36	37	38	39	43	44	45	80	#
175	1261.11	21	22	23	28	29	30	31	37	38	43	44	45	46	80	#
176	1236.78	23	29	30	31	34	36	37	38	39	42	43	44	46	80	#
177	1234.69	21	22	23	29	30	31	35	36	37	38	42	43	44	80	#
178	1208.28	21	22	23	28	29	30	34	35	36	37	42	43	44	80	#
179	72.9401	7	16	#
180	97.2167	0	#
181	467.425	17	18	19	24	25	26	27	33	40	41	82	#
182	638.438	15	21	22	23	25	26	31	32	33	38	82	#
183	635.121	16	17	23	24	29	30	31	32	37	38	82	#
184	600.659	19	26	27	31	32	33	34	40	41	48	82	#
185	582.249	10	17	18	19	26	27	32	33	34	40	82	#
186	540.221	16	17	18	23	24	25	26	31	32	39	82	#
187	310.081	32	33	40	47	83	#
188	406.848	23	31	32	33	83	#
189	369.586	26	32	33	39	83	#
190	199.324	40	45	46	47	83	#
191	163.554	40	46	47	48	83	#
192	391.901	15	21	22	28	29	84	#
193	513.659	21	22	23	28	29	84	#
194	436.93	22	23	28	29	30	84	#
195	34.3062	13	#
196	65.3398	41	48	85	#
197	71.1869	47	48	85	#
198	143.94	17	#
199	426.708	35	42	43	44	86	#
200	310.796	35	36	42	43	86	#
201	274.386	35	37	42	43	86	#
202	1735.6	3	7	8	9	10	16	17	18	23	24	28	29	30	31	36	37	38	39	42	43	44	87	#
203	1738.02	17	18	19	21	24	28	29	30	31	35	36	37	38	39	40	42	43	45	46	47	48	87	#
204	1705.86	1	4	8	9	11	14	16	17	21	22	23	28	29	30	35	36	37	38	39	42	43	87	#
205	1677.91	0	1	2	3	4	5	6	7	8	9	10	12	16	17	23	28	29	30	36	37	43	87	#
206	1621.45	2	3	8	10	14	16	17	18	21	23	24	28	30	31	35	36	37	38	42	43	44	87	#
207	1601.42	8	14	16	21	22	23	28	29	30	31	35	36	37	38	39	42	43	44	45	46	47	87	#
208	2139.97	1	2	3	4	7	8	9	10	11	12	15	16	17	18	19	21	22	23	24	26	28	29	32	33	35	36	37	38	39	42	43	44	45	88	#
209	2401.65	4	5	6	7	8	9	10	11	14	16	17	18	19	20	21	22	23	24	25	26	28	29	30	31	32	33	34	35	37	38	40	43	44	88	#
210	2386.79	2	3	4	5	6	9	10	11	12	13	16	17	18	19	20	21	22	23	24	25	26	27	28	29	31	32	33	34	36	37	38	39	44	88	#
211	2294.51	2	3	7	8	9	10	14	16	17	18	19	21	22	23	24	25	26	28	29	31	32	33	34	35	36	37	38	39	40	41	43	44	45	88	#
212	2268.93	5	8	9	10	11	12	14	16	17	18	19	20	21	22	23	24	25	27	28	29	30	31	32	33	34	35	36	37	38	39	40	44	45	88	#
213	2229.86	2	3	6	8	9	10	16	17	18	19	20	23	24	25	28	29	30	31	32	33	34	35	36	37	38	39	40	41	43	44	45	46	47	88	#
214	1054.45	0	1	7	8	14	15	20	21	22	27	28	29	34	35	36	37	41	43	89	#
215	1528.05	5	6	21	28	29	32	33	35	36	37	38	39	40	41	45	46	47	48	89	#
216	1387.14	19	26	27	28	29	33	34	35	36	37	38	40	41	43	44	46	47	48	89	#
217	1190.96	14	15	17	18	21	23	25	28	29	30	31	35	36	37	38	39	45	46	89	#
218	1166.54	3	9	10	15	20	22	28	29	35	36	37	38	39	43	44	45	46	47	89	#
219	1156.58	0	1	7	8	14	15	16	17	21	24	28	29	35	36	37	42	43	44	89	#
220	195.968	24	25	31	38	90	#
221	252.45	30	31	37	38	90	#
222	243.472	31	37	38	45	90	#
223	210.472	24	25	30	31	90	#
224	143.992	0	1	2	3	10	115	#
225	1659.29	0	1	7	8	9	14	15	21	22	23	28	29	30	31	35	36	37	38	39	40	41	45	46	47	48	91	#
226	1870.05	8	10	14	15	16	17	18	19	20	21	22	23	24	25	29	30	31	32	35	36	37	38	39	40	46	91	#
227	1841.54	0	1	7	8	14	15	16	21	22	23	24	25	28	29	30	31	35	36	37	38	39	43	44	45	46	91	#
228	1827.38	10	15	17	18	19	22	23	24	25	28	29	30	31	35	36	37	38	39	40	42	43	44	45	46	47	91	#
229	1823.66	7	14	15	17	18	21	22	23	24	25	28	29	30	31	32	35	36	37	38	39	42	43	44	45	46	91	#
230	1813.62	0	1	7	8	9	10	14	15	16	17	21	22	23	28	29	30	31	32	36	37	38	39	43	44	49	91	#
231	292.451	23	24	30	31	32	92	#
232	405.708	31	38	39	41	48	92	#
233	297.451	23	24	25	31	32	92	#
234	224.214	9	16	22	23	29	92	#
235	4.56963	22	29	#
236	99.6189	3	#
237	1655.59	3	9	10	16	17	18	19	20	21	22	23	24	26	27	28	29	30	32	33	34	37	93	#
238	1652.48	9	10	16	17	18	19	20	22	23	24	25	26	28	29	30	31	32	33	35	36	43	93	#
239	1630.93	8	15	16	17	18	21	22	23	24	25	26	28	29	30	31	32	33	36	37	43	44	93	#
240	1558.16	7	14	16	17	21	22	23	24	25	26	28	29	30	31	32	33	36	37	40	43	44	93	#
241	1532.95	3	10	15	16	17	18	19	20	23	24	25	26	27	28	29	30	31	32	33	35	36	93	#
242	1523.25	5	6	9	11	12	13	16	17	18	19	20	24	25	26	27	28	29	31	32	33	34	93	#
243	170.201	19	20	94	#
244	196.67	20	27	94	#
245	168.175	19	26	94	#
246	119.128	30	31	95	#
247	156.684	23	30	95	#
248	147.614	23	31	95	#
249	221.654	32	33	40	41	46	47	96	#
250	216.143	15	26	32	33	35	36	96	#
251	143.912	26	32	33	40	41	47	96	#
252	249.462	32	33	39	40	97	#
253	307.516	32	33	38	39	97	#
254	266.388	26	32	33	34	97	#
255	207.747	26	32	33	39	97	#
256	119.48	21	#
257	86.4376	11	#
258	760.7	2	9	10	16	17	18	22	23	24	25	30	31	32	38	40	98	#
259	1131.19	7	8	14	15	16	23	24	25	31	32	37	38	39	43	44	98	#
260	1078.07	9	10	16	17	18	19	22	23	24	25	29	30	31	38	39	98	#
261	1055.77	0	1	2	3	7	8	9	10	16	17	23	24	31	38	39	98	#
262	1025.7	28	29	30	31	32	33	37	38	39	40	41	45	46	47	48	98	#
263	1002.12	5	6	8	9	10	12	14	15	16	17	18	22	23	24	25	98	#
264	669.871	1	2	9	10	16	17	23	24	25	26	30	31	45	99	#
265	995.147	7	12	13	18	19	20	24	25	26	27	34	35	42	99	#
266	988.033	8	14	15	16	17	18	21	22	23	30	35	37	42	99	#
267	980.781	7	8	15	16	17	18	22	23	24	25	29	31	38	99	#
268	953.566	3	9	10	12	13	16	17	18	19	20	24	25	31	99	#
269	947.496	1	2	7	8	9	12	15	16	17	18	23	35	46	99	#
270	294.692	4	5	6	11	12	100	#
271	328.099	4	5	6	11	13	100	#
272	268.06	4	5	6	12	13	100	#
273	252.044	6	11	12	13	19	100	#
274	250.129	6	13	20	35	42	100	#
275	191.086	5	11	12	19	26	100	#
276	189.607	5	6	101	#
277	250.18	4	5	101	#
278	191.536	0	1	8	102	#
279	243.209	0	1	7	102	#
280	84.0261	1	8	15	102	#
281	752.172	7	14	15	21	22	23	28	29	30	31	36	38	103	#
282	890.434	0	1	7	8	14	15	16	21	22	23	28	29	103	#
283	880.384	9	10	16	17	23	28	29	30	35	36	37	44	103	#
284	847.304	0	7	8	14	15	16	21	22	23	28	29	31	103	#
285	817.373	7	14	15	16	21	22	23	28	29	31	36	38	103	#
286	798.687	8	9	14	15	16	21	22	23	28	29	30	35	103	#
287	8.99434	15	22	104	#
288	2.09107	14	15	104	#
289	280.099	0	1	2	3	8	9	105	#
290	353.565	3	8	9	10	16	17	105	#
291	325.013	0	1	2	8	15	16	105	#
292	288.639	1	2	3	8	9	16	105	#
293	275.548	1	2	8	14	15	16	105	#
294	924.503	5	6	11	12	13	17	18	19	25	26	27	32	33	34	40	41	47	48	106	#
295	1198.18	23	24	26	29	30	31	32	33	36	37	38	39	40	41	45	46	47	48	106	#
296	1121.36	4	11	12	13	19	20	26	27	32	33	37	38	39	40	41	46	47	48	106	#
297	1120.02	4	5	6	11	12	17	18	19	24	25	26	27	30	31	33	37	38	49	106	#
298	1104.75	13	18	19	20	26	27	31	32	33	34	38	39	40	41	45	46	47	48	106	#
299	1022.75	3	24	25	26	29	30	31	32	33	34	38	39	40	41	45	46	47	48	106	#
300	1564.99	2	9	16	17	23	24	26	29	30	31	32	33	34	35	36	37	38	42	43	44	45	46	107	#
301	1849.79	16	17	18	19	21	22	23	24	25	26	27	29	30	31	32	33	35	36	37	42	43	44	107	#
302	1708.94	1	8	14	15	21	22	23	24	28	29	30	31	32	35	36	37	38	40	41	42	43	44	107	#
303	1703.56	12	17	18	19	23	25	26	27	29	30	32	33	34	36	37	38	39	40	41	42	43	45	107	#
304	1680.17	9	16	21	22	23	28	29	30	31	32	33	35	36	37	38	39	40	42	43	44	45	46	107	#
305	1679.34	7	8	15	16	17	18	21	22	23	24	25	28	29	30	31	35	36	37	38	42	43	44	107	#
306	951.365	1	8	9	15	16	21	22	27	28	29	30	34	35	36	37	38	41	42	43	44	48	49	108	#
307	1422.99	3	10	21	22	28	29	31	32	33	35	36	37	38	39	40	41	42	43	44	45	46	47	108	#
308	1410.3	16	17	18	24	26	29	30	31	32	33	34	35	36	37	38	39	40	41	43	44	45	47	108	#
309	1362.63	0	1	2	8	16	23	29	30	31	32	35	36	37	38	39	40	42	43	44	45	46	47	108	#
310	1361.59	5	6	12	13	17	18	19	20	22	24	27	28	29	30	34	35	36	37	42	43	44	49	108	#
311	1355.61	21	22	23	28	29	30	31	32	33	34	35	36	37	38	39	40	42	43	44	45	46	47	108	#
312	1583.57	6	8	10	11	12	13	15	16	17	18	19	20	21	23	24	25	26	27	30	31	33	34	37	38	43	109	#
313	1868.19	7	8	9	10	15	16	17	18	19	21	22	23	24	25	26	30	31	32	33	35	36	37	43	44	49	109	#
314	1778.27	7	8	9	10	14	15	16	17	18	19	21	22	23	24	25	26	28	29	30	31	32	33	35	36	38	109	#
315	1776.76	6	7	8	11	12	13	14	15	16	17	18	19	21	22	23	24	28	29	30	31	35	36	37	42	43	109	#
316	1742.76	6	8	9	12	13	16	17	18	19	20	21	22	23	24	25	26	27	30	31	32	33	34	36	37	40	109	#
317	1549.88	1	7	8	9	14	15	16	20	21	22	23	28	29	30	31	32	33	35	36	37	38	39	44	45	49	109	#
318	581.784	14	15	16	17	21	22	23	24	28	29	30	31	110	#
319	857.002	14	15	21	22	28	29	30	31	35	36	42	43	110	#
320	817.956	14	15	18	19	22	23	24	29	30	31	36	43	110	#
321	702.317	1	8	14	15	21	22	23	28	29	30	31	35	110	#
322	667.7	9	14	15	16	21	22	23	28	30	35	36	42	110	#
323	653.634	2	3	10	17	18	24	29	30	31	36	43	44	110	#
324	34.7153	1	#
325	2066	0	1	2	3	7	8	9	10	14	15	16	17	18	19	21	22	23	24	25	26	27	28	29	30	31	32	35	36	37	38	40	42	43	44	45	47	111	#
326	2444.13	2	3	5	6	7	8	9	10	12	13	14	15	16	17	19	20	21	22	23	24	28	29	30	31	32	35	36	37	38	40	41	42	43	44	45	46	111	#
327	2389.59	0	2	3	7	8	9	10	14	15	16	17	18	19	21	22	23	24	28	29	30	31	32	33	34	35	36	37	38	39	40	42	43	44	45	46	47	111	#
328	2369.33	2	3	6	7	8	13	14	15	16	19	20	21	22	23	26	27	28	29	30	31	32	33	34	35	36	37	39	40	41	42	43	44	45	46	47	48	111	#
329	2355.6	1	2	3	7	8	9	10	14	15	16	17	18	21	22	23	24	28	29	30	31	32	33	34	35	36	37	38	39	40	41	42	43	44	45	46	47	111	#
330	2353.16	2	7	8	9	10	14	15	16	17	18	19	21	22	23	24	25	28	29	30	31	32	33	34	35	36	37	38	39	40	41	42	43	44	45	46	47	111	#
331	186.396	10	16	17	112	#
332	185.463	8	16	17	112	#
333	127.658	9	10	16	112	#
334	230.636	30	32	33	37	38	39	40	113	#
335	248.771	20	27	32	33	34	39	40	113	#
336	227.94	13	30	31	32	38	40	47	113	#
337	216.652	19	20	26	27	32	33	40	113	#
338	284.734	24	29	30	31	32	114	#
339	403.43	31	32	33	38	39	114	#
340	315.518	24	25	30	31	32	114	#
341	282.125	24	25	28	31	35	114	#
342	271.501	30	35	36	37	42	114	#
343	230.768	14	21	22	28	29	114	#
344	330.182	1	8	14	15	21	115	#
345	423.957	0	7	14	15	21	115	#
346	380.823	1	8	16	17	23	115	#
347	380.4	14	21	22	23	28	115	#
348	254.064	7	8	14	15	22	115	#
349	304.342	21	22	28	29	116	#
350	382.011	14	21	28	29	116	#
351	277.921	21	22	28	35	116	#
352	131.32	16	22	28	29	116	#
353	1510.39	0	7	14	15	16	17	18	21	22	23	24	25	28	29	30	31	32	33	35	36	37	38	39	40	41	42	43	44	45	46	47	48	117	#
354	1910.05	2	3	5	12	14	15	16	17	18	19	20	21	22	23	24	25	26	28	30	31	35	36	37	38	39	40	42	43	44	45	46	47	117	#
355	1831.58	4	5	11	12	14	15	16	17	18	19	21	22	23	28	29	30	31	32	35	36	37	38	39	40	41	42	43	44	45	46	47	48	117	#
356	1740.72	5	11	12	13	14	15	16	17	18	19	20	21	22	23	24	25	26	28	29	30	31	35	36	37	38	40	42	43	44	45	46	47	117	#
357	1723.23	4	5	12	13	17	18	19	20	22	23	24	25	26	27	29	30	31	32	33	34	36	37	38	39	40	41	42	43	44	45	46	47	117	#
358	1692.13	5	6	12	13	19	20	21	22	23	24	25	26	27	29	30	31	32	33	34	36	37	38	39	40	41	42	43	44	45	46	47	48	117	#
359	373.592	4	5	6	12	13	45	118	#
360	487.985	23	30	31	37	38	45	118	#
361	333.479	5	6	12	13	20	27	118	#
362	332.719	4	5	6	12	13	20	118	#
363	327.326	4	5	6	11	12	13	118	#
364	312.423	5	6	12	13	14	19	118	#
365	217.669	1	2	8	9	16	23	119	#
366	258.753	3	9	10	16	17	24	119	#
367	207.295	2	3	9	10	16	17	119	#
368	121.943	1	7	8	14	15	16	119	#
369	89.6761	0	1	2	3	9	10	119	#
370	252.133	33	34	41	120	#
371	298.803	32	33	34	120	#
372	190.423	27	34	41	120	#
373	548.482	36	37	42	43	44	121	#
374	602.865	14	36	37	42	43	121	#
375	508.038	35	36	37	42	43	121	#
376	480.078	28	35	36	42	43	121	#
377	464.845	30	37	42	43	44	121	#
378	217.999	16	22	23	28	122	#
379	316.245	21	22	28	29	122	#
380	112.627	8	16	23	30	122	#
381	94.3536	2	8	9	16	122	#
382	1004.23	9	14	15	16	22	23	29	30	31	32	33	38	39	40	45	46	123	#
383	1320.58	16	21	22	23	29	30	31	35	36	37	38	39	42	43	44	45	123	#
384	1309.26	10	22	23	30	31	36	37	38	39	42	43	44	45	46	47	48	123	#
385	1273.1	10	19	23	30	31	32	36	37	38	39	40	42	43	44	45	46	123	#
386	1270.32	9	14	15	16	17	22	23	30	31	32	37	38	39	43	44	46	123	#
387	1237.55	15	21	22	23	28	29	30	31	32	35	36	37	38	39	42	43	123	#
388	243.839	22	23	30	31	32	36	40	41	47	48	124	#
389	362.139	16	17	23	30	31	32	33	37	40	47	124	#
390	314.91	27	30	31	32	33	34	40	41	47	48	124	#
391	272.604	12	19	25	26	32	33	40	41	47	48	124	#
392	252.509	9	16	23	30	31	32	33	38	40	45	124	#
393	209.366	1	8	16	17	23	125	#
394	254.683	8	9	16	23	39	125	#
395	243.661	17	24	25	26	31	125	#
396	206.402	0	1	2	8	9	125	#
397	169.774	7	8	14	15	22	125	#
398	411.637	4	5	11	12	13	19	126	#
399	509.604	4	5	6	11	14	21	126	#
400	455.573	4	5	6	11	12	19	126	#
401	396.542	4	5	6	11	12	13	126	#
402	302.839	4	5	11	12	13	20	126	#
403	277.04	12	18	19	20	24	25	126	#
