%% File generated by CATS v.2.1Wed Jun 29 16:15:15 2011

%% The CATS webpage is http://robotics.stanford.edu/CATS

%% PARAMETER SETTINGS:
% Goods: 50; Bids: 400; Distribution: regions; Runs: 1; Seed: 1309382084
% Regions Distribution Parameters:
% Max Substitutable Bids = 5
% Removing HV Neighbor   = 0.1
% Adding DIAG Neighbor   = 0.2
% Additional Location    = 0.9
% Jump Probability       = 0.05
% Additivity             = 0.2
% Budget Factor          = 1.5
% Resale Factor          = 0.5
% Uniform Private Value:
%   Deviation            = 0.5
%   Max Good Value       = 100



goods 50
bids 401
dummy 75

0	614.653	5	10	11	17	18	19	24	25	26	27	50	#
1	711.003	17	18	19	24	25	26	27	32	33	41	50	#
2	692.294	4	10	11	17	18	19	26	27	40	41	50	#
3	690.044	10	11	17	18	19	25	26	31	32	38	50	#
4	670.181	18	19	26	27	33	34	40	41	47	48	50	#
5	662.591	3	4	5	10	11	13	18	19	25	26	50	#
6	111.287	15	16	51	#
7	88.6193	9	16	51	#
8	472.724	0	1	7	8	9	13	14	15	16	21	22	23	28	29	52	#
9	687.348	0	7	8	15	16	21	22	23	24	25	29	30	31	37	52	#
10	672.518	7	8	14	15	16	21	22	29	35	36	37	42	43	44	52	#
11	641.111	14	15	16	21	22	23	24	29	30	31	32	35	36	37	52	#
12	639.053	5	8	9	10	11	15	16	17	18	21	22	24	26	29	52	#
13	429.641	2	3	4	10	11	12	17	18	24	53	#
14	546.295	17	18	22	24	25	26	28	30	32	53	#
15	474.286	2	3	4	10	17	18	23	30	31	53	#
16	466.435	1	2	3	7	8	9	10	15	16	53	#
17	441.206	6	12	13	16	18	19	23	26	30	53	#
18	432.672	2	3	4	10	11	12	24	25	32	53	#
19	1178.08	16	17	18	19	23	24	25	26	30	31	32	33	36	37	38	39	40	44	45	54	#
20	1332.41	4	6	11	13	17	18	19	20	24	25	26	30	31	32	33	38	39	40	47	54	#
21	1312.3	8	9	10	11	12	16	17	18	19	24	25	26	32	33	38	39	40	41	47	54	#
22	1308.22	10	17	18	24	25	26	30	31	33	38	39	40	41	43	44	45	46	47	48	54	#
23	1304.95	0	1	4	7	8	9	10	11	12	16	17	18	19	24	25	26	32	33	39	54	#
24	1287.69	7	9	10	17	18	19	20	24	25	26	33	38	39	40	41	45	46	47	48	54	#
25	2107.89	3	8	9	10	11	12	14	15	16	17	18	19	21	22	23	24	25	26	28	29	30	31	32	33	35	36	37	38	39	40	41	43	44	45	47	48	55	#
26	2445.57	0	1	8	14	15	16	17	18	19	21	22	23	24	25	26	27	28	29	30	31	32	33	34	35	36	37	38	39	40	41	42	43	44	45	46	47	55	#
27	2418.76	0	1	8	9	10	14	15	16	17	18	20	21	22	23	24	25	26	27	28	29	30	31	32	33	34	35	36	37	38	39	40	41	43	44	46	47	55	#
28	2386.34	1	7	8	9	10	12	14	15	17	18	19	21	22	23	24	25	26	27	28	29	30	31	32	33	34	35	36	37	38	39	40	41	43	44	47	48	55	#
29	2382.34	1	5	8	12	14	15	16	17	18	19	21	22	23	24	25	26	27	28	29	30	31	32	33	34	35	36	37	38	39	40	41	43	44	45	47	48	55	#
30	2368.57	0	1	8	9	14	15	16	17	20	21	22	23	24	25	26	27	28	29	30	31	32	33	34	35	36	37	38	39	40	41	42	43	44	45	47	48	55	#
31	57.8962	22	#
32	1067.05	3	5	8	9	10	11	12	13	16	17	18	19	22	23	24	25	26	30	31	38	39	56	#
33	1432.37	0	1	8	9	14	16	18	21	22	23	24	25	28	29	30	31	35	36	38	46	47	56	#
34	1384.42	5	13	17	18	19	20	22	23	24	25	26	27	28	31	33	34	35	36	41	43	44	56	#
35	1335.94	0	1	3	4	7	8	9	10	14	16	17	18	21	22	23	24	29	31	35	36	38	56	#
36	1317.97	0	1	3	7	8	9	10	11	14	16	17	18	19	21	22	23	24	25	28	29	35	56	#
37	1278.12	0	1	4	5	7	8	9	10	11	12	13	16	17	18	19	20	27	35	42	43	44	56	#
38	181.579	2	3	10	57	#
39	229.827	10	17	18	57	#
40	222.827	2	3	4	57	#
41	254.047	2	3	4	10	58	#
42	241.262	2	3	4	11	58	#
43	205.571	10	17	37	44	58	#
44	202.434	3	4	11	29	58	#
45	551.715	14	21	22	28	29	35	36	59	#
46	576.159	21	22	28	29	35	36	42	59	#
47	553.033	25	26	28	29	35	36	42	59	#
48	528.393	14	15	21	22	28	29	36	59	#
49	521.675	2	14	17	21	24	28	29	59	#
50	490.527	15	21	22	28	29	36	37	59	#
51	176.233	37	38	44	60	#
52	158.341	38	39	45	60	#
53	105.468	37	44	45	60	#
54	677.192	4	5	6	11	12	13	18	19	20	25	26	27	61	#
55	825.027	2	4	11	12	13	18	19	20	25	26	31	32	61	#
56	804.822	4	11	16	17	18	23	24	25	26	27	31	32	61	#
57	802.326	4	5	11	12	13	18	19	24	25	26	27	31	61	#
58	799.884	4	11	12	17	18	19	23	24	25	26	27	31	61	#
59	784.225	4	5	11	12	13	18	19	24	25	26	27	32	61	#
60	70.0502	48	#
61	88.5331	28	#
62	32.4588	14	#
63	82.2689	10	#
64	407.402	7	14	21	22	23	28	29	36	62	#
65	574.434	1	7	8	9	14	22	29	36	62	#
66	503.902	1	3	4	21	28	35	42	43	62	#
67	468.633	0	1	7	14	23	24	30	31	62	#
68	463.336	23	24	25	26	30	31	36	37	62	#
69	452.449	1	8	14	15	21	22	28	29	62	#
70	2486.24	0	1	2	3	4	5	6	7	8	9	10	11	12	13	14	15	16	17	18	19	20	21	22	23	24	26	27	28	29	30	31	32	33	34	35	36	37	38	39	40	41	42	43	44	45	46	47	48	63	#
71	2506.95	0	1	2	3	4	5	6	7	8	9	10	11	12	13	14	15	16	17	18	19	20	21	22	23	24	26	27	28	29	30	31	33	34	35	36	37	38	39	40	41	42	43	44	45	46	47	48	49	63	#
72	2472.05	0	1	3	4	5	6	7	8	9	10	11	12	13	14	15	16	17	18	19	20	21	22	23	24	25	26	27	28	29	30	31	33	34	35	36	37	38	39	40	41	42	43	44	45	46	47	48	49	63	#
73	2461.53	0	1	2	3	4	5	6	7	8	9	10	11	12	13	14	15	16	17	18	19	20	21	22	23	24	25	26	27	28	29	30	31	33	34	35	36	37	38	39	40	41	42	43	44	45	46	47	48	63	#
74	2451.35	0	1	3	4	5	6	7	8	9	10	11	12	13	14	15	16	17	18	19	20	21	22	23	24	25	26	27	28	29	30	31	32	33	34	35	36	37	38	39	40	41	42	43	44	45	46	47	48	63	#
75	1318.29	5	11	13	18	19	20	23	25	26	27	31	32	33	34	38	39	40	41	45	47	48	64	#
76	1646.32	0	7	8	9	13	17	18	19	20	25	27	33	34	39	40	41	44	45	46	47	48	64	#
77	1408.43	20	23	25	27	28	29	31	32	33	34	35	36	38	39	40	41	44	45	46	47	48	64	#
78	1406.95	5	10	11	18	19	20	25	27	31	32	33	34	37	39	40	41	44	45	46	47	48	64	#
79	1367.64	5	6	10	11	13	17	18	19	20	25	26	27	31	32	33	34	39	40	41	47	48	64	#
80	1309.4	1	7	8	9	10	11	16	18	23	26	30	31	32	33	38	39	44	45	46	47	48	64	#
81	227.269	20	27	34	65	#
82	225.4	13	19	20	65	#
83	221.692	26	27	34	65	#
84	1501.3	0	2	3	4	7	9	10	11	14	15	16	17	20	21	22	23	24	26	27	28	29	30	33	36	66	#
85	1629.04	1	3	4	8	9	10	14	16	17	19	21	22	23	24	28	29	31	32	35	36	37	38	43	44	66	#
86	1627.06	0	1	3	7	8	9	10	14	15	16	17	21	22	23	28	29	30	35	36	37	42	43	44	49	66	#
87	1620.55	0	1	7	8	9	10	14	15	16	17	21	22	23	24	28	29	30	31	32	35	36	37	43	44	66	#
88	1615.29	0	1	3	4	8	9	10	11	15	16	17	21	22	23	24	28	29	30	35	36	37	38	43	44	66	#
89	1613.43	0	1	3	4	7	8	9	10	11	14	15	16	17	18	21	22	23	25	26	28	29	32	35	36	66	#
90	165.04	21	22	28	29	67	#
91	178.22	7	14	21	22	67	#
92	163.431	21	28	29	35	67	#
93	158.432	7	15	22	23	67	#
94	64.2863	24	#
95	468.914	17	18	26	27	33	34	41	49	68	#
96	600.481	12	17	18	19	26	27	34	47	68	#
97	556.701	26	27	34	40	41	45	46	47	68	#
98	526.119	18	21	26	27	33	34	39	41	68	#
99	475.401	3	4	10	17	18	23	24	25	68	#
100	437.535	11	12	17	18	19	24	26	31	68	#
101	808.601	3	10	11	12	13	17	18	19	24	25	31	32	33	39	69	#
102	966.769	18	25	26	31	32	33	34	37	38	39	40	41	47	48	69	#
103	959.485	18	19	24	25	31	32	33	34	38	39	40	41	47	48	69	#
104	922.347	2	3	4	10	11	20	21	28	29	35	36	42	43	44	69	#
105	861.212	9	10	11	17	18	23	24	25	31	32	33	34	38	39	69	#
106	821.923	0	2	3	4	7	8	9	10	12	15	16	17	18	19	69	#
107	229.528	32	38	39	70	#
108	219.276	21	31	32	70	#
109	203.863	31	38	39	70	#
110	164.919	33	38	39	70	#
111	955.603	5	6	10	11	13	17	18	19	20	24	25	26	27	32	33	39	71	#
112	1036.91	1	6	7	8	13	15	20	27	33	34	39	40	41	46	47	48	71	#
113	1002.25	2	3	4	10	11	17	18	33	34	40	41	44	45	46	47	48	71	#
114	976.405	17	18	25	26	27	31	32	33	34	37	38	39	41	42	44	45	71	#
115	968.742	23	24	25	30	31	32	33	37	38	39	40	41	44	46	47	48	71	#
116	950.625	2	3	10	17	18	19	24	25	26	27	32	33	34	38	39	41	71	#
117	315.52	5	13	18	19	20	72	#
118	362.966	13	18	19	20	26	72	#
119	300.58	5	6	13	19	20	72	#
120	228.286	5	12	18	19	26	72	#
121	1689.18	0	1	7	8	11	14	15	16	18	19	21	22	23	25	26	28	29	30	31	32	35	36	37	38	42	43	44	45	46	47	73	#
122	1883.57	0	1	2	3	4	5	6	8	9	10	11	12	13	15	16	17	18	19	21	22	23	24	25	26	29	30	31	32	37	38	73	#
123	1832.54	2	3	4	5	6	8	9	10	11	12	13	15	16	17	18	19	22	23	24	25	26	29	30	31	32	33	36	37	38	39	73	#
124	1829.78	0	1	2	3	4	5	8	9	10	11	12	13	14	15	16	17	18	21	22	23	24	25	26	28	29	30	31	32	42	43	73	#
125	1826.36	0	1	5	8	11	12	15	16	17	18	19	22	23	24	25	26	29	30	31	32	33	34	36	37	38	39	41	43	44	48	73	#
126	1818.83	2	3	4	5	10	11	12	13	14	15	16	17	18	19	20	21	22	23	25	26	29	30	31	32	36	37	38	39	44	45	73	#
127	387.436	8	9	15	31	38	39	74	#
128	509.642	1	7	8	9	15	16	74	#
129	432.756	1	7	8	14	15	47	74	#
130	361.646	8	9	15	16	23	30	74	#
131	257.594	37	38	40	44	45	46	74	#
132	212.772	3	23	31	37	38	39	74	#
133	457.55	25	31	32	33	38	39	45	46	75	#
134	505.291	26	33	34	38	39	40	41	48	75	#
135	491.355	13	38	42	43	44	45	46	47	75	#
136	472.048	17	18	19	23	24	31	38	39	75	#
137	449.214	17	24	25	31	32	38	39	45	75	#
138	424.1	1	8	31	38	43	44	45	46	75	#
139	478.468	5	6	11	12	13	19	20	23	27	31	76	#
140	692.929	18	19	25	26	27	32	33	39	41	48	76	#
141	663.444	3	5	6	7	8	9	10	11	12	13	76	#
142	625.951	5	6	9	10	11	12	13	17	19	26	76	#
143	621.027	5	6	10	11	12	13	17	18	19	25	76	#
144	542.873	3	5	6	10	11	12	13	18	19	26	76	#
145	81.5867	15	#
146	1206.36	0	1	5	7	12	14	16	17	18	19	20	21	22	23	24	25	28	29	31	38	39	77	#
147	1376.51	4	5	11	12	16	17	18	19	20	22	23	24	25	29	31	37	38	39	45	46	47	77	#
148	1295.75	4	5	6	11	12	13	17	18	19	20	23	24	25	26	27	31	32	33	34	39	41	77	#
149	1292.92	18	19	22	23	24	25	26	27	30	31	32	33	34	37	38	39	41	45	46	47	48	77	#
150	1282.1	4	11	16	17	18	19	22	23	24	25	26	27	28	29	30	31	35	36	38	39	43	77	#
151	1238.84	3	4	5	6	10	11	12	13	17	18	19	20	22	23	24	25	26	27	29	31	38	77	#
152	1862.28	0	1	5	6	7	8	9	10	11	12	13	14	15	16	17	18	19	20	21	22	23	24	25	28	29	30	31	32	36	37	38	42	43	44	78	#
153	2150.62	0	1	2	3	4	7	8	9	10	11	12	13	14	15	16	18	21	22	23	24	25	28	29	30	31	32	33	34	36	37	38	42	43	44	78	#
154	2116.57	0	1	2	3	4	5	6	7	8	9	10	12	14	15	16	18	21	22	23	24	25	28	29	30	31	32	33	34	36	37	38	41	43	48	78	#
155	2075.51	0	1	2	3	4	5	6	7	8	9	10	11	12	13	14	15	16	18	21	22	23	24	25	28	29	30	31	32	36	37	38	43	44	48	78	#
156	2058.57	0	1	2	3	4	5	6	7	8	9	10	11	12	13	14	15	16	18	21	22	23	24	25	28	29	30	31	32	36	37	38	42	43	44	78	#
157	2048.66	0	1	2	3	4	5	6	7	8	9	10	12	13	14	15	16	17	18	20	21	22	23	24	25	28	29	30	31	32	36	37	38	43	44	78	#
158	719.43	19	20	21	24	25	26	27	32	33	35	42	79	#
159	853.111	15	21	22	28	29	30	35	36	37	42	43	79	#
160	775.44	23	28	29	30	35	36	37	42	43	44	45	79	#
161	774.555	23	24	25	30	31	32	35	36	37	43	44	79	#
162	667.802	7	15	16	22	23	24	25	30	31	32	37	79	#
163	643.069	25	26	27	31	32	33	34	39	41	42	48	79	#
164	1231.43	0	2	3	4	7	8	9	10	11	12	15	17	18	19	20	25	26	80	#
165	1271.51	1	2	3	4	8	11	12	13	17	18	19	23	24	25	26	32	33	80	#
166	1258.89	16	17	18	19	23	24	25	26	30	31	32	33	37	38	39	41	45	80	#
167	1246.48	2	3	4	5	11	12	17	18	19	24	25	26	27	31	33	41	48	80	#
168	1239.11	4	11	12	17	18	19	20	24	25	26	27	31	32	33	37	38	39	80	#
169	1208.34	3	4	11	12	13	17	18	19	20	26	27	30	31	33	37	41	48	80	#
170	190.907	40	47	48	81	#
171	233.244	41	47	48	81	#
172	177.144	24	25	40	81	#
173	190.662	5	12	13	82	#
174	165.118	5	6	13	82	#
175	128.951	11	12	13	82	#
176	503.599	18	25	28	29	32	35	42	83	#
177	526.663	22	28	29	35	36	37	42	83	#
178	512.699	28	29	35	36	37	38	42	83	#
179	416.834	18	19	25	26	31	32	39	83	#
180	408.915	21	22	28	29	35	36	37	83	#
181	372.567	5	11	12	18	19	26	47	83	#
182	222.586	21	29	36	84	#
183	262.406	29	36	37	84	#
184	237.085	28	29	36	84	#
185	169.489	21	28	29	84	#
186	272.284	22	33	34	85	#
187	258.249	22	28	29	85	#
188	232.147	33	34	39	85	#
189	224.723	27	33	34	85	#
190	2543.97	22	15	21	14	29	8	7	1	45	9	23	16	24	30	0	37	44	39	17	10	32	33	31	38	3	4	41	11	46	49	25	47	34	40	27	36	28	5	6	43	12	13	26	18	35	20	42	19	2	48	#
191	148.594	3	10	86	#
192	193.552	3	4	86	#
193	461.006	2	3	4	5	10	11	12	17	87	#
194	536.481	9	10	16	17	22	23	24	25	87	#
195	514.834	4	5	11	12	18	19	25	26	87	#
196	508.431	2	3	4	5	11	12	18	25	87	#
197	503.231	5	11	13	17	18	19	20	25	87	#
198	499.631	4	5	11	12	18	19	20	25	87	#
199	96.1287	5	#
200	568.209	0	1	7	8	14	15	21	22	88	#
201	584.021	0	1	7	8	14	15	22	29	88	#
202	529.657	21	22	23	25	29	30	31	32	88	#
203	521.371	3	8	9	10	16	17	23	30	88	#
204	520.556	0	1	7	8	14	15	16	21	88	#
205	497.887	21	22	23	29	30	35	42	43	88	#
206	223.753	35	42	43	89	#
207	217.319	21	28	35	89	#
208	159.736	37	43	44	89	#
209	922.047	2	3	4	9	10	17	18	26	33	34	44	90	#
210	815.886	2	3	4	10	17	24	25	32	42	43	44	90	#
211	800.842	2	3	4	9	10	17	24	25	31	32	38	90	#
212	781.37	2	3	4	9	10	11	17	24	25	26	32	90	#
213	752.062	0	14	15	21	22	28	29	34	36	41	48	90	#
214	742.26	2	3	4	10	11	12	17	18	26	33	41	90	#
215	2053.73	0	1	2	3	4	7	10	11	13	14	15	16	17	18	20	21	22	23	24	26	27	28	29	30	31	32	33	34	35	36	37	38	39	40	41	42	43	44	91	#
216	2240.28	0	1	2	3	4	7	9	10	14	15	16	17	18	21	22	23	24	26	27	28	29	30	31	32	33	34	35	36	37	39	40	42	43	44	45	46	47	48	91	#
217	2217.49	0	1	3	4	7	9	10	14	15	16	17	18	21	22	23	24	26	27	28	29	30	31	32	33	34	35	36	37	39	40	41	42	43	44	45	46	47	48	91	#
218	2213.78	0	1	2	3	4	7	9	10	14	15	16	17	18	19	21	22	23	24	25	26	28	29	30	31	32	33	35	36	37	39	40	42	43	44	45	46	47	48	91	#
219	2180.78	0	1	2	3	4	7	9	10	11	14	15	16	17	18	21	22	23	24	25	26	27	28	29	30	31	32	33	34	35	36	37	39	41	42	43	44	45	46	91	#
220	2168.05	0	1	3	4	7	9	10	14	15	16	17	18	21	22	23	24	26	28	29	30	31	32	33	34	35	36	37	38	39	40	41	42	43	44	45	46	47	48	91	#
221	156.872	22	28	92	#
222	180.171	21	28	92	#
223	72.1238	22	23	92	#
224	40.035	26	#
225	812.19	5	6	9	10	11	12	13	17	18	20	23	24	25	27	93	#
226	956.482	0	1	8	9	14	15	21	22	23	24	25	28	29	35	93	#
227	937.91	8	9	12	14	15	17	18	21	22	23	24	25	29	31	93	#
228	927.447	3	4	5	6	11	12	13	17	18	22	23	24	25	29	93	#
229	912.951	2	3	5	10	11	12	14	15	17	18	22	23	24	25	93	#
230	898.581	0	1	3	4	5	10	11	12	18	23	24	25	26	27	93	#
231	182.602	37	43	44	45	#
232	263.454	6	12	13	20	27	33	34	94	#
233	389.902	7	8	12	15	18	44	45	94	#
234	366.704	13	18	20	26	27	34	41	94	#
235	278.678	5	6	10	11	12	18	26	94	#
236	1438.52	4	11	12	17	18	19	20	24	25	26	27	30	31	32	33	34	39	40	41	47	95	#
237	1595.52	3	4	11	12	17	18	19	24	25	26	27	28	29	32	33	34	36	39	41	43	95	#
238	1497.81	0	1	11	12	17	18	19	20	23	25	26	27	30	31	32	33	34	40	41	44	95	#
239	1490.86	2	11	12	16	17	18	23	24	25	28	29	30	31	32	35	36	37	42	43	44	95	#
240	1454.39	2	3	4	11	12	17	18	19	20	23	24	25	26	27	30	31	32	33	34	40	95	#
241	1452.2	1	11	12	16	17	18	19	23	24	25	26	27	31	32	33	34	39	40	41	48	95	#
242	382.092	5	12	18	24	25	26	96	#
243	430.757	5	12	13	18	19	26	96	#
244	373.312	16	22	23	24	25	29	96	#
245	362.129	16	17	18	23	24	25	96	#
246	344.496	4	11	12	13	19	26	96	#
247	298.757	10	16	17	23	24	25	96	#
248	82.1961	27	#
249	114.404	5	6	97	#
250	132.021	6	13	97	#
251	80.4685	5	11	97	#
252	1116.23	0	1	7	8	9	10	14	15	16	21	22	23	30	31	32	37	39	44	98	#
253	1172.1	0	1	7	8	9	14	15	16	21	23	28	30	31	33	34	40	41	48	98	#
254	1163.44	0	1	2	3	4	7	8	9	10	14	15	16	17	21	22	23	28	30	98	#
255	1145.84	0	1	7	8	9	10	14	15	16	17	21	22	28	29	32	33	39	40	98	#
256	1127.16	0	1	2	3	7	8	9	14	15	16	21	22	23	28	29	30	37	44	98	#
257	1116.33	0	1	7	8	14	15	16	21	23	28	29	31	33	34	36	37	43	44	98	#
258	671.966	16	22	23	24	30	31	36	37	38	39	43	44	99	#
259	744.331	18	24	25	30	31	32	36	37	38	39	43	44	99	#
260	737.546	5	11	12	18	29	30	31	36	37	38	43	44	99	#
261	698.011	16	23	24	30	31	32	36	37	38	39	43	44	99	#
262	697.911	23	30	31	32	35	36	37	38	42	43	44	45	99	#
263	682.654	22	23	30	31	32	36	37	38	39	43	44	45	99	#
264	312.872	9	10	16	17	23	100	#
265	408.281	17	18	25	26	33	100	#
266	408.013	3	4	10	17	18	100	#
267	316.994	8	9	15	16	22	100	#
268	277.886	15	16	22	23	30	100	#
269	242.273	8	9	10	16	31	100	#
270	1020.49	4	5	6	9	10	11	12	13	16	19	20	26	27	33	34	40	46	47	101	#
271	1294.14	5	6	12	13	17	19	20	23	24	26	27	30	31	32	36	37	43	44	101	#
272	1210.51	5	6	8	9	10	11	12	13	17	24	25	30	31	36	37	46	47	48	101	#
273	1206.08	4	5	6	10	11	12	13	17	18	20	24	26	27	30	31	32	37	44	101	#
274	1181.31	9	10	11	16	17	18	23	24	25	26	30	31	32	36	37	38	44	45	101	#
275	1151.94	3	4	5	6	9	10	11	12	13	17	18	19	20	24	26	27	31	45	101	#
276	443.806	8	15	16	21	22	23	28	29	30	102	#
277	650.698	0	1	2	3	8	9	10	15	16	102	#
278	616.046	23	24	30	31	32	36	37	38	39	102	#
279	596.577	15	21	22	28	29	35	36	37	42	102	#
280	575.137	10	15	21	22	28	29	36	37	38	102	#
281	545.969	15	21	22	28	29	30	35	36	37	102	#
282	1075.64	9	10	16	17	23	24	25	26	30	31	32	33	37	38	39	40	41	47	103	#
283	1348.39	26	31	32	33	34	36	37	38	39	40	41	42	43	44	45	46	47	48	103	#
284	1327.39	2	3	4	5	10	11	12	13	17	19	20	21	22	28	29	36	42	43	103	#
285	1292.16	19	23	24	26	27	31	32	33	34	36	37	38	39	40	41	43	47	48	103	#
286	1291.29	0	5	7	8	12	13	15	19	20	26	27	31	32	33	34	39	40	41	103	#
287	1255.34	0	1	3	5	7	8	9	10	11	12	13	15	17	19	20	24	26	31	103	#
288	366.823	2	3	4	5	11	12	104	#
289	449.701	2	3	4	5	11	13	104	#
290	438.875	4	5	9	10	11	13	104	#
291	408.396	2	3	4	5	10	11	104	#
292	393.602	2	3	4	5	11	18	104	#
293	364.18	4	5	11	12	13	18	104	#
294	886.043	27	33	34	36	37	39	40	41	43	44	45	46	47	48	105	#
295	967.968	14	15	16	21	22	23	24	25	28	29	31	32	36	39	105	#
296	942.241	23	24	27	30	31	32	33	34	39	40	41	46	47	48	105	#
297	931.101	5	6	25	27	31	32	33	34	39	40	41	46	47	48	105	#
298	925.685	27	29	33	34	36	37	39	40	41	44	45	46	47	48	105	#
299	891.859	16	23	24	25	30	31	32	33	34	39	40	41	46	47	105	#
300	49.4849	12	#
301	592.014	26	27	33	34	40	41	46	47	48	106	#
302	678.875	18	25	26	27	33	34	40	41	48	106	#
303	621.25	11	18	26	27	33	34	40	41	48	106	#
304	608.585	5	6	12	27	33	34	40	41	48	106	#
305	604.431	27	33	34	39	40	41	46	47	48	106	#
306	597.931	12	13	20	27	33	34	40	41	48	106	#
307	440.66	5	11	12	13	18	19	20	29	30	107	#
308	619.435	9	16	22	23	24	28	29	31	35	107	#
309	577.018	5	12	13	17	18	19	20	26	33	107	#
310	537.048	30	31	32	33	36	37	38	39	45	107	#
311	494.879	12	13	18	19	20	26	33	34	49	107	#
312	493.58	3	4	5	6	11	12	13	17	18	107	#
313	323.872	14	21	22	43	44	108	#
314	320.114	30	35	36	37	44	108	#
315	273.108	7	14	15	21	22	108	#
316	234.107	7	8	15	16	22	108	#
317	232.359	36	37	38	43	44	108	#
318	227.924	7	14	21	22	23	108	#
319	369.502	5	6	12	13	18	19	20	27	109	#
320	464.065	5	6	12	13	18	19	25	26	109	#
321	385.475	12	18	19	20	26	27	33	34	109	#
322	383.016	12	18	19	20	25	26	27	33	109	#
323	378.884	12	13	19	20	25	26	27	34	109	#
324	375.226	5	6	11	12	13	18	19	26	109	#
325	415.66	27	33	34	41	47	48	49	110	#
326	433.829	26	28	33	35	41	47	48	110	#
327	426.974	20	26	27	33	34	39	41	110	#
328	421.067	4	11	18	26	27	33	34	110	#
329	354.895	7	14	20	27	34	41	48	110	#
330	354.789	0	33	34	38	40	41	48	110	#
331	249.535	1	7	8	16	23	111	#
332	349.611	0	1	7	8	15	111	#
333	254.83	16	23	30	31	38	111	#
334	245.777	15	16	23	30	31	111	#
335	186.08	8	14	15	22	23	111	#
336	293.73	0	1	7	14	15	112	#
337	309.116	7	14	15	22	29	112	#
338	285.059	7	14	15	21	22	112	#
339	392.961	3	4	9	10	11	18	113	#
340	481.376	0	7	8	9	10	15	113	#
341	469.667	3	4	8	9	10	17	113	#
342	391.633	11	12	17	18	25	26	113	#
343	327.563	10	11	12	17	18	24	113	#
344	321.72	4	5	6	10	11	17	113	#
345	758.669	9	16	18	23	25	26	30	31	32	33	39	114	#
346	656.345	4	11	18	19	20	23	25	26	30	31	32	114	#
347	646.529	5	12	19	25	26	32	33	34	38	39	41	114	#
348	640.442	5	12	16	18	19	23	25	26	30	31	32	114	#
349	619.731	5	11	12	18	19	20	25	26	32	33	39	114	#
350	585.487	19	23	24	26	31	33	34	38	39	41	42	114	#
351	357.019	14	15	16	21	22	28	115	#
352	377.644	14	15	21	28	29	36	115	#
353	357.408	14	15	16	21	23	28	115	#
354	356.384	14	15	21	22	28	29	115	#
355	350.463	9	14	15	16	23	24	115	#
356	331.67	9	14	15	16	22	23	115	#
357	212.053	23	30	37	44	116	#
358	267.669	43	44	45	46	116	#
359	265.064	30	31	32	39	116	#
360	206.848	15	22	23	24	116	#
361	395.543	3	4	10	11	12	18	19	20	117	#
362	510.323	2	3	4	5	10	11	17	18	117	#
363	505.358	3	4	11	12	17	18	19	20	117	#
364	473.662	5	11	12	18	19	20	27	34	117	#
365	461.583	2	3	4	11	12	13	19	20	117	#
366	439.884	2	3	4	5	10	11	12	19	117	#
367	1147.12	7	8	9	14	15	16	17	21	22	23	24	28	29	30	35	36	40	42	43	44	118	#
368	1334.19	1	5	7	8	9	12	15	16	17	18	19	21	22	23	24	25	26	28	29	32	118	#
369	1321.41	2	3	4	5	8	9	10	11	12	13	16	17	18	19	23	24	25	31	32	46	118	#
370	1278.8	5	6	11	12	13	14	17	18	19	21	22	25	28	29	32	35	36	37	42	43	118	#
371	1214.1	1	2	7	8	9	14	15	16	21	22	23	24	28	29	30	36	37	42	43	44	118	#
372	1212.32	1	5	7	8	9	11	12	14	15	16	17	18	19	21	22	23	24	29	30	36	118	#
373	303.088	17	18	26	33	119	#
374	339.178	9	10	17	18	119	#
375	268.624	33	34	38	39	119	#
376	221.034	5	11	12	18	119	#
377	143.78	14	26	27	33	119	#
378	1244.62	3	4	5	10	11	13	17	18	19	20	23	24	25	26	27	31	32	33	34	38	39	41	120	#
379	1446.04	2	4	10	11	18	19	20	23	24	25	26	27	31	32	33	34	39	40	41	44	47	48	120	#
380	1335.63	0	1	2	3	4	5	6	7	10	11	13	15	17	18	19	20	25	26	27	33	34	40	120	#
381	1274.23	6	13	18	19	20	24	25	26	27	31	32	33	34	38	39	40	41	44	45	46	47	48	120	#
382	1246.33	11	18	19	20	24	25	26	27	30	31	32	33	34	38	39	40	41	44	45	46	47	48	120	#
383	1242.11	4	5	10	11	12	18	19	20	23	24	25	26	31	33	34	38	39	40	41	46	47	48	120	#
384	1270.24	5	11	13	18	19	20	24	25	26	27	32	33	34	38	39	40	41	46	47	48	49	121	#
385	1537.13	2	3	4	5	6	10	11	12	13	17	18	19	27	33	34	38	39	40	46	47	48	121	#
386	1507.1	0	1	2	3	4	5	6	9	10	11	12	13	17	18	19	20	26	27	33	34	40	121	#
387	1397.91	2	3	4	5	6	9	10	11	12	13	17	18	19	20	24	25	27	32	33	34	39	121	#
388	1360.99	2	3	4	5	6	11	12	13	17	18	19	20	26	27	33	34	40	41	47	48	49	121	#
389	1359.42	2	3	4	5	6	9	10	11	12	13	17	18	19	20	25	26	27	32	33	34	40	121	#
390	554.012	33	39	40	41	46	47	48	122	#
391	685.541	21	28	29	32	33	35	39	122	#
392	540.07	19	20	25	26	32	33	39	122	#
393	468.021	33	39	40	41	43	47	48	122	#
394	450.459	26	33	40	41	46	47	48	122	#
395	419.338	10	26	33	40	41	47	48	122	#
396	96.7055	28	29	123	#
397	51.4555	21	28	123	#
398	253.901	26	27	34	124	#
399	253.739	26	27	33	124	#
400	233.84	26	33	34	124	#
