%% File generated by CATS v.2.1Mon Jul  4 11:06:55 2011

%% The CATS webpage is http://robotics.stanford.edu/CATS

%% PARAMETER SETTINGS:
% Goods: 256; Bids: 1000; Distribution: regions; Runs: 1; Seed: 1309806578
% Regions Distribution Parameters:
% Max Substitutable Bids = 5
% Removing HV Neighbor   = 0.1
% Adding DIAG Neighbor   = 0.2
% Additional Location    = 0.9
% Jump Probability       = 0.05
% Additivity             = 0.2
% Budget Factor          = 1.5
% Resale Factor          = 0.5
% Normal Private Value:
%   Mean                 = 0
%   Standard Deviation   = 30



goods 256
bids 1001
dummy 191

0	268.195	80	97	113	256	#
1	299.475	81	97	113	256	#
2	257.155	113	114	130	256	#
3	151.536	64	80	96	256	#
4	1181.69	195	196	208	209	210	211	213	214	228	229	242	243	244	245	246	257	#
5	1220.52	194	197	208	209	210	211	212	213	228	229	230	231	244	245	246	257	#
6	1204.92	114	115	116	117	216	230	231	232	233	234	244	245	246	247	248	257	#
7	1161.27	76	182	183	196	197	198	210	211	212	213	214	227	228	229	244	257	#
8	1133.6	208	209	210	211	212	213	214	224	228	229	230	231	236	247	252	257	#
9	1131.78	167	168	169	183	184	194	195	196	199	200	208	209	210	211	228	257	#
10	450.855	121	122	123	137	138	139	140	155	258	#
11	652.986	71	138	139	140	155	156	157	193	258	#
12	560.151	91	107	108	121	122	123	138	139	258	#
13	475.167	105	121	122	123	137	138	139	153	258	#
14	387.706	90	91	92	105	106	107	121	122	258	#
15	356.717	90	104	105	106	121	122	123	139	258	#
16	181.412	0	1	11	12	27	259	#
17	247.776	11	12	26	27	43	259	#
18	139.99	10	11	12	13	14	259	#
19	97.4689	0	1	16	17	33	259	#
20	196.418	35	36	52	260	#
21	132.18	35	51	67	260	#
22	804.283	9	12	24	25	26	27	28	40	41	42	43	57	58	74	154	261	#
23	1142.32	20	21	23	37	38	39	40	53	54	55	56	68	70	71	72	261	#
24	1047.39	6	22	38	41	42	55	56	57	72	73	74	75	90	91	128	261	#
25	982.404	8	9	24	25	37	38	39	40	41	42	56	57	68	237	238	261	#
26	945.431	9	25	39	40	41	42	55	56	57	73	74	75	89	105	106	261	#
27	928.883	41	42	43	57	58	59	60	74	76	126	127	142	143	158	230	261	#
28	118.201	183	200	262	#
29	173.693	182	183	262	#
30	63.0295	184	200	262	#
31	115.418	206	207	263	#
32	133.167	191	207	263	#
33	1234.05	9	11	22	24	25	26	27	38	39	40	41	42	43	44	54	55	56	57	58	74	90	120	136	264	#
34	1794.64	5	21	36	37	38	39	49	52	53	54	55	56	69	70	83	84	99	100	115	116	117	131	177	264	#
35	1665.64	5	12	21	22	27	37	38	39	42	43	53	54	55	56	70	71	85	86	87	88	101	104	224	264	#
36	1596.88	4	5	20	23	26	36	37	38	39	40	41	52	53	54	55	56	67	68	69	71	72	84	85	264	#
37	1575.01	9	10	23	24	25	26	37	38	39	40	41	42	43	55	56	58	59	211	227	228	244	245	246	264	#
38	1485.24	5	6	7	20	21	34	35	37	87	88	89	90	103	104	105	118	120	121	134	135	136	137	150	264	#
39	374.574	184	185	186	199	200	201	265	#
40	478.165	184	185	186	201	216	217	265	#
41	465.495	169	184	185	186	201	217	265	#
42	401.19	184	199	200	214	215	229	265	#
43	394.982	169	184	185	186	201	202	265	#
44	380.605	198	199	200	214	215	216	265	#
45	715.213	147	163	164	180	181	194	195	196	211	212	227	228	266	#
46	962.216	160	176	177	192	194	195	210	211	212	213	226	227	266	#
47	925.651	83	99	115	195	211	212	213	227	228	229	243	244	266	#
48	869.912	195	196	210	211	212	213	226	227	228	241	242	243	266	#
49	806.382	160	176	179	192	193	194	195	196	210	211	212	213	266	#
50	799.417	163	179	194	195	208	209	210	211	212	213	228	229	266	#
51	143.211	2	18	34	267	#
52	29.3279	2	17	18	267	#
53	765.461	14	30	31	44	45	46	47	60	61	62	63	78	268	#
54	863.263	57	62	63	77	78	93	94	95	110	133	149	150	268	#
55	828.821	13	14	15	29	30	31	45	46	62	63	77	78	268	#
56	789.498	47	61	62	63	76	77	78	79	91	92	95	111	268	#
57	737.345	12	13	14	15	29	30	31	45	46	47	62	63	268	#
58	730.926	14	15	29	30	31	46	47	61	62	77	78	93	268	#
59	1346.99	10	25	26	27	39	40	41	42	43	44	55	56	57	58	59	60	72	73	74	75	90	91	92	207	269	#
60	1834.06	24	39	40	54	55	56	57	58	70	71	72	86	87	128	129	139	153	154	155	156	157	172	173	174	269	#
61	1754.73	42	58	74	86	88	90	91	92	102	103	104	105	106	107	108	109	110	118	119	120	123	124	135	136	269	#
62	1675	6	22	38	39	42	54	55	56	57	58	59	60	70	71	72	73	74	75	76	86	87	89	90	91	269	#
63	1674.58	12	14	15	27	28	30	31	43	44	45	46	47	59	60	61	62	63	76	77	78	79	93	94	109	269	#
64	1586.72	12	27	42	43	45	46	57	59	60	61	62	63	73	74	75	76	77	78	89	90	91	92	105	106	269	#
65	1661.04	124	125	126	127	139	140	141	142	143	157	158	173	178	179	182	183	189	194	195	196	197	198	199	200	210	211	212	213	214	215	226	228	229	230	245	270	#
66	2142.81	74	75	76	88	89	90	91	94	95	105	106	107	110	111	121	122	123	124	125	126	127	138	139	140	141	142	143	144	154	155	157	158	160	170	174	270	#
67	2102.36	106	107	112	121	122	123	124	128	161	162	177	178	179	180	181	182	193	194	195	196	208	209	210	211	212	224	225	226	227	228	229	241	242	244	245	270	#
68	2087.68	157	159	166	167	172	173	174	175	182	183	187	188	189	190	191	203	204	205	206	207	218	219	220	221	235	236	237	238	246	247	248	251	252	253	254	270	#
69	2084.49	62	63	77	78	144	147	148	160	163	164	176	177	178	179	180	181	182	192	193	194	195	196	197	210	211	212	213	225	226	227	228	240	241	242	243	270	#
70	2069.13	131	132	149	154	161	163	169	170	171	172	173	177	178	179	193	194	195	196	208	209	210	211	212	224	225	226	227	228	229	240	241	242	243	244	245	270	#
71	863.065	90	106	107	108	121	122	123	124	125	126	137	138	139	140	141	153	154	156	157	271	#
72	1269	61	62	63	107	109	123	124	125	139	140	141	156	157	204	205	220	236	240	241	271	#
73	1264.04	93	95	106	107	108	109	110	124	125	126	139	141	156	157	217	218	219	233	234	271	#
74	1121.8	106	107	108	122	123	124	139	140	155	156	157	171	187	188	203	204	205	219	220	271	#
75	1048.31	67	75	76	91	92	105	106	107	109	110	121	122	123	124	125	139	140	156	217	271	#
76	1016.57	62	78	93	94	109	110	111	124	125	126	140	141	156	157	158	172	173	174	175	271	#
77	271.878	227	228	244	272	#
78	367.359	228	229	245	272	#
79	346.539	229	244	245	272	#
80	153.712	227	#
81	117.326	219	220	273	#
82	56.2765	204	220	273	#
83	902.798	9	24	25	26	27	38	39	40	41	42	43	44	54	55	57	58	59	71	73	74	180	274	#
84	1286.02	12	25	26	27	28	42	43	44	57	58	59	73	74	89	90	103	104	105	106	107	120	274	#
85	1245.23	38	39	53	54	55	57	68	69	70	71	72	73	85	87	88	103	104	115	118	238	239	274	#
86	1234.92	12	24	25	26	27	28	40	41	42	43	44	45	56	57	58	59	60	74	75	76	252	274	#
87	1221.24	6	22	23	24	26	37	38	39	40	41	50	51	52	53	54	55	69	70	71	85	86	274	#
88	1211.49	17	18	19	24	25	26	27	28	42	43	44	57	58	110	126	127	140	141	143	156	172	274	#
89	974.117	6	7	21	22	23	37	38	39	52	53	54	55	56	67	275	#
90	1024.55	20	35	36	37	38	39	51	52	53	54	55	66	67	68	275	#
91	1019.07	22	23	34	38	39	49	50	51	52	53	54	55	67	68	275	#
92	980.202	20	36	37	38	51	52	53	54	67	68	69	80	96	112	275	#
93	940.345	6	7	21	22	36	37	38	52	53	54	68	69	70	86	275	#
94	930.232	49	50	51	52	53	54	65	66	67	68	80	81	83	84	275	#
95	1085.83	30	31	44	45	46	47	60	61	62	63	76	77	93	109	110	276	#
96	1190.85	62	76	78	91	92	93	94	95	107	108	109	110	111	125	224	276	#
97	1138.28	45	59	60	61	64	76	77	80	93	94	95	96	109	110	112	276	#
98	1126.59	45	46	47	59	60	61	62	63	76	77	78	93	158	159	175	276	#
99	1115.7	32	33	47	61	62	63	76	77	78	92	93	94	107	108	109	276	#
100	1100.46	44	59	60	61	62	75	76	77	91	92	93	146	162	163	178	276	#
101	212.626	110	111	277	#
102	109.565	110	126	277	#
103	691.453	20	35	36	37	51	52	53	54	55	67	68	69	70	71	84	86	87	278	#
104	1027.02	41	70	71	72	73	86	87	88	89	102	103	105	106	107	119	120	121	278	#
105	967.628	18	22	23	39	55	56	70	71	72	86	87	102	103	118	119	120	135	278	#
106	967.502	21	35	36	37	50	51	52	53	54	66	67	69	70	82	86	102	118	278	#
107	914.126	52	53	66	67	68	82	83	84	98	99	100	101	114	115	116	117	133	278	#
108	888.017	54	55	56	70	71	72	85	86	87	99	100	101	102	103	104	117	118	278	#
109	729.127	166	171	182	183	187	197	198	199	200	214	215	230	231	232	233	246	247	248	279	#
110	1075.54	162	163	164	178	179	194	195	203	216	217	218	231	232	233	234	246	247	248	279	#
111	1039.9	182	183	184	185	186	198	199	200	201	216	217	230	231	232	233	234	246	247	279	#
112	1008.58	13	48	49	64	65	80	81	82	97	133	147	148	149	150	151	165	166	167	279	#
113	954.459	140	156	171	172	187	214	217	218	230	231	232	233	234	235	236	246	247	248	279	#
114	916.774	92	121	124	136	137	138	139	151	152	167	182	183	184	198	199	200	215	216	279	#
115	983.359	82	86	87	98	99	100	101	102	103	114	115	116	118	131	133	216	280	#
116	1354.64	37	38	54	55	56	57	70	71	86	87	101	102	103	240	241	242	280	#
117	1300.05	41	81	82	83	96	97	99	100	101	115	116	131	149	187	242	243	280	#
118	1117.32	81	82	83	98	99	100	113	114	115	130	131	165	166	167	182	183	280	#
119	1085.69	99	100	101	116	117	132	133	134	148	149	190	191	205	206	207	222	280	#
120	1084.14	99	100	101	114	115	116	117	131	132	133	134	135	146	147	148	149	280	#
121	284.465	46	62	63	281	#
122	283.542	62	77	78	281	#
123	239.373	63	157	158	281	#
124	138.009	44	45	46	281	#
125	113.321	100	#
126	1050.73	18	34	35	36	48	49	50	51	52	65	66	67	80	81	82	83	84	98	109	110	125	282	#
127	1508.3	49	50	66	67	81	82	83	84	85	97	98	99	100	101	102	114	115	116	117	124	132	282	#
128	1419.04	44	59	60	75	77	90	91	93	106	107	108	109	122	123	124	125	139	140	141	157	158	282	#
129	1397.16	0	1	2	3	16	17	18	33	34	48	49	50	51	66	67	68	99	100	101	102	116	282	#
130	1332.45	66	80	82	83	97	98	99	100	103	113	114	115	116	117	118	129	130	133	178	193	194	282	#
131	1329.79	14	33	49	50	52	65	66	67	68	82	83	84	98	99	100	101	115	116	117	118	119	282	#
132	0.101876	19	#
133	27.3335	125	126	141	283	#
134	21.6326	110	126	127	283	#
135	896.017	3	4	18	19	27	43	44	45	59	60	61	75	76	77	284	#
136	1268.17	28	44	45	60	62	75	76	77	90	91	110	126	127	142	284	#
137	1173.86	0	29	30	44	45	57	59	60	61	74	75	76	77	91	284	#
138	1159.96	4	5	18	19	20	21	22	35	36	52	53	67	68	69	284	#
139	1125.66	28	29	44	45	46	60	61	62	76	77	78	79	95	111	284	#
140	1122.89	29	30	44	45	46	47	59	60	61	62	75	76	77	78	284	#
141	906.831	105	108	121	122	123	124	137	138	139	140	141	155	156	285	#
142	1332.19	89	105	120	121	122	135	136	137	138	139	151	152	153	285	#
143	1273.84	120	121	122	123	134	135	136	137	138	139	153	154	155	285	#
144	1142.11	89	105	121	122	123	124	137	138	139	140	153	154	155	285	#
145	1007.17	93	107	108	109	122	123	124	125	138	139	140	141	154	285	#
146	964.887	124	136	137	139	153	154	155	169	170	171	172	185	187	285	#
147	1671.43	52	53	68	69	82	83	84	97	98	99	100	113	114	115	116	129	130	286	#
148	1839.84	50	64	65	66	80	81	82	83	96	97	98	99	100	112	113	128	129	286	#
149	1630.64	13	66	80	81	82	83	96	97	98	99	100	112	116	117	132	149	150	286	#
150	1598.64	81	97	98	99	100	113	114	115	116	128	129	130	139	145	161	202	203	286	#
151	1574.66	11	33	49	50	51	52	53	59	65	66	67	68	69	80	81	82	97	286	#
152	1557.9	43	64	65	66	80	81	82	83	97	98	99	115	116	117	133	150	151	286	#
153	129.933	89	105	287	#
154	73.114	89	90	287	#
155	697.306	217	218	232	233	234	235	288	#
156	806.769	216	217	232	233	234	247	288	#
157	675.45	230	232	233	246	247	248	288	#
158	562.609	185	201	215	216	217	230	288	#
159	476.056	187	203	218	219	220	235	288	#
160	431.644	217	218	234	235	236	251	288	#
161	330.756	10	26	27	41	80	289	#
162	370.906	26	41	42	74	75	289	#
163	345.687	48	64	80	96	97	289	#
164	331.06	25	26	42	58	74	289	#
165	263.681	12	13	26	27	28	289	#
166	206.855	9	10	25	41	103	289	#
167	366.369	63	87	102	103	118	290	#
168	420.865	47	62	63	78	79	290	#
169	356.865	4	5	19	20	102	290	#
170	325.98	87	103	118	119	135	290	#
171	292.675	103	118	119	134	135	290	#
172	76.7257	234	#
173	174.609	110	126	291	#
174	256.871	95	110	291	#
175	1374.98	40	41	82	83	99	131	147	162	163	164	165	178	179	180	181	196	197	232	233	234	247	292	#
176	1651.35	53	54	66	67	68	69	81	82	83	84	85	86	87	98	99	101	102	103	115	127	240	292	#
177	1532.17	49	50	66	80	81	82	83	84	96	98	99	100	101	102	112	116	117	133	232	247	248	292	#
178	1473.2	53	146	147	160	161	162	163	164	165	166	176	178	179	180	181	182	194	195	196	198	211	292	#
179	1410.13	34	50	51	83	97	99	113	114	115	129	130	131	132	145	146	147	148	149	150	163	179	292	#
180	1320.61	15	31	66	80	81	82	83	84	85	97	98	99	100	101	113	115	116	133	134	149	150	292	#
181	895.041	183	200	201	202	203	215	216	217	218	219	220	232	233	247	248	249	250	293	#
182	1124.04	185	186	187	201	202	203	206	217	218	219	220	221	222	233	236	237	238	293	#
183	1119.02	171	185	186	187	201	202	203	204	216	217	218	219	220	221	233	236	237	293	#
184	1098.37	186	188	189	190	202	203	204	205	218	219	220	236	237	238	249	250	253	293	#
185	1079.43	99	100	114	115	186	189	190	200	201	202	215	216	217	218	219	232	233	293	#
186	1054.34	125	140	141	143	156	157	158	172	173	202	203	217	218	233	234	249	250	293	#
187	632.992	174	187	188	190	204	205	206	207	222	294	#
188	668.538	187	188	203	204	205	219	220	221	237	294	#
189	655.412	187	188	202	203	218	219	235	236	237	294	#
190	576.5	189	202	203	204	205	206	220	221	236	294	#
191	561.044	133	188	189	190	203	204	205	206	218	294	#
192	543.301	29	45	174	190	204	205	206	220	221	294	#
193	615.608	205	206	221	222	223	237	238	239	254	295	#
194	752.214	205	221	222	236	237	252	253	254	255	295	#
195	714.083	220	221	222	223	236	237	238	253	254	295	#
196	697.274	206	220	221	222	237	238	252	253	254	295	#
197	655.851	204	205	219	220	221	222	237	238	239	295	#
198	635.489	158	159	173	174	175	190	191	206	207	295	#
199	244.684	40	41	57	239	296	#
200	314.301	40	155	156	171	296	#
201	262.02	26	40	41	57	296	#
202	208.649	237	238	239	254	296	#
203	200.134	41	55	56	57	296	#
204	689.313	89	90	91	105	106	107	108	121	122	123	124	137	138	139	297	#
205	929.073	103	106	107	108	120	121	122	123	135	136	137	138	151	153	297	#
206	881.736	89	90	102	103	104	105	106	107	108	109	120	121	122	138	297	#
207	877.385	58	74	90	91	92	105	106	107	108	109	121	122	124	125	297	#
208	853.828	91	107	108	123	124	125	126	136	137	138	139	140	206	222	297	#
209	850.907	74	75	90	91	93	106	107	108	109	123	124	125	140	141	297	#
210	127.911	218	#
211	2137.79	159	174	175	187	188	190	191	203	204	205	206	207	217	218	219	220	221	222	223	233	234	235	236	237	238	249	250	251	252	253	254	298	#
212	2823.8	30	46	59	61	62	75	76	77	78	90	91	93	94	109	110	173	174	175	187	188	189	190	202	203	204	205	206	221	222	223	237	298	#
213	2411.09	38	96	112	142	143	157	158	173	174	186	187	188	189	190	191	202	203	204	205	206	220	221	222	223	236	237	238	251	252	253	254	298	#
214	2368.49	47	59	60	61	62	63	74	75	76	77	78	79	92	187	200	201	202	203	216	217	218	219	220	232	233	234	235	236	248	249	250	298	#
215	2363.86	157	158	172	173	174	186	187	188	189	190	191	196	197	198	199	202	203	204	205	206	207	215	216	217	218	219	221	222	237	238	254	298	#
216	2346.12	32	33	48	64	65	80	96	123	138	139	155	156	157	171	173	186	187	188	189	202	203	204	205	217	218	219	221	222	234	235	251	298	#
217	1191.52	12	17	28	29	42	43	44	45	58	59	60	61	75	76	77	299	#
218	1394.43	11	12	13	14	15	28	29	30	31	42	43	44	45	58	60	299	#
219	1378.52	12	14	28	29	30	31	42	43	44	45	58	59	60	75	76	299	#
220	1230.17	14	28	29	30	43	44	45	59	60	61	75	76	90	91	92	299	#
221	1229.47	12	14	28	29	30	42	43	44	45	58	59	60	77	90	106	299	#
222	1190.68	3	14	19	28	29	30	43	44	45	59	60	75	90	91	114	299	#
223	253.836	15	31	48	64	80	96	127	300	#
224	378.219	48	49	64	65	80	81	97	300	#
225	332.941	80	81	96	97	112	213	214	300	#
226	323.181	64	66	80	81	82	191	207	300	#
227	292.44	16	32	48	49	64	65	80	300	#
228	102.932	15	27	28	29	30	31	46	300	#
229	507.377	121	122	124	136	137	138	139	153	154	155	301	#
230	704.494	91	107	123	124	134	138	139	140	154	155	301	#
231	523.599	123	138	139	153	154	167	168	169	170	185	301	#
232	505.272	105	121	137	153	154	170	177	192	193	208	301	#
233	467.553	90	102	103	104	105	106	118	121	122	138	301	#
234	437.579	103	104	105	106	120	121	122	123	124	125	301	#
235	427.693	5	16	17	18	19	20	21	302	#
236	556.764	4	18	19	36	53	68	69	302	#
237	465.269	1	4	5	17	18	19	20	302	#
238	418.897	4	5	6	7	21	36	37	302	#
239	377.827	0	1	2	16	17	18	34	302	#
240	335.523	0	1	16	32	33	49	50	302	#
241	597.471	45	180	181	185	196	197	199	200	201	213	214	215	229	303	#
242	825.012	147	148	149	162	163	178	179	180	181	182	183	196	197	303	#
243	814.214	184	185	199	200	201	215	216	217	218	232	233	247	249	303	#
244	695.353	182	183	184	185	198	199	200	201	215	228	229	230	246	303	#
245	695.211	165	180	181	196	197	198	213	214	229	230	245	246	247	303	#
246	655.798	199	200	213	214	215	216	217	228	229	230	232	246	248	303	#
247	65.9996	84	85	86	#
248	606.228	197	211	213	214	215	227	228	229	230	231	242	243	244	246	304	#
249	855.246	194	195	210	211	212	226	227	228	229	230	242	243	244	245	304	#
250	843.272	195	196	197	198	199	212	213	214	215	229	230	245	246	247	304	#
251	792.709	164	167	180	182	183	199	213	214	215	229	230	231	246	247	304	#
252	775.286	192	194	208	209	210	224	225	226	227	240	241	242	243	244	304	#
253	765.813	12	27	28	29	44	214	228	229	230	231	232	245	246	247	304	#
254	1581.06	167	181	182	183	197	198	199	211	212	213	214	215	216	228	229	230	231	232	233	245	246	247	248	305	#
255	2056	198	199	200	214	215	216	217	227	228	229	230	231	232	233	234	235	244	245	246	247	248	249	250	305	#
256	1953.44	203	211	212	213	214	215	216	217	218	226	227	228	229	230	231	232	233	242	244	245	246	247	248	305	#
257	1872.02	4	79	95	111	113	119	129	211	212	213	214	215	227	228	229	230	231	232	244	245	246	247	248	305	#
258	1851.29	195	205	209	210	211	212	213	214	215	216	225	226	227	228	229	230	231	232	244	245	246	247	248	305	#
259	1817.83	181	184	195	197	198	199	200	201	211	213	214	215	216	217	227	228	229	230	231	233	244	245	247	305	#
260	83.3545	142	#
261	1409.01	37	52	53	54	68	69	70	85	86	87	144	145	146	160	161	162	177	178	193	194	209	306	#
262	1469.89	16	36	37	38	39	53	54	55	67	68	69	70	71	83	84	85	86	87	101	102	103	306	#
263	1460.01	51	52	67	68	69	70	71	83	84	85	86	87	99	100	101	102	103	119	129	130	145	306	#
264	1374.48	11	12	13	14	27	28	29	30	31	43	114	144	146	160	161	162	163	176	177	178	179	306	#
265	1348.84	37	38	39	53	54	55	68	69	70	71	84	85	86	87	101	102	103	104	117	119	201	306	#
266	1330.63	112	113	114	128	129	130	131	132	144	145	146	147	149	150	151	160	163	164	165	178	179	306	#
267	164.958	11	12	27	43	307	#
268	209.075	9	10	11	26	307	#
269	141.332	11	27	43	44	307	#
270	138.791	42	43	44	59	307	#
271	808.814	104	120	123	136	137	152	153	154	168	308	#
272	824.525	66	123	138	139	153	154	155	169	170	308	#
273	805.334	105	106	107	121	122	123	137	138	153	308	#
274	790.045	120	121	122	134	135	136	137	152	153	308	#
275	740.315	120	135	136	137	151	152	153	168	169	308	#
276	734.839	137	138	153	154	155	169	170	171	187	308	#
277	583.12	160	176	177	189	192	193	309	#
278	460.734	144	160	161	176	177	192	309	#
279	340.509	144	145	160	161	176	177	309	#
280	326.764	172	173	188	189	203	204	309	#
281	321.219	176	177	192	193	208	209	309	#
282	297.146	177	192	193	208	209	224	309	#
283	1876.85	46	60	61	62	76	77	93	107	174	188	189	190	191	204	205	206	207	219	220	221	237	238	239	254	255	310	#
284	1916.74	142	143	158	174	175	187	188	189	190	191	202	203	204	205	206	207	218	219	220	221	222	223	238	239	255	310	#
285	1883.64	76	91	92	174	175	190	191	203	204	205	206	207	219	220	221	222	235	236	237	238	251	252	253	254	255	310	#
286	1839.97	4	18	19	49	65	66	81	82	141	142	157	158	173	174	175	187	188	189	190	191	204	205	206	207	220	310	#
287	1832.58	115	130	131	147	159	174	175	181	182	188	189	190	191	204	205	206	207	220	221	237	238	239	253	254	255	310	#
288	1767.11	76	77	78	79	93	94	95	108	109	110	111	124	125	126	139	140	141	142	143	155	157	158	174	244	245	310	#
289	76.7249	5	6	311	#
290	3.37396	5	21	311	#
291	114.962	47	63	79	312	#
292	94.0575	46	47	63	312	#
293	77.1966	77	78	79	312	#
294	1790.8	32	34	48	50	51	52	64	65	66	67	68	80	81	82	96	97	98	112	113	114	128	144	145	207	313	#
295	1952.04	37	38	49	50	51	52	53	64	65	66	67	68	69	80	81	82	83	96	97	112	113	189	205	253	313	#
296	1916.46	48	50	51	52	64	65	66	67	68	80	81	82	83	84	86	97	98	99	100	101	102	116	117	118	313	#
297	1904.4	13	14	18	21	34	37	50	51	52	53	64	65	66	67	68	69	80	81	82	96	97	98	112	113	313	#
298	1894.67	13	29	30	31	46	51	52	64	65	66	67	80	81	82	83	96	97	98	112	113	114	128	173	174	313	#
299	1854.9	48	50	51	52	64	65	66	67	81	82	83	96	97	98	113	129	131	145	146	147	148	162	195	196	313	#
300	1032.47	9	10	11	24	25	26	27	28	29	40	41	57	58	74	314	#
301	1084.93	8	9	10	24	25	26	41	42	46	47	57	117	118	133	314	#
302	1013.34	8	9	10	24	25	26	27	28	40	41	43	57	58	74	314	#
303	963.464	8	9	10	186	192	202	203	208	217	218	219	224	225	234	314	#
304	930.779	9	10	24	25	26	40	41	42	56	57	58	74	89	146	314	#
305	905.283	9	10	25	26	41	42	120	121	136	137	152	153	154	168	314	#
306	94.5944	194	208	209	210	211	224	#
307	776.728	144	160	161	162	176	177	192	193	208	315	#
308	763.795	144	160	176	177	192	193	208	209	210	315	#
309	755.828	47	63	128	144	145	160	161	162	176	315	#
310	686.08	36	44	52	53	54	68	192	193	209	315	#
311	680.986	145	160	161	177	192	193	208	209	224	315	#
312	648.403	144	160	176	177	192	193	208	224	225	315	#
313	333.388	43	59	60	76	92	316	#
314	318.709	60	61	76	77	92	316	#
315	291.325	74	75	76	91	92	316	#
316	160.317	27	43	59	75	76	316	#
317	156.954	45	60	61	62	77	316	#
318	62.5254	12	27	43	44	58	316	#
319	621.556	187	188	189	190	204	205	206	207	220	236	252	317	#
320	868.874	52	53	68	69	84	156	172	173	187	188	203	317	#
321	812.797	170	171	187	188	203	208	217	218	219	235	251	317	#
322	762.056	140	156	171	172	173	174	187	188	189	205	206	317	#
323	590.945	158	159	175	188	189	190	191	205	206	207	221	317	#
324	575.968	153	172	188	189	203	204	205	206	207	221	237	317	#
325	231.948	43	182	183	198	318	#
326	317.961	166	182	183	200	318	#
327	222.368	167	183	184	200	318	#
328	220.033	184	198	199	200	318	#
329	22.651	27	28	43	58	318	#
330	116.622	25	#
331	560.128	10	11	26	27	43	59	319	#
332	647.589	26	27	42	43	58	74	319	#
333	520.569	43	44	45	59	60	76	319	#
334	517.048	11	27	42	43	44	58	319	#
335	481.364	10	11	26	27	28	42	319	#
336	388.401	11	12	26	27	28	42	319	#
337	1329.51	213	214	215	216	217	218	228	229	230	231	232	233	234	243	244	246	247	248	320	#
338	1403.28	188	202	203	204	215	216	217	218	219	228	232	233	234	235	244	247	249	250	320	#
339	1390.66	202	215	216	217	218	229	230	231	232	233	234	244	245	246	247	248	249	250	320	#
340	1384.74	166	167	182	183	199	200	214	215	216	217	229	230	232	233	245	246	248	249	320	#
341	1356.82	197	213	214	215	216	227	228	229	230	231	232	233	244	245	246	247	248	249	320	#
342	1336.95	196	197	199	212	213	214	215	216	228	229	230	232	233	244	245	246	247	248	320	#
343	471.632	49	65	66	67	82	83	99	321	#
344	404.303	36	51	52	66	67	81	82	321	#
345	400.667	66	82	83	98	99	115	131	321	#
346	393.227	65	159	174	175	190	206	222	321	#
347	374.871	34	35	51	52	53	67	68	321	#
348	373.664	66	81	82	83	84	99	116	321	#
349	947.144	180	196	201	202	203	211	212	213	214	215	216	217	218	219	230	231	232	233	234	246	247	248	249	250	322	#
350	1417.75	139	151	155	166	167	169	183	184	185	186	198	199	200	201	202	203	204	215	216	217	218	219	233	249	322	#
351	1416.51	74	75	155	171	186	187	188	189	201	202	203	217	218	219	220	221	232	233	235	236	237	246	247	248	322	#
352	1415.79	78	155	171	181	182	183	186	187	198	199	201	202	203	214	215	216	217	218	219	229	232	233	247	248	322	#
353	1348.45	108	110	124	125	126	139	140	141	156	157	158	173	174	175	189	214	215	229	230	231	245	246	247	248	322	#
354	1290.59	168	169	170	184	185	186	201	202	203	216	217	218	219	232	233	234	235	236	246	247	248	249	251	252	322	#
355	933.401	187	202	203	204	205	218	219	220	221	222	233	234	235	236	237	238	239	249	250	251	252	253	254	255	323	#
356	1322.6	169	171	172	184	185	186	187	201	202	203	214	215	216	217	218	219	230	233	234	235	236	249	251	252	323	#
357	1302.75	114	115	130	131	147	164	165	187	199	202	203	204	218	219	220	221	234	235	236	237	250	251	252	254	323	#
358	1265.86	51	52	53	54	67	68	69	81	82	83	84	85	205	206	207	216	217	220	221	222	223	232	236	237	323	#
359	1241.91	39	74	88	89	90	104	105	121	122	137	138	154	155	187	188	203	204	218	219	220	234	235	236	251	323	#
360	1190.26	67	82	83	84	186	188	202	204	205	217	218	219	220	221	222	232	233	234	235	236	237	249	250	254	323	#
361	970.02	4	5	6	7	17	18	19	20	21	22	34	36	37	38	53	324	#
362	1275.05	2	3	6	7	17	18	19	22	33	34	35	50	51	66	82	324	#
363	1230.42	2	3	4	5	6	16	17	18	19	20	34	35	50	230	231	324	#
364	1223.59	0	1	2	3	16	17	18	19	32	33	34	35	50	51	248	324	#
365	1210.39	2	3	17	18	19	20	21	33	34	35	36	37	50	53	177	324	#
366	1175.54	2	3	4	5	18	19	20	21	22	35	36	38	39	40	52	324	#
367	205.652	138	153	154	325	#
368	263.054	137	153	154	325	#
369	240.665	138	154	155	325	#
370	153.378	136	137	153	325	#
371	206.29	116	187	188	189	326	#
372	243.149	172	173	188	204	326	#
373	223.105	187	188	189	190	326	#
374	135.334	116	117	133	149	326	#
375	97.2419	135	151	#
376	464.02	43	44	45	59	60	74	75	327	#
377	526.61	43	44	58	59	60	77	78	327	#
378	492.401	44	59	60	61	62	77	78	327	#
379	468.839	19	35	36	44	45	60	176	327	#
380	452.122	27	43	44	58	59	74	75	327	#
381	386.29	29	30	44	45	46	59	204	327	#
382	1963.41	9	10	13	19	20	21	29	36	37	39	51	52	53	54	55	68	69	70	71	82	83	84	85	86	87	88	89	102	103	104	105	117	118	119	120	133	134	135	136	137	151	218	219	328	#
383	2926.02	5	17	18	19	20	21	22	34	35	36	37	38	39	48	49	51	52	53	54	56	64	65	66	67	68	69	70	71	80	81	82	84	85	86	99	101	102	139	155	194	221	222	237	328	#
384	2913.41	20	21	22	23	35	36	37	38	39	40	48	49	51	52	53	54	55	64	65	66	67	68	69	70	71	72	80	81	82	83	84	85	86	87	97	98	99	100	101	102	115	116	252	328	#
385	2841.19	4	5	18	19	20	21	22	23	36	37	38	39	52	53	55	56	62	64	67	68	69	70	80	81	82	83	84	85	86	87	96	97	98	99	101	102	115	116	117	132	133	149	187	328	#
386	2717.87	0	1	3	4	10	11	12	16	18	19	20	21	22	32	36	38	39	40	52	53	54	55	56	57	64	69	70	71	72	80	87	96	97	160	161	176	177	183	192	193	200	208	209	328	#
387	2689.36	21	36	37	38	39	52	53	54	67	68	69	103	104	105	118	119	120	121	122	123	132	133	134	135	136	149	150	151	152	165	166	167	168	169	173	182	183	191	193	198	199	200	207	328	#
388	1195.44	97	113	128	129	144	145	146	160	161	176	177	193	194	195	208	209	210	224	329	#
389	1610.32	52	53	54	55	66	67	68	83	84	160	161	162	176	177	192	203	204	208	329	#
390	1258.02	129	130	145	146	147	160	161	162	163	176	177	192	193	194	195	206	210	222	329	#
391	1257.78	128	129	130	131	132	144	146	147	160	162	163	168	169	170	176	177	178	185	329	#
392	1225.04	131	132	146	147	148	160	161	162	163	176	177	178	179	180	192	195	196	254	329	#
393	1224.95	160	161	176	177	180	193	194	195	196	208	209	210	212	224	225	226	241	242	329	#
394	215.231	50	66	81	82	330	#
395	262.097	34	49	50	66	330	#
396	258.846	50	66	67	81	330	#
397	217.594	81	82	83	97	330	#
398	0.0854306	81	82	98	99	330	#
399	88.7399	85	101	117	331	#
400	123.439	85	100	101	331	#
401	621.582	18	24	26	38	39	40	41	55	57	71	171	332	#
402	878.292	6	7	20	21	22	36	37	38	52	53	54	332	#
403	738.104	9	10	24	25	26	39	40	41	42	57	74	332	#
404	724.282	54	56	57	58	70	71	72	85	86	87	150	332	#
405	722.085	3	17	18	32	33	34	48	49	56	64	65	332	#
406	675.917	37	38	39	54	55	56	57	71	72	73	89	332	#
407	232.315	10	26	333	#
408	248.563	26	27	333	#
409	196.343	68	186	202	334	#
410	231.515	186	202	218	334	#
411	202.221	202	203	218	334	#
412	194.631	36	53	68	334	#
413	20.5366	144	160	161	#
414	62.1341	159	#
415	1923.96	53	54	69	70	85	86	87	88	89	90	101	102	103	104	105	106	107	108	116	117	118	119	120	122	124	133	134	135	139	140	151	152	156	157	173	189	335	#
416	2682.32	54	68	69	70	71	80	81	82	83	84	85	86	87	96	97	98	99	100	101	115	116	117	118	132	133	134	147	149	150	155	156	157	163	164	165	181	335	#
417	2460.4	33	34	35	36	49	50	64	65	66	80	81	82	83	85	96	97	98	99	100	101	103	112	113	114	115	116	117	118	132	133	147	148	149	150	164	165	335	#
418	2442.84	24	28	29	43	44	45	53	59	60	62	63	67	68	69	77	78	79	83	84	85	86	100	101	102	103	115	116	117	118	119	120	132	133	135	149	165	335	#
419	2412.23	1	6	7	17	20	22	23	27	28	33	34	35	36	37	38	39	40	41	49	50	52	53	54	55	67	68	69	70	71	72	83	84	85	86	101	204	335	#
420	2384.14	36	37	53	54	56	57	68	69	70	71	72	85	86	88	99	100	101	102	103	104	105	116	118	119	120	132	133	134	135	136	140	148	150	151	152	157	335	#
421	489.701	136	137	153	154	170	171	187	188	336	#
422	614.647	172	173	187	188	189	204	219	220	336	#
423	555.044	156	171	172	187	188	202	203	204	336	#
424	525.357	137	153	154	155	170	171	187	209	336	#
425	523.189	88	104	105	120	154	169	170	188	336	#
426	385.485	154	167	168	169	170	171	185	186	336	#
427	28.1516	45	46	#
428	1168.29	6	9	10	22	23	24	25	26	38	39	40	41	42	54	55	337	#
429	1242.45	24	25	26	27	38	39	40	54	55	70	71	85	86	97	113	337	#
430	1125.62	5	6	22	23	38	39	40	52	54	55	56	67	68	71	72	337	#
431	1081.63	6	21	22	23	38	39	40	54	55	56	69	70	71	72	73	337	#
432	1054.42	6	7	22	23	37	38	39	40	53	54	55	56	69	70	71	337	#
433	976.608	9	22	24	25	26	36	37	38	39	40	41	53	54	55	71	337	#
434	642.336	97	113	114	129	130	131	132	144	145	147	161	164	338	#
435	914.801	96	97	112	113	114	116	128	129	130	131	132	133	338	#
436	882.342	80	96	97	98	112	113	128	129	130	146	162	178	338	#
437	847.853	99	100	101	114	116	117	118	129	130	131	132	133	338	#
438	790.85	144	145	146	147	160	161	162	163	176	177	178	193	338	#
439	777.634	103	119	120	121	136	137	146	147	152	163	164	180	338	#
440	1744.18	35	36	37	38	51	52	53	67	68	69	83	84	112	151	166	167	183	184	185	187	200	201	202	203	204	205	216	217	218	233	234	249	339	#
441	2165.41	66	67	103	104	105	120	121	135	136	137	149	150	151	152	165	166	167	168	181	182	183	184	185	186	199	200	201	202	216	217	218	232	339	#
442	2054.42	5	20	150	151	152	165	166	167	168	169	185	186	201	215	216	217	218	219	220	221	232	233	234	235	236	246	247	248	249	250	251	252	339	#
443	2008.74	63	64	65	66	67	79	80	81	82	96	97	98	112	113	114	115	125	128	129	131	144	145	146	147	148	160	161	176	177	192	193	209	339	#
444	1958.76	0	3	4	5	16	17	19	20	21	33	34	35	36	37	38	39	50	51	52	53	54	55	56	66	67	68	69	81	82	83	84	85	339	#
445	1916.55	4	5	6	20	21	36	37	38	41	42	49	50	51	52	53	54	56	57	66	67	68	69	70	72	73	74	82	83	84	85	89	90	339	#
446	166.687	12	13	14	26	27	28	29	340	#
447	231.452	13	14	29	44	45	46	60	340	#
448	217.635	11	12	27	28	44	45	60	340	#
449	191.066	12	13	14	27	29	30	43	340	#
450	154.703	13	14	28	29	30	31	46	340	#
451	580.047	102	103	104	117	118	119	120	134	135	136	341	#
452	802.646	102	103	117	118	119	120	134	135	186	202	341	#
453	729.004	117	118	119	133	134	135	136	137	151	169	341	#
454	645.338	119	120	121	128	129	136	137	146	151	152	341	#
455	623.37	87	102	103	118	119	120	134	135	136	151	341	#
456	605.653	86	87	102	103	117	118	119	120	134	135	341	#
457	486.634	60	61	75	76	77	88	89	92	342	#
458	598.841	59	60	74	75	76	77	78	93	342	#
459	537.726	74	75	76	90	166	184	185	201	342	#
460	498.848	59	60	61	62	76	77	93	158	342	#
461	472.423	73	74	75	76	77	91	92	253	342	#
462	413.746	41	57	59	74	75	76	91	92	342	#
463	359.171	146	162	163	164	178	343	#
464	475.729	160	161	162	176	177	343	#
465	473.1	147	164	165	166	182	343	#
466	345.684	147	162	163	164	178	343	#
467	337.405	129	146	147	162	223	343	#
468	228.097	163	164	178	180	249	343	#
469	115.332	9	10	26	344	#
470	116.335	8	9	10	344	#
471	891.068	2	3	4	5	18	19	20	21	34	35	36	53	69	345	#
472	1176.35	2	3	4	5	16	17	18	19	20	34	35	50	252	345	#
473	1056.59	2	3	18	19	34	50	51	64	65	66	131	132	148	345	#
474	1031.25	3	4	5	6	18	19	20	34	35	36	51	52	68	345	#
475	999.408	2	3	4	5	13	16	17	18	19	20	21	35	37	345	#
476	906.527	2	3	4	17	18	19	20	32	33	34	35	50	51	345	#
477	1381.38	103	106	119	120	122	123	135	136	137	138	139	140	151	152	153	155	156	157	171	346	#
478	1869.9	124	125	137	138	139	140	153	154	155	156	157	158	169	170	171	172	173	174	187	346	#
479	1627.63	123	124	125	138	139	140	141	155	156	157	170	171	172	173	188	204	205	220	221	346	#
480	1622.7	51	54	67	136	137	138	154	155	156	170	171	172	173	174	181	187	188	189	203	346	#
481	1570.92	96	110	122	135	136	137	138	139	140	150	151	152	154	155	157	167	170	171	237	346	#
482	1500.59	108	123	124	125	139	140	141	143	155	156	157	158	159	173	174	175	189	190	191	346	#
483	1032.66	22	23	37	38	39	40	41	51	52	53	54	55	70	71	72	87	108	347	#
484	1373.65	25	26	27	41	42	57	72	73	132	146	147	148	160	161	162	163	164	347	#
485	1297.1	36	38	51	52	53	54	70	86	101	102	117	118	119	120	135	221	222	347	#
486	1218.19	5	6	21	36	37	38	39	40	41	51	52	53	54	55	70	71	72	347	#
487	1143.24	4	5	6	7	10	22	23	25	26	38	39	40	41	42	54	55	125	347	#
488	1080.15	9	25	26	41	93	108	109	110	124	125	126	127	139	140	141	143	157	347	#
489	117.525	205	#
490	212.727	70	87	252	348	#
491	222.035	86	87	103	348	#
492	203.177	69	70	85	348	#
493	162.046	236	251	252	348	#
494	664.2	97	113	128	144	145	160	161	176	177	192	193	208	209	349	#
495	900.14	90	91	106	107	112	128	144	145	153	160	176	177	192	349	#
496	897.871	112	113	128	129	144	145	160	161	162	163	178	179	180	349	#
497	860.217	128	129	144	145	146	162	163	178	179	192	193	194	208	349	#
498	809.419	49	65	66	80	81	96	97	113	128	129	144	145	146	349	#
499	750.461	96	112	128	129	144	145	146	160	161	162	176	177	192	349	#
500	1056.05	100	102	113	114	115	116	117	118	129	130	131	132	133	145	146	147	160	161	164	177	350	#
501	1543.91	80	82	83	97	99	113	114	115	116	129	130	131	132	133	146	147	148	149	164	180	350	#
502	1441.91	97	99	100	101	102	113	114	115	116	117	118	130	131	132	133	134	147	148	149	165	350	#
503	1436.94	96	112	113	114	115	116	117	128	129	130	131	132	133	147	148	149	150	163	164	165	350	#
504	1373.94	113	114	115	116	128	129	130	131	132	133	145	146	147	148	149	150	162	165	166	182	350	#
505	1328.21	15	28	29	30	31	44	45	46	59	60	61	99	100	101	102	115	116	131	132	133	350	#
506	50.4353	222	#
507	558.344	78	79	94	95	110	111	351	#
508	584.646	94	95	109	110	111	126	351	#
509	571.049	78	94	95	110	111	126	351	#
510	513.896	110	111	121	122	138	139	351	#
511	491.004	62	63	78	79	94	95	351	#
512	421.879	77	78	79	93	95	111	351	#
513	298.769	4	5	6	19	20	21	37	53	352	#
514	387.862	4	5	6	7	19	20	21	22	352	#
515	381.795	4	5	6	19	20	21	36	37	352	#
516	374.392	5	6	7	20	21	22	23	39	352	#
517	305.628	5	6	20	21	35	36	37	53	352	#
518	272.816	20	21	36	37	52	53	68	84	352	#
519	104.229	213	229	353	#
520	104.378	213	214	353	#
521	67.1542	229	230	353	#
522	246.768	54	55	354	#
523	166.818	54	70	354	#
524	373.951	81	82	97	99	112	355	#
525	414.112	81	82	97	99	100	355	#
526	298.842	83	99	115	116	131	355	#
527	241.042	64	80	81	96	97	355	#
528	236.068	112	128	129	145	146	355	#
529	225.325	64	65	80	81	94	355	#
530	248.198	124	125	139	140	156	157	158	172	173	356	#
531	363.807	155	157	158	171	172	173	175	187	188	356	#
532	355.631	94	95	109	110	111	124	125	126	142	356	#
533	312.638	108	124	138	139	140	141	156	157	173	356	#
534	265.802	157	159	173	174	175	189	190	205	206	356	#
535	191.236	123	139	140	155	193	194	230	231	247	356	#
536	97.6624	234	235	357	#
537	133.814	233	234	357	#
538	128.891	235	251	357	#
539	551.738	112	128	129	144	145	160	161	171	358	#
540	791.27	113	129	145	160	161	176	177	184	358	#
541	651.652	96	112	113	128	129	144	146	162	358	#
542	649.823	96	112	113	128	129	130	144	145	358	#
543	642.603	112	113	114	128	129	130	146	162	358	#
544	611.944	127	144	145	160	161	162	176	177	358	#
545	599.645	135	151	166	167	168	169	183	359	#
546	506.761	87	103	120	134	135	136	151	359	#
547	504.063	102	117	118	150	151	166	167	359	#
548	383.707	164	165	166	167	181	183	200	359	#
549	363.133	62	77	78	93	94	183	199	359	#
550	350.418	32	48	151	152	166	167	168	359	#
551	360.213	37	52	53	68	69	84	85	360	#
552	480.734	4	19	20	21	22	36	37	360	#
553	458.986	21	37	53	69	84	85	101	360	#
554	437.058	51	52	53	68	69	70	71	360	#
555	395.145	52	53	67	68	69	84	85	360	#
556	329.397	31	66	68	82	83	84	98	360	#
557	69.1872	35	#
558	434.703	105	121	135	136	137	150	151	152	168	361	#
559	547.503	58	74	88	89	90	103	104	105	222	361	#
560	542.372	118	119	134	135	136	137	138	151	152	361	#
561	487.453	89	105	106	107	121	122	124	138	139	361	#
562	465.474	88	104	119	120	134	135	136	150	151	361	#
563	367.928	117	118	119	120	134	135	136	137	151	361	#
564	323.699	25	26	27	28	29	362	#
565	462.846	25	26	27	41	57	362	#
566	334.671	9	24	25	41	57	362	#
567	270.238	11	12	26	27	41	362	#
568	122.125	27	28	43	59	61	362	#
569	313.518	199	214	215	216	230	363	#
570	440.303	201	214	215	216	217	363	#
571	357.199	214	215	216	229	230	363	#
572	340.86	128	182	198	199	215	363	#
573	333.305	199	214	215	229	230	363	#
574	175.87	211	228	244	364	#
575	224.29	211	227	228	364	#
576	321.637	87	103	104	113	114	120	136	365	#
577	435.691	73	88	89	104	120	135	136	365	#
578	336.759	64	80	97	113	114	129	130	365	#
579	307.548	118	119	120	135	136	137	138	365	#
580	222.983	103	117	118	119	120	135	136	365	#
581	154.652	83	85	86	87	103	104	119	365	#
582	493.114	119	120	181	189	197	205	213	214	221	366	#
583	619.618	39	118	119	120	133	134	135	136	152	366	#
584	598.419	220	221	235	236	237	238	239	253	254	366	#
585	591.312	180	181	196	197	213	214	229	230	245	366	#
586	578.3	214	215	216	217	229	230	231	244	245	366	#
587	513.416	1	173	188	189	204	205	206	222	223	366	#
588	911.186	104	118	119	120	132	135	136	149	150	151	152	163	164	165	166	367	#
589	1261.58	118	119	123	124	125	134	135	136	137	138	139	140	151	152	167	367	#
590	1106.44	118	119	120	134	135	136	137	138	150	151	152	153	166	167	168	367	#
591	1033.62	103	118	119	132	134	135	136	137	148	149	150	151	164	165	227	367	#
592	1029.91	113	114	129	130	131	144	145	146	147	160	163	164	178	194	195	367	#
593	985.895	48	104	118	119	120	121	122	132	135	136	137	149	150	151	152	367	#
594	131.582	104	119	120	368	#
595	172.188	103	104	120	368	#
596	164.502	103	119	120	368	#
597	127.286	119	120	135	368	#
598	322.345	60	62	63	75	76	77	369	#
599	398.136	28	44	45	60	62	77	369	#
600	337.547	44	59	75	76	91	107	369	#
601	273.138	47	62	63	77	78	79	369	#
602	248.491	29	30	46	62	78	79	369	#
603	213.392	60	75	76	77	91	92	369	#
604	1114.41	60	61	62	63	76	77	78	79	94	110	174	195	211	227	228	242	243	244	370	#
605	1355.23	29	30	31	45	46	59	60	62	63	77	78	79	93	94	109	110	111	126	370	#
606	1319.07	0	27	28	29	30	43	44	45	46	57	59	60	74	75	76	90	91	92	370	#
607	1191.42	14	29	30	32	215	216	217	226	227	228	230	231	242	243	244	245	246	247	370	#
608	1185.37	29	30	46	61	62	63	77	78	79	93	94	95	108	109	110	111	126	142	370	#
609	1169.97	45	46	57	61	62	63	73	74	75	76	77	78	79	88	89	90	91	107	370	#
610	17.2474	172	#
611	517.807	27	28	29	30	43	44	45	58	60	74	76	77	371	#
612	763.251	10	11	12	13	24	25	26	27	28	29	41	57	371	#
613	730.205	12	14	28	29	30	45	46	113	114	115	131	148	371	#
614	728.036	11	12	13	26	27	28	42	43	57	58	74	89	371	#
615	689.167	26	27	41	42	43	57	58	73	74	75	76	90	371	#
616	686.53	26	27	42	43	44	57	58	59	74	75	89	90	371	#
617	106.212	73	74	75	89	372	#
618	138.631	46	73	89	217	372	#
619	133.892	73	89	90	105	372	#
620	123.282	58	73	74	75	372	#
621	118.605	59	75	91	92	372	#
622	77.9378	6	23	39	55	56	373	#
623	92.9782	39	55	56	72	73	373	#
624	77.9937	22	23	38	39	56	373	#
625	504.179	47	52	53	63	67	68	79	95	121	374	#
626	654.514	78	79	93	94	95	110	111	247	248	374	#
627	647.75	30	46	47	60	61	62	63	78	79	374	#
628	563.995	46	60	61	62	63	78	79	94	95	374	#
629	551.383	46	60	61	62	63	78	79	83	94	374	#
630	506.097	36	37	52	53	54	68	69	70	71	374	#
631	237.76	73	88	89	375	#
632	212.791	74	88	89	375	#
633	198.665	88	89	188	375	#
634	1016.11	27	28	64	65	67	80	81	82	83	84	97	113	194	376	#
635	1178.27	80	96	97	98	113	114	115	129	130	145	146	160	161	376	#
636	1121.37	75	80	81	82	91	92	96	97	98	99	113	114	129	376	#
637	1098.51	80	81	82	83	84	96	97	98	113	129	130	145	161	376	#
638	1097.8	48	49	64	65	80	81	82	83	96	98	99	100	115	376	#
639	1035.52	7	32	48	64	65	66	80	81	82	85	86	96	97	376	#
640	245.424	225	241	242	377	#
641	279.168	227	242	243	377	#
642	151.416	224	225	241	377	#
643	1563.57	66	67	68	69	80	81	82	83	84	85	99	100	101	102	103	113	114	115	116	117	118	119	130	131	132	133	134	135	150	378	#
644	2188.01	86	87	88	100	101	102	103	104	105	116	117	118	119	120	121	133	134	135	136	137	138	149	151	152	153	168	169	170	185	378	#
645	2150.2	10	24	25	26	40	41	82	83	88	91	99	100	101	103	104	116	117	118	119	120	132	133	134	135	136	148	149	164	165	378	#
646	2054.91	65	66	81	82	83	86	87	99	100	101	102	103	115	116	117	118	119	120	131	132	133	134	135	148	149	150	164	165	166	378	#
647	1997.68	76	86	87	92	102	103	104	116	117	118	119	120	134	135	136	149	150	151	152	163	164	165	166	167	168	182	183	198	199	378	#
648	1971.12	85	86	87	99	101	102	103	104	105	116	117	118	119	120	121	132	133	134	135	136	137	149	150	151	152	167	168	169	170	378	#
649	855.382	99	108	114	115	123	124	125	131	139	379	#
650	991.154	67	99	100	114	115	129	130	131	145	379	#
651	936.588	22	25	26	27	113	114	115	129	130	379	#
652	657.992	99	115	116	131	132	133	149	150	166	379	#
653	604.488	121	122	123	124	137	138	139	140	153	379	#
654	568.179	108	122	123	124	140	156	157	158	174	379	#
655	22.4264	13	#
656	295.341	59	60	76	77	380	#
657	305.468	60	76	77	92	380	#
658	243.324	60	61	62	77	380	#
659	111.219	59	104	120	136	380	#
660	84.0524	9	75	76	77	380	#
661	240.529	54	55	56	381	#
662	187.917	38	54	55	381	#
663	162.039	39	55	56	381	#
664	97.3537	243	255	382	#
665	73.4468	239	255	382	#
666	306.392	113	129	130	145	146	147	383	#
667	304.681	12	113	129	130	146	147	383	#
668	255.787	131	145	146	147	162	164	383	#
669	253.685	82	97	98	113	114	129	383	#
670	241.481	128	144	145	146	147	148	383	#
671	183.28	129	145	146	162	178	243	383	#
672	288.15	73	88	89	102	103	104	105	119	120	134	135	136	137	151	384	#
673	408.863	70	86	87	103	104	119	120	135	136	151	166	167	183	200	384	#
674	373.693	73	74	88	89	90	91	102	104	105	106	118	120	121	241	384	#
675	355.274	70	71	86	87	100	101	102	103	116	118	119	120	134	135	384	#
676	336.232	87	102	103	104	116	119	120	133	134	135	136	149	150	151	384	#
677	251.993	48	88	89	90	104	105	106	121	136	137	138	139	140	239	384	#
678	305	219	235	236	385	#
679	354.299	218	219	235	385	#
680	291.083	234	235	251	385	#
681	107.48	220	221	236	385	#
682	840.392	61	164	178	179	180	181	194	195	196	197	210	211	212	213	228	229	386	#
683	1220.35	45	46	47	61	62	76	77	78	79	92	94	95	110	111	125	126	386	#
684	1044.4	4	5	17	18	19	20	34	35	51	196	197	198	199	213	228	229	386	#
685	1033.23	195	196	197	211	212	213	214	227	228	229	230	242	243	244	245	246	386	#
686	1024.05	49	50	51	67	84	180	194	195	196	197	210	211	213	214	228	229	386	#
687	992.244	82	97	98	99	100	163	178	179	181	194	195	196	197	211	212	213	386	#
688	145.183	182	#
689	202.252	124	140	157	173	387	#
690	180.741	156	157	172	173	387	#
691	128.317	123	139	140	156	387	#
692	306.425	53	54	55	68	69	70	71	87	388	#
693	438.229	36	38	52	53	54	67	68	69	388	#
694	351.885	51	53	54	67	68	69	84	85	388	#
695	257.7	36	37	38	53	54	69	70	87	388	#
696	236.574	69	70	85	86	87	102	103	119	388	#
697	226.626	37	38	39	53	54	55	56	70	388	#
698	2262.44	35	50	59	60	61	65	66	70	75	77	78	80	81	82	83	84	85	87	93	94	95	96	97	98	99	100	101	103	104	105	113	114	115	116	117	118	119	120	131	132	133	147	148	149	150	165	166	182	389	#
699	3262.5	22	38	54	113	114	115	118	128	129	130	131	132	133	134	144	145	146	147	148	149	161	162	163	164	165	176	177	178	180	181	182	193	194	195	196	197	209	210	211	212	213	224	226	227	228	229	242	244	389	#
700	3206	19	20	21	22	23	35	36	37	38	39	48	50	51	52	53	54	64	65	66	67	68	69	70	71	72	80	81	82	83	84	85	86	96	97	98	99	101	102	112	113	114	115	129	130	131	146	154	170	389	#
701	3122.11	18	19	20	83	85	99	100	101	113	115	116	118	128	129	130	131	132	133	144	145	146	147	148	149	150	151	152	161	162	163	164	165	166	167	168	178	179	180	181	194	195	210	211	221	236	237	238	254	389	#
702	3077.77	6	8	9	22	23	24	25	26	34	38	39	40	50	52	54	55	64	65	66	67	68	69	70	80	81	82	83	84	85	86	87	96	97	98	99	100	101	102	103	112	113	118	128	129	144	145	146	161	389	#
703	3063.85	21	22	23	36	37	38	39	53	66	67	68	69	81	82	83	84	85	93	94	95	99	102	109	110	111	114	115	116	117	118	125	126	127	129	130	131	132	133	142	145	146	147	148	149	161	163	164	177	389	#
704	445.383	62	63	78	79	390	#
705	421.546	60	61	62	63	390	#
706	369.843	61	62	78	83	390	#
707	2431.97	16	18	32	34	48	49	50	51	52	64	65	66	67	80	81	94	110	126	142	143	156	157	158	159	170	171	172	173	174	175	187	188	189	190	191	203	204	206	207	391	#
708	2590.98	6	7	23	34	49	50	51	52	64	65	66	67	80	81	82	83	96	97	98	99	100	115	116	117	127	140	143	157	158	159	172	173	174	175	189	190	191	206	207	391	#
709	2510.26	1	2	3	4	6	16	17	18	19	20	21	22	32	34	35	36	48	49	50	51	52	53	64	65	66	67	68	69	70	71	80	81	82	83	84	96	97	99	112	391	#
710	2508.08	0	1	2	3	4	16	17	18	19	20	32	33	34	35	48	49	50	51	52	53	54	64	65	66	67	68	69	80	81	82	83	84	97	98	99	115	116	154	170	391	#
711	2472.45	1	2	3	8	9	16	17	18	19	27	28	33	34	35	36	42	43	50	51	52	53	57	58	59	60	65	66	67	68	81	82	84	147	162	163	164	165	166	179	391	#
712	2459.74	1	2	3	4	16	17	18	19	20	21	33	34	35	36	37	38	49	50	51	52	53	54	55	64	65	66	67	68	69	70	80	81	82	83	86	97	98	99	199	391	#
713	117.941	75	91	#
714	228.887	4	19	35	36	37	38	51	52	53	67	68	84	392	#
715	298.848	19	20	35	36	52	53	54	67	68	69	70	84	392	#
716	288.449	16	32	35	36	37	52	53	54	55	67	68	84	392	#
717	257.875	36	37	52	53	69	70	85	100	101	117	215	216	392	#
718	215.179	36	37	51	52	53	67	68	69	83	84	85	99	392	#
719	788.561	113	128	129	144	145	160	161	176	177	192	393	#
720	1090.96	112	113	114	115	128	129	130	146	147	164	393	#
721	959.012	82	83	99	113	114	115	128	129	130	131	393	#
722	785.821	176	188	202	203	204	218	219	234	235	236	393	#
723	778.941	2	112	128	129	144	145	146	147	160	176	393	#
724	690.308	128	144	145	158	160	172	175	176	191	207	393	#
725	71.9278	215	230	394	#
726	69.7206	214	215	394	#
727	69.5695	57	#
728	866.944	30	44	46	47	59	60	61	62	63	77	78	79	93	220	395	#
729	1091.83	188	202	204	218	219	220	221	235	236	237	251	252	253	254	395	#
730	931.75	59	60	75	76	90	91	92	105	106	107	108	122	123	124	395	#
731	912.534	46	47	61	62	63	78	79	80	81	97	98	112	113	128	395	#
732	845.246	2	3	18	19	28	44	59	60	61	62	77	93	94	109	395	#
733	777.827	44	59	60	61	62	76	77	78	93	94	108	109	110	124	395	#
734	470.936	10	24	25	26	27	40	41	42	43	58	396	#
735	641.304	10	11	24	25	26	27	40	61	76	77	396	#
736	601.474	43	57	58	73	74	75	76	88	89	90	396	#
737	568.546	26	27	41	42	43	44	59	60	61	75	396	#
738	514.266	5	6	23	39	40	81	82	98	226	242	396	#
739	358.017	8	9	10	12	24	25	26	27	28	42	396	#
740	326.203	230	231	232	246	247	248	397	#
741	404.184	214	216	230	232	247	248	397	#
742	360.675	214	215	216	228	229	230	397	#
743	298.007	162	215	230	231	246	247	397	#
744	639.785	87	118	119	184	200	201	215	216	217	232	233	234	247	249	398	#
745	921.455	201	203	204	205	216	217	218	220	221	232	233	234	249	250	398	#
746	871.299	90	103	104	105	106	119	135	201	202	217	218	233	234	235	398	#
747	737.978	51	169	170	182	183	184	185	186	199	200	201	202	218	234	398	#
748	723.877	184	199	200	214	215	216	217	232	233	234	235	247	249	250	398	#
749	571.126	135	151	164	165	166	167	181	182	183	184	185	200	201	241	398	#
750	574.758	203	205	206	218	220	221	237	238	239	253	254	255	399	#
751	760.322	188	199	202	203	204	215	216	217	218	219	220	233	399	#
752	680.086	142	158	159	174	175	190	191	206	220	221	222	223	399	#
753	599.424	190	205	206	221	222	237	238	239	252	253	254	255	399	#
754	571.849	62	218	219	220	236	237	238	239	252	253	254	255	399	#
755	565.439	204	219	220	221	236	237	238	239	252	253	254	255	399	#
756	166.87	151	167	#
757	215.362	5	20	21	400	#
758	184.395	5	21	22	400	#
759	78.3259	21	37	53	400	#
760	55.4859	20	36	53	400	#
761	367.927	25	26	41	42	43	56	57	58	73	74	401	#
762	493.397	9	24	25	26	27	41	57	72	73	98	401	#
763	481.798	11	25	26	27	41	42	43	57	58	73	401	#
764	428.895	39	55	56	57	72	73	88	89	104	105	401	#
765	383.334	41	42	43	57	59	60	74	75	76	77	401	#
766	353.62	39	40	41	42	43	55	56	57	58	71	401	#
767	1303.7	76	89	90	91	92	107	108	109	110	121	122	123	124	125	138	141	154	157	402	#
768	1391.43	5	20	21	36	73	74	75	89	90	91	107	108	109	122	123	124	125	139	402	#
769	1267.73	90	91	99	107	108	114	115	116	124	125	140	141	156	157	172	173	188	189	402	#
770	1233.47	36	52	53	69	109	123	124	125	139	140	141	156	157	158	159	172	173	174	402	#
771	1193.17	62	74	75	77	78	90	91	92	93	107	108	109	110	122	123	124	138	139	402	#
772	1190.44	61	93	94	107	108	109	122	123	124	125	138	139	140	141	156	157	172	173	402	#
773	4.38866	71	#
774	720.666	0	2	3	4	5	16	17	18	19	34	403	#
775	911.264	4	5	19	20	21	66	67	81	82	84	403	#
776	894.072	0	2	3	4	16	17	18	19	20	21	403	#
777	832.992	2	3	4	5	18	19	20	21	37	38	403	#
778	764.364	0	1	2	16	17	18	32	33	48	49	403	#
779	736.27	16	17	33	34	49	50	51	62	65	66	403	#
780	263.247	96	112	164	180	188	204	404	#
781	364.746	178	179	180	181	193	197	404	#
782	318.973	172	187	188	203	204	219	404	#
783	292.183	66	80	81	82	96	112	404	#
784	253.424	202	203	204	218	220	236	404	#
785	157.012	96	97	98	112	128	129	404	#
786	1058.83	54	61	69	70	125	126	139	140	141	155	156	157	171	172	173	174	187	188	189	190	405	#
787	1523.39	25	41	42	56	57	58	71	72	73	74	89	90	105	109	110	111	126	127	142	143	405	#
788	1481	91	140	155	156	157	170	171	172	173	186	187	188	189	202	203	204	205	217	218	219	405	#
789	1414.46	122	136	137	138	139	140	141	153	154	155	156	157	170	171	172	173	187	193	194	203	405	#
790	1401.52	119	120	124	135	136	139	140	141	151	152	153	154	155	156	157	168	169	172	185	186	405	#
791	1395.68	91	107	108	110	123	124	125	126	139	140	142	154	155	169	170	171	185	186	187	202	405	#
792	201.274	139	155	406	#
793	253.828	138	139	406	#
794	1079.95	22	23	37	38	39	55	69	85	146	147	148	161	162	163	164	165	178	407	#
795	1447.83	5	6	20	21	22	23	36	38	39	54	55	56	69	70	71	86	147	407	#
796	1336.11	3	4	5	18	19	20	21	36	37	38	53	54	68	69	108	109	167	407	#
797	1276.67	37	38	39	54	55	56	68	69	70	71	85	86	102	117	118	119	133	407	#
798	1260.48	35	36	37	51	52	53	54	67	68	69	70	84	85	86	87	100	101	407	#
799	1187.54	5	6	7	20	21	22	23	36	37	39	52	53	55	220	235	236	237	407	#
800	1078.8	64	65	80	81	187	203	216	217	218	219	232	233	234	235	236	408	#
801	1201.85	34	50	64	65	66	80	81	82	83	96	97	98	99	112	128	408	#
802	1155.55	167	183	186	199	202	203	204	205	206	217	218	219	220	233	234	408	#
803	1116.71	187	203	204	205	206	207	218	219	220	221	234	235	236	237	252	408	#
804	1084.61	186	202	203	217	218	219	220	221	234	235	236	237	251	252	253	408	#
805	1073.25	33	34	35	97	113	128	129	187	202	203	218	219	220	234	235	408	#
806	410.499	91	92	107	108	123	124	139	140	156	184	409	#
807	577.892	41	42	57	64	80	81	92	97	113	129	409	#
808	537.809	167	182	183	184	185	186	199	200	201	250	409	#
809	518.899	154	155	156	158	171	172	173	174	189	243	409	#
810	483.919	122	123	124	139	140	157	158	172	173	175	409	#
811	233.343	74	75	91	106	107	108	122	123	124	138	409	#
812	0.682192	48	#
813	1159.78	73	74	89	90	91	92	105	106	107	108	109	110	121	122	124	126	142	180	410	#
814	1236.63	90	91	106	107	108	109	110	111	124	125	126	139	140	141	142	156	172	243	410	#
815	1224.1	74	88	89	90	91	93	94	104	106	107	108	109	124	125	126	139	140	156	410	#
816	1169.74	62	63	77	78	93	94	95	108	109	110	111	125	126	127	141	142	143	158	410	#
817	1144.9	93	94	95	109	110	111	124	125	126	127	140	141	142	143	156	157	172	188	410	#
818	1090.55	62	78	93	94	95	108	109	110	111	124	125	126	127	142	143	158	159	175	410	#
819	278.814	52	53	54	69	411	#
820	326.048	67	68	69	85	411	#
821	306.134	52	53	54	68	411	#
822	106.675	36	38	53	54	411	#
823	977.742	82	83	84	98	99	100	101	115	116	117	216	217	412	#
824	1057.85	53	66	67	68	81	82	83	84	85	86	99	100	412	#
825	1007.26	50	51	66	80	81	82	83	97	98	99	115	131	412	#
826	964.917	64	66	80	81	82	83	84	96	97	98	99	113	412	#
827	962.443	99	100	115	116	123	139	140	153	154	155	156	170	412	#
828	829.648	199	215	216	217	218	230	231	232	233	247	248	249	412	#
829	105.869	192	#
830	353.475	108	124	140	157	173	413	#
831	522.523	172	173	188	189	204	413	#
832	374.13	91	107	108	109	124	413	#
833	335.189	108	121	124	139	140	413	#
834	168.134	139	140	141	154	155	413	#
835	27.9958	140	141	148	157	158	413	#
836	404.376	22	37	38	39	40	414	#
837	359.734	23	37	38	39	40	414	#
838	314.825	24	25	40	41	42	414	#
839	216.253	23	39	40	41	55	414	#
840	212.185	6	22	23	38	54	414	#
841	185.707	36	37	38	54	73	414	#
842	1305.98	0	1	2	3	16	17	18	32	33	34	35	48	49	50	51	52	64	66	67	80	96	97	98	415	#
843	1711.55	33	34	35	36	48	49	51	52	53	62	66	67	78	79	82	83	94	95	109	110	111	222	223	415	#
844	1689.77	49	50	51	65	66	67	80	81	82	83	96	97	98	99	100	116	117	132	133	134	135	148	149	415	#
845	1683.82	20	32	33	34	35	36	48	49	50	51	52	64	65	66	67	68	82	84	85	100	101	173	215	415	#
846	1667.92	33	34	35	36	37	49	50	51	52	65	66	67	68	69	70	80	81	83	84	85	86	99	102	415	#
847	1605.62	16	17	32	33	34	35	36	48	49	50	51	52	53	64	65	66	67	81	82	83	84	99	115	415	#
848	34.1175	181	197	198	213	214	#
849	667.199	167	181	182	183	184	197	198	199	200	201	214	215	216	229	230	231	416	#
850	939.172	201	202	203	214	215	216	217	218	229	230	231	232	233	234	246	247	416	#
851	914.435	154	164	168	169	170	171	182	183	184	185	199	200	201	216	217	233	416	#
852	880.568	132	149	163	164	165	181	182	183	185	197	198	200	201	217	218	233	416	#
853	862.962	94	197	199	212	213	214	215	228	229	230	231	244	245	246	247	248	416	#
854	838.304	155	156	164	171	172	180	188	189	196	197	204	213	214	228	229	230	416	#
855	718.398	5	20	21	22	23	37	38	39	40	53	55	56	417	#
856	1038.96	23	38	39	55	56	57	225	226	242	243	244	245	417	#
857	979.019	6	7	21	22	23	38	39	42	54	56	57	108	417	#
858	914.424	6	21	22	23	38	39	54	70	71	86	87	112	417	#
859	905.755	6	20	21	22	23	38	39	40	53	54	55	56	417	#
860	900.245	22	23	38	39	53	54	55	56	57	70	71	86	417	#
861	261.446	70	85	86	418	#
862	307.379	70	71	86	418	#
863	239.106	70	71	87	418	#
864	188.428	69	84	85	418	#
865	652.987	142	143	158	159	174	175	190	419	#
866	743.392	158	159	174	175	189	190	191	419	#
867	660.63	143	157	158	159	174	175	191	419	#
868	653.336	142	143	158	159	174	175	191	419	#
869	575.341	131	147	148	149	157	173	174	419	#
870	565.078	143	157	158	159	173	174	175	419	#
871	577.533	99	100	116	117	131	132	133	134	148	149	150	420	#
872	858.519	150	151	162	163	164	165	166	167	178	184	200	420	#
873	792.417	100	116	131	132	133	134	135	136	149	150	151	420	#
874	732.091	117	118	132	133	134	149	150	151	164	165	167	420	#
875	602.317	113	116	128	129	131	132	133	145	146	147	148	420	#
876	588.165	93	99	100	115	116	131	132	133	134	148	149	420	#
877	681.52	19	20	34	35	50	51	52	53	54	66	67	68	69	70	71	84	238	421	#
878	1014.52	36	52	53	65	66	67	68	69	80	81	82	83	84	97	98	99	113	421	#
879	984.377	3	4	8	19	20	34	35	49	50	51	52	66	67	68	80	81	84	421	#
880	905.654	5	18	20	21	22	34	35	36	37	51	52	53	67	68	69	84	164	421	#
881	859.816	2	3	4	5	18	19	20	21	22	35	36	51	52	53	68	224	225	421	#
882	852.148	35	51	52	53	54	55	67	68	69	70	71	72	86	87	208	209	224	421	#
883	184.349	83	84	422	#
884	177.937	84	170	422	#
885	175.946	82	83	422	#
886	1686.66	2	3	4	5	6	7	17	18	19	20	21	22	23	35	36	37	38	39	51	52	53	54	55	56	67	68	69	70	71	84	87	423	#
887	2212.7	51	52	53	66	67	68	69	70	71	82	83	84	85	99	116	128	144	145	160	161	162	177	187	188	202	203	204	205	218	219	220	423	#
888	2037.01	3	4	5	18	19	20	21	22	23	36	37	38	39	52	53	54	55	56	57	66	67	68	69	70	84	85	86	87	102	103	104	423	#
889	1986.56	21	22	36	37	38	39	52	53	54	55	67	68	69	70	71	86	87	100	101	102	103	113	129	180	181	182	196	197	198	212	213	423	#
890	1966.65	4	5	6	12	13	20	21	36	37	38	50	51	52	53	54	55	66	67	68	69	71	84	85	95	109	110	111	152	154	155	170	423	#
891	1962.97	3	4	5	6	7	18	19	20	21	22	23	24	25	36	37	38	39	40	41	54	55	56	72	73	202	203	218	219	234	235	250	423	#
892	279.508	178	193	194	424	#
893	252.924	193	194	209	424	#
894	224.437	163	178	179	424	#
895	1443.45	3	4	5	19	20	21	22	33	34	35	48	49	50	51	66	77	78	79	93	94	95	110	111	425	#
896	1715.02	20	34	35	36	50	51	52	55	67	68	70	71	72	86	87	89	90	106	128	173	174	189	190	425	#
897	1649.14	30	31	44	45	46	47	60	61	62	63	76	77	78	79	91	92	93	94	95	108	109	110	111	425	#
898	1586.81	20	33	34	35	36	50	51	52	53	65	66	67	69	70	81	82	83	84	85	86	101	117	118	425	#
899	1579.09	4	5	6	7	19	20	21	22	23	35	36	37	38	39	40	50	51	52	55	68	71	84	85	425	#
900	1566.47	33	34	35	48	49	50	51	52	53	64	65	66	67	68	69	80	81	82	83	84	85	96	112	425	#
901	36.0348	105	106	426	#
902	39.8517	90	106	426	#
903	15.0725	105	200	426	#
904	1497.63	4	5	6	7	19	20	21	22	23	36	37	38	39	52	53	54	55	56	67	68	69	70	71	72	73	85	87	89	427	#
905	1935.91	14	26	27	30	42	43	46	47	57	58	59	60	62	72	73	74	75	76	77	78	79	89	90	91	104	105	106	120	427	#
906	1911.02	4	5	6	7	13	20	21	22	29	30	35	36	37	38	49	50	51	52	53	66	67	68	69	70	84	85	86	87	427	#
907	1905.49	5	6	20	21	23	35	36	37	38	49	50	51	52	53	66	67	68	69	70	83	84	85	86	87	99	101	102	103	427	#
908	1897.1	5	6	20	21	23	37	38	39	51	52	53	54	67	68	69	70	71	83	84	85	86	87	100	101	102	117	133	222	427	#
909	1865.65	3	4	5	19	20	21	22	33	34	35	36	37	38	49	50	51	52	53	67	68	69	70	71	84	85	86	87	101	427	#
910	560.232	179	180	181	195	196	197	198	211	212	213	428	#
911	835.121	147	164	170	171	172	179	180	181	182	183	428	#
912	729.02	62	63	78	178	180	194	195	196	197	212	428	#
913	718.76	178	179	192	193	194	195	196	210	211	212	428	#
914	665.546	60	75	76	77	78	79	93	197	212	213	428	#
915	591.073	31	180	181	194	195	196	197	210	211	212	428	#
916	253.329	161	177	193	429	#
917	354.577	176	192	193	429	#
918	280.72	177	193	194	429	#
919	256.599	161	162	177	429	#
920	91.9492	97	113	430	#
921	122.793	96	97	430	#
922	116.814	113	129	430	#
923	385.421	13	15	29	30	31	45	60	431	#
924	554.096	12	13	27	28	29	44	60	431	#
925	384.258	12	13	28	29	30	31	45	431	#
926	373.206	12	13	14	29	84	178	194	431	#
927	340.614	42	43	44	45	58	59	60	431	#
928	302.338	12	15	28	29	30	31	44	431	#
929	1010.14	88	89	90	103	104	105	106	119	120	135	136	151	166	167	168	183	432	#
930	1198.29	136	152	163	164	165	166	167	168	180	181	187	203	218	219	235	251	432	#
931	1196	26	42	57	70	71	85	86	87	88	89	103	104	105	119	135	136	432	#
932	1133.91	70	71	86	87	102	103	114	119	120	135	136	137	151	152	168	200	432	#
933	1116.36	135	136	151	152	167	168	182	183	184	197	198	199	200	201	215	216	432	#
934	1112.14	21	22	60	120	132	134	135	136	137	149	150	151	166	167	182	183	432	#
935	198.873	13	28	29	210	433	#
936	289.552	193	194	209	210	433	#
937	241.758	243	244	245	434	#
938	268.247	227	243	244	434	#
939	102.339	133	243	244	434	#
940	458.334	9	10	11	12	13	14	24	25	26	27	40	41	43	82	83	87	435	#
941	671.65	9	10	11	12	23	24	25	26	27	38	39	40	41	42	43	44	435	#
942	491.833	8	9	10	11	12	24	25	26	27	40	41	42	43	57	58	74	435	#
943	297.035	9	11	25	26	27	41	99	100	115	116	131	132	133	149	165	223	435	#
944	798.149	11	12	13	14	15	27	28	29	30	31	43	44	60	436	#
945	992.428	13	14	15	28	29	30	31	46	47	62	63	76	77	436	#
946	975.595	12	13	14	28	29	30	31	43	44	45	222	238	239	436	#
947	883.238	14	15	30	31	44	45	46	47	60	61	62	63	79	436	#
948	874.102	11	12	13	14	28	29	30	44	45	194	195	210	211	436	#
949	847.454	11	12	13	14	15	28	29	30	31	43	44	45	46	436	#
950	210.799	71	72	73	74	89	437	#
951	304.597	74	89	90	106	107	437	#
952	253.762	39	56	71	72	73	437	#
953	216.487	73	74	88	89	90	437	#
954	357.799	219	220	234	235	438	#
955	430.361	217	218	234	235	438	#
956	378.733	216	217	233	234	438	#
957	285.468	219	220	236	237	438	#
958	256.666	220	221	235	236	438	#
959	1571.13	46	47	53	55	56	68	69	70	71	72	73	74	84	85	86	87	89	101	102	103	105	106	107	117	118	119	120	134	135	147	150	166	439	#
960	2184.71	19	20	21	35	36	37	38	51	52	53	68	69	70	71	72	73	78	84	85	86	87	100	101	102	103	116	117	216	232	246	247	248	439	#
961	2046.91	1	3	17	18	19	20	32	33	34	35	36	50	51	52	53	66	67	68	69	81	82	83	84	85	86	87	97	100	101	102	117	118	439	#
962	2012.8	10	11	12	13	14	15	26	27	28	29	30	31	42	43	44	45	46	47	57	59	60	61	62	63	75	76	77	79	93	107	108	109	439	#
963	1983.81	6	22	23	24	25	26	37	38	39	40	41	53	54	55	56	68	69	70	71	72	73	85	86	87	102	103	202	203	218	233	234	250	439	#
964	1939.09	33	47	49	50	51	52	56	57	59	60	61	62	63	64	65	66	68	72	73	74	75	76	77	78	80	81	89	91	93	97	98	113	439	#
965	70.7521	191	#
966	726.502	181	182	183	197	198	199	200	201	214	215	440	#
967	859.064	182	183	197	198	199	200	201	213	247	248	440	#
968	834.805	183	199	200	201	213	214	215	228	229	245	440	#
969	760.634	213	214	215	227	228	229	230	243	244	245	440	#
970	645.405	182	183	184	199	200	215	216	230	246	247	440	#
971	645.377	169	181	182	183	184	185	198	199	200	201	440	#
972	98.588	219	220	234	235	236	237	251	441	#
973	187.057	202	203	219	235	236	251	252	441	#
974	111.586	217	218	232	233	234	249	250	441	#
975	159.045	175	188	189	190	191	206	442	#
976	215.671	172	173	174	188	189	190	442	#
977	201.681	174	189	190	205	206	207	442	#
978	194.749	156	171	172	187	188	204	442	#
979	903.47	4	5	20	21	36	37	51	52	53	54	55	67	68	69	70	84	85	443	#
980	1267.21	36	52	53	54	64	65	66	67	68	69	70	80	81	84	87	96	97	443	#
981	1209.22	5	19	20	36	52	53	54	55	65	66	67	68	69	83	84	85	187	443	#
982	1204.33	0	16	44	52	60	66	67	68	69	82	83	84	85	86	99	100	115	443	#
983	1145.16	50	52	53	66	67	68	69	83	84	85	86	99	100	101	102	118	199	443	#
984	1078.52	5	20	21	35	36	51	52	53	54	66	67	68	69	70	86	87	103	443	#
985	116.864	159	175	190	191	207	#
986	567.795	1	2	3	4	17	18	19	20	21	22	33	444	#
987	699.696	4	5	6	19	20	21	22	23	38	54	88	444	#
988	674.188	4	5	6	7	19	20	21	22	23	38	39	444	#
989	615.368	4	5	19	20	21	145	146	160	161	177	193	444	#
990	589.76	4	5	6	20	21	22	23	36	37	38	39	444	#
991	566.069	16	17	23	32	33	38	39	40	48	95	104	444	#
992	207.131	188	189	190	445	#
993	159.758	189	190	206	445	#
994	138.141	157	173	189	445	#
995	501.147	8	9	10	11	12	25	26	27	28	29	39	40	41	42	45	55	446	#
996	734.468	11	12	13	28	29	43	44	45	46	60	61	62	75	76	77	92	446	#
997	669.524	20	21	22	23	36	37	38	39	40	52	53	54	55	56	68	84	446	#
998	658.764	11	12	13	27	28	29	30	31	43	44	45	51	52	60	67	68	446	#
999	653.532	26	27	39	40	41	42	43	55	56	57	58	73	74	75	90	106	446	#
1000	651.125	10	12	25	26	27	28	41	42	43	44	59	60	61	76	77	78	446	#
