%% File generated by CATS v.2.1Mon Jul  4 11:09:29 2011

%% The CATS webpage is http://robotics.stanford.edu/CATS

%% PARAMETER SETTINGS:
% Goods: 500; Bids: 1000; Distribution: scheduling; Runs: 1; Seed: 1309806792
% Scheduling Distribution Parameters:
% max_length                = 10
% deviation                 = 0.500000
% prob_additional_deadline  = 0.700000
% additivity                = 0.200000



goods 500
bids 1429
dummy 3

0	3.50515	0	1	2	500	#
1	3.50515	1	2	3	500	#
2	3.50515	2	3	4	500	#
3	3.50515	3	4	5	500	#
4	3.50515	4	5	6	500	#
5	3.50515	5	6	7	500	#
6	3.50515	6	7	8	500	#
7	3.50515	7	8	9	500	#
8	3.50515	8	9	10	500	#
9	3.50515	9	10	11	500	#
10	3.50515	10	11	12	500	#
11	3.50515	11	12	13	500	#
12	3.50515	12	13	14	500	#
13	3.50515	13	14	15	500	#
14	3.50515	14	15	16	500	#
15	3.50515	15	16	17	500	#
16	3.50515	16	17	18	500	#
17	3.50515	17	18	19	500	#
18	3.50515	18	19	20	500	#
19	3.50515	19	20	21	500	#
20	3.50515	20	21	22	500	#
21	3.50515	21	22	23	500	#
22	3.50515	22	23	24	500	#
23	3.50515	23	24	25	500	#
24	3.50515	24	25	26	500	#
25	3.50515	25	26	27	500	#
26	3.50515	26	27	28	500	#
27	3.50515	27	28	29	500	#
28	3.50515	28	29	30	500	#
29	3.50515	29	30	31	500	#
30	3.50515	30	31	32	500	#
31	3.50515	31	32	33	500	#
32	3.50515	32	33	34	500	#
33	3.50515	33	34	35	500	#
34	3.50515	34	35	36	500	#
35	3.50515	35	36	37	500	#
36	3.50515	36	37	38	500	#
37	3.50515	37	38	39	500	#
38	3.50515	38	39	40	500	#
39	3.50515	39	40	41	500	#
40	3.50515	40	41	42	500	#
41	3.50515	41	42	43	500	#
42	3.50515	42	43	44	500	#
43	3.50515	43	44	45	500	#
44	3.50515	44	45	46	500	#
45	3.50515	45	46	47	500	#
46	3.50515	46	47	48	500	#
47	3.50515	47	48	49	500	#
48	3.50515	48	49	50	500	#
49	3.50515	49	50	51	500	#
50	3.50515	50	51	52	500	#
51	3.50515	51	52	53	500	#
52	3.50515	52	53	54	500	#
53	3.50515	53	54	55	500	#
54	3.50515	54	55	56	500	#
55	3.50515	55	56	57	500	#
56	3.50515	56	57	58	500	#
57	3.50515	57	58	59	500	#
58	3.50515	58	59	60	500	#
59	3.50515	59	60	61	500	#
60	3.50515	60	61	62	500	#
61	3.50515	61	62	63	500	#
62	3.50515	62	63	64	500	#
63	3.50515	63	64	65	500	#
64	3.50515	64	65	66	500	#
65	3.50515	65	66	67	500	#
66	3.50515	66	67	68	500	#
67	3.50515	67	68	69	500	#
68	3.50515	68	69	70	500	#
69	3.50515	69	70	71	500	#
70	3.50515	70	71	72	500	#
71	3.50515	71	72	73	500	#
72	3.50515	72	73	74	500	#
73	3.50515	73	74	75	500	#
74	3.50515	74	75	76	500	#
75	3.50515	75	76	77	500	#
76	3.50515	76	77	78	500	#
77	3.50515	77	78	79	500	#
78	3.50515	78	79	80	500	#
79	3.50515	79	80	81	500	#
80	3.50515	80	81	82	500	#
81	3.50515	81	82	83	500	#
82	3.50515	82	83	84	500	#
83	3.50515	83	84	85	500	#
84	3.50515	84	85	86	500	#
85	3.50515	85	86	87	500	#
86	3.50515	86	87	88	500	#
87	3.50515	87	88	89	500	#
88	3.50515	88	89	90	500	#
89	3.50515	89	90	91	500	#
90	3.50515	90	91	92	500	#
91	3.50515	91	92	93	500	#
92	3.50515	92	93	94	500	#
93	3.50515	93	94	95	500	#
94	3.50515	94	95	96	500	#
95	3.50515	95	96	97	500	#
96	3.50515	96	97	98	500	#
97	3.50515	97	98	99	500	#
98	3.50515	98	99	100	500	#
99	3.50515	99	100	101	500	#
100	3.50515	100	101	102	500	#
101	3.50515	101	102	103	500	#
102	3.50515	102	103	104	500	#
103	3.50515	103	104	105	500	#
104	3.50515	104	105	106	500	#
105	3.50515	105	106	107	500	#
106	3.50515	106	107	108	500	#
107	3.50515	107	108	109	500	#
108	3.50515	108	109	110	500	#
109	3.50515	109	110	111	500	#
110	3.50515	110	111	112	500	#
111	3.50515	111	112	113	500	#
112	3.50515	112	113	114	500	#
113	3.50515	113	114	115	500	#
114	3.50515	114	115	116	500	#
115	3.50515	115	116	117	500	#
116	3.50515	116	117	118	500	#
117	3.50515	117	118	119	500	#
118	3.50515	118	119	120	500	#
119	3.50515	119	120	121	500	#
120	3.50515	120	121	122	500	#
121	3.50515	121	122	123	500	#
122	3.50515	122	123	124	500	#
123	3.50515	123	124	125	500	#
124	3.50515	124	125	126	500	#
125	3.50515	125	126	127	500	#
126	3.50515	126	127	128	500	#
127	3.50515	127	128	129	500	#
128	3.50515	128	129	130	500	#
129	3.50515	129	130	131	500	#
130	3.50515	130	131	132	500	#
131	3.50515	131	132	133	500	#
132	3.50515	132	133	134	500	#
133	3.50515	133	134	135	500	#
134	3.50515	134	135	136	500	#
135	3.50515	135	136	137	500	#
136	3.50515	136	137	138	500	#
137	3.50515	137	138	139	500	#
138	3.50515	138	139	140	500	#
139	3.50515	139	140	141	500	#
140	3.50515	140	141	142	500	#
141	3.50515	141	142	143	500	#
142	3.50515	142	143	144	500	#
143	3.50515	143	144	145	500	#
144	3.50515	144	145	146	500	#
145	3.50515	145	146	147	500	#
146	3.50515	146	147	148	500	#
147	3.50515	147	148	149	500	#
148	3.50515	148	149	150	500	#
149	3.50515	149	150	151	500	#
150	3.50515	150	151	152	500	#
151	3.50515	151	152	153	500	#
152	3.50515	152	153	154	500	#
153	3.50515	153	154	155	500	#
154	3.50515	154	155	156	500	#
155	3.50515	155	156	157	500	#
156	3.50515	156	157	158	500	#
157	3.50515	157	158	159	500	#
158	3.50515	158	159	160	500	#
159	3.50515	159	160	161	500	#
160	3.50515	160	161	162	500	#
161	3.50515	161	162	163	500	#
162	3.50515	162	163	164	500	#
163	3.50515	163	164	165	500	#
164	3.50515	164	165	166	500	#
165	3.50515	165	166	167	500	#
166	3.50515	166	167	168	500	#
167	3.50515	167	168	169	500	#
168	3.50515	168	169	170	500	#
169	3.50515	169	170	171	500	#
170	3.50515	170	171	172	500	#
171	3.50515	171	172	173	500	#
172	3.50515	172	173	174	500	#
173	3.50515	173	174	175	500	#
174	3.50515	174	175	176	500	#
175	3.50515	175	176	177	500	#
176	3.50515	176	177	178	500	#
177	3.50515	177	178	179	500	#
178	3.50515	178	179	180	500	#
179	3.50515	179	180	181	500	#
180	3.50515	180	181	182	500	#
181	3.50515	181	182	183	500	#
182	3.50515	182	183	184	500	#
183	3.50515	183	184	185	500	#
184	3.50515	184	185	186	500	#
185	3.50515	185	186	187	500	#
186	3.50515	186	187	188	500	#
187	3.50515	187	188	189	500	#
188	3.50515	188	189	190	500	#
189	3.50515	189	190	191	500	#
190	3.50515	190	191	192	500	#
191	3.50515	191	192	193	500	#
192	3.50515	192	193	194	500	#
193	3.50515	193	194	195	500	#
194	3.50515	194	195	196	500	#
195	3.50515	195	196	197	500	#
196	3.50515	196	197	198	500	#
197	3.50515	197	198	199	500	#
198	3.50515	198	199	200	500	#
199	3.50515	199	200	201	500	#
200	3.50515	200	201	202	500	#
201	3.50515	201	202	203	500	#
202	3.50515	202	203	204	500	#
203	3.50515	203	204	205	500	#
204	3.50515	204	205	206	500	#
205	3.50515	205	206	207	500	#
206	3.50515	206	207	208	500	#
207	3.50515	207	208	209	500	#
208	3.50515	208	209	210	500	#
209	3.50515	209	210	211	500	#
210	3.50515	210	211	212	500	#
211	3.50515	211	212	213	500	#
212	3.50515	212	213	214	500	#
213	3.50515	213	214	215	500	#
214	3.50515	214	215	216	500	#
215	3.50515	215	216	217	500	#
216	3.50515	216	217	218	500	#
217	3.50515	217	218	219	500	#
218	3.50515	218	219	220	500	#
219	3.50515	219	220	221	500	#
220	3.50515	220	221	222	500	#
221	3.50515	221	222	223	500	#
222	3.50515	222	223	224	500	#
223	3.50515	223	224	225	500	#
224	3.50515	224	225	226	500	#
225	3.50515	225	226	227	500	#
226	3.50515	226	227	228	500	#
227	3.50515	227	228	229	500	#
228	3.50515	228	229	230	500	#
229	3.50515	229	230	231	500	#
230	3.50515	230	231	232	500	#
231	3.50515	231	232	233	500	#
232	3.50515	232	233	234	500	#
233	3.50515	233	234	235	500	#
234	3.50515	234	235	236	500	#
235	3.50515	235	236	237	500	#
236	3.50515	236	237	238	500	#
237	3.50515	237	238	239	500	#
238	3.50515	238	239	240	500	#
239	3.50515	239	240	241	500	#
240	3.50515	240	241	242	500	#
241	3.50515	241	242	243	500	#
242	3.50515	242	243	244	500	#
243	3.50515	243	244	245	500	#
244	3.50515	244	245	246	500	#
245	3.50515	245	246	247	500	#
246	3.50515	246	247	248	500	#
247	3.50515	247	248	249	500	#
248	3.50515	248	249	250	500	#
249	3.50515	249	250	251	500	#
250	3.50515	250	251	252	500	#
251	3.50515	251	252	253	500	#
252	3.50515	252	253	254	500	#
253	3.50515	253	254	255	500	#
254	3.50515	254	255	256	500	#
255	3.50515	255	256	257	500	#
256	3.50515	256	257	258	500	#
257	3.50515	257	258	259	500	#
258	3.50515	258	259	260	500	#
259	3.50515	259	260	261	500	#
260	3.50515	260	261	262	500	#
261	3.50515	261	262	263	500	#
262	3.50515	262	263	264	500	#
263	3.50515	263	264	265	500	#
264	3.50515	264	265	266	500	#
265	3.50515	265	266	267	500	#
266	3.50515	266	267	268	500	#
267	3.50515	267	268	269	500	#
268	3.50515	268	269	270	500	#
269	3.50515	269	270	271	500	#
270	3.50515	270	271	272	500	#
271	3.50515	271	272	273	500	#
272	3.50515	272	273	274	500	#
273	3.50515	273	274	275	500	#
274	3.50515	274	275	276	500	#
275	3.50515	275	276	277	500	#
276	3.50515	276	277	278	500	#
277	3.50515	277	278	279	500	#
278	3.50515	278	279	280	500	#
279	3.50515	279	280	281	500	#
280	3.50515	280	281	282	500	#
281	3.50515	281	282	283	500	#
282	3.50515	282	283	284	500	#
283	3.50515	283	284	285	500	#
284	3.50515	284	285	286	500	#
285	3.50515	285	286	287	500	#
286	3.50515	286	287	288	500	#
287	3.50515	287	288	289	500	#
288	3.50515	288	289	290	500	#
289	3.50515	289	290	291	500	#
290	3.50515	290	291	292	500	#
291	3.50515	291	292	293	500	#
292	3.50515	292	293	294	500	#
293	3.50515	293	294	295	500	#
294	3.50515	294	295	296	500	#
295	3.50515	295	296	297	500	#
296	3.50515	296	297	298	500	#
297	3.50515	297	298	299	500	#
298	3.50515	298	299	300	500	#
299	3.50515	299	300	301	500	#
300	3.50515	300	301	302	500	#
301	3.50515	301	302	303	500	#
302	3.50515	302	303	304	500	#
303	3.50515	303	304	305	500	#
304	3.50515	304	305	306	500	#
305	3.50515	305	306	307	500	#
306	3.50515	306	307	308	500	#
307	3.50515	307	308	309	500	#
308	3.50515	308	309	310	500	#
309	3.50515	309	310	311	500	#
310	3.50515	310	311	312	500	#
311	3.50515	311	312	313	500	#
312	3.50515	312	313	314	500	#
313	3.50515	313	314	315	500	#
314	3.50515	314	315	316	500	#
315	3.50515	315	316	317	500	#
316	3.50515	316	317	318	500	#
317	3.50515	317	318	319	500	#
318	3.50515	318	319	320	500	#
319	3.50515	319	320	321	500	#
320	3.50515	320	321	322	500	#
321	3.50515	321	322	323	500	#
322	3.50515	322	323	324	500	#
323	3.50515	323	324	325	500	#
324	3.50515	324	325	326	500	#
325	3.50515	325	326	327	500	#
326	3.50515	326	327	328	500	#
327	3.50515	327	328	329	500	#
328	3.50515	328	329	330	500	#
329	3.50515	329	330	331	500	#
330	3.50515	330	331	332	500	#
331	3.50515	331	332	333	500	#
332	3.50515	332	333	334	500	#
333	3.50515	333	334	335	500	#
334	3.50515	334	335	336	500	#
335	3.50515	335	336	337	500	#
336	3.50515	336	337	338	500	#
337	3.50515	337	338	339	500	#
338	3.50515	338	339	340	500	#
339	3.50515	339	340	341	500	#
340	3.50515	340	341	342	500	#
341	3.50515	341	342	343	500	#
342	3.50515	342	343	344	500	#
343	3.50515	343	344	345	500	#
344	3.50515	344	345	346	500	#
345	3.50515	345	346	347	500	#
346	3.50515	346	347	348	500	#
347	3.50515	347	348	349	500	#
348	3.50515	348	349	350	500	#
349	3.50515	349	350	351	500	#
350	3.50515	350	351	352	500	#
351	3.50515	351	352	353	500	#
352	3.50515	352	353	354	500	#
353	3.50515	353	354	355	500	#
354	3.50515	354	355	356	500	#
355	3.50515	355	356	357	500	#
356	3.50515	356	357	358	500	#
357	3.50515	357	358	359	500	#
358	3.50515	358	359	360	500	#
359	3.50515	359	360	361	500	#
360	3.50515	360	361	362	500	#
361	3.50515	361	362	363	500	#
362	3.50515	362	363	364	500	#
363	3.50515	363	364	365	500	#
364	3.50515	364	365	366	500	#
365	3.50515	365	366	367	500	#
366	3.50515	366	367	368	500	#
367	3.50515	367	368	369	500	#
368	3.50515	368	369	370	500	#
369	3.50515	369	370	371	500	#
370	3.50515	370	371	372	500	#
371	3.50515	371	372	373	500	#
372	3.50515	372	373	374	500	#
373	3.50515	373	374	375	500	#
374	3.50515	374	375	376	500	#
375	3.50515	375	376	377	500	#
376	3.50515	376	377	378	500	#
377	3.50515	377	378	379	500	#
378	3.50515	378	379	380	500	#
379	3.50515	379	380	381	500	#
380	3.50515	380	381	382	500	#
381	3.50515	381	382	383	500	#
382	3.50515	382	383	384	500	#
383	3.50515	383	384	385	500	#
384	3.50515	384	385	386	500	#
385	3.50515	385	386	387	500	#
386	3.50515	386	387	388	500	#
387	3.50515	387	388	389	500	#
388	3.50515	388	389	390	500	#
389	3.50515	389	390	391	500	#
390	3.50515	390	391	392	500	#
391	3.50515	391	392	393	500	#
392	3.50515	392	393	394	500	#
393	3.50515	393	394	395	500	#
394	3.50515	394	395	396	500	#
395	3.50515	395	396	397	500	#
396	3.50515	396	397	398	500	#
397	3.50515	397	398	399	500	#
398	3.50515	398	399	400	500	#
399	3.50515	399	400	401	500	#
400	3.50515	400	401	402	500	#
401	3.50515	401	402	403	500	#
402	3.50515	402	403	404	500	#
403	3.50515	403	404	405	500	#
404	3.50515	404	405	406	500	#
405	3.50515	405	406	407	500	#
406	3.50515	406	407	408	500	#
407	3.50515	407	408	409	500	#
408	3.50515	408	409	410	500	#
409	3.50515	409	410	411	500	#
410	3.50515	410	411	412	500	#
411	3.50515	411	412	413	500	#
412	3.50515	412	413	414	500	#
413	3.50515	413	414	415	500	#
414	3.50515	414	415	416	500	#
415	3.50515	415	416	417	500	#
416	3.50515	416	417	418	500	#
417	3.50515	417	418	419	500	#
418	3.50515	418	419	420	500	#
419	3.50515	419	420	421	500	#
420	3.50515	420	421	422	500	#
421	3.50515	421	422	423	500	#
422	3.50515	422	423	424	500	#
423	3.50515	423	424	425	500	#
424	3.50515	424	425	426	500	#
425	3.50515	425	426	427	500	#
426	3.50515	426	427	428	500	#
427	3.50515	427	428	429	500	#
428	3.50515	428	429	430	500	#
429	3.50515	429	430	431	500	#
430	3.50515	430	431	432	500	#
431	3.50515	431	432	433	500	#
432	3.50515	432	433	434	500	#
433	3.50515	433	434	435	500	#
434	3.50515	434	435	436	500	#
435	3.50515	435	436	437	500	#
436	3.50515	436	437	438	500	#
437	3.50515	437	438	439	500	#
438	3.50515	438	439	440	500	#
439	3.50515	439	440	441	500	#
440	3.50515	440	441	442	500	#
441	3.50515	441	442	443	500	#
442	3.50515	442	443	444	500	#
443	3.50515	443	444	445	500	#
444	3.50515	444	445	446	500	#
445	3.50515	445	446	447	500	#
446	3.50515	446	447	448	500	#
447	2.97898	0	1	2	501	#
448	2.97898	1	2	3	501	#
449	2.97898	2	3	4	501	#
450	2.97898	3	4	5	501	#
451	2.97898	4	5	6	501	#
452	2.97898	5	6	7	501	#
453	2.97898	6	7	8	501	#
454	2.97898	7	8	9	501	#
455	2.97898	8	9	10	501	#
456	2.97898	9	10	11	501	#
457	2.97898	10	11	12	501	#
458	2.97898	11	12	13	501	#
459	2.97898	12	13	14	501	#
460	2.97898	13	14	15	501	#
461	2.97898	14	15	16	501	#
462	2.97898	15	16	17	501	#
463	2.97898	16	17	18	501	#
464	2.97898	17	18	19	501	#
465	2.97898	18	19	20	501	#
466	2.97898	19	20	21	501	#
467	2.97898	20	21	22	501	#
468	2.97898	21	22	23	501	#
469	2.97898	22	23	24	501	#
470	2.97898	23	24	25	501	#
471	2.97898	24	25	26	501	#
472	2.97898	25	26	27	501	#
473	2.97898	26	27	28	501	#
474	2.97898	27	28	29	501	#
475	2.97898	28	29	30	501	#
476	2.97898	29	30	31	501	#
477	2.97898	30	31	32	501	#
478	2.97898	31	32	33	501	#
479	2.97898	32	33	34	501	#
480	2.97898	33	34	35	501	#
481	2.97898	34	35	36	501	#
482	2.97898	35	36	37	501	#
483	2.97898	36	37	38	501	#
484	2.97898	37	38	39	501	#
485	2.97898	38	39	40	501	#
486	2.97898	39	40	41	501	#
487	2.97898	40	41	42	501	#
488	2.97898	41	42	43	501	#
489	2.97898	42	43	44	501	#
490	2.97898	43	44	45	501	#
491	2.97898	44	45	46	501	#
492	2.97898	45	46	47	501	#
493	2.97898	46	47	48	501	#
494	2.97898	47	48	49	501	#
495	2.97898	48	49	50	501	#
496	2.97898	49	50	51	501	#
497	2.97898	50	51	52	501	#
498	2.97898	51	52	53	501	#
499	2.97898	52	53	54	501	#
500	2.97898	53	54	55	501	#
501	2.97898	54	55	56	501	#
502	2.97898	55	56	57	501	#
503	2.97898	56	57	58	501	#
504	2.97898	57	58	59	501	#
505	2.97898	58	59	60	501	#
506	2.97898	59	60	61	501	#
507	2.97898	60	61	62	501	#
508	2.97898	61	62	63	501	#
509	2.97898	62	63	64	501	#
510	2.97898	63	64	65	501	#
511	2.97898	64	65	66	501	#
512	2.97898	65	66	67	501	#
513	2.97898	66	67	68	501	#
514	2.97898	67	68	69	501	#
515	2.97898	68	69	70	501	#
516	2.97898	69	70	71	501	#
517	2.97898	70	71	72	501	#
518	2.97898	71	72	73	501	#
519	2.97898	72	73	74	501	#
520	2.97898	73	74	75	501	#
521	2.97898	74	75	76	501	#
522	2.97898	75	76	77	501	#
523	2.97898	76	77	78	501	#
524	2.97898	77	78	79	501	#
525	2.97898	78	79	80	501	#
526	2.97898	79	80	81	501	#
527	2.97898	80	81	82	501	#
528	2.97898	81	82	83	501	#
529	2.97898	82	83	84	501	#
530	2.97898	83	84	85	501	#
531	2.97898	84	85	86	501	#
532	2.97898	85	86	87	501	#
533	2.97898	86	87	88	501	#
534	2.97898	87	88	89	501	#
535	2.97898	88	89	90	501	#
536	2.97898	89	90	91	501	#
537	2.97898	90	91	92	501	#
538	2.97898	91	92	93	501	#
539	2.97898	92	93	94	501	#
540	2.97898	93	94	95	501	#
541	2.97898	94	95	96	501	#
542	2.97898	95	96	97	501	#
543	2.97898	96	97	98	501	#
544	2.97898	97	98	99	501	#
545	2.97898	98	99	100	501	#
546	2.97898	99	100	101	501	#
547	2.97898	100	101	102	501	#
548	2.97898	101	102	103	501	#
549	2.97898	102	103	104	501	#
550	2.97898	103	104	105	501	#
551	2.97898	104	105	106	501	#
552	2.97898	105	106	107	501	#
553	2.97898	106	107	108	501	#
554	2.97898	107	108	109	501	#
555	2.97898	108	109	110	501	#
556	2.97898	109	110	111	501	#
557	2.97898	110	111	112	501	#
558	2.97898	111	112	113	501	#
559	2.97898	112	113	114	501	#
560	2.97898	113	114	115	501	#
561	2.97898	114	115	116	501	#
562	2.97898	115	116	117	501	#
563	2.97898	116	117	118	501	#
564	2.97898	117	118	119	501	#
565	2.97898	118	119	120	501	#
566	2.97898	119	120	121	501	#
567	2.97898	120	121	122	501	#
568	2.97898	121	122	123	501	#
569	2.97898	122	123	124	501	#
570	2.97898	123	124	125	501	#
571	2.97898	124	125	126	501	#
572	2.97898	125	126	127	501	#
573	2.97898	126	127	128	501	#
574	2.97898	127	128	129	501	#
575	2.97898	128	129	130	501	#
576	2.97898	129	130	131	501	#
577	2.97898	130	131	132	501	#
578	2.97898	131	132	133	501	#
579	2.97898	132	133	134	501	#
580	2.97898	133	134	135	501	#
581	2.97898	134	135	136	501	#
582	2.97898	135	136	137	501	#
583	2.97898	136	137	138	501	#
584	2.97898	137	138	139	501	#
585	2.97898	138	139	140	501	#
586	2.97898	139	140	141	501	#
587	2.97898	140	141	142	501	#
588	2.97898	141	142	143	501	#
589	2.97898	142	143	144	501	#
590	2.97898	143	144	145	501	#
591	2.97898	144	145	146	501	#
592	2.97898	145	146	147	501	#
593	2.97898	146	147	148	501	#
594	2.97898	147	148	149	501	#
595	2.97898	148	149	150	501	#
596	2.97898	149	150	151	501	#
597	2.97898	150	151	152	501	#
598	2.97898	151	152	153	501	#
599	2.97898	152	153	154	501	#
600	2.97898	153	154	155	501	#
601	2.97898	154	155	156	501	#
602	2.97898	155	156	157	501	#
603	2.97898	156	157	158	501	#
604	2.97898	157	158	159	501	#
605	2.97898	158	159	160	501	#
606	2.97898	159	160	161	501	#
607	2.97898	160	161	162	501	#
608	2.97898	161	162	163	501	#
609	2.97898	162	163	164	501	#
610	2.97898	163	164	165	501	#
611	2.97898	164	165	166	501	#
612	2.97898	165	166	167	501	#
613	2.97898	166	167	168	501	#
614	2.97898	167	168	169	501	#
615	2.97898	168	169	170	501	#
616	2.97898	169	170	171	501	#
617	2.97898	170	171	172	501	#
618	2.97898	171	172	173	501	#
619	2.97898	172	173	174	501	#
620	2.97898	173	174	175	501	#
621	2.97898	174	175	176	501	#
622	2.97898	175	176	177	501	#
623	2.97898	176	177	178	501	#
624	2.97898	177	178	179	501	#
625	2.97898	178	179	180	501	#
626	2.97898	179	180	181	501	#
627	2.97898	180	181	182	501	#
628	2.97898	181	182	183	501	#
629	2.97898	182	183	184	501	#
630	2.97898	183	184	185	501	#
631	2.97898	184	185	186	501	#
632	2.97898	185	186	187	501	#
633	2.97898	186	187	188	501	#
634	2.97898	187	188	189	501	#
635	2.97898	188	189	190	501	#
636	2.97898	189	190	191	501	#
637	2.97898	190	191	192	501	#
638	2.97898	191	192	193	501	#
639	2.97898	192	193	194	501	#
640	2.97898	193	194	195	501	#
641	2.97898	194	195	196	501	#
642	2.97898	195	196	197	501	#
643	2.97898	196	197	198	501	#
644	2.97898	197	198	199	501	#
645	2.97898	198	199	200	501	#
646	2.97898	199	200	201	501	#
647	2.97898	200	201	202	501	#
648	2.97898	201	202	203	501	#
649	2.97898	202	203	204	501	#
650	2.97898	203	204	205	501	#
651	2.97898	204	205	206	501	#
652	2.97898	205	206	207	501	#
653	2.97898	206	207	208	501	#
654	2.97898	207	208	209	501	#
655	2.97898	208	209	210	501	#
656	2.97898	209	210	211	501	#
657	2.97898	210	211	212	501	#
658	2.97898	211	212	213	501	#
659	2.97898	212	213	214	501	#
660	2.97898	213	214	215	501	#
661	2.97898	214	215	216	501	#
662	2.97898	215	216	217	501	#
663	2.97898	216	217	218	501	#
664	2.97898	217	218	219	501	#
665	2.97898	218	219	220	501	#
666	2.97898	219	220	221	501	#
667	2.97898	220	221	222	501	#
668	2.97898	221	222	223	501	#
669	2.97898	222	223	224	501	#
670	2.97898	223	224	225	501	#
671	2.0068	224	225	226	501	#
672	2.0068	225	226	227	501	#
673	2.0068	226	227	228	501	#
674	2.0068	227	228	229	501	#
675	2.0068	228	229	230	501	#
676	2.0068	229	230	231	501	#
677	2.0068	230	231	232	501	#
678	2.0068	231	232	233	501	#
679	2.0068	232	233	234	501	#
680	2.0068	233	234	235	501	#
681	2.0068	234	235	236	501	#
682	2.0068	235	236	237	501	#
683	2.0068	236	237	238	501	#
684	2.0068	237	238	239	501	#
685	2.0068	238	239	240	501	#
686	2.0068	239	240	241	501	#
687	2.0068	240	241	242	501	#
688	2.0068	241	242	243	501	#
689	2.0068	242	243	244	501	#
690	2.0068	243	244	245	501	#
691	2.0068	244	245	246	501	#
692	2.0068	245	246	247	501	#
693	2.0068	246	247	248	501	#
694	2.0068	247	248	249	501	#
695	2.0068	248	249	250	501	#
696	2.0068	249	250	251	501	#
697	2.0068	250	251	252	501	#
698	2.0068	251	252	253	501	#
699	2.0068	252	253	254	501	#
700	2.0068	253	254	255	501	#
701	2.0068	254	255	256	501	#
702	2.0068	255	256	257	501	#
703	2.0068	256	257	258	501	#
704	2.0068	257	258	259	501	#
705	2.0068	258	259	260	501	#
706	2.0068	259	260	261	501	#
707	2.0068	260	261	262	501	#
708	2.0068	261	262	263	501	#
709	2.0068	262	263	264	501	#
710	2.0068	263	264	265	501	#
711	2.0068	264	265	266	501	#
712	2.0068	265	266	267	501	#
713	2.0068	266	267	268	501	#
714	2.0068	267	268	269	501	#
715	2.0068	268	269	270	501	#
716	2.0068	269	270	271	501	#
717	2.0068	270	271	272	501	#
718	2.0068	271	272	273	501	#
719	2.0068	272	273	274	501	#
720	2.0068	273	274	275	501	#
721	2.0068	274	275	276	501	#
722	2.0068	275	276	277	501	#
723	2.0068	276	277	278	501	#
724	2.0068	277	278	279	501	#
725	2.0068	278	279	280	501	#
726	2.0068	279	280	281	501	#
727	2.0068	280	281	282	501	#
728	2.0068	281	282	283	501	#
729	2.0068	282	283	284	501	#
730	2.0068	283	284	285	501	#
731	2.0068	284	285	286	501	#
732	2.0068	285	286	287	501	#
733	2.0068	286	287	288	501	#
734	2.0068	287	288	289	501	#
735	2.0068	288	289	290	501	#
736	2.0068	289	290	291	501	#
737	2.0068	290	291	292	501	#
738	2.0068	291	292	293	501	#
739	2.0068	292	293	294	501	#
740	2.0068	293	294	295	501	#
741	2.0068	294	295	296	501	#
742	2.0068	295	296	297	501	#
743	2.0068	296	297	298	501	#
744	2.0068	297	298	299	501	#
745	2.0068	298	299	300	501	#
746	2.0068	299	300	301	501	#
747	2.0068	300	301	302	501	#
748	2.0068	301	302	303	501	#
749	2.0068	302	303	304	501	#
750	2.0068	303	304	305	501	#
751	2.0068	304	305	306	501	#
752	2.0068	305	306	307	501	#
753	2.0068	306	307	308	501	#
754	2.0068	307	308	309	501	#
755	2.0068	308	309	310	501	#
756	2.0068	309	310	311	501	#
757	2.0068	310	311	312	501	#
758	2.0068	311	312	313	501	#
759	2.0068	312	313	314	501	#
760	2.0068	313	314	315	501	#
761	2.0068	314	315	316	501	#
762	2.0068	315	316	317	501	#
763	2.0068	316	317	318	501	#
764	2.0068	317	318	319	501	#
765	2.0068	318	319	320	501	#
766	2.0068	319	320	321	501	#
767	2.0068	320	321	322	501	#
768	2.0068	321	322	323	501	#
769	2.0068	322	323	324	501	#
770	2.0068	323	324	325	501	#
771	2.0068	324	325	326	501	#
772	2.0068	325	326	327	501	#
773	2.0068	326	327	328	501	#
774	2.0068	327	328	329	501	#
775	2.0068	328	329	330	501	#
776	2.0068	329	330	331	501	#
777	2.0068	330	331	332	501	#
778	2.0068	331	332	333	501	#
779	2.0068	332	333	334	501	#
780	1.89878	333	334	335	501	#
781	1.89878	334	335	336	501	#
782	1.89878	335	336	337	501	#
783	1.89878	336	337	338	501	#
784	1.89878	337	338	339	501	#
785	1.89878	338	339	340	501	#
786	1.89878	339	340	341	501	#
787	1.89878	340	341	342	501	#
788	1.89878	341	342	343	501	#
789	1.89878	342	343	344	501	#
790	1.89878	343	344	345	501	#
791	1.89878	344	345	346	501	#
792	1.89878	345	346	347	501	#
793	1.89878	346	347	348	501	#
794	1.89878	347	348	349	501	#
795	1.89878	348	349	350	501	#
796	1.89878	349	350	351	501	#
797	1.89878	350	351	352	501	#
798	1.89878	351	352	353	501	#
799	1.76852	352	353	354	501	#
800	1.76852	353	354	355	501	#
801	1.76852	354	355	356	501	#
802	1.76852	355	356	357	501	#
803	1.76852	356	357	358	501	#
804	1.76852	357	358	359	501	#
805	1.76852	358	359	360	501	#
806	1.76852	359	360	361	501	#
807	1.76852	360	361	362	501	#
808	1.76852	361	362	363	501	#
809	1.76852	362	363	364	501	#
810	1.76852	363	364	365	501	#
811	1.76852	364	365	366	501	#
812	1.76852	365	366	367	501	#
813	1.76852	366	367	368	501	#
814	1.76852	367	368	369	501	#
815	1.76852	368	369	370	501	#
816	1.76852	369	370	371	501	#
817	1.76852	370	371	372	501	#
818	1.76852	371	372	373	501	#
819	1.76852	372	373	374	501	#
820	1.76852	373	374	375	501	#
821	1.76852	374	375	376	501	#
822	1.76852	375	376	377	501	#
823	1.76852	376	377	378	501	#
824	1.76852	377	378	379	501	#
825	1.46347	378	379	380	501	#
826	1.46347	379	380	381	501	#
827	1.46347	380	381	382	501	#
828	1.46347	381	382	383	501	#
829	1.46347	382	383	384	501	#
830	1.46347	383	384	385	501	#
831	1.46347	384	385	386	501	#
832	1.46347	385	386	387	501	#
833	1.46347	386	387	388	501	#
834	1.46347	387	388	389	501	#
835	1.46347	388	389	390	501	#
836	1.46347	389	390	391	501	#
837	1.46347	390	391	392	501	#
838	1.46347	391	392	393	501	#
839	1.46347	392	393	394	501	#
840	1.46347	393	394	395	501	#
841	1.46347	394	395	396	501	#
842	1.46347	395	396	397	501	#
843	1.46347	396	397	398	501	#
844	1.46347	397	398	399	501	#
845	1.46347	398	399	400	501	#
846	1.46347	399	400	401	501	#
847	1.46347	400	401	402	501	#
848	1.46347	401	402	403	501	#
849	1.46347	402	403	404	501	#
850	1.46347	403	404	405	501	#
851	1.46347	404	405	406	501	#
852	1.46347	405	406	407	501	#
853	1.46347	406	407	408	501	#
854	1.46347	407	408	409	501	#
855	1.46347	408	409	410	501	#
856	1.46347	409	410	411	501	#
857	1.46347	410	411	412	501	#
858	1.46347	411	412	413	501	#
859	1.46347	412	413	414	501	#
860	1.46347	413	414	415	501	#
861	1.46347	414	415	416	501	#
862	1.46347	415	416	417	501	#
863	1.46347	416	417	418	501	#
864	1.46347	417	418	419	501	#
865	1.46347	418	419	420	501	#
866	1.46347	419	420	421	501	#
867	1.46347	420	421	422	501	#
868	1.46347	421	422	423	501	#
869	1.46347	422	423	424	501	#
870	1.46347	423	424	425	501	#
871	1.46347	424	425	426	501	#
872	1.46347	425	426	427	501	#
873	1.46347	426	427	428	501	#
874	1.46347	427	428	429	501	#
875	1.46347	428	429	430	501	#
876	1.46347	429	430	431	501	#
877	1.46347	430	431	432	501	#
878	1.46347	431	432	433	501	#
879	1.46347	432	433	434	501	#
880	1.46347	433	434	435	501	#
881	1.46347	434	435	436	501	#
882	1.46347	435	436	437	501	#
883	1.46347	436	437	438	501	#
884	1.46347	437	438	439	501	#
885	1.46347	438	439	440	501	#
886	1.46347	439	440	441	501	#
887	1.46347	440	441	442	501	#
888	1.46347	441	442	443	501	#
889	1.46347	442	443	444	501	#
890	1.46347	443	444	445	501	#
891	1.46347	444	445	446	501	#
892	1.46347	445	446	447	501	#
893	1.46347	446	447	448	501	#
894	1.46347	447	448	449	501	#
895	1.46347	448	449	450	501	#
896	1.46347	449	450	451	501	#
897	1.46347	450	451	452	501	#
898	1.46347	451	452	453	501	#
899	1.46347	452	453	454	501	#
900	1.46347	453	454	455	501	#
901	1.46347	454	455	456	501	#
902	1.46347	455	456	457	501	#
903	1.46347	456	457	458	501	#
904	1.3964	457	458	459	501	#
905	1.3964	458	459	460	501	#
906	1.3964	459	460	461	501	#
907	1.3964	460	461	462	501	#
908	1.3964	461	462	463	501	#
909	1.3964	462	463	464	501	#
910	1.3964	463	464	465	501	#
911	1.3964	464	465	466	501	#
912	1.3964	465	466	467	501	#
913	1.3964	466	467	468	501	#
914	1.3964	467	468	469	501	#
915	1.3964	468	469	470	501	#
916	1.3964	469	470	471	501	#
917	1.3964	470	471	472	501	#
918	1.3964	471	472	473	501	#
919	1.3964	472	473	474	501	#
920	1.3964	473	474	475	501	#
921	1.3964	474	475	476	501	#
922	1.3964	475	476	477	501	#
923	1.3964	476	477	478	501	#
924	1.3964	477	478	479	501	#
925	1.3964	478	479	480	501	#
926	1.35135	479	480	481	501	#
927	1.35135	480	481	482	501	#
928	1.35135	481	482	483	501	#
929	1.35135	482	483	484	501	#
930	1.35135	483	484	485	501	#
931	1.35135	484	485	486	501	#
932	1.35135	485	486	487	501	#
933	1.35135	486	487	488	501	#
934	1.35135	487	488	489	501	#
935	1.35135	488	489	490	501	#
936	1.35135	489	490	491	501	#
937	1.35135	490	491	492	501	#
938	1.35135	491	492	493	501	#
939	1.35135	492	493	494	501	#
940	1.35135	493	494	495	501	#
941	1.35135	494	495	496	501	#
942	17.1501	0	1	2	3	4	5	6	7	502	#
943	17.1501	1	2	3	4	5	6	7	8	502	#
944	17.1501	2	3	4	5	6	7	8	9	502	#
945	17.1501	3	4	5	6	7	8	9	10	502	#
946	17.1501	4	5	6	7	8	9	10	11	502	#
947	17.1501	5	6	7	8	9	10	11	12	502	#
948	17.1501	6	7	8	9	10	11	12	13	502	#
949	17.1501	7	8	9	10	11	12	13	14	502	#
950	17.1501	8	9	10	11	12	13	14	15	502	#
951	17.1501	9	10	11	12	13	14	15	16	502	#
952	17.1501	10	11	12	13	14	15	16	17	502	#
953	17.1501	11	12	13	14	15	16	17	18	502	#
954	17.1501	12	13	14	15	16	17	18	19	502	#
955	17.1501	13	14	15	16	17	18	19	20	502	#
956	17.1501	14	15	16	17	18	19	20	21	502	#
957	17.1501	15	16	17	18	19	20	21	22	502	#
958	17.1501	16	17	18	19	20	21	22	23	502	#
959	17.1501	17	18	19	20	21	22	23	24	502	#
960	17.1501	18	19	20	21	22	23	24	25	502	#
961	17.1501	19	20	21	22	23	24	25	26	502	#
962	17.1501	20	21	22	23	24	25	26	27	502	#
963	17.1501	21	22	23	24	25	26	27	28	502	#
964	17.1501	22	23	24	25	26	27	28	29	502	#
965	17.1501	23	24	25	26	27	28	29	30	502	#
966	17.1501	24	25	26	27	28	29	30	31	502	#
967	17.1501	25	26	27	28	29	30	31	32	502	#
968	17.1501	26	27	28	29	30	31	32	33	502	#
969	17.1501	27	28	29	30	31	32	33	34	502	#
970	17.1501	28	29	30	31	32	33	34	35	502	#
971	17.1501	29	30	31	32	33	34	35	36	502	#
972	17.1501	30	31	32	33	34	35	36	37	502	#
973	17.1501	31	32	33	34	35	36	37	38	502	#
974	17.1501	32	33	34	35	36	37	38	39	502	#
975	17.1501	33	34	35	36	37	38	39	40	502	#
976	17.1501	34	35	36	37	38	39	40	41	502	#
977	17.1501	35	36	37	38	39	40	41	42	502	#
978	17.1501	36	37	38	39	40	41	42	43	502	#
979	17.1501	37	38	39	40	41	42	43	44	502	#
980	17.1501	38	39	40	41	42	43	44	45	502	#
981	17.1501	39	40	41	42	43	44	45	46	502	#
982	17.1501	40	41	42	43	44	45	46	47	502	#
983	17.1501	41	42	43	44	45	46	47	48	502	#
984	17.1501	42	43	44	45	46	47	48	49	502	#
985	17.1501	43	44	45	46	47	48	49	50	502	#
986	17.1501	44	45	46	47	48	49	50	51	502	#
987	17.1501	45	46	47	48	49	50	51	52	502	#
988	17.1501	46	47	48	49	50	51	52	53	502	#
989	17.1501	47	48	49	50	51	52	53	54	502	#
990	17.1501	48	49	50	51	52	53	54	55	502	#
991	17.1501	49	50	51	52	53	54	55	56	502	#
992	17.1501	50	51	52	53	54	55	56	57	502	#
993	17.1501	51	52	53	54	55	56	57	58	502	#
994	17.1501	52	53	54	55	56	57	58	59	502	#
995	17.1501	53	54	55	56	57	58	59	60	502	#
996	17.1501	54	55	56	57	58	59	60	61	502	#
997	17.1501	55	56	57	58	59	60	61	62	502	#
998	17.1501	56	57	58	59	60	61	62	63	502	#
999	17.1501	57	58	59	60	61	62	63	64	502	#
1000	17.1501	58	59	60	61	62	63	64	65	502	#
1001	17.1501	59	60	61	62	63	64	65	66	502	#
1002	17.1501	60	61	62	63	64	65	66	67	502	#
1003	17.1501	61	62	63	64	65	66	67	68	502	#
1004	17.1501	62	63	64	65	66	67	68	69	502	#
1005	17.1501	63	64	65	66	67	68	69	70	502	#
1006	17.1501	64	65	66	67	68	69	70	71	502	#
1007	17.1501	65	66	67	68	69	70	71	72	502	#
1008	17.1501	66	67	68	69	70	71	72	73	502	#
1009	17.1501	67	68	69	70	71	72	73	74	502	#
1010	17.1501	68	69	70	71	72	73	74	75	502	#
1011	17.1501	69	70	71	72	73	74	75	76	502	#
1012	17.1501	70	71	72	73	74	75	76	77	502	#
1013	17.1501	71	72	73	74	75	76	77	78	502	#
1014	17.1501	72	73	74	75	76	77	78	79	502	#
1015	17.1501	73	74	75	76	77	78	79	80	502	#
1016	17.1501	74	75	76	77	78	79	80	81	502	#
1017	17.1501	75	76	77	78	79	80	81	82	502	#
1018	17.1501	76	77	78	79	80	81	82	83	502	#
1019	17.1501	77	78	79	80	81	82	83	84	502	#
1020	17.1501	78	79	80	81	82	83	84	85	502	#
1021	17.1501	79	80	81	82	83	84	85	86	502	#
1022	17.1501	80	81	82	83	84	85	86	87	502	#
1023	17.1501	81	82	83	84	85	86	87	88	502	#
1024	17.1501	82	83	84	85	86	87	88	89	502	#
1025	17.1501	83	84	85	86	87	88	89	90	502	#
1026	17.1501	84	85	86	87	88	89	90	91	502	#
1027	17.1501	85	86	87	88	89	90	91	92	502	#
1028	17.1501	86	87	88	89	90	91	92	93	502	#
1029	17.1501	87	88	89	90	91	92	93	94	502	#
1030	17.1501	88	89	90	91	92	93	94	95	502	#
1031	17.1501	89	90	91	92	93	94	95	96	502	#
1032	17.1501	90	91	92	93	94	95	96	97	502	#
1033	17.1501	91	92	93	94	95	96	97	98	502	#
1034	17.1501	92	93	94	95	96	97	98	99	502	#
1035	17.1501	93	94	95	96	97	98	99	100	502	#
1036	17.1501	94	95	96	97	98	99	100	101	502	#
1037	17.1501	95	96	97	98	99	100	101	102	502	#
1038	17.1501	96	97	98	99	100	101	102	103	502	#
1039	17.1501	97	98	99	100	101	102	103	104	502	#
1040	17.1501	98	99	100	101	102	103	104	105	502	#
1041	17.1501	99	100	101	102	103	104	105	106	502	#
1042	17.1501	100	101	102	103	104	105	106	107	502	#
1043	17.1501	101	102	103	104	105	106	107	108	502	#
1044	17.1501	102	103	104	105	106	107	108	109	502	#
1045	17.1501	103	104	105	106	107	108	109	110	502	#
1046	17.1501	104	105	106	107	108	109	110	111	502	#
1047	17.1501	105	106	107	108	109	110	111	112	502	#
1048	17.1501	106	107	108	109	110	111	112	113	502	#
1049	5.14047	107	108	109	110	111	112	113	114	502	#
1050	5.14047	108	109	110	111	112	113	114	115	502	#
1051	5.14047	109	110	111	112	113	114	115	116	502	#
1052	5.14047	110	111	112	113	114	115	116	117	502	#
1053	5.14047	111	112	113	114	115	116	117	118	502	#
1054	5.14047	112	113	114	115	116	117	118	119	502	#
1055	5.14047	113	114	115	116	117	118	119	120	502	#
1056	5.14047	114	115	116	117	118	119	120	121	502	#
1057	5.14047	115	116	117	118	119	120	121	122	502	#
1058	5.14047	116	117	118	119	120	121	122	123	502	#
1059	5.14047	117	118	119	120	121	122	123	124	502	#
1060	5.14047	118	119	120	121	122	123	124	125	502	#
1061	5.14047	119	120	121	122	123	124	125	126	502	#
1062	5.14047	120	121	122	123	124	125	126	127	502	#
1063	5.14047	121	122	123	124	125	126	127	128	502	#
1064	5.14047	122	123	124	125	126	127	128	129	502	#
1065	5.14047	123	124	125	126	127	128	129	130	502	#
1066	5.14047	124	125	126	127	128	129	130	131	502	#
1067	5.14047	125	126	127	128	129	130	131	132	502	#
1068	5.14047	126	127	128	129	130	131	132	133	502	#
1069	5.14047	127	128	129	130	131	132	133	134	502	#
1070	5.14047	128	129	130	131	132	133	134	135	502	#
1071	5.14047	129	130	131	132	133	134	135	136	502	#
1072	5.14047	130	131	132	133	134	135	136	137	502	#
1073	5.14047	131	132	133	134	135	136	137	138	502	#
1074	5.14047	132	133	134	135	136	137	138	139	502	#
1075	5.14047	133	134	135	136	137	138	139	140	502	#
1076	5.14047	134	135	136	137	138	139	140	141	502	#
1077	5.14047	135	136	137	138	139	140	141	142	502	#
1078	5.14047	136	137	138	139	140	141	142	143	502	#
1079	5.14047	137	138	139	140	141	142	143	144	502	#
1080	5.14047	138	139	140	141	142	143	144	145	502	#
1081	5.14047	139	140	141	142	143	144	145	146	502	#
1082	5.14047	140	141	142	143	144	145	146	147	502	#
1083	5.14047	141	142	143	144	145	146	147	148	502	#
1084	5.14047	142	143	144	145	146	147	148	149	502	#
1085	5.14047	143	144	145	146	147	148	149	150	502	#
1086	5.14047	144	145	146	147	148	149	150	151	502	#
1087	5.14047	145	146	147	148	149	150	151	152	502	#
1088	5.14047	146	147	148	149	150	151	152	153	502	#
1089	5.14047	147	148	149	150	151	152	153	154	502	#
1090	5.14047	148	149	150	151	152	153	154	155	502	#
1091	5.14047	149	150	151	152	153	154	155	156	502	#
1092	5.14047	150	151	152	153	154	155	156	157	502	#
1093	5.14047	151	152	153	154	155	156	157	158	502	#
1094	5.14047	152	153	154	155	156	157	158	159	502	#
1095	5.14047	153	154	155	156	157	158	159	160	502	#
1096	5.14047	154	155	156	157	158	159	160	161	502	#
1097	5.14047	155	156	157	158	159	160	161	162	502	#
1098	5.14047	156	157	158	159	160	161	162	163	502	#
1099	5.14047	157	158	159	160	161	162	163	164	502	#
1100	5.14047	158	159	160	161	162	163	164	165	502	#
1101	5.14047	159	160	161	162	163	164	165	166	502	#
1102	5.14047	160	161	162	163	164	165	166	167	502	#
1103	5.14047	161	162	163	164	165	166	167	168	502	#
1104	5.14047	162	163	164	165	166	167	168	169	502	#
1105	5.14047	163	164	165	166	167	168	169	170	502	#
1106	5.14047	164	165	166	167	168	169	170	171	502	#
1107	5.14047	165	166	167	168	169	170	171	172	502	#
1108	5.14047	166	167	168	169	170	171	172	173	502	#
1109	5.14047	167	168	169	170	171	172	173	174	502	#
1110	5.14047	168	169	170	171	172	173	174	175	502	#
1111	5.14047	169	170	171	172	173	174	175	176	502	#
1112	5.14047	170	171	172	173	174	175	176	177	502	#
1113	5.14047	171	172	173	174	175	176	177	178	502	#
1114	5.14047	172	173	174	175	176	177	178	179	502	#
1115	5.14047	173	174	175	176	177	178	179	180	502	#
1116	5.14047	174	175	176	177	178	179	180	181	502	#
1117	5.14047	175	176	177	178	179	180	181	182	502	#
1118	5.14047	176	177	178	179	180	181	182	183	502	#
1119	5.14047	177	178	179	180	181	182	183	184	502	#
1120	5.14047	178	179	180	181	182	183	184	185	502	#
1121	5.14047	179	180	181	182	183	184	185	186	502	#
1122	5.14047	180	181	182	183	184	185	186	187	502	#
1123	5.14047	181	182	183	184	185	186	187	188	502	#
1124	5.14047	182	183	184	185	186	187	188	189	502	#
1125	5.14047	183	184	185	186	187	188	189	190	502	#
1126	5.14047	184	185	186	187	188	189	190	191	502	#
1127	5.14047	185	186	187	188	189	190	191	192	502	#
1128	5.14047	186	187	188	189	190	191	192	193	502	#
1129	5.14047	187	188	189	190	191	192	193	194	502	#
1130	5.14047	188	189	190	191	192	193	194	195	502	#
1131	5.14047	189	190	191	192	193	194	195	196	502	#
1132	5.14047	190	191	192	193	194	195	196	197	502	#
1133	5.14047	191	192	193	194	195	196	197	198	502	#
1134	5.14047	192	193	194	195	196	197	198	199	502	#
1135	5.14047	193	194	195	196	197	198	199	200	502	#
1136	5.14047	194	195	196	197	198	199	200	201	502	#
1137	5.14047	195	196	197	198	199	200	201	202	502	#
1138	5.14047	196	197	198	199	200	201	202	203	502	#
1139	5.14047	197	198	199	200	201	202	203	204	502	#
1140	5.14047	198	199	200	201	202	203	204	205	502	#
1141	5.14047	199	200	201	202	203	204	205	206	502	#
1142	5.14047	200	201	202	203	204	205	206	207	502	#
1143	5.14047	201	202	203	204	205	206	207	208	502	#
1144	5.14047	202	203	204	205	206	207	208	209	502	#
1145	5.14047	203	204	205	206	207	208	209	210	502	#
1146	5.14047	204	205	206	207	208	209	210	211	502	#
1147	5.14047	205	206	207	208	209	210	211	212	502	#
1148	5.14047	206	207	208	209	210	211	212	213	502	#
1149	5.14047	207	208	209	210	211	212	213	214	502	#
1150	5.14047	208	209	210	211	212	213	214	215	502	#
1151	5.14047	209	210	211	212	213	214	215	216	502	#
1152	5.14047	210	211	212	213	214	215	216	217	502	#
1153	5.14047	211	212	213	214	215	216	217	218	502	#
1154	5.14047	212	213	214	215	216	217	218	219	502	#
1155	5.14047	213	214	215	216	217	218	219	220	502	#
1156	5.14047	214	215	216	217	218	219	220	221	502	#
1157	5.14047	215	216	217	218	219	220	221	222	502	#
1158	5.14047	216	217	218	219	220	221	222	223	502	#
1159	5.14047	217	218	219	220	221	222	223	224	502	#
1160	5.14047	218	219	220	221	222	223	224	225	502	#
1161	5.14047	219	220	221	222	223	224	225	226	502	#
1162	5.14047	220	221	222	223	224	225	226	227	502	#
1163	5.14047	221	222	223	224	225	226	227	228	502	#
1164	5.14047	222	223	224	225	226	227	228	229	502	#
1165	5.14047	223	224	225	226	227	228	229	230	502	#
1166	5.14047	224	225	226	227	228	229	230	231	502	#
1167	5.14047	225	226	227	228	229	230	231	232	502	#
1168	5.14047	226	227	228	229	230	231	232	233	502	#
1169	5.14047	227	228	229	230	231	232	233	234	502	#
1170	5.14047	228	229	230	231	232	233	234	235	502	#
1171	5.14047	229	230	231	232	233	234	235	236	502	#
1172	5.14047	230	231	232	233	234	235	236	237	502	#
1173	5.14047	231	232	233	234	235	236	237	238	502	#
1174	5.14047	232	233	234	235	236	237	238	239	502	#
1175	5.14047	233	234	235	236	237	238	239	240	502	#
1176	5.14047	234	235	236	237	238	239	240	241	502	#
1177	5.14047	235	236	237	238	239	240	241	242	502	#
1178	5.14047	236	237	238	239	240	241	242	243	502	#
1179	5.14047	237	238	239	240	241	242	243	244	502	#
1180	5.14047	238	239	240	241	242	243	244	245	502	#
1181	5.14047	239	240	241	242	243	244	245	246	502	#
1182	5.14047	240	241	242	243	244	245	246	247	502	#
1183	5.14047	241	242	243	244	245	246	247	248	502	#
1184	5.14047	242	243	244	245	246	247	248	249	502	#
1185	5.14047	243	244	245	246	247	248	249	250	502	#
1186	5.14047	244	245	246	247	248	249	250	251	502	#
1187	5.14047	245	246	247	248	249	250	251	252	502	#
1188	5.14047	246	247	248	249	250	251	252	253	502	#
1189	5.14047	247	248	249	250	251	252	253	254	502	#
1190	5.14047	248	249	250	251	252	253	254	255	502	#
1191	5.14047	249	250	251	252	253	254	255	256	502	#
1192	5.14047	250	251	252	253	254	255	256	257	502	#
1193	5.14047	251	252	253	254	255	256	257	258	502	#
1194	5.14047	252	253	254	255	256	257	258	259	502	#
1195	5.14047	253	254	255	256	257	258	259	260	502	#
1196	5.14047	254	255	256	257	258	259	260	261	502	#
1197	5.14047	255	256	257	258	259	260	261	262	502	#
1198	5.14047	256	257	258	259	260	261	262	263	502	#
1199	5.14047	257	258	259	260	261	262	263	264	502	#
1200	5.14047	258	259	260	261	262	263	264	265	502	#
1201	5.14047	259	260	261	262	263	264	265	266	502	#
1202	5.14047	260	261	262	263	264	265	266	267	502	#
1203	5.14047	261	262	263	264	265	266	267	268	502	#
1204	5.14047	262	263	264	265	266	267	268	269	502	#
1205	5.14047	263	264	265	266	267	268	269	270	502	#
1206	5.14047	264	265	266	267	268	269	270	271	502	#
1207	5.14047	265	266	267	268	269	270	271	272	502	#
1208	5.14047	266	267	268	269	270	271	272	273	502	#
1209	5.14047	267	268	269	270	271	272	273	274	502	#
1210	5.14047	268	269	270	271	272	273	274	275	502	#
1211	5.14047	269	270	271	272	273	274	275	276	502	#
1212	5.14047	270	271	272	273	274	275	276	277	502	#
1213	5.14047	271	272	273	274	275	276	277	278	502	#
1214	5.14047	272	273	274	275	276	277	278	279	502	#
1215	5.14047	273	274	275	276	277	278	279	280	502	#
1216	5.14047	274	275	276	277	278	279	280	281	502	#
1217	5.14047	275	276	277	278	279	280	281	282	502	#
1218	5.14047	276	277	278	279	280	281	282	283	502	#
1219	5.14047	277	278	279	280	281	282	283	284	502	#
1220	5.14047	278	279	280	281	282	283	284	285	502	#
1221	5.14047	279	280	281	282	283	284	285	286	502	#
1222	5.14047	280	281	282	283	284	285	286	287	502	#
1223	5.14047	281	282	283	284	285	286	287	288	502	#
1224	5.14047	282	283	284	285	286	287	288	289	502	#
1225	5.14047	283	284	285	286	287	288	289	290	502	#
1226	5.14047	284	285	286	287	288	289	290	291	502	#
1227	5.14047	285	286	287	288	289	290	291	292	502	#
1228	5.14047	286	287	288	289	290	291	292	293	502	#
1229	5.14047	287	288	289	290	291	292	293	294	502	#
1230	5.14047	288	289	290	291	292	293	294	295	502	#
1231	5.14047	289	290	291	292	293	294	295	296	502	#
1232	5.14047	290	291	292	293	294	295	296	297	502	#
1233	5.14047	291	292	293	294	295	296	297	298	502	#
1234	5.14047	292	293	294	295	296	297	298	299	502	#
1235	5.14047	293	294	295	296	297	298	299	300	502	#
1236	5.14047	294	295	296	297	298	299	300	301	502	#
1237	5.14047	295	296	297	298	299	300	301	302	502	#
1238	5.14047	296	297	298	299	300	301	302	303	502	#
1239	5.14047	297	298	299	300	301	302	303	304	502	#
1240	5.14047	298	299	300	301	302	303	304	305	502	#
1241	5.14047	299	300	301	302	303	304	305	306	502	#
1242	5.14047	300	301	302	303	304	305	306	307	502	#
1243	5.14047	301	302	303	304	305	306	307	308	502	#
1244	5.14047	302	303	304	305	306	307	308	309	502	#
1245	5.14047	303	304	305	306	307	308	309	310	502	#
1246	5.14047	304	305	306	307	308	309	310	311	502	#
1247	5.14047	305	306	307	308	309	310	311	312	502	#
1248	5.14047	306	307	308	309	310	311	312	313	502	#
1249	5.14047	307	308	309	310	311	312	313	314	502	#
1250	5.14047	308	309	310	311	312	313	314	315	502	#
1251	5.14047	309	310	311	312	313	314	315	316	502	#
1252	5.14047	310	311	312	313	314	315	316	317	502	#
1253	5.14047	311	312	313	314	315	316	317	318	502	#
1254	5.14047	312	313	314	315	316	317	318	319	502	#
1255	5.14047	313	314	315	316	317	318	319	320	502	#
1256	5.14047	314	315	316	317	318	319	320	321	502	#
1257	5.14047	315	316	317	318	319	320	321	322	502	#
1258	5.14047	316	317	318	319	320	321	322	323	502	#
1259	5.14047	317	318	319	320	321	322	323	324	502	#
1260	5.14047	318	319	320	321	322	323	324	325	502	#
1261	5.14047	319	320	321	322	323	324	325	326	502	#
1262	5.14047	320	321	322	323	324	325	326	327	502	#
1263	5.14047	321	322	323	324	325	326	327	328	502	#
1264	5.14047	322	323	324	325	326	327	328	329	502	#
1265	5.14047	323	324	325	326	327	328	329	330	502	#
1266	5.14047	324	325	326	327	328	329	330	331	502	#
1267	5.14047	325	326	327	328	329	330	331	332	502	#
1268	5.14047	326	327	328	329	330	331	332	333	502	#
1269	5.14047	327	328	329	330	331	332	333	334	502	#
1270	5.14047	328	329	330	331	332	333	334	335	502	#
1271	5.14047	329	330	331	332	333	334	335	336	502	#
1272	5.14047	330	331	332	333	334	335	336	337	502	#
1273	5.14047	331	332	333	334	335	336	337	338	502	#
1274	5.14047	332	333	334	335	336	337	338	339	502	#
1275	5.14047	333	334	335	336	337	338	339	340	502	#
1276	5.14047	334	335	336	337	338	339	340	341	502	#
1277	5.14047	335	336	337	338	339	340	341	342	502	#
1278	5.14047	336	337	338	339	340	341	342	343	502	#
1279	5.14047	337	338	339	340	341	342	343	344	502	#
1280	5.14047	338	339	340	341	342	343	344	345	502	#
1281	5.14047	339	340	341	342	343	344	345	346	502	#
1282	5.14047	340	341	342	343	344	345	346	347	502	#
1283	5.14047	341	342	343	344	345	346	347	348	502	#
1284	5.14047	342	343	344	345	346	347	348	349	502	#
1285	5.14047	343	344	345	346	347	348	349	350	502	#
1286	5.14047	344	345	346	347	348	349	350	351	502	#
1287	5.14047	345	346	347	348	349	350	351	352	502	#
1288	5.14047	346	347	348	349	350	351	352	353	502	#
1289	5.14047	347	348	349	350	351	352	353	354	502	#
1290	5.14047	348	349	350	351	352	353	354	355	502	#
1291	5.14047	349	350	351	352	353	354	355	356	502	#
1292	5.14047	350	351	352	353	354	355	356	357	502	#
1293	5.14047	351	352	353	354	355	356	357	358	502	#
1294	5.14047	352	353	354	355	356	357	358	359	502	#
1295	5.14047	353	354	355	356	357	358	359	360	502	#
1296	5.14047	354	355	356	357	358	359	360	361	502	#
1297	5.14047	355	356	357	358	359	360	361	362	502	#
1298	5.14047	356	357	358	359	360	361	362	363	502	#
1299	5.14047	357	358	359	360	361	362	363	364	502	#
1300	5.14047	358	359	360	361	362	363	364	365	502	#
1301	5.14047	359	360	361	362	363	364	365	366	502	#
1302	5.14047	360	361	362	363	364	365	366	367	502	#
1303	5.14047	361	362	363	364	365	366	367	368	502	#
1304	5.14047	362	363	364	365	366	367	368	369	502	#
1305	5.14047	363	364	365	366	367	368	369	370	502	#
1306	5.14047	364	365	366	367	368	369	370	371	502	#
1307	5.14047	365	366	367	368	369	370	371	372	502	#
1308	5.14047	366	367	368	369	370	371	372	373	502	#
1309	5.14047	367	368	369	370	371	372	373	374	502	#
1310	5.14047	368	369	370	371	372	373	374	375	502	#
1311	5.14047	369	370	371	372	373	374	375	376	502	#
1312	5.14047	370	371	372	373	374	375	376	377	502	#
1313	4.17663	371	372	373	374	375	376	377	378	502	#
1314	4.17663	372	373	374	375	376	377	378	379	502	#
1315	4.17663	373	374	375	376	377	378	379	380	502	#
1316	4.17663	374	375	376	377	378	379	380	381	502	#
1317	4.17663	375	376	377	378	379	380	381	382	502	#
1318	4.17663	376	377	378	379	380	381	382	383	502	#
1319	4.17663	377	378	379	380	381	382	383	384	502	#
1320	4.17663	378	379	380	381	382	383	384	385	502	#
1321	4.17663	379	380	381	382	383	384	385	386	502	#
1322	4.17663	380	381	382	383	384	385	386	387	502	#
1323	4.17663	381	382	383	384	385	386	387	388	502	#
1324	4.17663	382	383	384	385	386	387	388	389	502	#
1325	4.17663	383	384	385	386	387	388	389	390	502	#
1326	4.17663	384	385	386	387	388	389	390	391	502	#
1327	4.17663	385	386	387	388	389	390	391	392	502	#
1328	4.17663	386	387	388	389	390	391	392	393	502	#
1329	4.17663	387	388	389	390	391	392	393	394	502	#
1330	4.17663	388	389	390	391	392	393	394	395	502	#
1331	4.17663	389	390	391	392	393	394	395	396	502	#
1332	4.17663	390	391	392	393	394	395	396	397	502	#
1333	4.17663	391	392	393	394	395	396	397	398	502	#
1334	4.17663	392	393	394	395	396	397	398	399	502	#
1335	4.17663	393	394	395	396	397	398	399	400	502	#
1336	4.17663	394	395	396	397	398	399	400	401	502	#
1337	4.17663	395	396	397	398	399	400	401	402	502	#
1338	4.17663	396	397	398	399	400	401	402	403	502	#
1339	4.17663	397	398	399	400	401	402	403	404	502	#
1340	4.17663	398	399	400	401	402	403	404	405	502	#
1341	4.17663	399	400	401	402	403	404	405	406	502	#
1342	4.17663	400	401	402	403	404	405	406	407	502	#
1343	4.17663	401	402	403	404	405	406	407	408	502	#
1344	4.17663	402	403	404	405	406	407	408	409	502	#
1345	4.17663	403	404	405	406	407	408	409	410	502	#
1346	4.17663	404	405	406	407	408	409	410	411	502	#
1347	4.17663	405	406	407	408	409	410	411	412	502	#
1348	4.17663	406	407	408	409	410	411	412	413	502	#
1349	4.17663	407	408	409	410	411	412	413	414	502	#
1350	4.17663	408	409	410	411	412	413	414	415	502	#
1351	4.17663	409	410	411	412	413	414	415	416	502	#
1352	4.17663	410	411	412	413	414	415	416	417	502	#
1353	4.17663	411	412	413	414	415	416	417	418	502	#
1354	4.17663	412	413	414	415	416	417	418	419	502	#
1355	4.17663	413	414	415	416	417	418	419	420	502	#
1356	4.17663	414	415	416	417	418	419	420	421	502	#
1357	4.17663	415	416	417	418	419	420	421	422	502	#
1358	4.17663	416	417	418	419	420	421	422	423	502	#
1359	4.17663	417	418	419	420	421	422	423	424	502	#
1360	4.17663	418	419	420	421	422	423	424	425	502	#
1361	4.17663	419	420	421	422	423	424	425	426	502	#
1362	4.17663	420	421	422	423	424	425	426	427	502	#
1363	4.17663	421	422	423	424	425	426	427	428	502	#
1364	4.17663	422	423	424	425	426	427	428	429	502	#
1365	4.17663	423	424	425	426	427	428	429	430	502	#
1366	4.17663	424	425	426	427	428	429	430	431	502	#
1367	4.17663	425	426	427	428	429	430	431	432	502	#
1368	4.17663	426	427	428	429	430	431	432	433	502	#
1369	4.17663	427	428	429	430	431	432	433	434	502	#
1370	4.17663	428	429	430	431	432	433	434	435	502	#
1371	4.17663	429	430	431	432	433	434	435	436	502	#
1372	4.17663	430	431	432	433	434	435	436	437	502	#
1373	4.17663	431	432	433	434	435	436	437	438	502	#
1374	4.17663	432	433	434	435	436	437	438	439	502	#
1375	4.17663	433	434	435	436	437	438	439	440	502	#
1376	4.17663	434	435	436	437	438	439	440	441	502	#
1377	4.17663	435	436	437	438	439	440	441	442	502	#
1378	4.17663	436	437	438	439	440	441	442	443	502	#
1379	4.17663	437	438	439	440	441	442	443	444	502	#
1380	4.17663	438	439	440	441	442	443	444	445	502	#
1381	4.17663	439	440	441	442	443	444	445	446	502	#
1382	4.17663	440	441	442	443	444	445	446	447	502	#
1383	4.17663	441	442	443	444	445	446	447	448	502	#
1384	4.17663	442	443	444	445	446	447	448	449	502	#
1385	4.17663	443	444	445	446	447	448	449	450	502	#
1386	4.17663	444	445	446	447	448	449	450	451	502	#
1387	4.17663	445	446	447	448	449	450	451	452	502	#
1388	4.17663	446	447	448	449	450	451	452	453	502	#
1389	4.17663	447	448	449	450	451	452	453	454	502	#
1390	4.17663	448	449	450	451	452	453	454	455	502	#
1391	4.17663	449	450	451	452	453	454	455	456	502	#
1392	4.17663	450	451	452	453	454	455	456	457	502	#
1393	4.17663	451	452	453	454	455	456	457	458	502	#
1394	4.17663	452	453	454	455	456	457	458	459	502	#
1395	4.17663	453	454	455	456	457	458	459	460	502	#
1396	4.17663	454	455	456	457	458	459	460	461	502	#
1397	4.17663	455	456	457	458	459	460	461	462	502	#
1398	4.17663	456	457	458	459	460	461	462	463	502	#
1399	4.17663	457	458	459	460	461	462	463	464	502	#
1400	4.09716	458	459	460	461	462	463	464	465	502	#
1401	4.09716	459	460	461	462	463	464	465	466	502	#
1402	4.09716	460	461	462	463	464	465	466	467	502	#
1403	4.09716	461	462	463	464	465	466	467	468	502	#
1404	4.09716	462	463	464	465	466	467	468	469	502	#
1405	4.09716	463	464	465	466	467	468	469	470	502	#
1406	4.09716	464	465	466	467	468	469	470	471	502	#
1407	4.09716	465	466	467	468	469	470	471	472	502	#
1408	4.09716	466	467	468	469	470	471	472	473	502	#
1409	3.98756	467	468	469	470	471	472	473	474	502	#
1410	3.98756	468	469	470	471	472	473	474	475	502	#
1411	3.98756	469	470	471	472	473	474	475	476	502	#
1412	3.98756	470	471	472	473	474	475	476	477	502	#
1413	3.98756	471	472	473	474	475	476	477	478	502	#
1414	3.98756	472	473	474	475	476	477	478	479	502	#
1415	3.98756	473	474	475	476	477	478	479	480	502	#
1416	3.98756	474	475	476	477	478	479	480	481	502	#
1417	3.98756	475	476	477	478	479	480	481	482	502	#
1418	3.98756	476	477	478	479	480	481	482	483	502	#
1419	3.98756	477	478	479	480	481	482	483	484	502	#
1420	3.98756	478	479	480	481	482	483	484	485	502	#
1421	3.98756	479	480	481	482	483	484	485	486	502	#
1422	3.93095	480	481	482	483	484	485	486	487	502	#
1423	3.93095	481	482	483	484	485	486	487	488	502	#
1424	3.93095	482	483	484	485	486	487	488	489	502	#
1425	3.93095	483	484	485	486	487	488	489	490	502	#
1426	3.93095	484	485	486	487	488	489	490	491	502	#
1427	3.93095	485	486	487	488	489	490	491	492	502	#
1428	3.93095	486	487	488	489	490	491	492	493	502	#
