%% File generated by CATS v.2.1Mon Jul  4 11:09:29 2011

%% The CATS webpage is http://robotics.stanford.edu/CATS

%% PARAMETER SETTINGS:
% Goods: 512; Bids: 2000; Distribution: scheduling; Runs: 1; Seed: 1309806801
% Scheduling Distribution Parameters:
% max_length                = 10
% deviation                 = 0.500000
% prob_additional_deadline  = 0.700000
% additivity                = 0.200000



goods 512
bids 2152
dummy 6

0	4.02825	0	1	2	3	4	512	#
1	4.02825	1	2	3	4	5	512	#
2	4.02825	2	3	4	5	6	512	#
3	4.02825	3	4	5	6	7	512	#
4	4.02825	4	5	6	7	8	512	#
5	4.02825	5	6	7	8	9	512	#
6	4.02825	6	7	8	9	10	512	#
7	4.02825	7	8	9	10	11	512	#
8	4.02825	8	9	10	11	12	512	#
9	4.02825	9	10	11	12	13	512	#
10	4.02825	10	11	12	13	14	512	#
11	4.02825	11	12	13	14	15	512	#
12	4.02825	12	13	14	15	16	512	#
13	4.02825	13	14	15	16	17	512	#
14	16.8806	0	1	2	3	4	5	6	7	513	#
15	16.8806	1	2	3	4	5	6	7	8	513	#
16	16.8806	2	3	4	5	6	7	8	9	513	#
17	16.8806	3	4	5	6	7	8	9	10	513	#
18	16.8806	4	5	6	7	8	9	10	11	513	#
19	16.8806	5	6	7	8	9	10	11	12	513	#
20	16.8806	6	7	8	9	10	11	12	13	513	#
21	16.8806	7	8	9	10	11	12	13	14	513	#
22	16.8806	8	9	10	11	12	13	14	15	513	#
23	16.8806	9	10	11	12	13	14	15	16	513	#
24	16.8806	10	11	12	13	14	15	16	17	513	#
25	16.8806	11	12	13	14	15	16	17	18	513	#
26	16.8806	12	13	14	15	16	17	18	19	513	#
27	16.8806	13	14	15	16	17	18	19	20	513	#
28	16.8806	14	15	16	17	18	19	20	21	513	#
29	16.8806	15	16	17	18	19	20	21	22	513	#
30	16.8806	16	17	18	19	20	21	22	23	513	#
31	16.8806	17	18	19	20	21	22	23	24	513	#
32	16.8806	18	19	20	21	22	23	24	25	513	#
33	16.8806	19	20	21	22	23	24	25	26	513	#
34	16.8806	20	21	22	23	24	25	26	27	513	#
35	16.8806	21	22	23	24	25	26	27	28	513	#
36	16.8806	22	23	24	25	26	27	28	29	513	#
37	16.8806	23	24	25	26	27	28	29	30	513	#
38	16.8806	24	25	26	27	28	29	30	31	513	#
39	16.8806	25	26	27	28	29	30	31	32	513	#
40	16.8806	26	27	28	29	30	31	32	33	513	#
41	16.8806	27	28	29	30	31	32	33	34	513	#
42	16.8806	28	29	30	31	32	33	34	35	513	#
43	16.8806	29	30	31	32	33	34	35	36	513	#
44	16.8806	30	31	32	33	34	35	36	37	513	#
45	16.8806	31	32	33	34	35	36	37	38	513	#
46	16.8806	32	33	34	35	36	37	38	39	513	#
47	16.8806	33	34	35	36	37	38	39	40	513	#
48	16.8806	34	35	36	37	38	39	40	41	513	#
49	16.8806	35	36	37	38	39	40	41	42	513	#
50	16.8806	36	37	38	39	40	41	42	43	513	#
51	16.8806	37	38	39	40	41	42	43	44	513	#
52	16.8806	38	39	40	41	42	43	44	45	513	#
53	16.8806	39	40	41	42	43	44	45	46	513	#
54	16.8806	40	41	42	43	44	45	46	47	513	#
55	16.8806	41	42	43	44	45	46	47	48	513	#
56	16.8806	42	43	44	45	46	47	48	49	513	#
57	16.8806	43	44	45	46	47	48	49	50	513	#
58	16.8806	44	45	46	47	48	49	50	51	513	#
59	16.8806	45	46	47	48	49	50	51	52	513	#
60	16.8806	46	47	48	49	50	51	52	53	513	#
61	16.8806	47	48	49	50	51	52	53	54	513	#
62	16.8806	48	49	50	51	52	53	54	55	513	#
63	16.8806	49	50	51	52	53	54	55	56	513	#
64	16.8806	50	51	52	53	54	55	56	57	513	#
65	16.8806	51	52	53	54	55	56	57	58	513	#
66	16.8806	52	53	54	55	56	57	58	59	513	#
67	16.8806	53	54	55	56	57	58	59	60	513	#
68	16.8806	54	55	56	57	58	59	60	61	513	#
69	16.8806	55	56	57	58	59	60	61	62	513	#
70	16.8806	56	57	58	59	60	61	62	63	513	#
71	16.8806	57	58	59	60	61	62	63	64	513	#
72	16.8806	58	59	60	61	62	63	64	65	513	#
73	16.8806	59	60	61	62	63	64	65	66	513	#
74	16.8806	60	61	62	63	64	65	66	67	513	#
75	16.8806	61	62	63	64	65	66	67	68	513	#
76	16.8806	62	63	64	65	66	67	68	69	513	#
77	16.8806	63	64	65	66	67	68	69	70	513	#
78	16.8806	64	65	66	67	68	69	70	71	513	#
79	16.8806	65	66	67	68	69	70	71	72	513	#
80	16.8806	66	67	68	69	70	71	72	73	513	#
81	16.8806	67	68	69	70	71	72	73	74	513	#
82	16.8806	68	69	70	71	72	73	74	75	513	#
83	16.8806	69	70	71	72	73	74	75	76	513	#
84	16.8806	70	71	72	73	74	75	76	77	513	#
85	16.8806	71	72	73	74	75	76	77	78	513	#
86	16.8806	72	73	74	75	76	77	78	79	513	#
87	16.8806	73	74	75	76	77	78	79	80	513	#
88	16.8806	74	75	76	77	78	79	80	81	513	#
89	16.8806	75	76	77	78	79	80	81	82	513	#
90	16.8806	76	77	78	79	80	81	82	83	513	#
91	16.8806	77	78	79	80	81	82	83	84	513	#
92	16.8806	78	79	80	81	82	83	84	85	513	#
93	16.8806	79	80	81	82	83	84	85	86	513	#
94	16.8806	80	81	82	83	84	85	86	87	513	#
95	16.8806	81	82	83	84	85	86	87	88	513	#
96	16.8806	82	83	84	85	86	87	88	89	513	#
97	16.8806	83	84	85	86	87	88	89	90	513	#
98	16.8806	84	85	86	87	88	89	90	91	513	#
99	16.8806	85	86	87	88	89	90	91	92	513	#
100	16.8806	86	87	88	89	90	91	92	93	513	#
101	16.8806	87	88	89	90	91	92	93	94	513	#
102	16.8806	88	89	90	91	92	93	94	95	513	#
103	16.8806	89	90	91	92	93	94	95	96	513	#
104	16.8806	90	91	92	93	94	95	96	97	513	#
105	16.8806	91	92	93	94	95	96	97	98	513	#
106	16.8806	92	93	94	95	96	97	98	99	513	#
107	16.8806	93	94	95	96	97	98	99	100	513	#
108	16.8806	94	95	96	97	98	99	100	101	513	#
109	16.8806	95	96	97	98	99	100	101	102	513	#
110	16.8806	96	97	98	99	100	101	102	103	513	#
111	16.8806	97	98	99	100	101	102	103	104	513	#
112	16.8806	98	99	100	101	102	103	104	105	513	#
113	16.8806	99	100	101	102	103	104	105	106	513	#
114	16.8806	100	101	102	103	104	105	106	107	513	#
115	16.8806	101	102	103	104	105	106	107	108	513	#
116	16.8806	102	103	104	105	106	107	108	109	513	#
117	16.8806	103	104	105	106	107	108	109	110	513	#
118	16.8806	104	105	106	107	108	109	110	111	513	#
119	16.8806	105	106	107	108	109	110	111	112	513	#
120	16.8806	106	107	108	109	110	111	112	113	513	#
121	16.8806	107	108	109	110	111	112	113	114	513	#
122	16.8806	108	109	110	111	112	113	114	115	513	#
123	16.8806	109	110	111	112	113	114	115	116	513	#
124	16.8806	110	111	112	113	114	115	116	117	513	#
125	16.8806	111	112	113	114	115	116	117	118	513	#
126	16.8806	112	113	114	115	116	117	118	119	513	#
127	16.8806	113	114	115	116	117	118	119	120	513	#
128	16.8806	114	115	116	117	118	119	120	121	513	#
129	16.8806	115	116	117	118	119	120	121	122	513	#
130	16.8806	116	117	118	119	120	121	122	123	513	#
131	16.8806	117	118	119	120	121	122	123	124	513	#
132	16.8806	118	119	120	121	122	123	124	125	513	#
133	16.8806	119	120	121	122	123	124	125	126	513	#
134	16.8806	120	121	122	123	124	125	126	127	513	#
135	16.8806	121	122	123	124	125	126	127	128	513	#
136	16.8806	122	123	124	125	126	127	128	129	513	#
137	16.8806	123	124	125	126	127	128	129	130	513	#
138	16.8806	124	125	126	127	128	129	130	131	513	#
139	16.8806	125	126	127	128	129	130	131	132	513	#
140	16.8806	126	127	128	129	130	131	132	133	513	#
141	16.8806	127	128	129	130	131	132	133	134	513	#
142	16.8806	128	129	130	131	132	133	134	135	513	#
143	16.8806	129	130	131	132	133	134	135	136	513	#
144	16.8806	130	131	132	133	134	135	136	137	513	#
145	16.8806	131	132	133	134	135	136	137	138	513	#
146	16.8806	132	133	134	135	136	137	138	139	513	#
147	16.8806	133	134	135	136	137	138	139	140	513	#
148	16.8806	134	135	136	137	138	139	140	141	513	#
149	16.8806	135	136	137	138	139	140	141	142	513	#
150	16.8806	136	137	138	139	140	141	142	143	513	#
151	16.8806	137	138	139	140	141	142	143	144	513	#
152	16.8806	138	139	140	141	142	143	144	145	513	#
153	16.8806	139	140	141	142	143	144	145	146	513	#
154	16.8806	140	141	142	143	144	145	146	147	513	#
155	16.8806	141	142	143	144	145	146	147	148	513	#
156	16.8806	142	143	144	145	146	147	148	149	513	#
157	16.8806	143	144	145	146	147	148	149	150	513	#
158	16.8806	144	145	146	147	148	149	150	151	513	#
159	16.8806	145	146	147	148	149	150	151	152	513	#
160	16.8806	146	147	148	149	150	151	152	153	513	#
161	16.8806	147	148	149	150	151	152	153	154	513	#
162	16.8806	148	149	150	151	152	153	154	155	513	#
163	16.8806	149	150	151	152	153	154	155	156	513	#
164	16.8806	150	151	152	153	154	155	156	157	513	#
165	16.8806	151	152	153	154	155	156	157	158	513	#
166	16.8806	152	153	154	155	156	157	158	159	513	#
167	16.8806	153	154	155	156	157	158	159	160	513	#
168	16.8806	154	155	156	157	158	159	160	161	513	#
169	16.8806	155	156	157	158	159	160	161	162	513	#
170	16.8806	156	157	158	159	160	161	162	163	513	#
171	16.8806	157	158	159	160	161	162	163	164	513	#
172	16.8806	158	159	160	161	162	163	164	165	513	#
173	16.8806	159	160	161	162	163	164	165	166	513	#
174	16.8806	160	161	162	163	164	165	166	167	513	#
175	16.8806	161	162	163	164	165	166	167	168	513	#
176	16.8806	162	163	164	165	166	167	168	169	513	#
177	16.8806	163	164	165	166	167	168	169	170	513	#
178	16.8806	164	165	166	167	168	169	170	171	513	#
179	16.8806	165	166	167	168	169	170	171	172	513	#
180	16.8806	166	167	168	169	170	171	172	173	513	#
181	16.8806	167	168	169	170	171	172	173	174	513	#
182	16.8806	168	169	170	171	172	173	174	175	513	#
183	16.8806	169	170	171	172	173	174	175	176	513	#
184	16.8806	170	171	172	173	174	175	176	177	513	#
185	16.8806	171	172	173	174	175	176	177	178	513	#
186	16.8806	172	173	174	175	176	177	178	179	513	#
187	16.8806	173	174	175	176	177	178	179	180	513	#
188	16.8806	174	175	176	177	178	179	180	181	513	#
189	16.8806	175	176	177	178	179	180	181	182	513	#
190	16.8806	176	177	178	179	180	181	182	183	513	#
191	16.8806	177	178	179	180	181	182	183	184	513	#
192	16.8806	178	179	180	181	182	183	184	185	513	#
193	16.8806	179	180	181	182	183	184	185	186	513	#
194	16.8806	180	181	182	183	184	185	186	187	513	#
195	16.8806	181	182	183	184	185	186	187	188	513	#
196	16.8806	182	183	184	185	186	187	188	189	513	#
197	6.86113	183	184	185	186	187	188	189	190	513	#
198	6.86113	184	185	186	187	188	189	190	191	513	#
199	6.86113	185	186	187	188	189	190	191	192	513	#
200	6.86113	186	187	188	189	190	191	192	193	513	#
201	6.86113	187	188	189	190	191	192	193	194	513	#
202	6.86113	188	189	190	191	192	193	194	195	513	#
203	6.86113	189	190	191	192	193	194	195	196	513	#
204	6.86113	190	191	192	193	194	195	196	197	513	#
205	6.86113	191	192	193	194	195	196	197	198	513	#
206	6.86113	192	193	194	195	196	197	198	199	513	#
207	6.86113	193	194	195	196	197	198	199	200	513	#
208	6.86113	194	195	196	197	198	199	200	201	513	#
209	6.86113	195	196	197	198	199	200	201	202	513	#
210	6.86113	196	197	198	199	200	201	202	203	513	#
211	6.86113	197	198	199	200	201	202	203	204	513	#
212	6.86113	198	199	200	201	202	203	204	205	513	#
213	6.86113	199	200	201	202	203	204	205	206	513	#
214	6.86113	200	201	202	203	204	205	206	207	513	#
215	6.86113	201	202	203	204	205	206	207	208	513	#
216	6.86113	202	203	204	205	206	207	208	209	513	#
217	6.86113	203	204	205	206	207	208	209	210	513	#
218	6.86113	204	205	206	207	208	209	210	211	513	#
219	6.86113	205	206	207	208	209	210	211	212	513	#
220	6.86113	206	207	208	209	210	211	212	213	513	#
221	6.86113	207	208	209	210	211	212	213	214	513	#
222	6.86113	208	209	210	211	212	213	214	215	513	#
223	6.86113	209	210	211	212	213	214	215	216	513	#
224	6.86113	210	211	212	213	214	215	216	217	513	#
225	6.86113	211	212	213	214	215	216	217	218	513	#
226	6.86113	212	213	214	215	216	217	218	219	513	#
227	6.86113	213	214	215	216	217	218	219	220	513	#
228	6.86113	214	215	216	217	218	219	220	221	513	#
229	6.86113	215	216	217	218	219	220	221	222	513	#
230	6.86113	216	217	218	219	220	221	222	223	513	#
231	6.86113	217	218	219	220	221	222	223	224	513	#
232	6.86113	218	219	220	221	222	223	224	225	513	#
233	6.86113	219	220	221	222	223	224	225	226	513	#
234	6.86113	220	221	222	223	224	225	226	227	513	#
235	6.86113	221	222	223	224	225	226	227	228	513	#
236	6.86113	222	223	224	225	226	227	228	229	513	#
237	6.86113	223	224	225	226	227	228	229	230	513	#
238	6.86113	224	225	226	227	228	229	230	231	513	#
239	6.86113	225	226	227	228	229	230	231	232	513	#
240	6.86113	226	227	228	229	230	231	232	233	513	#
241	6.86113	227	228	229	230	231	232	233	234	513	#
242	6.86113	228	229	230	231	232	233	234	235	513	#
243	6.86113	229	230	231	232	233	234	235	236	513	#
244	6.86113	230	231	232	233	234	235	236	237	513	#
245	6.86113	231	232	233	234	235	236	237	238	513	#
246	6.86113	232	233	234	235	236	237	238	239	513	#
247	6.86113	233	234	235	236	237	238	239	240	513	#
248	6.86113	234	235	236	237	238	239	240	241	513	#
249	6.86113	235	236	237	238	239	240	241	242	513	#
250	6.86113	236	237	238	239	240	241	242	243	513	#
251	6.86113	237	238	239	240	241	242	243	244	513	#
252	6.86113	238	239	240	241	242	243	244	245	513	#
253	6.86113	239	240	241	242	243	244	245	246	513	#
254	6.86113	240	241	242	243	244	245	246	247	513	#
255	6.86113	241	242	243	244	245	246	247	248	513	#
256	6.86113	242	243	244	245	246	247	248	249	513	#
257	6.86113	243	244	245	246	247	248	249	250	513	#
258	6.86113	244	245	246	247	248	249	250	251	513	#
259	6.86113	245	246	247	248	249	250	251	252	513	#
260	6.86113	246	247	248	249	250	251	252	253	513	#
261	6.86113	247	248	249	250	251	252	253	254	513	#
262	6.86113	248	249	250	251	252	253	254	255	513	#
263	6.86113	249	250	251	252	253	254	255	256	513	#
264	6.86113	250	251	252	253	254	255	256	257	513	#
265	6.86113	251	252	253	254	255	256	257	258	513	#
266	6.86113	252	253	254	255	256	257	258	259	513	#
267	6.86113	253	254	255	256	257	258	259	260	513	#
268	6.86113	254	255	256	257	258	259	260	261	513	#
269	6.86113	255	256	257	258	259	260	261	262	513	#
270	6.86113	256	257	258	259	260	261	262	263	513	#
271	6.86113	257	258	259	260	261	262	263	264	513	#
272	6.86113	258	259	260	261	262	263	264	265	513	#
273	6.86113	259	260	261	262	263	264	265	266	513	#
274	6.86113	260	261	262	263	264	265	266	267	513	#
275	6.86113	261	262	263	264	265	266	267	268	513	#
276	6.86113	262	263	264	265	266	267	268	269	513	#
277	6.86113	263	264	265	266	267	268	269	270	513	#
278	6.86113	264	265	266	267	268	269	270	271	513	#
279	6.86113	265	266	267	268	269	270	271	272	513	#
280	6.86113	266	267	268	269	270	271	272	273	513	#
281	6.86113	267	268	269	270	271	272	273	274	513	#
282	6.86113	268	269	270	271	272	273	274	275	513	#
283	6.86113	269	270	271	272	273	274	275	276	513	#
284	6.86113	270	271	272	273	274	275	276	277	513	#
285	6.86113	271	272	273	274	275	276	277	278	513	#
286	6.86113	272	273	274	275	276	277	278	279	513	#
287	6.86113	273	274	275	276	277	278	279	280	513	#
288	6.86113	274	275	276	277	278	279	280	281	513	#
289	6.86113	275	276	277	278	279	280	281	282	513	#
290	6.86113	276	277	278	279	280	281	282	283	513	#
291	6.86113	277	278	279	280	281	282	283	284	513	#
292	6.86113	278	279	280	281	282	283	284	285	513	#
293	6.86113	279	280	281	282	283	284	285	286	513	#
294	6.86113	280	281	282	283	284	285	286	287	513	#
295	6.86113	281	282	283	284	285	286	287	288	513	#
296	6.86113	282	283	284	285	286	287	288	289	513	#
297	6.86113	283	284	285	286	287	288	289	290	513	#
298	6.86113	284	285	286	287	288	289	290	291	513	#
299	6.86113	285	286	287	288	289	290	291	292	513	#
300	6.86113	286	287	288	289	290	291	292	293	513	#
301	6.86113	287	288	289	290	291	292	293	294	513	#
302	6.86113	288	289	290	291	292	293	294	295	513	#
303	6.86113	289	290	291	292	293	294	295	296	513	#
304	6.86113	290	291	292	293	294	295	296	297	513	#
305	6.86113	291	292	293	294	295	296	297	298	513	#
306	6.86113	292	293	294	295	296	297	298	299	513	#
307	6.86113	293	294	295	296	297	298	299	300	513	#
308	6.86113	294	295	296	297	298	299	300	301	513	#
309	6.86113	295	296	297	298	299	300	301	302	513	#
310	6.86113	296	297	298	299	300	301	302	303	513	#
311	6.86113	297	298	299	300	301	302	303	304	513	#
312	6.86113	298	299	300	301	302	303	304	305	513	#
313	6.86113	299	300	301	302	303	304	305	306	513	#
314	6.86113	300	301	302	303	304	305	306	307	513	#
315	6.86113	301	302	303	304	305	306	307	308	513	#
316	6.86113	302	303	304	305	306	307	308	309	513	#
317	6.86113	303	304	305	306	307	308	309	310	513	#
318	6.86113	304	305	306	307	308	309	310	311	513	#
319	6.86113	305	306	307	308	309	310	311	312	513	#
320	6.86113	306	307	308	309	310	311	312	313	513	#
321	6.86113	307	308	309	310	311	312	313	314	513	#
322	6.86113	308	309	310	311	312	313	314	315	513	#
323	6.86113	309	310	311	312	313	314	315	316	513	#
324	6.86113	310	311	312	313	314	315	316	317	513	#
325	6.86113	311	312	313	314	315	316	317	318	513	#
326	6.86113	312	313	314	315	316	317	318	319	513	#
327	6.86113	313	314	315	316	317	318	319	320	513	#
328	6.86113	314	315	316	317	318	319	320	321	513	#
329	6.86113	315	316	317	318	319	320	321	322	513	#
330	6.86113	316	317	318	319	320	321	322	323	513	#
331	6.86113	317	318	319	320	321	322	323	324	513	#
332	6.86113	318	319	320	321	322	323	324	325	513	#
333	6.86113	319	320	321	322	323	324	325	326	513	#
334	6.86113	320	321	322	323	324	325	326	327	513	#
335	6.86113	321	322	323	324	325	326	327	328	513	#
336	6.86113	322	323	324	325	326	327	328	329	513	#
337	6.86113	323	324	325	326	327	328	329	330	513	#
338	6.86113	324	325	326	327	328	329	330	331	513	#
339	6.86113	325	326	327	328	329	330	331	332	513	#
340	6.86113	326	327	328	329	330	331	332	333	513	#
341	6.86113	327	328	329	330	331	332	333	334	513	#
342	6.86113	328	329	330	331	332	333	334	335	513	#
343	6.86113	329	330	331	332	333	334	335	336	513	#
344	6.86113	330	331	332	333	334	335	336	337	513	#
345	6.86113	331	332	333	334	335	336	337	338	513	#
346	6.86113	332	333	334	335	336	337	338	339	513	#
347	6.86113	333	334	335	336	337	338	339	340	513	#
348	6.86113	334	335	336	337	338	339	340	341	513	#
349	6.86113	335	336	337	338	339	340	341	342	513	#
350	6.86113	336	337	338	339	340	341	342	343	513	#
351	6.86113	337	338	339	340	341	342	343	344	513	#
352	6.86113	338	339	340	341	342	343	344	345	513	#
353	6.86113	339	340	341	342	343	344	345	346	513	#
354	6.86113	340	341	342	343	344	345	346	347	513	#
355	6.86113	341	342	343	344	345	346	347	348	513	#
356	6.86113	342	343	344	345	346	347	348	349	513	#
357	6.86113	343	344	345	346	347	348	349	350	513	#
358	6.86113	344	345	346	347	348	349	350	351	513	#
359	6.86113	345	346	347	348	349	350	351	352	513	#
360	6.86113	346	347	348	349	350	351	352	353	513	#
361	6.86113	347	348	349	350	351	352	353	354	513	#
362	6.86113	348	349	350	351	352	353	354	355	513	#
363	6.86113	349	350	351	352	353	354	355	356	513	#
364	6.86113	350	351	352	353	354	355	356	357	513	#
365	6.86113	351	352	353	354	355	356	357	358	513	#
366	6.86113	352	353	354	355	356	357	358	359	513	#
367	6.86113	353	354	355	356	357	358	359	360	513	#
368	6.86113	354	355	356	357	358	359	360	361	513	#
369	6.86113	355	356	357	358	359	360	361	362	513	#
370	6.86113	356	357	358	359	360	361	362	363	513	#
371	6.86113	357	358	359	360	361	362	363	364	513	#
372	6.86113	358	359	360	361	362	363	364	365	513	#
373	6.86113	359	360	361	362	363	364	365	366	513	#
374	6.86113	360	361	362	363	364	365	366	367	513	#
375	6.86113	361	362	363	364	365	366	367	368	513	#
376	6.86113	362	363	364	365	366	367	368	369	513	#
377	6.86113	363	364	365	366	367	368	369	370	513	#
378	6.86113	364	365	366	367	368	369	370	371	513	#
379	6.86113	365	366	367	368	369	370	371	372	513	#
380	6.86113	366	367	368	369	370	371	372	373	513	#
381	6.86113	367	368	369	370	371	372	373	374	513	#
382	6.86113	368	369	370	371	372	373	374	375	513	#
383	6.86113	369	370	371	372	373	374	375	376	513	#
384	6.86113	370	371	372	373	374	375	376	377	513	#
385	6.86113	371	372	373	374	375	376	377	378	513	#
386	6.86113	372	373	374	375	376	377	378	379	513	#
387	6.86113	373	374	375	376	377	378	379	380	513	#
388	6.86113	374	375	376	377	378	379	380	381	513	#
389	6.86113	375	376	377	378	379	380	381	382	513	#
390	6.86113	376	377	378	379	380	381	382	383	513	#
391	6.86113	377	378	379	380	381	382	383	384	513	#
392	6.86113	378	379	380	381	382	383	384	385	513	#
393	6.86113	379	380	381	382	383	384	385	386	513	#
394	6.86113	380	381	382	383	384	385	386	387	513	#
395	6.86113	381	382	383	384	385	386	387	388	513	#
396	6.86113	382	383	384	385	386	387	388	389	513	#
397	6.86113	383	384	385	386	387	388	389	390	513	#
398	6.86113	384	385	386	387	388	389	390	391	513	#
399	6.86113	385	386	387	388	389	390	391	392	513	#
400	6.86113	386	387	388	389	390	391	392	393	513	#
401	6.86113	387	388	389	390	391	392	393	394	513	#
402	6.86113	388	389	390	391	392	393	394	395	513	#
403	6.86113	389	390	391	392	393	394	395	396	513	#
404	6.86113	390	391	392	393	394	395	396	397	513	#
405	6.86113	391	392	393	394	395	396	397	398	513	#
406	6.86113	392	393	394	395	396	397	398	399	513	#
407	6.86113	393	394	395	396	397	398	399	400	513	#
408	6.86113	394	395	396	397	398	399	400	401	513	#
409	6.86113	395	396	397	398	399	400	401	402	513	#
410	6.86113	396	397	398	399	400	401	402	403	513	#
411	6.86113	397	398	399	400	401	402	403	404	513	#
412	6.86113	398	399	400	401	402	403	404	405	513	#
413	6.86113	399	400	401	402	403	404	405	406	513	#
414	6.86113	400	401	402	403	404	405	406	407	513	#
415	6.86113	401	402	403	404	405	406	407	408	513	#
416	6.86113	402	403	404	405	406	407	408	409	513	#
417	6.86113	403	404	405	406	407	408	409	410	513	#
418	6.86113	404	405	406	407	408	409	410	411	513	#
419	6.86113	405	406	407	408	409	410	411	412	513	#
420	6.86113	406	407	408	409	410	411	412	413	513	#
421	6.86113	407	408	409	410	411	412	413	414	513	#
422	6.86113	408	409	410	411	412	413	414	415	513	#
423	6.86113	409	410	411	412	413	414	415	416	513	#
424	6.86113	410	411	412	413	414	415	416	417	513	#
425	6.86113	411	412	413	414	415	416	417	418	513	#
426	6.86113	412	413	414	415	416	417	418	419	513	#
427	6.86113	413	414	415	416	417	418	419	420	513	#
428	6.86113	414	415	416	417	418	419	420	421	513	#
429	6.86113	415	416	417	418	419	420	421	422	513	#
430	6.86113	416	417	418	419	420	421	422	423	513	#
431	6.86113	417	418	419	420	421	422	423	424	513	#
432	6.86113	418	419	420	421	422	423	424	425	513	#
433	6.86113	419	420	421	422	423	424	425	426	513	#
434	6.86113	420	421	422	423	424	425	426	427	513	#
435	6.86113	421	422	423	424	425	426	427	428	513	#
436	6.86113	422	423	424	425	426	427	428	429	513	#
437	6.86113	423	424	425	426	427	428	429	430	513	#
438	6.86113	424	425	426	427	428	429	430	431	513	#
439	6.86113	425	426	427	428	429	430	431	432	513	#
440	6.86113	426	427	428	429	430	431	432	433	513	#
441	6.86113	427	428	429	430	431	432	433	434	513	#
442	6.86113	428	429	430	431	432	433	434	435	513	#
443	6.86113	429	430	431	432	433	434	435	436	513	#
444	6.86113	430	431	432	433	434	435	436	437	513	#
445	6.86113	431	432	433	434	435	436	437	438	513	#
446	6.86113	432	433	434	435	436	437	438	439	513	#
447	6.86113	433	434	435	436	437	438	439	440	513	#
448	6.86113	434	435	436	437	438	439	440	441	513	#
449	6.86113	435	436	437	438	439	440	441	442	513	#
450	6.86113	436	437	438	439	440	441	442	443	513	#
451	6.86113	437	438	439	440	441	442	443	444	513	#
452	6.86113	438	439	440	441	442	443	444	445	513	#
453	6.86113	439	440	441	442	443	444	445	446	513	#
454	6.86113	440	441	442	443	444	445	446	447	513	#
455	6.86113	441	442	443	444	445	446	447	448	513	#
456	6.86113	442	443	444	445	446	447	448	449	513	#
457	6.86113	443	444	445	446	447	448	449	450	513	#
458	6.86113	444	445	446	447	448	449	450	451	513	#
459	6.86113	445	446	447	448	449	450	451	452	513	#
460	6.86113	446	447	448	449	450	451	452	453	513	#
461	6.86113	447	448	449	450	451	452	453	454	513	#
462	6.86113	448	449	450	451	452	453	454	455	513	#
463	6.86113	449	450	451	452	453	454	455	456	513	#
464	6.86113	450	451	452	453	454	455	456	457	513	#
465	6.86113	451	452	453	454	455	456	457	458	513	#
466	6.86113	452	453	454	455	456	457	458	459	513	#
467	6.86113	453	454	455	456	457	458	459	460	513	#
468	6.86113	454	455	456	457	458	459	460	461	513	#
469	6.86113	455	456	457	458	459	460	461	462	513	#
470	6.86113	456	457	458	459	460	461	462	463	513	#
471	6.86113	457	458	459	460	461	462	463	464	513	#
472	6.86113	458	459	460	461	462	463	464	465	513	#
473	6.81715	459	460	461	462	463	464	465	466	513	#
474	6.81715	460	461	462	463	464	465	466	467	513	#
475	6.81715	461	462	463	464	465	466	467	468	513	#
476	6.74509	462	463	464	465	466	467	468	469	513	#
477	6.74509	463	464	465	466	467	468	469	470	513	#
478	6.74509	464	465	466	467	468	469	470	471	513	#
479	6.74509	465	466	467	468	469	470	471	472	513	#
480	6.74509	466	467	468	469	470	471	472	473	513	#
481	12.9324	0	1	2	3	4	5	6	7	8	514	#
482	12.9324	1	2	3	4	5	6	7	8	9	514	#
483	12.9324	2	3	4	5	6	7	8	9	10	514	#
484	12.9324	3	4	5	6	7	8	9	10	11	514	#
485	12.9324	4	5	6	7	8	9	10	11	12	514	#
486	12.9324	5	6	7	8	9	10	11	12	13	514	#
487	12.9324	6	7	8	9	10	11	12	13	14	514	#
488	12.9324	7	8	9	10	11	12	13	14	15	514	#
489	12.9324	8	9	10	11	12	13	14	15	16	514	#
490	12.9324	9	10	11	12	13	14	15	16	17	514	#
491	12.9324	10	11	12	13	14	15	16	17	18	514	#
492	12.9324	11	12	13	14	15	16	17	18	19	514	#
493	12.9324	12	13	14	15	16	17	18	19	20	514	#
494	12.9324	13	14	15	16	17	18	19	20	21	514	#
495	12.9324	14	15	16	17	18	19	20	21	22	514	#
496	12.9324	15	16	17	18	19	20	21	22	23	514	#
497	12.9324	16	17	18	19	20	21	22	23	24	514	#
498	12.9324	17	18	19	20	21	22	23	24	25	514	#
499	12.9324	18	19	20	21	22	23	24	25	26	514	#
500	12.9324	19	20	21	22	23	24	25	26	27	514	#
501	12.9324	20	21	22	23	24	25	26	27	28	514	#
502	12.9324	21	22	23	24	25	26	27	28	29	514	#
503	12.9324	22	23	24	25	26	27	28	29	30	514	#
504	12.9324	23	24	25	26	27	28	29	30	31	514	#
505	12.9324	24	25	26	27	28	29	30	31	32	514	#
506	12.9324	25	26	27	28	29	30	31	32	33	514	#
507	12.9324	26	27	28	29	30	31	32	33	34	514	#
508	12.9324	27	28	29	30	31	32	33	34	35	514	#
509	12.9324	28	29	30	31	32	33	34	35	36	514	#
510	12.9324	29	30	31	32	33	34	35	36	37	514	#
511	12.9324	30	31	32	33	34	35	36	37	38	514	#
512	12.9324	31	32	33	34	35	36	37	38	39	514	#
513	12.9324	32	33	34	35	36	37	38	39	40	514	#
514	12.9324	33	34	35	36	37	38	39	40	41	514	#
515	12.9324	34	35	36	37	38	39	40	41	42	514	#
516	12.9324	35	36	37	38	39	40	41	42	43	514	#
517	12.9324	36	37	38	39	40	41	42	43	44	514	#
518	12.9324	37	38	39	40	41	42	43	44	45	514	#
519	12.9324	38	39	40	41	42	43	44	45	46	514	#
520	12.9324	39	40	41	42	43	44	45	46	47	514	#
521	12.9324	40	41	42	43	44	45	46	47	48	514	#
522	12.9324	41	42	43	44	45	46	47	48	49	514	#
523	12.9324	42	43	44	45	46	47	48	49	50	514	#
524	12.9324	43	44	45	46	47	48	49	50	51	514	#
525	12.9324	44	45	46	47	48	49	50	51	52	514	#
526	12.9324	45	46	47	48	49	50	51	52	53	514	#
527	12.9324	46	47	48	49	50	51	52	53	54	514	#
528	12.9324	47	48	49	50	51	52	53	54	55	514	#
529	12.9324	48	49	50	51	52	53	54	55	56	514	#
530	12.9324	49	50	51	52	53	54	55	56	57	514	#
531	12.9324	50	51	52	53	54	55	56	57	58	514	#
532	12.9324	51	52	53	54	55	56	57	58	59	514	#
533	12.9324	52	53	54	55	56	57	58	59	60	514	#
534	12.9324	53	54	55	56	57	58	59	60	61	514	#
535	12.9324	54	55	56	57	58	59	60	61	62	514	#
536	12.9324	55	56	57	58	59	60	61	62	63	514	#
537	12.9324	56	57	58	59	60	61	62	63	64	514	#
538	12.9324	57	58	59	60	61	62	63	64	65	514	#
539	12.9324	58	59	60	61	62	63	64	65	66	514	#
540	12.9324	59	60	61	62	63	64	65	66	67	514	#
541	12.9324	60	61	62	63	64	65	66	67	68	514	#
542	12.9324	61	62	63	64	65	66	67	68	69	514	#
543	12.9324	62	63	64	65	66	67	68	69	70	514	#
544	12.9324	63	64	65	66	67	68	69	70	71	514	#
545	12.9324	64	65	66	67	68	69	70	71	72	514	#
546	12.9324	65	66	67	68	69	70	71	72	73	514	#
547	12.9324	66	67	68	69	70	71	72	73	74	514	#
548	12.9324	67	68	69	70	71	72	73	74	75	514	#
549	12.9324	68	69	70	71	72	73	74	75	76	514	#
550	12.9324	69	70	71	72	73	74	75	76	77	514	#
551	12.9324	70	71	72	73	74	75	76	77	78	514	#
552	12.9324	71	72	73	74	75	76	77	78	79	514	#
553	12.9324	72	73	74	75	76	77	78	79	80	514	#
554	12.9324	73	74	75	76	77	78	79	80	81	514	#
555	12.9324	74	75	76	77	78	79	80	81	82	514	#
556	12.9324	75	76	77	78	79	80	81	82	83	514	#
557	12.9324	76	77	78	79	80	81	82	83	84	514	#
558	12.9324	77	78	79	80	81	82	83	84	85	514	#
559	12.9324	78	79	80	81	82	83	84	85	86	514	#
560	12.9324	79	80	81	82	83	84	85	86	87	514	#
561	12.9324	80	81	82	83	84	85	86	87	88	514	#
562	12.9324	81	82	83	84	85	86	87	88	89	514	#
563	12.9324	82	83	84	85	86	87	88	89	90	514	#
564	12.9324	83	84	85	86	87	88	89	90	91	514	#
565	12.9324	84	85	86	87	88	89	90	91	92	514	#
566	12.9324	85	86	87	88	89	90	91	92	93	514	#
567	3.99571	86	87	88	89	90	91	92	93	94	514	#
568	3.99571	87	88	89	90	91	92	93	94	95	514	#
569	3.99571	88	89	90	91	92	93	94	95	96	514	#
570	3.99571	89	90	91	92	93	94	95	96	97	514	#
571	3.99571	90	91	92	93	94	95	96	97	98	514	#
572	3.99571	91	92	93	94	95	96	97	98	99	514	#
573	3.99571	92	93	94	95	96	97	98	99	100	514	#
574	3.99571	93	94	95	96	97	98	99	100	101	514	#
575	3.99571	94	95	96	97	98	99	100	101	102	514	#
576	3.99571	95	96	97	98	99	100	101	102	103	514	#
577	3.99571	96	97	98	99	100	101	102	103	104	514	#
578	3.99571	97	98	99	100	101	102	103	104	105	514	#
579	3.99571	98	99	100	101	102	103	104	105	106	514	#
580	3.99571	99	100	101	102	103	104	105	106	107	514	#
581	3.99571	100	101	102	103	104	105	106	107	108	514	#
582	3.99571	101	102	103	104	105	106	107	108	109	514	#
583	3.99571	102	103	104	105	106	107	108	109	110	514	#
584	3.99571	103	104	105	106	107	108	109	110	111	514	#
585	3.99571	104	105	106	107	108	109	110	111	112	514	#
586	3.99571	105	106	107	108	109	110	111	112	113	514	#
587	3.99571	106	107	108	109	110	111	112	113	114	514	#
588	3.99571	107	108	109	110	111	112	113	114	115	514	#
589	3.99571	108	109	110	111	112	113	114	115	116	514	#
590	3.99571	109	110	111	112	113	114	115	116	117	514	#
591	3.99571	110	111	112	113	114	115	116	117	118	514	#
592	3.99571	111	112	113	114	115	116	117	118	119	514	#
593	3.99571	112	113	114	115	116	117	118	119	120	514	#
594	3.99571	113	114	115	116	117	118	119	120	121	514	#
595	3.99571	114	115	116	117	118	119	120	121	122	514	#
596	3.99571	115	116	117	118	119	120	121	122	123	514	#
597	3.99571	116	117	118	119	120	121	122	123	124	514	#
598	3.99571	117	118	119	120	121	122	123	124	125	514	#
599	3.99571	118	119	120	121	122	123	124	125	126	514	#
600	3.99571	119	120	121	122	123	124	125	126	127	514	#
601	3.99571	120	121	122	123	124	125	126	127	128	514	#
602	3.99571	121	122	123	124	125	126	127	128	129	514	#
603	3.99571	122	123	124	125	126	127	128	129	130	514	#
604	3.99571	123	124	125	126	127	128	129	130	131	514	#
605	3.99571	124	125	126	127	128	129	130	131	132	514	#
606	3.99571	125	126	127	128	129	130	131	132	133	514	#
607	3.99571	126	127	128	129	130	131	132	133	134	514	#
608	3.99571	127	128	129	130	131	132	133	134	135	514	#
609	3.99571	128	129	130	131	132	133	134	135	136	514	#
610	3.99571	129	130	131	132	133	134	135	136	137	514	#
611	3.99571	130	131	132	133	134	135	136	137	138	514	#
612	3.99571	131	132	133	134	135	136	137	138	139	514	#
613	3.99571	132	133	134	135	136	137	138	139	140	514	#
614	3.99571	133	134	135	136	137	138	139	140	141	514	#
615	3.99571	134	135	136	137	138	139	140	141	142	514	#
616	3.99571	135	136	137	138	139	140	141	142	143	514	#
617	3.99571	136	137	138	139	140	141	142	143	144	514	#
618	3.99571	137	138	139	140	141	142	143	144	145	514	#
619	3.99571	138	139	140	141	142	143	144	145	146	514	#
620	3.99571	139	140	141	142	143	144	145	146	147	514	#
621	3.99571	140	141	142	143	144	145	146	147	148	514	#
622	3.99571	141	142	143	144	145	146	147	148	149	514	#
623	3.99571	142	143	144	145	146	147	148	149	150	514	#
624	3.99571	143	144	145	146	147	148	149	150	151	514	#
625	3.99571	144	145	146	147	148	149	150	151	152	514	#
626	3.99571	145	146	147	148	149	150	151	152	153	514	#
627	3.99571	146	147	148	149	150	151	152	153	154	514	#
628	3.99571	147	148	149	150	151	152	153	154	155	514	#
629	3.99571	148	149	150	151	152	153	154	155	156	514	#
630	3.99571	149	150	151	152	153	154	155	156	157	514	#
631	3.99571	150	151	152	153	154	155	156	157	158	514	#
632	3.99571	151	152	153	154	155	156	157	158	159	514	#
633	3.99571	152	153	154	155	156	157	158	159	160	514	#
634	3.99571	153	154	155	156	157	158	159	160	161	514	#
635	3.99571	154	155	156	157	158	159	160	161	162	514	#
636	3.99571	155	156	157	158	159	160	161	162	163	514	#
637	3.99571	156	157	158	159	160	161	162	163	164	514	#
638	3.99571	157	158	159	160	161	162	163	164	165	514	#
639	3.99571	158	159	160	161	162	163	164	165	166	514	#
640	3.99571	159	160	161	162	163	164	165	166	167	514	#
641	3.99571	160	161	162	163	164	165	166	167	168	514	#
642	3.99571	161	162	163	164	165	166	167	168	169	514	#
643	3.99571	162	163	164	165	166	167	168	169	170	514	#
644	3.99571	163	164	165	166	167	168	169	170	171	514	#
645	3.99571	164	165	166	167	168	169	170	171	172	514	#
646	3.99571	165	166	167	168	169	170	171	172	173	514	#
647	3.99571	166	167	168	169	170	171	172	173	174	514	#
648	3.99571	167	168	169	170	171	172	173	174	175	514	#
649	3.99571	168	169	170	171	172	173	174	175	176	514	#
650	3.99571	169	170	171	172	173	174	175	176	177	514	#
651	3.99571	170	171	172	173	174	175	176	177	178	514	#
652	3.99571	171	172	173	174	175	176	177	178	179	514	#
653	3.99571	172	173	174	175	176	177	178	179	180	514	#
654	3.99571	173	174	175	176	177	178	179	180	181	514	#
655	3.99571	174	175	176	177	178	179	180	181	182	514	#
656	3.99571	175	176	177	178	179	180	181	182	183	514	#
657	3.99571	176	177	178	179	180	181	182	183	184	514	#
658	3.99571	177	178	179	180	181	182	183	184	185	514	#
659	3.99571	178	179	180	181	182	183	184	185	186	514	#
660	3.99571	179	180	181	182	183	184	185	186	187	514	#
661	3.99571	180	181	182	183	184	185	186	187	188	514	#
662	3.99571	181	182	183	184	185	186	187	188	189	514	#
663	3.99571	182	183	184	185	186	187	188	189	190	514	#
664	3.99571	183	184	185	186	187	188	189	190	191	514	#
665	3.99571	184	185	186	187	188	189	190	191	192	514	#
666	3.99571	185	186	187	188	189	190	191	192	193	514	#
667	3.99571	186	187	188	189	190	191	192	193	194	514	#
668	3.99571	187	188	189	190	191	192	193	194	195	514	#
669	3.99571	188	189	190	191	192	193	194	195	196	514	#
670	3.99571	189	190	191	192	193	194	195	196	197	514	#
671	3.99571	190	191	192	193	194	195	196	197	198	514	#
672	3.99571	191	192	193	194	195	196	197	198	199	514	#
673	3.99571	192	193	194	195	196	197	198	199	200	514	#
674	3.99571	193	194	195	196	197	198	199	200	201	514	#
675	3.99571	194	195	196	197	198	199	200	201	202	514	#
676	3.99571	195	196	197	198	199	200	201	202	203	514	#
677	3.99571	196	197	198	199	200	201	202	203	204	514	#
678	3.99571	197	198	199	200	201	202	203	204	205	514	#
679	3.99571	198	199	200	201	202	203	204	205	206	514	#
680	3.99571	199	200	201	202	203	204	205	206	207	514	#
681	3.99571	200	201	202	203	204	205	206	207	208	514	#
682	3.99571	201	202	203	204	205	206	207	208	209	514	#
683	3.99571	202	203	204	205	206	207	208	209	210	514	#
684	3.99571	203	204	205	206	207	208	209	210	211	514	#
685	3.99571	204	205	206	207	208	209	210	211	212	514	#
686	3.99571	205	206	207	208	209	210	211	212	213	514	#
687	3.99571	206	207	208	209	210	211	212	213	214	514	#
688	3.99571	207	208	209	210	211	212	213	214	215	514	#
689	3.99571	208	209	210	211	212	213	214	215	216	514	#
690	3.99571	209	210	211	212	213	214	215	216	217	514	#
691	3.99571	210	211	212	213	214	215	216	217	218	514	#
692	3.99571	211	212	213	214	215	216	217	218	219	514	#
693	3.99571	212	213	214	215	216	217	218	219	220	514	#
694	3.99571	213	214	215	216	217	218	219	220	221	514	#
695	3.99571	214	215	216	217	218	219	220	221	222	514	#
696	3.99571	215	216	217	218	219	220	221	222	223	514	#
697	3.99571	216	217	218	219	220	221	222	223	224	514	#
698	3.99571	217	218	219	220	221	222	223	224	225	514	#
699	3.99571	218	219	220	221	222	223	224	225	226	514	#
700	3.99571	219	220	221	222	223	224	225	226	227	514	#
701	3.99571	220	221	222	223	224	225	226	227	228	514	#
702	3.99571	221	222	223	224	225	226	227	228	229	514	#
703	3.99571	222	223	224	225	226	227	228	229	230	514	#
704	3.99571	223	224	225	226	227	228	229	230	231	514	#
705	3.99571	224	225	226	227	228	229	230	231	232	514	#
706	3.99571	225	226	227	228	229	230	231	232	233	514	#
707	3.99571	226	227	228	229	230	231	232	233	234	514	#
708	3.99571	227	228	229	230	231	232	233	234	235	514	#
709	3.99571	228	229	230	231	232	233	234	235	236	514	#
710	3.99571	229	230	231	232	233	234	235	236	237	514	#
711	3.99571	230	231	232	233	234	235	236	237	238	514	#
712	3.99571	231	232	233	234	235	236	237	238	239	514	#
713	3.99571	232	233	234	235	236	237	238	239	240	514	#
714	3.99571	233	234	235	236	237	238	239	240	241	514	#
715	3.99571	234	235	236	237	238	239	240	241	242	514	#
716	3.99571	235	236	237	238	239	240	241	242	243	514	#
717	3.99571	236	237	238	239	240	241	242	243	244	514	#
718	3.99571	237	238	239	240	241	242	243	244	245	514	#
719	3.99571	238	239	240	241	242	243	244	245	246	514	#
720	3.99571	239	240	241	242	243	244	245	246	247	514	#
721	3.99571	240	241	242	243	244	245	246	247	248	514	#
722	3.99571	241	242	243	244	245	246	247	248	249	514	#
723	3.99571	242	243	244	245	246	247	248	249	250	514	#
724	3.99571	243	244	245	246	247	248	249	250	251	514	#
725	3.99571	244	245	246	247	248	249	250	251	252	514	#
726	3.99571	245	246	247	248	249	250	251	252	253	514	#
727	3.99571	246	247	248	249	250	251	252	253	254	514	#
728	3.99571	247	248	249	250	251	252	253	254	255	514	#
729	3.99571	248	249	250	251	252	253	254	255	256	514	#
730	3.99571	249	250	251	252	253	254	255	256	257	514	#
731	3.99571	250	251	252	253	254	255	256	257	258	514	#
732	3.99571	251	252	253	254	255	256	257	258	259	514	#
733	3.99571	252	253	254	255	256	257	258	259	260	514	#
734	3.99571	253	254	255	256	257	258	259	260	261	514	#
735	3.99571	254	255	256	257	258	259	260	261	262	514	#
736	3.99571	255	256	257	258	259	260	261	262	263	514	#
737	3.99571	256	257	258	259	260	261	262	263	264	514	#
738	3.99571	257	258	259	260	261	262	263	264	265	514	#
739	3.99571	258	259	260	261	262	263	264	265	266	514	#
740	3.99571	259	260	261	262	263	264	265	266	267	514	#
741	3.99571	260	261	262	263	264	265	266	267	268	514	#
742	3.99571	261	262	263	264	265	266	267	268	269	514	#
743	3.99571	262	263	264	265	266	267	268	269	270	514	#
744	3.99571	263	264	265	266	267	268	269	270	271	514	#
745	3.99571	264	265	266	267	268	269	270	271	272	514	#
746	3.99571	265	266	267	268	269	270	271	272	273	514	#
747	3.99571	266	267	268	269	270	271	272	273	274	514	#
748	3.99571	267	268	269	270	271	272	273	274	275	514	#
749	3.99571	268	269	270	271	272	273	274	275	276	514	#
750	3.99571	269	270	271	272	273	274	275	276	277	514	#
751	3.99571	270	271	272	273	274	275	276	277	278	514	#
752	3.99571	271	272	273	274	275	276	277	278	279	514	#
753	3.99571	272	273	274	275	276	277	278	279	280	514	#
754	3.99571	273	274	275	276	277	278	279	280	281	514	#
755	3.99571	274	275	276	277	278	279	280	281	282	514	#
756	3.99571	275	276	277	278	279	280	281	282	283	514	#
757	3.99571	276	277	278	279	280	281	282	283	284	514	#
758	3.99571	277	278	279	280	281	282	283	284	285	514	#
759	3.99571	278	279	280	281	282	283	284	285	286	514	#
760	3.99571	279	280	281	282	283	284	285	286	287	514	#
761	3.99571	280	281	282	283	284	285	286	287	288	514	#
762	3.99571	281	282	283	284	285	286	287	288	289	514	#
763	3.99571	282	283	284	285	286	287	288	289	290	514	#
764	3.99571	283	284	285	286	287	288	289	290	291	514	#
765	3.99571	284	285	286	287	288	289	290	291	292	514	#
766	3.99571	285	286	287	288	289	290	291	292	293	514	#
767	3.99571	286	287	288	289	290	291	292	293	294	514	#
768	3.99571	287	288	289	290	291	292	293	294	295	514	#
769	3.99571	288	289	290	291	292	293	294	295	296	514	#
770	3.99571	289	290	291	292	293	294	295	296	297	514	#
771	3.99571	290	291	292	293	294	295	296	297	298	514	#
772	3.99571	291	292	293	294	295	296	297	298	299	514	#
773	3.99571	292	293	294	295	296	297	298	299	300	514	#
774	3.99571	293	294	295	296	297	298	299	300	301	514	#
775	2.51613	294	295	296	297	298	299	300	301	302	514	#
776	2.51613	295	296	297	298	299	300	301	302	303	514	#
777	2.51613	296	297	298	299	300	301	302	303	304	514	#
778	2.51613	297	298	299	300	301	302	303	304	305	514	#
779	2.51613	298	299	300	301	302	303	304	305	306	514	#
780	2.51613	299	300	301	302	303	304	305	306	307	514	#
781	2.51613	300	301	302	303	304	305	306	307	308	514	#
782	2.51613	301	302	303	304	305	306	307	308	309	514	#
783	2.51613	302	303	304	305	306	307	308	309	310	514	#
784	2.51613	303	304	305	306	307	308	309	310	311	514	#
785	2.51613	304	305	306	307	308	309	310	311	312	514	#
786	2.51613	305	306	307	308	309	310	311	312	313	514	#
787	2.51613	306	307	308	309	310	311	312	313	314	514	#
788	2.51613	307	308	309	310	311	312	313	314	315	514	#
789	2.51613	308	309	310	311	312	313	314	315	316	514	#
790	2.51613	309	310	311	312	313	314	315	316	317	514	#
791	2.51613	310	311	312	313	314	315	316	317	318	514	#
792	2.51613	311	312	313	314	315	316	317	318	319	514	#
793	2.51613	312	313	314	315	316	317	318	319	320	514	#
794	2.51613	313	314	315	316	317	318	319	320	321	514	#
795	2.51613	314	315	316	317	318	319	320	321	322	514	#
796	2.51613	315	316	317	318	319	320	321	322	323	514	#
797	2.51613	316	317	318	319	320	321	322	323	324	514	#
798	2.51613	317	318	319	320	321	322	323	324	325	514	#
799	2.51613	318	319	320	321	322	323	324	325	326	514	#
800	2.51613	319	320	321	322	323	324	325	326	327	514	#
801	2.51613	320	321	322	323	324	325	326	327	328	514	#
802	2.51613	321	322	323	324	325	326	327	328	329	514	#
803	2.51613	322	323	324	325	326	327	328	329	330	514	#
804	2.51613	323	324	325	326	327	328	329	330	331	514	#
805	2.51613	324	325	326	327	328	329	330	331	332	514	#
806	2.51613	325	326	327	328	329	330	331	332	333	514	#
807	2.51613	326	327	328	329	330	331	332	333	334	514	#
808	2.51613	327	328	329	330	331	332	333	334	335	514	#
809	2.51613	328	329	330	331	332	333	334	335	336	514	#
810	2.51613	329	330	331	332	333	334	335	336	337	514	#
811	2.51613	330	331	332	333	334	335	336	337	338	514	#
812	2.51613	331	332	333	334	335	336	337	338	339	514	#
813	2.51613	332	333	334	335	336	337	338	339	340	514	#
814	2.51613	333	334	335	336	337	338	339	340	341	514	#
815	2.51613	334	335	336	337	338	339	340	341	342	514	#
816	2.51613	335	336	337	338	339	340	341	342	343	514	#
817	2.51613	336	337	338	339	340	341	342	343	344	514	#
818	2.51613	337	338	339	340	341	342	343	344	345	514	#
819	2.51613	338	339	340	341	342	343	344	345	346	514	#
820	2.51613	339	340	341	342	343	344	345	346	347	514	#
821	2.51613	340	341	342	343	344	345	346	347	348	514	#
822	2.51613	341	342	343	344	345	346	347	348	349	514	#
823	2.51613	342	343	344	345	346	347	348	349	350	514	#
824	2.51613	343	344	345	346	347	348	349	350	351	514	#
825	2.51613	344	345	346	347	348	349	350	351	352	514	#
826	2.51613	345	346	347	348	349	350	351	352	353	514	#
827	2.51613	346	347	348	349	350	351	352	353	354	514	#
828	2.51613	347	348	349	350	351	352	353	354	355	514	#
829	2.51613	348	349	350	351	352	353	354	355	356	514	#
830	2.51613	349	350	351	352	353	354	355	356	357	514	#
831	2.51613	350	351	352	353	354	355	356	357	358	514	#
832	2.51613	351	352	353	354	355	356	357	358	359	514	#
833	2.51613	352	353	354	355	356	357	358	359	360	514	#
834	2.51613	353	354	355	356	357	358	359	360	361	514	#
835	2.51613	354	355	356	357	358	359	360	361	362	514	#
836	2.51613	355	356	357	358	359	360	361	362	363	514	#
837	2.51613	356	357	358	359	360	361	362	363	364	514	#
838	2.51613	357	358	359	360	361	362	363	364	365	514	#
839	2.51613	358	359	360	361	362	363	364	365	366	514	#
840	2.51613	359	360	361	362	363	364	365	366	367	514	#
841	2.51613	360	361	362	363	364	365	366	367	368	514	#
842	2.51613	361	362	363	364	365	366	367	368	369	514	#
843	2.51613	362	363	364	365	366	367	368	369	370	514	#
844	2.51613	363	364	365	366	367	368	369	370	371	514	#
845	2.51613	364	365	366	367	368	369	370	371	372	514	#
846	2.51613	365	366	367	368	369	370	371	372	373	514	#
847	2.51613	366	367	368	369	370	371	372	373	374	514	#
848	2.51613	367	368	369	370	371	372	373	374	375	514	#
849	2.51613	368	369	370	371	372	373	374	375	376	514	#
850	2.51613	369	370	371	372	373	374	375	376	377	514	#
851	2.51613	370	371	372	373	374	375	376	377	378	514	#
852	2.51613	371	372	373	374	375	376	377	378	379	514	#
853	2.51613	372	373	374	375	376	377	378	379	380	514	#
854	2.51613	373	374	375	376	377	378	379	380	381	514	#
855	2.51613	374	375	376	377	378	379	380	381	382	514	#
856	2.51613	375	376	377	378	379	380	381	382	383	514	#
857	2.51613	376	377	378	379	380	381	382	383	384	514	#
858	2.51613	377	378	379	380	381	382	383	384	385	514	#
859	2.51613	378	379	380	381	382	383	384	385	386	514	#
860	2.51613	379	380	381	382	383	384	385	386	387	514	#
861	2.51613	380	381	382	383	384	385	386	387	388	514	#
862	2.51613	381	382	383	384	385	386	387	388	389	514	#
863	2.51613	382	383	384	385	386	387	388	389	390	514	#
864	2.51613	383	384	385	386	387	388	389	390	391	514	#
865	2.51613	384	385	386	387	388	389	390	391	392	514	#
866	2.51613	385	386	387	388	389	390	391	392	393	514	#
867	2.51613	386	387	388	389	390	391	392	393	394	514	#
868	2.51613	387	388	389	390	391	392	393	394	395	514	#
869	2.51613	388	389	390	391	392	393	394	395	396	514	#
870	2.51613	389	390	391	392	393	394	395	396	397	514	#
871	2.51613	390	391	392	393	394	395	396	397	398	514	#
872	2.51613	391	392	393	394	395	396	397	398	399	514	#
873	2.51613	392	393	394	395	396	397	398	399	400	514	#
874	2.51613	393	394	395	396	397	398	399	400	401	514	#
875	2.51613	394	395	396	397	398	399	400	401	402	514	#
876	2.51613	395	396	397	398	399	400	401	402	403	514	#
877	2.51613	396	397	398	399	400	401	402	403	404	514	#
878	2.51613	397	398	399	400	401	402	403	404	405	514	#
879	2.51613	398	399	400	401	402	403	404	405	406	514	#
880	2.51613	399	400	401	402	403	404	405	406	407	514	#
881	2.51613	400	401	402	403	404	405	406	407	408	514	#
882	2.51613	401	402	403	404	405	406	407	408	409	514	#
883	2.51613	402	403	404	405	406	407	408	409	410	514	#
884	2.51613	403	404	405	406	407	408	409	410	411	514	#
885	2.51613	404	405	406	407	408	409	410	411	412	514	#
886	2.51613	405	406	407	408	409	410	411	412	413	514	#
887	2.51613	406	407	408	409	410	411	412	413	414	514	#
888	2.51613	407	408	409	410	411	412	413	414	415	514	#
889	2.51613	408	409	410	411	412	413	414	415	416	514	#
890	2.51613	409	410	411	412	413	414	415	416	417	514	#
891	2.51613	410	411	412	413	414	415	416	417	418	514	#
892	2.51613	411	412	413	414	415	416	417	418	419	514	#
893	2.51613	412	413	414	415	416	417	418	419	420	514	#
894	2.51613	413	414	415	416	417	418	419	420	421	514	#
895	2.51613	414	415	416	417	418	419	420	421	422	514	#
896	2.51613	415	416	417	418	419	420	421	422	423	514	#
897	2.51613	416	417	418	419	420	421	422	423	424	514	#
898	2.51613	417	418	419	420	421	422	423	424	425	514	#
899	2.51613	418	419	420	421	422	423	424	425	426	514	#
900	2.51613	419	420	421	422	423	424	425	426	427	514	#
901	2.51613	420	421	422	423	424	425	426	427	428	514	#
902	2.51613	421	422	423	424	425	426	427	428	429	514	#
903	2.51613	422	423	424	425	426	427	428	429	430	514	#
904	2.51613	423	424	425	426	427	428	429	430	431	514	#
905	2.51613	424	425	426	427	428	429	430	431	432	514	#
906	2.51613	425	426	427	428	429	430	431	432	433	514	#
907	2.51613	426	427	428	429	430	431	432	433	434	514	#
908	2.51613	427	428	429	430	431	432	433	434	435	514	#
909	2.51613	428	429	430	431	432	433	434	435	436	514	#
910	2.51613	429	430	431	432	433	434	435	436	437	514	#
911	2.51613	430	431	432	433	434	435	436	437	438	514	#
912	2.51613	431	432	433	434	435	436	437	438	439	514	#
913	2.51613	432	433	434	435	436	437	438	439	440	514	#
914	2.51613	433	434	435	436	437	438	439	440	441	514	#
915	2.51613	434	435	436	437	438	439	440	441	442	514	#
916	2.51613	435	436	437	438	439	440	441	442	443	514	#
917	2.51613	436	437	438	439	440	441	442	443	444	514	#
918	2.51613	437	438	439	440	441	442	443	444	445	514	#
919	2.51613	438	439	440	441	442	443	444	445	446	514	#
920	2.51613	439	440	441	442	443	444	445	446	447	514	#
921	2.51613	440	441	442	443	444	445	446	447	448	514	#
922	2.51613	441	442	443	444	445	446	447	448	449	514	#
923	2.51613	442	443	444	445	446	447	448	449	450	514	#
924	2.51613	443	444	445	446	447	448	449	450	451	514	#
925	2.51613	444	445	446	447	448	449	450	451	452	514	#
926	2.51613	445	446	447	448	449	450	451	452	453	514	#
927	2.51613	446	447	448	449	450	451	452	453	454	514	#
928	2.51613	447	448	449	450	451	452	453	454	455	514	#
929	2.51613	448	449	450	451	452	453	454	455	456	514	#
930	2.51613	449	450	451	452	453	454	455	456	457	514	#
931	2.51613	450	451	452	453	454	455	456	457	458	514	#
932	2.51613	451	452	453	454	455	456	457	458	459	514	#
933	2.51613	452	453	454	455	456	457	458	459	460	514	#
934	2.51613	453	454	455	456	457	458	459	460	461	514	#
935	2.51613	454	455	456	457	458	459	460	461	462	514	#
936	2.51613	455	456	457	458	459	460	461	462	463	514	#
937	2.51613	456	457	458	459	460	461	462	463	464	514	#
938	2.51613	457	458	459	460	461	462	463	464	465	514	#
939	2.51613	458	459	460	461	462	463	464	465	466	514	#
940	2.51613	459	460	461	462	463	464	465	466	467	514	#
941	2.51613	460	461	462	463	464	465	466	467	468	514	#
942	2.51613	461	462	463	464	465	466	467	468	469	514	#
943	2.51613	462	463	464	465	466	467	468	469	470	514	#
944	2.51613	463	464	465	466	467	468	469	470	471	514	#
945	2.51613	464	465	466	467	468	469	470	471	472	514	#
946	2.51613	465	466	467	468	469	470	471	472	473	514	#
947	2.51613	466	467	468	469	470	471	472	473	474	514	#
948	2.51613	467	468	469	470	471	472	473	474	475	514	#
949	2.51613	468	469	470	471	472	473	474	475	476	514	#
950	2.51613	469	470	471	472	473	474	475	476	477	514	#
951	2.51613	470	471	472	473	474	475	476	477	478	514	#
952	2.3816	471	472	473	474	475	476	477	478	479	514	#
953	2.3816	472	473	474	475	476	477	478	479	480	514	#
954	2.3816	473	474	475	476	477	478	479	480	481	514	#
955	2.3816	474	475	476	477	478	479	480	481	482	514	#
956	2.3816	475	476	477	478	479	480	481	482	483	514	#
957	2.3816	476	477	478	479	480	481	482	483	484	514	#
958	2.3816	477	478	479	480	481	482	483	484	485	514	#
959	2.3816	478	479	480	481	482	483	484	485	486	514	#
960	2.3816	479	480	481	482	483	484	485	486	487	514	#
961	2.3816	480	481	482	483	484	485	486	487	488	514	#
962	2.3816	481	482	483	484	485	486	487	488	489	514	#
963	2.3816	482	483	484	485	486	487	488	489	490	514	#
964	2.3816	483	484	485	486	487	488	489	490	491	514	#
965	2.3816	484	485	486	487	488	489	490	491	492	514	#
966	2.3816	485	486	487	488	489	490	491	492	493	514	#
967	2.3816	486	487	488	489	490	491	492	493	494	514	#
968	2.3816	487	488	489	490	491	492	493	494	495	514	#
969	2.3816	488	489	490	491	492	493	494	495	496	514	#
970	2.3816	489	490	491	492	493	494	495	496	497	514	#
971	2.3816	490	491	492	493	494	495	496	497	498	514	#
972	2.3816	491	492	493	494	495	496	497	498	499	514	#
973	2.3816	492	493	494	495	496	497	498	499	500	514	#
974	2.3816	493	494	495	496	497	498	499	500	501	514	#
975	2.3816	494	495	496	497	498	499	500	501	502	514	#
976	2.3816	495	496	497	498	499	500	501	502	503	514	#
977	2.3816	496	497	498	499	500	501	502	503	504	514	#
978	2.3816	497	498	499	500	501	502	503	504	505	514	#
979	2.36754	498	499	500	501	502	503	504	505	506	514	#
980	2.36754	499	500	501	502	503	504	505	506	507	514	#
981	2.36754	500	501	502	503	504	505	506	507	508	514	#
982	2.36289	501	502	503	504	505	506	507	508	509	514	#
983	2.35825	502	503	504	505	506	507	508	509	510	514	#
984	2.35364	503	504	505	506	507	508	509	510	511	514	#
985	3.17069	0	1	515	#
986	3.17069	1	2	515	#
987	3.17069	2	3	515	#
988	3.17069	3	4	515	#
989	3.17069	4	5	515	#
990	3.17069	5	6	515	#
991	3.17069	6	7	515	#
992	3.17069	7	8	515	#
993	3.17069	8	9	515	#
994	3.17069	9	10	515	#
995	3.17069	10	11	515	#
996	3.17069	11	12	515	#
997	3.17069	12	13	515	#
998	3.17069	13	14	515	#
999	3.17069	14	15	515	#
1000	3.17069	15	16	515	#
1001	3.17069	16	17	515	#
1002	3.17069	17	18	515	#
1003	3.17069	18	19	515	#
1004	3.17069	19	20	515	#
1005	3.17069	20	21	515	#
1006	3.17069	21	22	515	#
1007	3.17069	22	23	515	#
1008	3.17069	23	24	515	#
1009	3.17069	24	25	515	#
1010	3.17069	25	26	515	#
1011	3.17069	26	27	515	#
1012	3.17069	27	28	515	#
1013	3.17069	28	29	515	#
1014	3.17069	29	30	515	#
1015	3.17069	30	31	515	#
1016	3.17069	31	32	515	#
1017	3.17069	32	33	515	#
1018	3.17069	33	34	515	#
1019	3.17069	34	35	515	#
1020	3.17069	35	36	515	#
1021	3.17069	36	37	515	#
1022	3.17069	37	38	515	#
1023	3.17069	38	39	515	#
1024	3.17069	39	40	515	#
1025	3.17069	40	41	515	#
1026	3.17069	41	42	515	#
1027	3.17069	42	43	515	#
1028	3.17069	43	44	515	#
1029	3.17069	44	45	515	#
1030	3.17069	45	46	515	#
1031	3.17069	46	47	515	#
1032	3.17069	47	48	515	#
1033	3.17069	48	49	515	#
1034	3.17069	49	50	515	#
1035	3.17069	50	51	515	#
1036	3.17069	51	52	515	#
1037	3.17069	52	53	515	#
1038	3.17069	53	54	515	#
1039	3.17069	54	55	515	#
1040	3.17069	55	56	515	#
1041	3.17069	56	57	515	#
1042	3.17069	57	58	515	#
1043	3.17069	58	59	515	#
1044	3.17069	59	60	515	#
1045	3.17069	60	61	515	#
1046	3.17069	61	62	515	#
1047	3.17069	62	63	515	#
1048	3.17069	63	64	515	#
1049	3.17069	64	65	515	#
1050	3.17069	65	66	515	#
1051	3.17069	66	67	515	#
1052	3.17069	67	68	515	#
1053	3.17069	68	69	515	#
1054	3.17069	69	70	515	#
1055	3.17069	70	71	515	#
1056	3.17069	71	72	515	#
1057	3.17069	72	73	515	#
1058	3.17069	73	74	515	#
1059	3.17069	74	75	515	#
1060	3.17069	75	76	515	#
1061	3.17069	76	77	515	#
1062	3.17069	77	78	515	#
1063	3.17069	78	79	515	#
1064	3.17069	79	80	515	#
1065	3.17069	80	81	515	#
1066	3.17069	81	82	515	#
1067	3.17069	82	83	515	#
1068	3.17069	83	84	515	#
1069	3.17069	84	85	515	#
1070	3.17069	85	86	515	#
1071	3.17069	86	87	515	#
1072	3.17069	87	88	515	#
1073	3.17069	88	89	515	#
1074	3.17069	89	90	515	#
1075	3.17069	90	91	515	#
1076	3.17069	91	92	515	#
1077	3.17069	92	93	515	#
1078	3.17069	93	94	515	#
1079	3.17069	94	95	515	#
1080	3.17069	95	96	515	#
1081	3.17069	96	97	515	#
1082	3.17069	97	98	515	#
1083	3.17069	98	99	515	#
1084	3.17069	99	100	515	#
1085	3.17069	100	101	515	#
1086	3.17069	101	102	515	#
1087	3.17069	102	103	515	#
1088	3.17069	103	104	515	#
1089	3.17069	104	105	515	#
1090	3.17069	105	106	515	#
1091	3.17069	106	107	515	#
1092	3.17069	107	108	515	#
1093	3.17069	108	109	515	#
1094	3.17069	109	110	515	#
1095	3.17069	110	111	515	#
1096	3.17069	111	112	515	#
1097	3.17069	112	113	515	#
1098	3.17069	113	114	515	#
1099	3.17069	114	115	515	#
1100	3.17069	115	116	515	#
1101	3.17069	116	117	515	#
1102	3.17069	117	118	515	#
1103	3.17069	118	119	515	#
1104	3.17069	119	120	515	#
1105	3.17069	120	121	515	#
1106	3.17069	121	122	515	#
1107	3.17069	122	123	515	#
1108	3.17069	123	124	515	#
1109	3.17069	124	125	515	#
1110	3.17069	125	126	515	#
1111	3.17069	126	127	515	#
1112	3.17069	127	128	515	#
1113	3.17069	128	129	515	#
1114	3.17069	129	130	515	#
1115	3.17069	130	131	515	#
1116	3.17069	131	132	515	#
1117	3.17069	132	133	515	#
1118	3.17069	133	134	515	#
1119	3.17069	134	135	515	#
1120	3.17069	135	136	515	#
1121	3.17069	136	137	515	#
1122	3.17069	137	138	515	#
1123	3.17069	138	139	515	#
1124	3.17069	139	140	515	#
1125	3.17069	140	141	515	#
1126	3.17069	141	142	515	#
1127	3.17069	142	143	515	#
1128	3.17069	143	144	515	#
1129	3.17069	144	145	515	#
1130	3.17069	145	146	515	#
1131	3.17069	146	147	515	#
1132	3.17069	147	148	515	#
1133	3.17069	148	149	515	#
1134	3.17069	149	150	515	#
1135	3.17069	150	151	515	#
1136	3.17069	151	152	515	#
1137	3.17069	152	153	515	#
1138	3.17069	153	154	515	#
1139	3.17069	154	155	515	#
1140	3.17069	155	156	515	#
1141	3.17069	156	157	515	#
1142	3.17069	157	158	515	#
1143	3.17069	158	159	515	#
1144	3.17069	159	160	515	#
1145	3.17069	160	161	515	#
1146	3.17069	161	162	515	#
1147	3.17069	162	163	515	#
1148	3.17069	163	164	515	#
1149	3.17069	164	165	515	#
1150	3.17069	165	166	515	#
1151	3.17069	166	167	515	#
1152	3.17069	167	168	515	#
1153	3.17069	168	169	515	#
1154	3.17069	169	170	515	#
1155	3.17069	170	171	515	#
1156	3.17069	171	172	515	#
1157	3.17069	172	173	515	#
1158	3.17069	173	174	515	#
1159	3.17069	174	175	515	#
1160	3.17069	175	176	515	#
1161	3.17069	176	177	515	#
1162	3.17069	177	178	515	#
1163	3.17069	178	179	515	#
1164	3.17069	179	180	515	#
1165	3.17069	180	181	515	#
1166	3.17069	181	182	515	#
1167	3.17069	182	183	515	#
1168	3.17069	183	184	515	#
1169	3.17069	184	185	515	#
1170	3.17069	185	186	515	#
1171	3.17069	186	187	515	#
1172	3.17069	187	188	515	#
1173	3.17069	188	189	515	#
1174	3.17069	189	190	515	#
1175	3.17069	190	191	515	#
1176	3.17069	191	192	515	#
1177	3.17069	192	193	515	#
1178	3.17069	193	194	515	#
1179	3.17069	194	195	515	#
1180	3.17069	195	196	515	#
1181	3.17069	196	197	515	#
1182	3.17069	197	198	515	#
1183	1.56168	198	199	515	#
1184	1.56168	199	200	515	#
1185	1.56168	200	201	515	#
1186	1.56168	201	202	515	#
1187	1.56168	202	203	515	#
1188	1.56168	203	204	515	#
1189	1.56168	204	205	515	#
1190	1.56168	205	206	515	#
1191	1.56168	206	207	515	#
1192	1.56168	207	208	515	#
1193	1.56168	208	209	515	#
1194	1.56168	209	210	515	#
1195	1.56168	210	211	515	#
1196	1.56168	211	212	515	#
1197	1.56168	212	213	515	#
1198	1.56168	213	214	515	#
1199	1.56168	214	215	515	#
1200	1.56168	215	216	515	#
1201	1.56168	216	217	515	#
1202	1.56168	217	218	515	#
1203	1.56168	218	219	515	#
1204	1.56168	219	220	515	#
1205	1.56168	220	221	515	#
1206	1.56168	221	222	515	#
1207	1.56168	222	223	515	#
1208	1.56168	223	224	515	#
1209	1.56168	224	225	515	#
1210	1.56168	225	226	515	#
1211	1.56168	226	227	515	#
1212	1.56168	227	228	515	#
1213	1.56168	228	229	515	#
1214	1.56168	229	230	515	#
1215	1.56168	230	231	515	#
1216	1.56168	231	232	515	#
1217	1.56168	232	233	515	#
1218	1.56168	233	234	515	#
1219	1.56168	234	235	515	#
1220	1.56168	235	236	515	#
1221	1.56168	236	237	515	#
1222	1.56168	237	238	515	#
1223	1.56168	238	239	515	#
1224	1.56168	239	240	515	#
1225	1.56168	240	241	515	#
1226	1.56168	241	242	515	#
1227	1.56168	242	243	515	#
1228	1.56168	243	244	515	#
1229	1.56168	244	245	515	#
1230	1.56168	245	246	515	#
1231	1.56168	246	247	515	#
1232	1.56168	247	248	515	#
1233	1.56168	248	249	515	#
1234	1.56168	249	250	515	#
1235	1.56168	250	251	515	#
1236	1.56168	251	252	515	#
1237	1.56168	252	253	515	#
1238	1.56168	253	254	515	#
1239	1.56168	254	255	515	#
1240	1.56168	255	256	515	#
1241	1.56168	256	257	515	#
1242	1.56168	257	258	515	#
1243	1.56168	258	259	515	#
1244	1.56168	259	260	515	#
1245	1.56168	260	261	515	#
1246	1.56168	261	262	515	#
1247	1.56168	262	263	515	#
1248	1.56168	263	264	515	#
1249	1.56168	264	265	515	#
1250	1.56168	265	266	515	#
1251	1.56168	266	267	515	#
1252	1.56168	267	268	515	#
1253	1.56168	268	269	515	#
1254	1.56168	269	270	515	#
1255	1.56168	270	271	515	#
1256	1.56168	271	272	515	#
1257	1.56168	272	273	515	#
1258	1.56168	273	274	515	#
1259	1.56168	274	275	515	#
1260	1.56168	275	276	515	#
1261	1.56168	276	277	515	#
1262	1.56168	277	278	515	#
1263	1.56168	278	279	515	#
1264	1.56168	279	280	515	#
1265	1.56168	280	281	515	#
1266	1.56168	281	282	515	#
1267	1.56168	282	283	515	#
1268	1.56168	283	284	515	#
1269	1.56168	284	285	515	#
1270	1.56168	285	286	515	#
1271	1.56168	286	287	515	#
1272	1.56168	287	288	515	#
1273	1.56168	288	289	515	#
1274	1.56168	289	290	515	#
1275	1.56168	290	291	515	#
1276	1.56168	291	292	515	#
1277	1.56168	292	293	515	#
1278	1.56168	293	294	515	#
1279	1.56168	294	295	515	#
1280	1.56168	295	296	515	#
1281	1.56168	296	297	515	#
1282	1.56168	297	298	515	#
1283	1.56168	298	299	515	#
1284	1.56168	299	300	515	#
1285	1.56168	300	301	515	#
1286	1.56168	301	302	515	#
1287	1.56168	302	303	515	#
1288	1.56168	303	304	515	#
1289	1.56168	304	305	515	#
1290	1.56168	305	306	515	#
1291	1.56168	306	307	515	#
1292	1.56168	307	308	515	#
1293	1.56168	308	309	515	#
1294	1.56168	309	310	515	#
1295	1.56168	310	311	515	#
1296	1.56168	311	312	515	#
1297	1.56168	312	313	515	#
1298	1.56168	313	314	515	#
1299	1.56168	314	315	515	#
1300	1.56168	315	316	515	#
1301	1.56168	316	317	515	#
1302	1.56168	317	318	515	#
1303	1.56168	318	319	515	#
1304	1.56168	319	320	515	#
1305	1.56168	320	321	515	#
1306	1.56168	321	322	515	#
1307	1.56168	322	323	515	#
1308	1.56168	323	324	515	#
1309	1.56168	324	325	515	#
1310	1.56168	325	326	515	#
1311	1.56168	326	327	515	#
1312	1.56168	327	328	515	#
1313	1.56168	328	329	515	#
1314	1.56168	329	330	515	#
1315	1.56168	330	331	515	#
1316	1.56168	331	332	515	#
1317	1.56168	332	333	515	#
1318	1.56168	333	334	515	#
1319	1.56168	334	335	515	#
1320	1.56168	335	336	515	#
1321	1.56168	336	337	515	#
1322	1.56168	337	338	515	#
1323	1.56168	338	339	515	#
1324	1.56168	339	340	515	#
1325	1.56168	340	341	515	#
1326	1.56168	341	342	515	#
1327	1.56168	342	343	515	#
1328	1.56168	343	344	515	#
1329	1.56168	344	345	515	#
1330	1.56168	345	346	515	#
1331	1.56168	346	347	515	#
1332	1.56168	347	348	515	#
1333	1.56168	348	349	515	#
1334	1.56168	349	350	515	#
1335	1.56168	350	351	515	#
1336	1.56168	351	352	515	#
1337	1.56168	352	353	515	#
1338	1.56168	353	354	515	#
1339	1.56168	354	355	515	#
1340	1.56168	355	356	515	#
1341	1.56168	356	357	515	#
1342	1.56168	357	358	515	#
1343	1.56168	358	359	515	#
1344	1.56168	359	360	515	#
1345	1.56168	360	361	515	#
1346	1.56168	361	362	515	#
1347	1.56168	362	363	515	#
1348	1.56168	363	364	515	#
1349	1.56168	364	365	515	#
1350	1.56168	365	366	515	#
1351	1.56168	366	367	515	#
1352	1.56168	367	368	515	#
1353	1.56168	368	369	515	#
1354	1.56168	369	370	515	#
1355	1.56168	370	371	515	#
1356	1.56168	371	372	515	#
1357	1.56168	372	373	515	#
1358	1.56168	373	374	515	#
1359	1.56168	374	375	515	#
1360	1.56168	375	376	515	#
1361	1.56168	376	377	515	#
1362	1.56168	377	378	515	#
1363	1.56168	378	379	515	#
1364	1.56168	379	380	515	#
1365	1.56168	380	381	515	#
1366	1.56168	381	382	515	#
1367	1.56168	382	383	515	#
1368	1.56168	383	384	515	#
1369	1.56168	384	385	515	#
1370	1.56168	385	386	515	#
1371	1.56168	386	387	515	#
1372	1.56168	387	388	515	#
1373	1.56168	388	389	515	#
1374	1.56168	389	390	515	#
1375	1.56168	390	391	515	#
1376	1.56168	391	392	515	#
1377	1.56168	392	393	515	#
1378	1.56168	393	394	515	#
1379	1.56168	394	395	515	#
1380	1.56168	395	396	515	#
1381	1.56168	396	397	515	#
1382	1.56168	397	398	515	#
1383	1.56168	398	399	515	#
1384	1.56168	399	400	515	#
1385	1.56168	400	401	515	#
1386	1.56168	401	402	515	#
1387	0.766485	0	516	#
1388	0.766485	1	516	#
1389	0.766485	2	516	#
1390	0.766485	3	516	#
1391	0.766485	4	516	#
1392	0.766485	5	516	#
1393	0.766485	6	516	#
1394	0.766485	7	516	#
1395	0.766485	8	516	#
1396	0.766485	9	516	#
1397	0.766485	10	516	#
1398	0.766485	11	516	#
1399	0.766485	12	516	#
1400	0.766485	13	516	#
1401	0.766485	14	516	#
1402	0.766485	15	516	#
1403	0.766485	16	516	#
1404	0.766485	17	516	#
1405	0.766485	18	516	#
1406	0.766485	19	516	#
1407	0.766485	20	516	#
1408	0.766485	21	516	#
1409	0.766485	22	516	#
1410	0.766485	23	516	#
1411	0.766485	24	516	#
1412	0.766485	25	516	#
1413	0.766485	26	516	#
1414	0.766485	27	516	#
1415	0.766485	28	516	#
1416	0.766485	29	516	#
1417	0.766485	30	516	#
1418	0.766485	31	516	#
1419	0.766485	32	516	#
1420	0.766485	33	516	#
1421	0.766485	34	516	#
1422	0.766485	35	516	#
1423	0.766485	36	516	#
1424	0.766485	37	516	#
1425	0.766485	38	516	#
1426	0.766485	39	516	#
1427	0.766485	40	516	#
1428	0.766485	41	516	#
1429	0.766485	42	516	#
1430	0.766485	43	516	#
1431	0.766485	44	516	#
1432	0.766485	45	516	#
1433	0.766485	46	516	#
1434	0.766485	47	516	#
1435	0.766485	48	516	#
1436	0.766485	49	516	#
1437	0.766485	50	516	#
1438	0.766485	51	516	#
1439	0.766485	52	516	#
1440	0.766485	53	516	#
1441	0.766485	54	516	#
1442	0.766485	55	516	#
1443	0.766485	56	516	#
1444	0.766485	57	516	#
1445	0.766485	58	516	#
1446	0.766485	59	516	#
1447	0.766485	60	516	#
1448	0.766485	61	516	#
1449	0.766485	62	516	#
1450	0.766485	63	516	#
1451	0.766485	64	516	#
1452	0.766485	65	516	#
1453	0.766485	66	516	#
1454	0.766485	67	516	#
1455	0.766485	68	516	#
1456	0.766485	69	516	#
1457	0.766485	70	516	#
1458	0.766485	71	516	#
1459	0.766485	72	516	#
1460	0.766485	73	516	#
1461	0.766485	74	516	#
1462	0.766485	75	516	#
1463	0.766485	76	516	#
1464	0.766485	77	516	#
1465	0.766485	78	516	#
1466	0.766485	79	516	#
1467	0.766485	80	516	#
1468	0.766485	81	516	#
1469	0.766485	82	516	#
1470	0.766485	83	516	#
1471	0.766485	84	516	#
1472	0.766485	85	516	#
1473	0.766485	86	516	#
1474	0.766485	87	516	#
1475	0.766485	88	516	#
1476	0.766485	89	516	#
1477	0.766485	90	516	#
1478	0.766485	91	516	#
1479	0.766485	92	516	#
1480	0.766485	93	516	#
1481	0.766485	94	516	#
1482	0.766485	95	516	#
1483	0.766485	96	516	#
1484	0.766485	97	516	#
1485	0.766485	98	516	#
1486	0.766485	99	516	#
1487	0.766485	100	516	#
1488	0.766485	101	516	#
1489	0.766485	102	516	#
1490	0.766485	103	516	#
1491	0.766485	104	516	#
1492	0.766485	105	516	#
1493	0.766485	106	516	#
1494	0.766485	107	516	#
1495	0.766485	108	516	#
1496	0.766485	109	516	#
1497	0.766485	110	516	#
1498	0.766485	111	516	#
1499	0.766485	112	516	#
1500	0.766485	113	516	#
1501	0.766485	114	516	#
1502	0.766485	115	516	#
1503	0.766485	116	516	#
1504	0.766485	117	516	#
1505	0.766485	118	516	#
1506	0.766485	119	516	#
1507	0.766485	120	516	#
1508	0.766485	121	516	#
1509	0.766485	122	516	#
1510	0.766485	123	516	#
1511	0.766485	124	516	#
1512	0.766485	125	516	#
1513	0.766485	126	516	#
1514	0.766485	127	516	#
1515	0.766485	128	516	#
1516	0.766485	129	516	#
1517	0.766485	130	516	#
1518	0.766485	131	516	#
1519	0.766485	132	516	#
1520	0.766485	133	516	#
1521	0.766485	134	516	#
1522	0.766485	135	516	#
1523	0.766485	136	516	#
1524	0.766485	137	516	#
1525	0.766485	138	516	#
1526	0.766485	139	516	#
1527	0.766485	140	516	#
1528	0.766485	141	516	#
1529	0.766485	142	516	#
1530	0.766485	143	516	#
1531	0.766485	144	516	#
1532	0.766485	145	516	#
1533	0.766485	146	516	#
1534	0.766485	147	516	#
1535	0.766485	148	516	#
1536	0.766485	149	516	#
1537	0.766485	150	516	#
1538	0.766485	151	516	#
1539	0.766485	152	516	#
1540	0.766485	153	516	#
1541	0.766485	154	516	#
1542	0.766485	155	516	#
1543	0.766485	156	516	#
1544	0.766485	157	516	#
1545	0.766485	158	516	#
1546	0.766485	159	516	#
1547	0.766485	160	516	#
1548	0.766485	161	516	#
1549	0.766485	162	516	#
1550	0.766485	163	516	#
1551	0.766485	164	516	#
1552	0.766485	165	516	#
1553	0.766485	166	516	#
1554	0.766485	167	516	#
1555	0.766485	168	516	#
1556	0.766485	169	516	#
1557	0.766485	170	516	#
1558	0.766485	171	516	#
1559	0.766485	172	516	#
1560	0.766485	173	516	#
1561	0.766485	174	516	#
1562	0.766485	175	516	#
1563	0.766485	176	516	#
1564	0.766485	177	516	#
1565	0.766485	178	516	#
1566	0.766485	179	516	#
1567	0.766485	180	516	#
1568	0.766485	181	516	#
1569	0.766485	182	516	#
1570	0.766485	183	516	#
1571	0.766485	184	516	#
1572	0.766485	185	516	#
1573	0.766485	186	516	#
1574	0.766485	187	516	#
1575	0.766485	188	516	#
1576	0.766485	189	516	#
1577	0.766485	190	516	#
1578	0.766485	191	516	#
1579	0.766485	192	516	#
1580	0.766485	193	516	#
1581	0.766485	194	516	#
1582	0.766485	195	516	#
1583	0.766485	196	516	#
1584	0.766485	197	516	#
1585	0.766485	198	516	#
1586	0.766485	199	516	#
1587	0.766485	200	516	#
1588	0.766485	201	516	#
1589	0.766485	202	516	#
1590	0.766485	203	516	#
1591	0.766485	204	516	#
1592	0.766485	205	516	#
1593	0.766485	206	516	#
1594	0.766485	207	516	#
1595	0.766485	208	516	#
1596	0.766485	209	516	#
1597	0.766485	210	516	#
1598	0.766485	211	516	#
1599	0.766485	212	516	#
1600	0.766485	213	516	#
1601	0.766485	214	516	#
1602	0.766485	215	516	#
1603	0.766485	216	516	#
1604	0.766485	217	516	#
1605	0.766485	218	516	#
1606	0.766485	219	516	#
1607	0.766485	220	516	#
1608	0.766485	221	516	#
1609	0.766485	222	516	#
1610	0.766485	223	516	#
1611	0.766485	224	516	#
1612	0.766485	225	516	#
1613	0.766485	226	516	#
1614	0.766485	227	516	#
1615	0.766485	228	516	#
1616	0.766485	229	516	#
1617	0.766485	230	516	#
1618	0.766485	231	516	#
1619	0.766485	232	516	#
1620	0.766485	233	516	#
1621	0.766485	234	516	#
1622	0.766485	235	516	#
1623	0.766485	236	516	#
1624	0.766485	237	516	#
1625	0.766485	238	516	#
1626	0.766485	239	516	#
1627	0.766485	240	516	#
1628	0.766485	241	516	#
1629	0.766485	242	516	#
1630	0.766485	243	516	#
1631	0.766485	244	516	#
1632	0.766485	245	516	#
1633	0.766485	246	516	#
1634	0.766485	247	516	#
1635	0.766485	248	516	#
1636	0.766485	249	516	#
1637	0.766485	250	516	#
1638	0.766485	251	516	#
1639	0.766485	252	516	#
1640	0.766485	253	516	#
1641	0.766485	254	516	#
1642	0.766485	255	516	#
1643	0.766485	256	516	#
1644	0.766485	257	516	#
1645	0.766485	258	516	#
1646	0.766485	259	516	#
1647	0.766485	260	516	#
1648	0.766485	261	516	#
1649	0.766485	262	516	#
1650	0.766485	263	516	#
1651	0.766485	264	516	#
1652	0.766485	265	516	#
1653	0.766485	266	516	#
1654	0.766485	267	516	#
1655	0.766485	268	516	#
1656	0.766485	269	516	#
1657	0.766485	270	516	#
1658	0.766485	271	516	#
1659	0.766485	272	516	#
1660	0.766485	273	516	#
1661	0.766485	274	516	#
1662	0.766485	275	516	#
1663	0.766485	276	516	#
1664	0.766485	277	516	#
1665	0.766485	278	516	#
1666	0.766485	279	516	#
1667	0.766485	280	516	#
1668	0.766485	281	516	#
1669	0.766485	282	516	#
1670	0.766485	283	516	#
1671	0.766485	284	516	#
1672	0.766485	285	516	#
1673	0.766485	286	516	#
1674	0.766485	287	516	#
1675	0.766485	288	516	#
1676	0.766485	289	516	#
1677	0.766485	290	516	#
1678	0.766485	291	516	#
1679	0.766485	292	516	#
1680	0.766485	293	516	#
1681	0.766485	294	516	#
1682	0.766485	295	516	#
1683	0.766485	296	516	#
1684	0.766485	297	516	#
1685	0.766485	298	516	#
1686	0.766485	299	516	#
1687	0.766485	300	516	#
1688	0.766485	301	516	#
1689	0.766485	302	516	#
1690	0.766485	303	516	#
1691	0.766485	304	516	#
1692	0.766485	305	516	#
1693	0.766485	306	516	#
1694	0.766485	307	516	#
1695	0.766485	308	516	#
1696	0.766485	309	516	#
1697	0.766485	310	516	#
1698	0.766485	311	516	#
1699	0.766485	312	516	#
1700	0.766485	313	516	#
1701	0.766485	314	516	#
1702	0.766485	315	516	#
1703	0.766485	316	516	#
1704	0.766485	317	516	#
1705	0.766485	318	516	#
1706	0.766485	319	516	#
1707	0.766485	320	516	#
1708	0.766485	321	516	#
1709	0.766485	322	516	#
1710	0.766485	323	516	#
1711	0.766485	324	516	#
1712	0.766485	325	516	#
1713	0.766485	326	516	#
1714	0.766485	327	516	#
1715	0.766485	328	516	#
1716	0.766485	329	516	#
1717	0.766485	330	516	#
1718	0.766485	331	516	#
1719	0.766485	332	516	#
1720	0.766485	333	516	#
1721	0.766485	334	516	#
1722	0.766485	335	516	#
1723	0.766485	336	516	#
1724	0.766485	337	516	#
1725	0.766485	338	516	#
1726	0.766485	339	516	#
1727	0.766485	340	516	#
1728	0.766485	341	516	#
1729	0.766485	342	516	#
1730	0.766485	343	516	#
1731	0.766485	344	516	#
1732	0.766485	345	516	#
1733	0.766485	346	516	#
1734	0.766485	347	516	#
1735	0.766485	348	516	#
1736	0.766485	349	516	#
1737	0.766485	350	516	#
1738	0.766485	351	516	#
1739	0.766485	352	516	#
1740	0.766485	353	516	#
1741	0.766485	354	516	#
1742	0.766485	355	516	#
1743	0.766485	356	516	#
1744	0.766485	357	516	#
1745	0.766485	358	516	#
1746	0.766485	359	516	#
1747	0.766485	360	516	#
1748	0.766485	361	516	#
1749	0.766485	362	516	#
1750	0.766485	363	516	#
1751	0.766485	364	516	#
1752	0.766485	365	516	#
1753	0.766485	366	516	#
1754	0.766485	367	516	#
1755	0.766485	368	516	#
1756	0.635285	369	516	#
1757	0.635285	370	516	#
1758	0.635285	371	516	#
1759	0.635285	372	516	#
1760	0.635285	373	516	#
1761	0.635285	374	516	#
1762	0.635285	375	516	#
1763	0.635285	376	516	#
1764	0.635285	377	516	#
1765	0.635285	378	516	#
1766	0.635285	379	516	#
1767	0.635285	380	516	#
1768	0.635285	381	516	#
1769	0.635285	382	516	#
1770	0.635285	383	516	#
1771	0.635285	384	516	#
1772	0.635285	385	516	#
1773	0.635285	386	516	#
1774	0.635285	387	516	#
1775	0.635285	388	516	#
1776	0.635285	389	516	#
1777	0.635285	390	516	#
1778	0.635285	391	516	#
1779	0.635285	392	516	#
1780	0.635285	393	516	#
1781	0.635285	394	516	#
1782	0.635285	395	516	#
1783	0.635285	396	516	#
1784	0.635285	397	516	#
1785	0.635285	398	516	#
1786	0.635285	399	516	#
1787	0.635285	400	516	#
1788	0.635285	401	516	#
1789	0.635285	402	516	#
1790	0.635285	403	516	#
1791	0.635285	404	516	#
1792	0.635285	405	516	#
1793	0.635285	406	516	#
1794	0.635285	407	516	#
1795	0.635285	408	516	#
1796	0.635285	409	516	#
1797	0.635285	410	516	#
1798	0.635285	411	516	#
1799	0.635285	412	516	#
1800	0.635285	413	516	#
1801	0.635285	414	516	#
1802	0.635285	415	516	#
1803	0.635285	416	516	#
1804	0.635285	417	516	#
1805	0.635285	418	516	#
1806	0.635285	419	516	#
1807	0.635285	420	516	#
1808	0.635285	421	516	#
1809	0.635285	422	516	#
1810	0.635285	423	516	#
1811	0.635285	424	516	#
1812	0.635285	425	516	#
1813	0.635285	426	516	#
1814	0.635285	427	516	#
1815	0.635285	428	516	#
1816	0.635285	429	516	#
1817	0.635285	430	516	#
1818	0.635285	431	516	#
1819	0.635285	432	516	#
1820	0.635285	433	516	#
1821	0.635285	434	516	#
1822	0.635285	435	516	#
1823	0.635285	436	516	#
1824	0.635285	437	516	#
1825	0.635285	438	516	#
1826	0.635285	439	516	#
1827	0.635285	440	516	#
1828	0.635285	441	516	#
1829	0.635285	442	516	#
1830	0.635285	443	516	#
1831	0.635285	444	516	#
1832	0.578005	445	516	#
1833	0.578005	446	516	#
1834	0.578005	447	516	#
1835	0.578005	448	516	#
1836	0.578005	449	516	#
1837	0.578005	450	516	#
1838	0.578005	451	516	#
1839	0.578005	452	516	#
1840	0.578005	453	516	#
1841	0.578005	454	516	#
1842	0.578005	455	516	#
1843	0.578005	456	516	#
1844	0.578005	457	516	#
1845	0.578005	458	516	#
1846	0.578005	459	516	#
1847	0.578005	460	516	#
1848	0.578005	461	516	#
1849	0.578005	462	516	#
1850	0.578005	463	516	#
1851	0.578005	464	516	#
1852	0.578005	465	516	#
1853	0.578005	466	516	#
1854	0.578005	467	516	#
1855	0.578005	468	516	#
1856	0.578005	469	516	#
1857	0.578005	470	516	#
1858	0.578005	471	516	#
1859	0.578005	472	516	#
1860	0.578005	473	516	#
1861	0.578005	474	516	#
1862	0.578005	475	516	#
1863	0.578005	476	516	#
1864	0.578005	477	516	#
1865	0.578005	478	516	#
1866	0.578005	479	516	#
1867	0.578005	480	516	#
1868	0.578005	481	516	#
1869	0.578005	482	516	#
1870	0.578005	483	516	#
1871	0.578005	484	516	#
1872	0.578005	485	516	#
1873	0.578005	486	516	#
1874	0.578005	487	516	#
1875	0.578005	488	516	#
1876	0.573306	489	516	#
1877	0.573306	490	516	#
1878	0.573306	491	516	#
1879	0.573306	492	516	#
1880	0.564133	493	516	#
1881	0.564133	494	516	#
1882	0.564133	495	516	#
1883	0.564133	496	516	#
1884	0.564133	497	516	#
1885	0.564133	498	516	#
1886	0.564133	499	516	#
1887	0.564133	500	516	#
1888	0.559656	501	516	#
1889	0.559656	502	516	#
1890	0.559656	503	516	#
1891	0.559656	504	516	#
1892	0.554158	505	516	#
1893	0.554158	506	516	#
1894	0.554158	507	516	#
1895	0.554158	508	516	#
1896	0.554158	509	516	#
1897	0.553072	510	516	#
1898	10.4568	0	1	2	3	4	5	6	7	517	#
1899	10.4568	1	2	3	4	5	6	7	8	517	#
1900	10.4568	2	3	4	5	6	7	8	9	517	#
1901	10.4568	3	4	5	6	7	8	9	10	517	#
1902	10.4568	4	5	6	7	8	9	10	11	517	#
1903	10.4568	5	6	7	8	9	10	11	12	517	#
1904	10.4568	6	7	8	9	10	11	12	13	517	#
1905	10.4568	7	8	9	10	11	12	13	14	517	#
1906	10.4568	8	9	10	11	12	13	14	15	517	#
1907	10.4568	9	10	11	12	13	14	15	16	517	#
1908	10.4568	10	11	12	13	14	15	16	17	517	#
1909	10.4568	11	12	13	14	15	16	17	18	517	#
1910	10.4568	12	13	14	15	16	17	18	19	517	#
1911	10.4568	13	14	15	16	17	18	19	20	517	#
1912	10.4568	14	15	16	17	18	19	20	21	517	#
1913	10.4568	15	16	17	18	19	20	21	22	517	#
1914	10.4568	16	17	18	19	20	21	22	23	517	#
1915	10.4568	17	18	19	20	21	22	23	24	517	#
1916	10.4568	18	19	20	21	22	23	24	25	517	#
1917	10.4568	19	20	21	22	23	24	25	26	517	#
1918	10.4568	20	21	22	23	24	25	26	27	517	#
1919	10.4568	21	22	23	24	25	26	27	28	517	#
1920	10.4568	22	23	24	25	26	27	28	29	517	#
1921	10.4568	23	24	25	26	27	28	29	30	517	#
1922	10.4568	24	25	26	27	28	29	30	31	517	#
1923	10.4568	25	26	27	28	29	30	31	32	517	#
1924	10.4568	26	27	28	29	30	31	32	33	517	#
1925	10.4568	27	28	29	30	31	32	33	34	517	#
1926	10.4568	28	29	30	31	32	33	34	35	517	#
1927	10.4568	29	30	31	32	33	34	35	36	517	#
1928	10.4568	30	31	32	33	34	35	36	37	517	#
1929	10.4568	31	32	33	34	35	36	37	38	517	#
1930	10.4568	32	33	34	35	36	37	38	39	517	#
1931	10.4568	33	34	35	36	37	38	39	40	517	#
1932	10.4568	34	35	36	37	38	39	40	41	517	#
1933	10.4568	35	36	37	38	39	40	41	42	517	#
1934	10.4568	36	37	38	39	40	41	42	43	517	#
1935	10.4568	37	38	39	40	41	42	43	44	517	#
1936	10.4568	38	39	40	41	42	43	44	45	517	#
1937	10.4568	39	40	41	42	43	44	45	46	517	#
1938	10.4568	40	41	42	43	44	45	46	47	517	#
1939	10.4568	41	42	43	44	45	46	47	48	517	#
1940	10.4568	42	43	44	45	46	47	48	49	517	#
1941	10.4568	43	44	45	46	47	48	49	50	517	#
1942	10.4568	44	45	46	47	48	49	50	51	517	#
1943	10.4568	45	46	47	48	49	50	51	52	517	#
1944	10.4568	46	47	48	49	50	51	52	53	517	#
1945	10.4568	47	48	49	50	51	52	53	54	517	#
1946	10.4568	48	49	50	51	52	53	54	55	517	#
1947	10.4568	49	50	51	52	53	54	55	56	517	#
1948	10.4568	50	51	52	53	54	55	56	57	517	#
1949	10.4568	51	52	53	54	55	56	57	58	517	#
1950	10.4568	52	53	54	55	56	57	58	59	517	#
1951	10.4568	53	54	55	56	57	58	59	60	517	#
1952	10.4568	54	55	56	57	58	59	60	61	517	#
1953	10.4568	55	56	57	58	59	60	61	62	517	#
1954	10.4568	56	57	58	59	60	61	62	63	517	#
1955	10.4568	57	58	59	60	61	62	63	64	517	#
1956	10.4568	58	59	60	61	62	63	64	65	517	#
1957	10.4568	59	60	61	62	63	64	65	66	517	#
1958	10.4568	60	61	62	63	64	65	66	67	517	#
1959	10.4568	61	62	63	64	65	66	67	68	517	#
1960	10.4568	62	63	64	65	66	67	68	69	517	#
1961	10.4568	63	64	65	66	67	68	69	70	517	#
1962	10.4568	64	65	66	67	68	69	70	71	517	#
1963	10.4568	65	66	67	68	69	70	71	72	517	#
1964	10.4568	66	67	68	69	70	71	72	73	517	#
1965	10.4568	67	68	69	70	71	72	73	74	517	#
1966	10.4568	68	69	70	71	72	73	74	75	517	#
1967	10.4568	69	70	71	72	73	74	75	76	517	#
1968	10.4568	70	71	72	73	74	75	76	77	517	#
1969	10.4568	71	72	73	74	75	76	77	78	517	#
1970	10.4568	72	73	74	75	76	77	78	79	517	#
1971	10.4568	73	74	75	76	77	78	79	80	517	#
1972	10.4568	74	75	76	77	78	79	80	81	517	#
1973	10.4568	75	76	77	78	79	80	81	82	517	#
1974	10.4568	76	77	78	79	80	81	82	83	517	#
1975	10.4568	77	78	79	80	81	82	83	84	517	#
1976	10.4568	78	79	80	81	82	83	84	85	517	#
1977	10.4568	79	80	81	82	83	84	85	86	517	#
1978	10.4568	80	81	82	83	84	85	86	87	517	#
1979	10.4568	81	82	83	84	85	86	87	88	517	#
1980	10.4568	82	83	84	85	86	87	88	89	517	#
1981	10.4568	83	84	85	86	87	88	89	90	517	#
1982	10.4568	84	85	86	87	88	89	90	91	517	#
1983	10.4568	85	86	87	88	89	90	91	92	517	#
1984	10.4568	86	87	88	89	90	91	92	93	517	#
1985	10.4568	87	88	89	90	91	92	93	94	517	#
1986	10.4568	88	89	90	91	92	93	94	95	517	#
1987	10.4568	89	90	91	92	93	94	95	96	517	#
1988	10.4568	90	91	92	93	94	95	96	97	517	#
1989	10.4568	91	92	93	94	95	96	97	98	517	#
1990	10.4568	92	93	94	95	96	97	98	99	517	#
1991	10.4568	93	94	95	96	97	98	99	100	517	#
1992	10.4568	94	95	96	97	98	99	100	101	517	#
1993	10.4568	95	96	97	98	99	100	101	102	517	#
1994	10.4568	96	97	98	99	100	101	102	103	517	#
1995	10.4568	97	98	99	100	101	102	103	104	517	#
1996	10.4568	98	99	100	101	102	103	104	105	517	#
1997	10.4568	99	100	101	102	103	104	105	106	517	#
1998	10.4568	100	101	102	103	104	105	106	107	517	#
1999	10.4568	101	102	103	104	105	106	107	108	517	#
2000	10.4568	102	103	104	105	106	107	108	109	517	#
2001	10.4568	103	104	105	106	107	108	109	110	517	#
2002	10.4568	104	105	106	107	108	109	110	111	517	#
2003	10.4568	105	106	107	108	109	110	111	112	517	#
2004	10.4568	106	107	108	109	110	111	112	113	517	#
2005	10.4568	107	108	109	110	111	112	113	114	517	#
2006	10.4568	108	109	110	111	112	113	114	115	517	#
2007	10.4568	109	110	111	112	113	114	115	116	517	#
2008	10.4568	110	111	112	113	114	115	116	117	517	#
2009	10.4568	111	112	113	114	115	116	117	118	517	#
2010	10.4568	112	113	114	115	116	117	118	119	517	#
2011	10.4568	113	114	115	116	117	118	119	120	517	#
2012	10.4568	114	115	116	117	118	119	120	121	517	#
2013	10.4568	115	116	117	118	119	120	121	122	517	#
2014	10.4568	116	117	118	119	120	121	122	123	517	#
2015	10.4568	117	118	119	120	121	122	123	124	517	#
2016	10.4568	118	119	120	121	122	123	124	125	517	#
2017	10.4568	119	120	121	122	123	124	125	126	517	#
2018	10.4568	120	121	122	123	124	125	126	127	517	#
2019	10.4568	121	122	123	124	125	126	127	128	517	#
2020	10.4568	122	123	124	125	126	127	128	129	517	#
2021	10.4568	123	124	125	126	127	128	129	130	517	#
2022	10.4568	124	125	126	127	128	129	130	131	517	#
2023	10.4568	125	126	127	128	129	130	131	132	517	#
2024	10.4568	126	127	128	129	130	131	132	133	517	#
2025	10.4568	127	128	129	130	131	132	133	134	517	#
2026	10.4568	128	129	130	131	132	133	134	135	517	#
2027	10.4568	129	130	131	132	133	134	135	136	517	#
2028	10.4568	130	131	132	133	134	135	136	137	517	#
2029	10.4568	131	132	133	134	135	136	137	138	517	#
2030	10.4568	132	133	134	135	136	137	138	139	517	#
2031	10.4568	133	134	135	136	137	138	139	140	517	#
2032	10.4568	134	135	136	137	138	139	140	141	517	#
2033	10.4568	135	136	137	138	139	140	141	142	517	#
2034	10.4568	136	137	138	139	140	141	142	143	517	#
2035	10.4568	137	138	139	140	141	142	143	144	517	#
2036	10.4568	138	139	140	141	142	143	144	145	517	#
2037	10.4568	139	140	141	142	143	144	145	146	517	#
2038	10.4568	140	141	142	143	144	145	146	147	517	#
2039	5.91212	141	142	143	144	145	146	147	148	517	#
2040	5.91212	142	143	144	145	146	147	148	149	517	#
2041	5.91212	143	144	145	146	147	148	149	150	517	#
2042	5.91212	144	145	146	147	148	149	150	151	517	#
2043	5.91212	145	146	147	148	149	150	151	152	517	#
2044	5.91212	146	147	148	149	150	151	152	153	517	#
2045	5.91212	147	148	149	150	151	152	153	154	517	#
2046	5.91212	148	149	150	151	152	153	154	155	517	#
2047	5.91212	149	150	151	152	153	154	155	156	517	#
2048	5.91212	150	151	152	153	154	155	156	157	517	#
2049	5.91212	151	152	153	154	155	156	157	158	517	#
2050	5.91212	152	153	154	155	156	157	158	159	517	#
2051	5.91212	153	154	155	156	157	158	159	160	517	#
2052	5.91212	154	155	156	157	158	159	160	161	517	#
2053	5.91212	155	156	157	158	159	160	161	162	517	#
2054	5.91212	156	157	158	159	160	161	162	163	517	#
2055	5.91212	157	158	159	160	161	162	163	164	517	#
2056	5.91212	158	159	160	161	162	163	164	165	517	#
2057	5.91212	159	160	161	162	163	164	165	166	517	#
2058	5.91212	160	161	162	163	164	165	166	167	517	#
2059	5.91212	161	162	163	164	165	166	167	168	517	#
2060	5.91212	162	163	164	165	166	167	168	169	517	#
2061	5.91212	163	164	165	166	167	168	169	170	517	#
2062	5.91212	164	165	166	167	168	169	170	171	517	#
2063	5.91212	165	166	167	168	169	170	171	172	517	#
2064	5.91212	166	167	168	169	170	171	172	173	517	#
2065	5.91212	167	168	169	170	171	172	173	174	517	#
2066	5.91212	168	169	170	171	172	173	174	175	517	#
2067	5.91212	169	170	171	172	173	174	175	176	517	#
2068	5.91212	170	171	172	173	174	175	176	177	517	#
2069	5.91212	171	172	173	174	175	176	177	178	517	#
2070	5.91212	172	173	174	175	176	177	178	179	517	#
2071	5.91212	173	174	175	176	177	178	179	180	517	#
2072	5.91212	174	175	176	177	178	179	180	181	517	#
2073	5.91212	175	176	177	178	179	180	181	182	517	#
2074	5.91212	176	177	178	179	180	181	182	183	517	#
2075	5.91212	177	178	179	180	181	182	183	184	517	#
2076	5.91212	178	179	180	181	182	183	184	185	517	#
2077	5.91212	179	180	181	182	183	184	185	186	517	#
2078	5.91212	180	181	182	183	184	185	186	187	517	#
2079	5.91212	181	182	183	184	185	186	187	188	517	#
2080	5.91212	182	183	184	185	186	187	188	189	517	#
2081	5.91212	183	184	185	186	187	188	189	190	517	#
2082	5.91212	184	185	186	187	188	189	190	191	517	#
2083	5.91212	185	186	187	188	189	190	191	192	517	#
2084	5.91212	186	187	188	189	190	191	192	193	517	#
2085	5.91212	187	188	189	190	191	192	193	194	517	#
2086	5.91212	188	189	190	191	192	193	194	195	517	#
2087	5.91212	189	190	191	192	193	194	195	196	517	#
2088	5.91212	190	191	192	193	194	195	196	197	517	#
2089	5.91212	191	192	193	194	195	196	197	198	517	#
2090	5.91212	192	193	194	195	196	197	198	199	517	#
2091	5.91212	193	194	195	196	197	198	199	200	517	#
2092	5.91212	194	195	196	197	198	199	200	201	517	#
2093	5.91212	195	196	197	198	199	200	201	202	517	#
2094	5.91212	196	197	198	199	200	201	202	203	517	#
2095	5.91212	197	198	199	200	201	202	203	204	517	#
2096	5.91212	198	199	200	201	202	203	204	205	517	#
2097	5.91212	199	200	201	202	203	204	205	206	517	#
2098	5.91212	200	201	202	203	204	205	206	207	517	#
2099	5.91212	201	202	203	204	205	206	207	208	517	#
2100	5.91212	202	203	204	205	206	207	208	209	517	#
2101	5.91212	203	204	205	206	207	208	209	210	517	#
2102	5.91212	204	205	206	207	208	209	210	211	517	#
2103	5.91212	205	206	207	208	209	210	211	212	517	#
2104	5.91212	206	207	208	209	210	211	212	213	517	#
2105	5.91212	207	208	209	210	211	212	213	214	517	#
2106	5.91212	208	209	210	211	212	213	214	215	517	#
2107	5.91212	209	210	211	212	213	214	215	216	517	#
2108	5.91212	210	211	212	213	214	215	216	217	517	#
2109	5.91212	211	212	213	214	215	216	217	218	517	#
2110	5.91212	212	213	214	215	216	217	218	219	517	#
2111	5.91212	213	214	215	216	217	218	219	220	517	#
2112	5.91212	214	215	216	217	218	219	220	221	517	#
2113	5.91212	215	216	217	218	219	220	221	222	517	#
2114	5.91212	216	217	218	219	220	221	222	223	517	#
2115	5.91212	217	218	219	220	221	222	223	224	517	#
2116	5.91212	218	219	220	221	222	223	224	225	517	#
2117	5.91212	219	220	221	222	223	224	225	226	517	#
2118	5.91212	220	221	222	223	224	225	226	227	517	#
2119	5.91212	221	222	223	224	225	226	227	228	517	#
2120	5.91212	222	223	224	225	226	227	228	229	517	#
2121	5.91212	223	224	225	226	227	228	229	230	517	#
2122	5.91212	224	225	226	227	228	229	230	231	517	#
2123	5.91212	225	226	227	228	229	230	231	232	517	#
2124	5.91212	226	227	228	229	230	231	232	233	517	#
2125	5.91212	227	228	229	230	231	232	233	234	517	#
2126	5.91212	228	229	230	231	232	233	234	235	517	#
2127	5.91212	229	230	231	232	233	234	235	236	517	#
2128	5.91212	230	231	232	233	234	235	236	237	517	#
2129	5.91212	231	232	233	234	235	236	237	238	517	#
2130	5.91212	232	233	234	235	236	237	238	239	517	#
2131	5.91212	233	234	235	236	237	238	239	240	517	#
2132	5.91212	234	235	236	237	238	239	240	241	517	#
2133	5.91212	235	236	237	238	239	240	241	242	517	#
2134	5.91212	236	237	238	239	240	241	242	243	517	#
2135	5.91212	237	238	239	240	241	242	243	244	517	#
2136	5.91212	238	239	240	241	242	243	244	245	517	#
2137	5.91212	239	240	241	242	243	244	245	246	517	#
2138	5.91212	240	241	242	243	244	245	246	247	517	#
2139	5.91212	241	242	243	244	245	246	247	248	517	#
2140	5.91212	242	243	244	245	246	247	248	249	517	#
2141	5.91212	243	244	245	246	247	248	249	250	517	#
2142	5.91212	244	245	246	247	248	249	250	251	517	#
2143	5.91212	245	246	247	248	249	250	251	252	517	#
2144	5.91212	246	247	248	249	250	251	252	253	517	#
2145	5.91212	247	248	249	250	251	252	253	254	517	#
2146	5.91212	248	249	250	251	252	253	254	255	517	#
2147	5.91212	249	250	251	252	253	254	255	256	517	#
2148	5.91212	250	251	252	253	254	255	256	257	517	#
2149	5.91212	251	252	253	254	255	256	257	258	517	#
2150	5.91212	252	253	254	255	256	257	258	259	517	#
2151	5.91212	253	254	255	256	257	258	259	260	517	#
