%% File generated by CATS v.2.1Mon Jul  4 11:09:29 2011

%% The CATS webpage is http://robotics.stanford.edu/CATS

%% PARAMETER SETTINGS:
% Goods: 512; Bids: 2000; Distribution: scheduling; Runs: 1; Seed: 1309806795
% Scheduling Distribution Parameters:
% max_length                = 10
% deviation                 = 0.500000
% prob_additional_deadline  = 0.700000
% additivity                = 0.200000



goods 512
bids 2194
dummy 6

0	6.08687	0	1	2	3	512	#
1	6.08687	1	2	3	4	512	#
2	6.08687	2	3	4	5	512	#
3	6.08687	3	4	5	6	512	#
4	6.08687	4	5	6	7	512	#
5	6.08687	5	6	7	8	512	#
6	6.08687	6	7	8	9	512	#
7	6.08687	7	8	9	10	512	#
8	6.08687	8	9	10	11	512	#
9	6.08687	9	10	11	12	512	#
10	6.08687	10	11	12	13	512	#
11	6.08687	11	12	13	14	512	#
12	6.08687	12	13	14	15	512	#
13	6.08687	13	14	15	16	512	#
14	6.08687	14	15	16	17	512	#
15	6.08687	15	16	17	18	512	#
16	6.08687	16	17	18	19	512	#
17	6.08687	17	18	19	20	512	#
18	6.08687	18	19	20	21	512	#
19	6.08687	19	20	21	22	512	#
20	6.08687	20	21	22	23	512	#
21	6.08687	21	22	23	24	512	#
22	6.08687	22	23	24	25	512	#
23	6.08687	23	24	25	26	512	#
24	6.08687	24	25	26	27	512	#
25	6.08687	25	26	27	28	512	#
26	6.08687	26	27	28	29	512	#
27	6.08687	27	28	29	30	512	#
28	6.08687	28	29	30	31	512	#
29	6.08687	29	30	31	32	512	#
30	6.08687	30	31	32	33	512	#
31	6.08687	31	32	33	34	512	#
32	6.08687	32	33	34	35	512	#
33	6.08687	33	34	35	36	512	#
34	6.08687	34	35	36	37	512	#
35	6.08687	35	36	37	38	512	#
36	6.08687	36	37	38	39	512	#
37	6.08687	37	38	39	40	512	#
38	6.08687	38	39	40	41	512	#
39	6.08687	39	40	41	42	512	#
40	6.08687	40	41	42	43	512	#
41	6.08687	41	42	43	44	512	#
42	6.08687	42	43	44	45	512	#
43	6.08687	43	44	45	46	512	#
44	6.08687	44	45	46	47	512	#
45	6.08687	45	46	47	48	512	#
46	6.08687	46	47	48	49	512	#
47	6.08687	47	48	49	50	512	#
48	6.08687	48	49	50	51	512	#
49	6.08687	49	50	51	52	512	#
50	6.08687	50	51	52	53	512	#
51	6.08687	51	52	53	54	512	#
52	6.08687	52	53	54	55	512	#
53	6.08687	53	54	55	56	512	#
54	6.08687	54	55	56	57	512	#
55	6.08687	55	56	57	58	512	#
56	6.08687	56	57	58	59	512	#
57	6.08687	57	58	59	60	512	#
58	6.08687	58	59	60	61	512	#
59	6.08687	59	60	61	62	512	#
60	6.08687	60	61	62	63	512	#
61	6.08687	61	62	63	64	512	#
62	6.08687	62	63	64	65	512	#
63	6.08687	63	64	65	66	512	#
64	6.08687	64	65	66	67	512	#
65	6.08687	65	66	67	68	512	#
66	6.08687	66	67	68	69	512	#
67	6.08687	67	68	69	70	512	#
68	6.08687	68	69	70	71	512	#
69	6.08687	69	70	71	72	512	#
70	6.08687	70	71	72	73	512	#
71	6.08687	71	72	73	74	512	#
72	6.08687	72	73	74	75	512	#
73	6.08687	73	74	75	76	512	#
74	6.08687	74	75	76	77	512	#
75	6.08687	75	76	77	78	512	#
76	6.08687	76	77	78	79	512	#
77	6.08687	77	78	79	80	512	#
78	6.08687	78	79	80	81	512	#
79	6.08687	79	80	81	82	512	#
80	6.08687	80	81	82	83	512	#
81	6.08687	81	82	83	84	512	#
82	6.08687	82	83	84	85	512	#
83	6.08687	83	84	85	86	512	#
84	6.08687	84	85	86	87	512	#
85	6.08687	85	86	87	88	512	#
86	6.08687	86	87	88	89	512	#
87	6.08687	87	88	89	90	512	#
88	6.08687	88	89	90	91	512	#
89	6.08687	89	90	91	92	512	#
90	6.08687	90	91	92	93	512	#
91	6.08687	91	92	93	94	512	#
92	6.08687	92	93	94	95	512	#
93	6.08687	93	94	95	96	512	#
94	6.08687	94	95	96	97	512	#
95	6.08687	95	96	97	98	512	#
96	6.08687	96	97	98	99	512	#
97	6.08687	97	98	99	100	512	#
98	6.08687	98	99	100	101	512	#
99	6.08687	99	100	101	102	512	#
100	6.08687	100	101	102	103	512	#
101	6.08687	101	102	103	104	512	#
102	6.08687	102	103	104	105	512	#
103	6.08687	103	104	105	106	512	#
104	6.08687	104	105	106	107	512	#
105	6.08687	105	106	107	108	512	#
106	6.08687	106	107	108	109	512	#
107	6.08687	107	108	109	110	512	#
108	6.08687	108	109	110	111	512	#
109	6.08687	109	110	111	112	512	#
110	6.08687	110	111	112	113	512	#
111	6.08687	111	112	113	114	512	#
112	6.08687	112	113	114	115	512	#
113	6.08687	113	114	115	116	512	#
114	6.08687	114	115	116	117	512	#
115	6.08687	115	116	117	118	512	#
116	6.08687	116	117	118	119	512	#
117	6.08687	117	118	119	120	512	#
118	6.08687	118	119	120	121	512	#
119	6.08687	119	120	121	122	512	#
120	6.08687	120	121	122	123	512	#
121	6.08687	121	122	123	124	512	#
122	6.08687	122	123	124	125	512	#
123	6.08687	123	124	125	126	512	#
124	6.08687	124	125	126	127	512	#
125	6.08687	125	126	127	128	512	#
126	6.08687	126	127	128	129	512	#
127	6.08687	127	128	129	130	512	#
128	6.08687	128	129	130	131	512	#
129	6.08687	129	130	131	132	512	#
130	6.08687	130	131	132	133	512	#
131	6.08687	131	132	133	134	512	#
132	6.08687	132	133	134	135	512	#
133	6.08687	133	134	135	136	512	#
134	6.08687	134	135	136	137	512	#
135	6.08687	135	136	137	138	512	#
136	6.08687	136	137	138	139	512	#
137	6.08687	137	138	139	140	512	#
138	6.08687	138	139	140	141	512	#
139	6.08687	139	140	141	142	512	#
140	6.08687	140	141	142	143	512	#
141	6.08687	141	142	143	144	512	#
142	6.08687	142	143	144	145	512	#
143	6.08687	143	144	145	146	512	#
144	6.08687	144	145	146	147	512	#
145	6.08687	145	146	147	148	512	#
146	6.08687	146	147	148	149	512	#
147	6.08687	147	148	149	150	512	#
148	6.08687	148	149	150	151	512	#
149	6.08687	149	150	151	152	512	#
150	6.08687	150	151	152	153	512	#
151	6.08687	151	152	153	154	512	#
152	6.08687	152	153	154	155	512	#
153	6.08687	153	154	155	156	512	#
154	6.08687	154	155	156	157	512	#
155	6.08687	155	156	157	158	512	#
156	6.08687	156	157	158	159	512	#
157	6.08687	157	158	159	160	512	#
158	6.08687	158	159	160	161	512	#
159	6.08687	159	160	161	162	512	#
160	6.08687	160	161	162	163	512	#
161	6.08687	161	162	163	164	512	#
162	6.08687	162	163	164	165	512	#
163	6.08687	163	164	165	166	512	#
164	6.08687	164	165	166	167	512	#
165	6.08687	165	166	167	168	512	#
166	6.08687	166	167	168	169	512	#
167	6.08687	167	168	169	170	512	#
168	6.08687	168	169	170	171	512	#
169	6.08687	169	170	171	172	512	#
170	6.08687	170	171	172	173	512	#
171	6.08687	171	172	173	174	512	#
172	6.08687	172	173	174	175	512	#
173	6.08687	173	174	175	176	512	#
174	6.08687	174	175	176	177	512	#
175	6.08687	175	176	177	178	512	#
176	6.08687	176	177	178	179	512	#
177	6.08687	177	178	179	180	512	#
178	6.08687	178	179	180	181	512	#
179	6.08687	179	180	181	182	512	#
180	6.08687	180	181	182	183	512	#
181	6.08687	181	182	183	184	512	#
182	6.08687	182	183	184	185	512	#
183	6.08687	183	184	185	186	512	#
184	6.08687	184	185	186	187	512	#
185	6.08687	185	186	187	188	512	#
186	6.08687	186	187	188	189	512	#
187	6.08687	187	188	189	190	512	#
188	6.08687	188	189	190	191	512	#
189	6.08687	189	190	191	192	512	#
190	6.08687	190	191	192	193	512	#
191	6.08687	191	192	193	194	512	#
192	6.08687	192	193	194	195	512	#
193	6.08687	193	194	195	196	512	#
194	6.08687	194	195	196	197	512	#
195	6.08687	195	196	197	198	512	#
196	6.08687	196	197	198	199	512	#
197	6.08687	197	198	199	200	512	#
198	6.08687	198	199	200	201	512	#
199	6.08687	199	200	201	202	512	#
200	6.08687	200	201	202	203	512	#
201	6.08687	201	202	203	204	512	#
202	6.08687	202	203	204	205	512	#
203	6.08687	203	204	205	206	512	#
204	6.08687	204	205	206	207	512	#
205	6.08687	205	206	207	208	512	#
206	6.08687	206	207	208	209	512	#
207	6.08687	207	208	209	210	512	#
208	6.08687	208	209	210	211	512	#
209	6.08687	209	210	211	212	512	#
210	6.08687	210	211	212	213	512	#
211	6.08687	211	212	213	214	512	#
212	6.08687	212	213	214	215	512	#
213	6.08687	213	214	215	216	512	#
214	6.08687	214	215	216	217	512	#
215	6.08687	215	216	217	218	512	#
216	6.08687	216	217	218	219	512	#
217	6.08687	217	218	219	220	512	#
218	6.08687	218	219	220	221	512	#
219	6.08687	219	220	221	222	512	#
220	6.08687	220	221	222	223	512	#
221	6.08687	221	222	223	224	512	#
222	6.08687	222	223	224	225	512	#
223	6.08687	223	224	225	226	512	#
224	6.08687	224	225	226	227	512	#
225	6.08687	225	226	227	228	512	#
226	6.08687	226	227	228	229	512	#
227	6.08687	227	228	229	230	512	#
228	6.08687	228	229	230	231	512	#
229	6.08687	229	230	231	232	512	#
230	6.08687	230	231	232	233	512	#
231	6.08687	231	232	233	234	512	#
232	6.08687	232	233	234	235	512	#
233	6.08687	233	234	235	236	512	#
234	6.08687	234	235	236	237	512	#
235	6.08687	235	236	237	238	512	#
236	6.08687	236	237	238	239	512	#
237	6.08687	237	238	239	240	512	#
238	6.08687	238	239	240	241	512	#
239	6.08687	239	240	241	242	512	#
240	6.08687	240	241	242	243	512	#
241	6.08687	241	242	243	244	512	#
242	6.08687	242	243	244	245	512	#
243	6.08687	243	244	245	246	512	#
244	6.08687	244	245	246	247	512	#
245	6.08687	245	246	247	248	512	#
246	6.08687	246	247	248	249	512	#
247	6.08687	247	248	249	250	512	#
248	6.08687	248	249	250	251	512	#
249	6.08687	249	250	251	252	512	#
250	6.08687	250	251	252	253	512	#
251	6.08687	251	252	253	254	512	#
252	6.08687	252	253	254	255	512	#
253	6.08687	253	254	255	256	512	#
254	6.08687	254	255	256	257	512	#
255	6.08687	255	256	257	258	512	#
256	6.08687	256	257	258	259	512	#
257	6.08687	257	258	259	260	512	#
258	6.08687	258	259	260	261	512	#
259	6.08687	259	260	261	262	512	#
260	6.08687	260	261	262	263	512	#
261	6.08687	261	262	263	264	512	#
262	6.08687	262	263	264	265	512	#
263	6.08687	263	264	265	266	512	#
264	6.08687	264	265	266	267	512	#
265	6.08687	265	266	267	268	512	#
266	6.08687	266	267	268	269	512	#
267	6.08687	267	268	269	270	512	#
268	6.08687	268	269	270	271	512	#
269	6.08687	269	270	271	272	512	#
270	6.08687	270	271	272	273	512	#
271	6.08687	271	272	273	274	512	#
272	6.08687	272	273	274	275	512	#
273	6.08687	273	274	275	276	512	#
274	6.08687	274	275	276	277	512	#
275	6.08687	275	276	277	278	512	#
276	6.08687	276	277	278	279	512	#
277	6.08687	277	278	279	280	512	#
278	6.08687	278	279	280	281	512	#
279	6.08687	279	280	281	282	512	#
280	6.08687	280	281	282	283	512	#
281	6.08687	281	282	283	284	512	#
282	6.08687	282	283	284	285	512	#
283	6.08687	283	284	285	286	512	#
284	6.08687	284	285	286	287	512	#
285	6.08687	285	286	287	288	512	#
286	6.08687	286	287	288	289	512	#
287	6.08687	287	288	289	290	512	#
288	6.08687	288	289	290	291	512	#
289	6.08687	289	290	291	292	512	#
290	6.08687	290	291	292	293	512	#
291	6.08687	291	292	293	294	512	#
292	6.08687	292	293	294	295	512	#
293	6.08687	293	294	295	296	512	#
294	6.08687	294	295	296	297	512	#
295	6.08687	295	296	297	298	512	#
296	6.08687	296	297	298	299	512	#
297	6.08687	297	298	299	300	512	#
298	6.08687	298	299	300	301	512	#
299	6.08687	299	300	301	302	512	#
300	6.08687	300	301	302	303	512	#
301	6.08687	301	302	303	304	512	#
302	6.08687	302	303	304	305	512	#
303	6.08687	303	304	305	306	512	#
304	6.08687	304	305	306	307	512	#
305	6.08687	305	306	307	308	512	#
306	6.08687	306	307	308	309	512	#
307	6.08687	307	308	309	310	512	#
308	6.08687	308	309	310	311	512	#
309	6.08687	309	310	311	312	512	#
310	6.08687	310	311	312	313	512	#
311	6.08687	311	312	313	314	512	#
312	6.08687	312	313	314	315	512	#
313	6.08687	313	314	315	316	512	#
314	6.08687	314	315	316	317	512	#
315	6.08687	315	316	317	318	512	#
316	6.08687	316	317	318	319	512	#
317	6.08687	317	318	319	320	512	#
318	6.08687	318	319	320	321	512	#
319	6.08687	319	320	321	322	512	#
320	6.08687	320	321	322	323	512	#
321	6.08687	321	322	323	324	512	#
322	6.08687	322	323	324	325	512	#
323	6.08687	323	324	325	326	512	#
324	6.08687	324	325	326	327	512	#
325	6.08687	325	326	327	328	512	#
326	6.08687	326	327	328	329	512	#
327	6.08687	327	328	329	330	512	#
328	6.08687	328	329	330	331	512	#
329	6.08687	329	330	331	332	512	#
330	6.08687	330	331	332	333	512	#
331	6.08687	331	332	333	334	512	#
332	6.08687	332	333	334	335	512	#
333	6.08687	333	334	335	336	512	#
334	6.08687	334	335	336	337	512	#
335	6.08687	335	336	337	338	512	#
336	6.08687	336	337	338	339	512	#
337	6.08687	337	338	339	340	512	#
338	6.08687	338	339	340	341	512	#
339	6.08687	339	340	341	342	512	#
340	6.08687	340	341	342	343	512	#
341	6.08687	341	342	343	344	512	#
342	6.08687	342	343	344	345	512	#
343	6.08687	343	344	345	346	512	#
344	6.08687	344	345	346	347	512	#
345	6.08687	345	346	347	348	512	#
346	6.08687	346	347	348	349	512	#
347	6.08687	347	348	349	350	512	#
348	6.08687	348	349	350	351	512	#
349	6.08687	349	350	351	352	512	#
350	6.08687	350	351	352	353	512	#
351	6.08687	351	352	353	354	512	#
352	6.08687	352	353	354	355	512	#
353	6.08687	353	354	355	356	512	#
354	6.08687	354	355	356	357	512	#
355	6.08687	355	356	357	358	512	#
356	6.08687	356	357	358	359	512	#
357	6.08687	357	358	359	360	512	#
358	6.08687	358	359	360	361	512	#
359	6.08687	359	360	361	362	512	#
360	6.08687	360	361	362	363	512	#
361	6.08687	361	362	363	364	512	#
362	6.08687	362	363	364	365	512	#
363	6.08687	363	364	365	366	512	#
364	6.08687	364	365	366	367	512	#
365	6.08687	365	366	367	368	512	#
366	6.08687	366	367	368	369	512	#
367	6.08687	367	368	369	370	512	#
368	6.08687	368	369	370	371	512	#
369	6.08687	369	370	371	372	512	#
370	6.08687	370	371	372	373	512	#
371	6.08687	371	372	373	374	512	#
372	6.08687	372	373	374	375	512	#
373	6.08687	373	374	375	376	512	#
374	6.08687	374	375	376	377	512	#
375	6.08687	375	376	377	378	512	#
376	6.08687	376	377	378	379	512	#
377	6.83998	0	1	2	3	4	5	6	513	#
378	6.83998	1	2	3	4	5	6	7	513	#
379	6.83998	2	3	4	5	6	7	8	513	#
380	6.83998	3	4	5	6	7	8	9	513	#
381	6.83998	4	5	6	7	8	9	10	513	#
382	6.83998	5	6	7	8	9	10	11	513	#
383	6.83998	6	7	8	9	10	11	12	513	#
384	6.83998	7	8	9	10	11	12	13	513	#
385	6.83998	8	9	10	11	12	13	14	513	#
386	6.83998	9	10	11	12	13	14	15	513	#
387	6.83998	10	11	12	13	14	15	16	513	#
388	6.83998	11	12	13	14	15	16	17	513	#
389	6.83998	12	13	14	15	16	17	18	513	#
390	6.83998	13	14	15	16	17	18	19	513	#
391	6.83998	14	15	16	17	18	19	20	513	#
392	6.83998	15	16	17	18	19	20	21	513	#
393	6.83998	16	17	18	19	20	21	22	513	#
394	6.83998	17	18	19	20	21	22	23	513	#
395	6.83998	18	19	20	21	22	23	24	513	#
396	6.83998	19	20	21	22	23	24	25	513	#
397	6.83998	20	21	22	23	24	25	26	513	#
398	6.83998	21	22	23	24	25	26	27	513	#
399	6.83998	22	23	24	25	26	27	28	513	#
400	6.83998	23	24	25	26	27	28	29	513	#
401	6.83998	24	25	26	27	28	29	30	513	#
402	6.83998	25	26	27	28	29	30	31	513	#
403	6.83998	26	27	28	29	30	31	32	513	#
404	6.83998	27	28	29	30	31	32	33	513	#
405	6.83998	28	29	30	31	32	33	34	513	#
406	6.83998	29	30	31	32	33	34	35	513	#
407	6.83998	30	31	32	33	34	35	36	513	#
408	6.83998	31	32	33	34	35	36	37	513	#
409	6.83998	32	33	34	35	36	37	38	513	#
410	6.83998	33	34	35	36	37	38	39	513	#
411	6.83998	34	35	36	37	38	39	40	513	#
412	6.83998	35	36	37	38	39	40	41	513	#
413	6.83998	36	37	38	39	40	41	42	513	#
414	6.83998	37	38	39	40	41	42	43	513	#
415	6.83998	38	39	40	41	42	43	44	513	#
416	6.83998	39	40	41	42	43	44	45	513	#
417	6.83998	40	41	42	43	44	45	46	513	#
418	6.83998	41	42	43	44	45	46	47	513	#
419	6.83998	42	43	44	45	46	47	48	513	#
420	6.83998	43	44	45	46	47	48	49	513	#
421	6.83998	44	45	46	47	48	49	50	513	#
422	6.83998	45	46	47	48	49	50	51	513	#
423	6.83998	46	47	48	49	50	51	52	513	#
424	6.83998	47	48	49	50	51	52	53	513	#
425	6.83998	48	49	50	51	52	53	54	513	#
426	6.83998	49	50	51	52	53	54	55	513	#
427	6.83998	50	51	52	53	54	55	56	513	#
428	6.83998	51	52	53	54	55	56	57	513	#
429	6.83998	52	53	54	55	56	57	58	513	#
430	6.83998	53	54	55	56	57	58	59	513	#
431	6.83998	54	55	56	57	58	59	60	513	#
432	6.83998	55	56	57	58	59	60	61	513	#
433	6.83998	56	57	58	59	60	61	62	513	#
434	6.83998	57	58	59	60	61	62	63	513	#
435	6.83998	58	59	60	61	62	63	64	513	#
436	6.83998	59	60	61	62	63	64	65	513	#
437	6.83998	60	61	62	63	64	65	66	513	#
438	6.83998	61	62	63	64	65	66	67	513	#
439	6.83998	62	63	64	65	66	67	68	513	#
440	6.83998	63	64	65	66	67	68	69	513	#
441	6.83998	64	65	66	67	68	69	70	513	#
442	6.83998	65	66	67	68	69	70	71	513	#
443	6.83998	66	67	68	69	70	71	72	513	#
444	6.83998	67	68	69	70	71	72	73	513	#
445	6.83998	68	69	70	71	72	73	74	513	#
446	6.83998	69	70	71	72	73	74	75	513	#
447	6.83998	70	71	72	73	74	75	76	513	#
448	6.83998	71	72	73	74	75	76	77	513	#
449	6.83998	72	73	74	75	76	77	78	513	#
450	6.83998	73	74	75	76	77	78	79	513	#
451	6.83998	74	75	76	77	78	79	80	513	#
452	6.83998	75	76	77	78	79	80	81	513	#
453	6.83998	76	77	78	79	80	81	82	513	#
454	6.83998	77	78	79	80	81	82	83	513	#
455	6.83998	78	79	80	81	82	83	84	513	#
456	6.83998	79	80	81	82	83	84	85	513	#
457	6.83998	80	81	82	83	84	85	86	513	#
458	6.83998	81	82	83	84	85	86	87	513	#
459	6.83998	82	83	84	85	86	87	88	513	#
460	6.83998	83	84	85	86	87	88	89	513	#
461	6.83998	84	85	86	87	88	89	90	513	#
462	6.83998	85	86	87	88	89	90	91	513	#
463	6.83998	86	87	88	89	90	91	92	513	#
464	6.83998	87	88	89	90	91	92	93	513	#
465	6.83998	88	89	90	91	92	93	94	513	#
466	6.83998	89	90	91	92	93	94	95	513	#
467	6.83998	90	91	92	93	94	95	96	513	#
468	6.83998	91	92	93	94	95	96	97	513	#
469	6.83998	92	93	94	95	96	97	98	513	#
470	6.83998	93	94	95	96	97	98	99	513	#
471	6.83998	94	95	96	97	98	99	100	513	#
472	6.83998	95	96	97	98	99	100	101	513	#
473	6.83998	96	97	98	99	100	101	102	513	#
474	6.83998	97	98	99	100	101	102	103	513	#
475	6.83998	98	99	100	101	102	103	104	513	#
476	6.83998	99	100	101	102	103	104	105	513	#
477	6.83998	100	101	102	103	104	105	106	513	#
478	6.83998	101	102	103	104	105	106	107	513	#
479	6.83998	102	103	104	105	106	107	108	513	#
480	6.83998	103	104	105	106	107	108	109	513	#
481	6.83998	104	105	106	107	108	109	110	513	#
482	6.83998	105	106	107	108	109	110	111	513	#
483	6.83998	106	107	108	109	110	111	112	513	#
484	6.83998	107	108	109	110	111	112	113	513	#
485	6.83998	108	109	110	111	112	113	114	513	#
486	6.83998	109	110	111	112	113	114	115	513	#
487	6.83998	110	111	112	113	114	115	116	513	#
488	6.83998	111	112	113	114	115	116	117	513	#
489	6.83998	112	113	114	115	116	117	118	513	#
490	6.83998	113	114	115	116	117	118	119	513	#
491	6.83998	114	115	116	117	118	119	120	513	#
492	6.83998	115	116	117	118	119	120	121	513	#
493	6.83998	116	117	118	119	120	121	122	513	#
494	6.83998	117	118	119	120	121	122	123	513	#
495	6.83998	118	119	120	121	122	123	124	513	#
496	6.83998	119	120	121	122	123	124	125	513	#
497	6.83998	120	121	122	123	124	125	126	513	#
498	6.83998	121	122	123	124	125	126	127	513	#
499	6.83998	122	123	124	125	126	127	128	513	#
500	6.83998	123	124	125	126	127	128	129	513	#
501	6.83998	124	125	126	127	128	129	130	513	#
502	6.83998	125	126	127	128	129	130	131	513	#
503	6.83998	126	127	128	129	130	131	132	513	#
504	6.83998	127	128	129	130	131	132	133	513	#
505	6.83998	128	129	130	131	132	133	134	513	#
506	6.83998	129	130	131	132	133	134	135	513	#
507	6.83998	130	131	132	133	134	135	136	513	#
508	6.83998	131	132	133	134	135	136	137	513	#
509	6.83998	132	133	134	135	136	137	138	513	#
510	6.83998	133	134	135	136	137	138	139	513	#
511	6.83998	134	135	136	137	138	139	140	513	#
512	6.83998	135	136	137	138	139	140	141	513	#
513	6.83998	136	137	138	139	140	141	142	513	#
514	6.83998	137	138	139	140	141	142	143	513	#
515	6.83998	138	139	140	141	142	143	144	513	#
516	6.83998	139	140	141	142	143	144	145	513	#
517	6.83998	140	141	142	143	144	145	146	513	#
518	6.83998	141	142	143	144	145	146	147	513	#
519	6.83998	142	143	144	145	146	147	148	513	#
520	6.83998	143	144	145	146	147	148	149	513	#
521	6.83998	144	145	146	147	148	149	150	513	#
522	6.83998	145	146	147	148	149	150	151	513	#
523	6.83998	146	147	148	149	150	151	152	513	#
524	6.83998	147	148	149	150	151	152	153	513	#
525	6.83998	148	149	150	151	152	153	154	513	#
526	6.83998	149	150	151	152	153	154	155	513	#
527	6.83998	150	151	152	153	154	155	156	513	#
528	6.83998	151	152	153	154	155	156	157	513	#
529	6.83998	152	153	154	155	156	157	158	513	#
530	6.83998	153	154	155	156	157	158	159	513	#
531	6.83998	154	155	156	157	158	159	160	513	#
532	6.83998	155	156	157	158	159	160	161	513	#
533	6.83998	156	157	158	159	160	161	162	513	#
534	6.83998	157	158	159	160	161	162	163	513	#
535	6.83998	158	159	160	161	162	163	164	513	#
536	6.83998	159	160	161	162	163	164	165	513	#
537	6.83998	160	161	162	163	164	165	166	513	#
538	6.83998	161	162	163	164	165	166	167	513	#
539	6.83998	162	163	164	165	166	167	168	513	#
540	6.83998	163	164	165	166	167	168	169	513	#
541	6.83998	164	165	166	167	168	169	170	513	#
542	6.83998	165	166	167	168	169	170	171	513	#
543	6.83998	166	167	168	169	170	171	172	513	#
544	6.83998	167	168	169	170	171	172	173	513	#
545	6.83998	168	169	170	171	172	173	174	513	#
546	6.83998	169	170	171	172	173	174	175	513	#
547	6.83998	170	171	172	173	174	175	176	513	#
548	6.83998	171	172	173	174	175	176	177	513	#
549	6.83998	172	173	174	175	176	177	178	513	#
550	6.83998	173	174	175	176	177	178	179	513	#
551	6.83998	174	175	176	177	178	179	180	513	#
552	6.83998	175	176	177	178	179	180	181	513	#
553	6.83998	176	177	178	179	180	181	182	513	#
554	6.83998	177	178	179	180	181	182	183	513	#
555	6.83998	178	179	180	181	182	183	184	513	#
556	6.83998	179	180	181	182	183	184	185	513	#
557	6.83998	180	181	182	183	184	185	186	513	#
558	6.83998	181	182	183	184	185	186	187	513	#
559	6.83998	182	183	184	185	186	187	188	513	#
560	6.83998	183	184	185	186	187	188	189	513	#
561	6.83998	184	185	186	187	188	189	190	513	#
562	6.83998	185	186	187	188	189	190	191	513	#
563	6.83998	186	187	188	189	190	191	192	513	#
564	6.83998	187	188	189	190	191	192	193	513	#
565	6.83998	188	189	190	191	192	193	194	513	#
566	6.83998	189	190	191	192	193	194	195	513	#
567	6.83998	190	191	192	193	194	195	196	513	#
568	6.83998	191	192	193	194	195	196	197	513	#
569	6.83998	192	193	194	195	196	197	198	513	#
570	6.83998	193	194	195	196	197	198	199	513	#
571	6.83998	194	195	196	197	198	199	200	513	#
572	6.83998	195	196	197	198	199	200	201	513	#
573	6.83998	196	197	198	199	200	201	202	513	#
574	6.83998	197	198	199	200	201	202	203	513	#
575	6.83998	198	199	200	201	202	203	204	513	#
576	6.83998	199	200	201	202	203	204	205	513	#
577	6.83998	200	201	202	203	204	205	206	513	#
578	6.83998	201	202	203	204	205	206	207	513	#
579	6.83998	202	203	204	205	206	207	208	513	#
580	6.83998	203	204	205	206	207	208	209	513	#
581	6.83998	204	205	206	207	208	209	210	513	#
582	6.83998	205	206	207	208	209	210	211	513	#
583	6.83998	206	207	208	209	210	211	212	513	#
584	6.83998	207	208	209	210	211	212	213	513	#
585	6.83998	208	209	210	211	212	213	214	513	#
586	6.83998	209	210	211	212	213	214	215	513	#
587	6.83998	210	211	212	213	214	215	216	513	#
588	6.83998	211	212	213	214	215	216	217	513	#
589	6.83998	212	213	214	215	216	217	218	513	#
590	6.83998	213	214	215	216	217	218	219	513	#
591	6.83998	214	215	216	217	218	219	220	513	#
592	6.83998	215	216	217	218	219	220	221	513	#
593	6.83998	216	217	218	219	220	221	222	513	#
594	6.83998	217	218	219	220	221	222	223	513	#
595	6.83998	218	219	220	221	222	223	224	513	#
596	6.83998	219	220	221	222	223	224	225	513	#
597	6.83998	220	221	222	223	224	225	226	513	#
598	6.83998	221	222	223	224	225	226	227	513	#
599	6.83998	222	223	224	225	226	227	228	513	#
600	6.83998	223	224	225	226	227	228	229	513	#
601	6.83998	224	225	226	227	228	229	230	513	#
602	6.83998	225	226	227	228	229	230	231	513	#
603	6.83998	226	227	228	229	230	231	232	513	#
604	6.83998	227	228	229	230	231	232	233	513	#
605	6.83998	228	229	230	231	232	233	234	513	#
606	6.83998	229	230	231	232	233	234	235	513	#
607	6.83998	230	231	232	233	234	235	236	513	#
608	6.83998	231	232	233	234	235	236	237	513	#
609	6.83998	232	233	234	235	236	237	238	513	#
610	6.83998	233	234	235	236	237	238	239	513	#
611	6.83998	234	235	236	237	238	239	240	513	#
612	6.83998	235	236	237	238	239	240	241	513	#
613	6.83998	236	237	238	239	240	241	242	513	#
614	6.83998	237	238	239	240	241	242	243	513	#
615	6.83998	238	239	240	241	242	243	244	513	#
616	6.83998	239	240	241	242	243	244	245	513	#
617	6.83998	240	241	242	243	244	245	246	513	#
618	6.83998	241	242	243	244	245	246	247	513	#
619	6.83998	242	243	244	245	246	247	248	513	#
620	6.83998	243	244	245	246	247	248	249	513	#
621	6.83998	244	245	246	247	248	249	250	513	#
622	6.83998	245	246	247	248	249	250	251	513	#
623	6.83998	246	247	248	249	250	251	252	513	#
624	6.83998	247	248	249	250	251	252	253	513	#
625	6.83998	248	249	250	251	252	253	254	513	#
626	6.83998	249	250	251	252	253	254	255	513	#
627	6.83998	250	251	252	253	254	255	256	513	#
628	6.83998	251	252	253	254	255	256	257	513	#
629	6.83998	252	253	254	255	256	257	258	513	#
630	6.83998	253	254	255	256	257	258	259	513	#
631	6.83998	254	255	256	257	258	259	260	513	#
632	6.83998	255	256	257	258	259	260	261	513	#
633	6.83998	256	257	258	259	260	261	262	513	#
634	6.83998	257	258	259	260	261	262	263	513	#
635	6.83998	258	259	260	261	262	263	264	513	#
636	6.83998	259	260	261	262	263	264	265	513	#
637	6.83998	260	261	262	263	264	265	266	513	#
638	6.83998	261	262	263	264	265	266	267	513	#
639	6.83998	262	263	264	265	266	267	268	513	#
640	6.83998	263	264	265	266	267	268	269	513	#
641	6.83998	264	265	266	267	268	269	270	513	#
642	6.83998	265	266	267	268	269	270	271	513	#
643	6.83998	266	267	268	269	270	271	272	513	#
644	6.83998	267	268	269	270	271	272	273	513	#
645	6.83998	268	269	270	271	272	273	274	513	#
646	6.83998	269	270	271	272	273	274	275	513	#
647	6.83998	270	271	272	273	274	275	276	513	#
648	6.83998	271	272	273	274	275	276	277	513	#
649	6.83998	272	273	274	275	276	277	278	513	#
650	6.83998	273	274	275	276	277	278	279	513	#
651	6.83998	274	275	276	277	278	279	280	513	#
652	6.83998	275	276	277	278	279	280	281	513	#
653	6.83998	276	277	278	279	280	281	282	513	#
654	6.83998	277	278	279	280	281	282	283	513	#
655	6.83998	278	279	280	281	282	283	284	513	#
656	6.83998	279	280	281	282	283	284	285	513	#
657	6.83998	280	281	282	283	284	285	286	513	#
658	6.83998	281	282	283	284	285	286	287	513	#
659	6.83998	282	283	284	285	286	287	288	513	#
660	6.83998	283	284	285	286	287	288	289	513	#
661	6.83998	284	285	286	287	288	289	290	513	#
662	6.83998	285	286	287	288	289	290	291	513	#
663	6.83998	286	287	288	289	290	291	292	513	#
664	6.83998	287	288	289	290	291	292	293	513	#
665	6.83998	288	289	290	291	292	293	294	513	#
666	6.83998	289	290	291	292	293	294	295	513	#
667	6.83998	290	291	292	293	294	295	296	513	#
668	6.83998	291	292	293	294	295	296	297	513	#
669	6.83998	292	293	294	295	296	297	298	513	#
670	6.83998	293	294	295	296	297	298	299	513	#
671	6.83998	294	295	296	297	298	299	300	513	#
672	6.83998	295	296	297	298	299	300	301	513	#
673	6.83998	296	297	298	299	300	301	302	513	#
674	6.83998	297	298	299	300	301	302	303	513	#
675	6.83998	298	299	300	301	302	303	304	513	#
676	6.83998	299	300	301	302	303	304	305	513	#
677	6.83998	300	301	302	303	304	305	306	513	#
678	6.83998	301	302	303	304	305	306	307	513	#
679	6.83998	302	303	304	305	306	307	308	513	#
680	6.83998	303	304	305	306	307	308	309	513	#
681	6.83998	304	305	306	307	308	309	310	513	#
682	6.83998	305	306	307	308	309	310	311	513	#
683	6.83998	306	307	308	309	310	311	312	513	#
684	6.83998	307	308	309	310	311	312	313	513	#
685	6.83998	308	309	310	311	312	313	314	513	#
686	6.83998	309	310	311	312	313	314	315	513	#
687	6.83998	310	311	312	313	314	315	316	513	#
688	6.83998	311	312	313	314	315	316	317	513	#
689	6.83998	312	313	314	315	316	317	318	513	#
690	6.83998	313	314	315	316	317	318	319	513	#
691	6.83998	314	315	316	317	318	319	320	513	#
692	6.83998	315	316	317	318	319	320	321	513	#
693	6.83998	316	317	318	319	320	321	322	513	#
694	6.83998	317	318	319	320	321	322	323	513	#
695	6.83998	318	319	320	321	322	323	324	513	#
696	6.83998	319	320	321	322	323	324	325	513	#
697	6.83998	320	321	322	323	324	325	326	513	#
698	6.83998	321	322	323	324	325	326	327	513	#
699	6.83998	322	323	324	325	326	327	328	513	#
700	6.83998	323	324	325	326	327	328	329	513	#
701	6.83998	324	325	326	327	328	329	330	513	#
702	6.83998	325	326	327	328	329	330	331	513	#
703	6.83998	326	327	328	329	330	331	332	513	#
704	6.83998	327	328	329	330	331	332	333	513	#
705	6.83998	328	329	330	331	332	333	334	513	#
706	6.83998	329	330	331	332	333	334	335	513	#
707	6.83998	330	331	332	333	334	335	336	513	#
708	6.83998	331	332	333	334	335	336	337	513	#
709	6.83998	332	333	334	335	336	337	338	513	#
710	6.83998	333	334	335	336	337	338	339	513	#
711	6.83998	334	335	336	337	338	339	340	513	#
712	6.83998	335	336	337	338	339	340	341	513	#
713	6.83998	336	337	338	339	340	341	342	513	#
714	6.83998	337	338	339	340	341	342	343	513	#
715	6.83998	338	339	340	341	342	343	344	513	#
716	6.83998	339	340	341	342	343	344	345	513	#
717	6.83998	340	341	342	343	344	345	346	513	#
718	6.83998	341	342	343	344	345	346	347	513	#
719	6.83998	342	343	344	345	346	347	348	513	#
720	6.83998	343	344	345	346	347	348	349	513	#
721	6.83998	344	345	346	347	348	349	350	513	#
722	6.83998	345	346	347	348	349	350	351	513	#
723	6.83998	346	347	348	349	350	351	352	513	#
724	6.83998	347	348	349	350	351	352	353	513	#
725	6.83998	348	349	350	351	352	353	354	513	#
726	6.83998	349	350	351	352	353	354	355	513	#
727	6.83998	350	351	352	353	354	355	356	513	#
728	6.83998	351	352	353	354	355	356	357	513	#
729	6.83998	352	353	354	355	356	357	358	513	#
730	6.83998	353	354	355	356	357	358	359	513	#
731	6.83998	354	355	356	357	358	359	360	513	#
732	6.83998	355	356	357	358	359	360	361	513	#
733	6.83998	356	357	358	359	360	361	362	513	#
734	6.83998	357	358	359	360	361	362	363	513	#
735	6.83998	358	359	360	361	362	363	364	513	#
736	6.83998	359	360	361	362	363	364	365	513	#
737	6.83998	360	361	362	363	364	365	366	513	#
738	6.83998	361	362	363	364	365	366	367	513	#
739	6.83998	362	363	364	365	366	367	368	513	#
740	6.83998	363	364	365	366	367	368	369	513	#
741	6.83998	364	365	366	367	368	369	370	513	#
742	6.83998	365	366	367	368	369	370	371	513	#
743	6.83998	366	367	368	369	370	371	372	513	#
744	6.83998	367	368	369	370	371	372	373	513	#
745	6.83998	368	369	370	371	372	373	374	513	#
746	6.83998	369	370	371	372	373	374	375	513	#
747	6.83998	370	371	372	373	374	375	376	513	#
748	6.83998	371	372	373	374	375	376	377	513	#
749	6.83998	372	373	374	375	376	377	378	513	#
750	6.83998	373	374	375	376	377	378	379	513	#
751	6.83998	374	375	376	377	378	379	380	513	#
752	6.83998	375	376	377	378	379	380	381	513	#
753	6.83998	376	377	378	379	380	381	382	513	#
754	6.83998	377	378	379	380	381	382	383	513	#
755	6.83998	378	379	380	381	382	383	384	513	#
756	6.83998	379	380	381	382	383	384	385	513	#
757	6.83998	380	381	382	383	384	385	386	513	#
758	6.83998	381	382	383	384	385	386	387	513	#
759	6.83998	382	383	384	385	386	387	388	513	#
760	6.83998	383	384	385	386	387	388	389	513	#
761	6.83998	384	385	386	387	388	389	390	513	#
762	6.83998	385	386	387	388	389	390	391	513	#
763	6.83998	386	387	388	389	390	391	392	513	#
764	6.83998	387	388	389	390	391	392	393	513	#
765	6.83998	388	389	390	391	392	393	394	513	#
766	6.83998	389	390	391	392	393	394	395	513	#
767	6.83998	390	391	392	393	394	395	396	513	#
768	6.83998	391	392	393	394	395	396	397	513	#
769	6.83998	392	393	394	395	396	397	398	513	#
770	6.83998	393	394	395	396	397	398	399	513	#
771	6.83998	394	395	396	397	398	399	400	513	#
772	6.83998	395	396	397	398	399	400	401	513	#
773	6.83998	396	397	398	399	400	401	402	513	#
774	6.83998	397	398	399	400	401	402	403	513	#
775	6.83998	398	399	400	401	402	403	404	513	#
776	6.83998	399	400	401	402	403	404	405	513	#
777	6.83998	400	401	402	403	404	405	406	513	#
778	6.83998	401	402	403	404	405	406	407	513	#
779	6.83998	402	403	404	405	406	407	408	513	#
780	6.83998	403	404	405	406	407	408	409	513	#
781	6.83998	404	405	406	407	408	409	410	513	#
782	6.83998	405	406	407	408	409	410	411	513	#
783	6.83998	406	407	408	409	410	411	412	513	#
784	6.83998	407	408	409	410	411	412	413	513	#
785	6.83998	408	409	410	411	412	413	414	513	#
786	6.83998	409	410	411	412	413	414	415	513	#
787	6.83998	410	411	412	413	414	415	416	513	#
788	6.83998	411	412	413	414	415	416	417	513	#
789	6.83998	412	413	414	415	416	417	418	513	#
790	6.83998	413	414	415	416	417	418	419	513	#
791	6.83998	414	415	416	417	418	419	420	513	#
792	6.83998	415	416	417	418	419	420	421	513	#
793	6.83998	416	417	418	419	420	421	422	513	#
794	6.83998	417	418	419	420	421	422	423	513	#
795	6.83998	418	419	420	421	422	423	424	513	#
796	6.83998	419	420	421	422	423	424	425	513	#
797	6.83998	420	421	422	423	424	425	426	513	#
798	6.83998	421	422	423	424	425	426	427	513	#
799	6.83998	422	423	424	425	426	427	428	513	#
800	6.83998	423	424	425	426	427	428	429	513	#
801	6.83998	424	425	426	427	428	429	430	513	#
802	6.83998	425	426	427	428	429	430	431	513	#
803	6.83998	426	427	428	429	430	431	432	513	#
804	6.83998	427	428	429	430	431	432	433	513	#
805	6.83998	428	429	430	431	432	433	434	513	#
806	6.83998	429	430	431	432	433	434	435	513	#
807	6.83998	430	431	432	433	434	435	436	513	#
808	6.83998	431	432	433	434	435	436	437	513	#
809	6.83998	432	433	434	435	436	437	438	513	#
810	6.83998	433	434	435	436	437	438	439	513	#
811	6.83998	434	435	436	437	438	439	440	513	#
812	6.83998	435	436	437	438	439	440	441	513	#
813	6.83998	436	437	438	439	440	441	442	513	#
814	6.83998	437	438	439	440	441	442	443	513	#
815	6.83998	438	439	440	441	442	443	444	513	#
816	6.83998	439	440	441	442	443	444	445	513	#
817	6.83998	440	441	442	443	444	445	446	513	#
818	6.83998	441	442	443	444	445	446	447	513	#
819	7.02516	0	1	2	3	514	#
820	7.02516	1	2	3	4	514	#
821	7.02516	2	3	4	5	514	#
822	7.02516	3	4	5	6	514	#
823	7.02516	4	5	6	7	514	#
824	7.02516	5	6	7	8	514	#
825	7.02516	6	7	8	9	514	#
826	7.02516	7	8	9	10	514	#
827	7.02516	8	9	10	11	514	#
828	7.02516	9	10	11	12	514	#
829	7.02516	10	11	12	13	514	#
830	7.02516	11	12	13	14	514	#
831	7.02516	12	13	14	15	514	#
832	7.02516	13	14	15	16	514	#
833	7.02516	14	15	16	17	514	#
834	7.02516	15	16	17	18	514	#
835	7.02516	16	17	18	19	514	#
836	7.02516	17	18	19	20	514	#
837	7.02516	18	19	20	21	514	#
838	7.02516	19	20	21	22	514	#
839	7.02516	20	21	22	23	514	#
840	7.02516	21	22	23	24	514	#
841	7.02516	22	23	24	25	514	#
842	7.02516	23	24	25	26	514	#
843	7.02516	24	25	26	27	514	#
844	7.02516	25	26	27	28	514	#
845	7.02516	26	27	28	29	514	#
846	7.02516	27	28	29	30	514	#
847	7.02516	28	29	30	31	514	#
848	7.02516	29	30	31	32	514	#
849	7.02516	30	31	32	33	514	#
850	7.02516	31	32	33	34	514	#
851	7.02516	32	33	34	35	514	#
852	7.02516	33	34	35	36	514	#
853	7.02516	34	35	36	37	514	#
854	7.02516	35	36	37	38	514	#
855	7.02516	36	37	38	39	514	#
856	7.02516	37	38	39	40	514	#
857	7.02516	38	39	40	41	514	#
858	7.02516	39	40	41	42	514	#
859	7.02516	40	41	42	43	514	#
860	7.02516	41	42	43	44	514	#
861	7.02516	42	43	44	45	514	#
862	7.02516	43	44	45	46	514	#
863	7.02516	44	45	46	47	514	#
864	7.02516	45	46	47	48	514	#
865	7.02516	46	47	48	49	514	#
866	7.02516	47	48	49	50	514	#
867	7.02516	48	49	50	51	514	#
868	7.02516	49	50	51	52	514	#
869	7.02516	50	51	52	53	514	#
870	7.02516	51	52	53	54	514	#
871	7.02516	52	53	54	55	514	#
872	7.02516	53	54	55	56	514	#
873	7.02516	54	55	56	57	514	#
874	7.02516	55	56	57	58	514	#
875	7.02516	56	57	58	59	514	#
876	7.02516	57	58	59	60	514	#
877	7.02516	58	59	60	61	514	#
878	7.02516	59	60	61	62	514	#
879	7.02516	60	61	62	63	514	#
880	7.02516	61	62	63	64	514	#
881	7.02516	62	63	64	65	514	#
882	7.02516	63	64	65	66	514	#
883	7.02516	64	65	66	67	514	#
884	7.02516	65	66	67	68	514	#
885	7.02516	66	67	68	69	514	#
886	7.02516	67	68	69	70	514	#
887	7.02516	68	69	70	71	514	#
888	7.02516	69	70	71	72	514	#
889	7.02516	70	71	72	73	514	#
890	7.02516	71	72	73	74	514	#
891	7.02516	72	73	74	75	514	#
892	7.02516	73	74	75	76	514	#
893	7.02516	74	75	76	77	514	#
894	7.02516	75	76	77	78	514	#
895	7.02516	76	77	78	79	514	#
896	7.02516	77	78	79	80	514	#
897	7.02516	78	79	80	81	514	#
898	7.02516	79	80	81	82	514	#
899	7.02516	80	81	82	83	514	#
900	7.02516	81	82	83	84	514	#
901	7.02516	82	83	84	85	514	#
902	7.02516	83	84	85	86	514	#
903	7.02516	84	85	86	87	514	#
904	7.02516	85	86	87	88	514	#
905	7.02516	86	87	88	89	514	#
906	7.02516	87	88	89	90	514	#
907	7.02516	88	89	90	91	514	#
908	7.02516	89	90	91	92	514	#
909	7.02516	90	91	92	93	514	#
910	7.02516	91	92	93	94	514	#
911	7.02516	92	93	94	95	514	#
912	7.02516	93	94	95	96	514	#
913	7.02516	94	95	96	97	514	#
914	7.02516	95	96	97	98	514	#
915	7.02516	96	97	98	99	514	#
916	7.02516	97	98	99	100	514	#
917	7.02516	98	99	100	101	514	#
918	7.02516	99	100	101	102	514	#
919	7.02516	100	101	102	103	514	#
920	7.02516	101	102	103	104	514	#
921	7.02516	102	103	104	105	514	#
922	7.02516	103	104	105	106	514	#
923	7.02516	104	105	106	107	514	#
924	7.02516	105	106	107	108	514	#
925	7.02516	106	107	108	109	514	#
926	7.02516	107	108	109	110	514	#
927	7.02516	108	109	110	111	514	#
928	7.02516	109	110	111	112	514	#
929	7.02516	110	111	112	113	514	#
930	7.02516	111	112	113	114	514	#
931	7.02516	112	113	114	115	514	#
932	7.02516	113	114	115	116	514	#
933	7.02516	114	115	116	117	514	#
934	7.02516	115	116	117	118	514	#
935	7.02516	116	117	118	119	514	#
936	7.02516	117	118	119	120	514	#
937	7.02516	118	119	120	121	514	#
938	7.02516	119	120	121	122	514	#
939	7.02516	120	121	122	123	514	#
940	7.02516	121	122	123	124	514	#
941	7.02516	122	123	124	125	514	#
942	7.02516	123	124	125	126	514	#
943	7.02516	124	125	126	127	514	#
944	7.02516	125	126	127	128	514	#
945	7.02516	126	127	128	129	514	#
946	7.02516	127	128	129	130	514	#
947	7.02516	128	129	130	131	514	#
948	7.02516	129	130	131	132	514	#
949	7.02516	130	131	132	133	514	#
950	7.02516	131	132	133	134	514	#
951	7.02516	132	133	134	135	514	#
952	7.02516	133	134	135	136	514	#
953	7.02516	134	135	136	137	514	#
954	7.02516	135	136	137	138	514	#
955	7.02516	136	137	138	139	514	#
956	7.02516	137	138	139	140	514	#
957	7.02516	138	139	140	141	514	#
958	7.02516	139	140	141	142	514	#
959	7.02516	140	141	142	143	514	#
960	7.02516	141	142	143	144	514	#
961	7.02516	142	143	144	145	514	#
962	7.02516	143	144	145	146	514	#
963	7.02516	144	145	146	147	514	#
964	7.02516	145	146	147	148	514	#
965	7.02516	146	147	148	149	514	#
966	7.02516	147	148	149	150	514	#
967	7.02516	148	149	150	151	514	#
968	7.02516	149	150	151	152	514	#
969	7.02516	150	151	152	153	514	#
970	7.02516	151	152	153	154	514	#
971	7.02516	152	153	154	155	514	#
972	7.02516	153	154	155	156	514	#
973	7.02516	154	155	156	157	514	#
974	7.02516	155	156	157	158	514	#
975	7.02516	156	157	158	159	514	#
976	7.02516	157	158	159	160	514	#
977	7.02516	158	159	160	161	514	#
978	7.02516	159	160	161	162	514	#
979	7.02516	160	161	162	163	514	#
980	7.02516	161	162	163	164	514	#
981	7.02516	162	163	164	165	514	#
982	2.52539	163	164	165	166	514	#
983	2.52539	164	165	166	167	514	#
984	2.52539	165	166	167	168	514	#
985	2.52539	166	167	168	169	514	#
986	2.52539	167	168	169	170	514	#
987	2.52539	168	169	170	171	514	#
988	2.52539	169	170	171	172	514	#
989	2.52539	170	171	172	173	514	#
990	2.52539	171	172	173	174	514	#
991	2.52539	172	173	174	175	514	#
992	2.52539	173	174	175	176	514	#
993	2.52539	174	175	176	177	514	#
994	2.52539	175	176	177	178	514	#
995	2.52539	176	177	178	179	514	#
996	2.52539	177	178	179	180	514	#
997	2.52539	178	179	180	181	514	#
998	2.52539	179	180	181	182	514	#
999	2.52539	180	181	182	183	514	#
1000	2.52539	181	182	183	184	514	#
1001	2.52539	182	183	184	185	514	#
1002	2.52539	183	184	185	186	514	#
1003	2.52539	184	185	186	187	514	#
1004	2.52539	185	186	187	188	514	#
1005	2.52539	186	187	188	189	514	#
1006	2.52539	187	188	189	190	514	#
1007	2.52539	188	189	190	191	514	#
1008	2.52539	189	190	191	192	514	#
1009	2.52539	190	191	192	193	514	#
1010	2.52539	191	192	193	194	514	#
1011	2.52539	192	193	194	195	514	#
1012	2.52539	193	194	195	196	514	#
1013	2.52539	194	195	196	197	514	#
1014	2.52539	195	196	197	198	514	#
1015	2.52539	196	197	198	199	514	#
1016	2.52539	197	198	199	200	514	#
1017	2.52539	198	199	200	201	514	#
1018	2.52539	199	200	201	202	514	#
1019	2.52539	200	201	202	203	514	#
1020	2.52539	201	202	203	204	514	#
1021	2.52539	202	203	204	205	514	#
1022	2.52539	203	204	205	206	514	#
1023	2.52539	204	205	206	207	514	#
1024	2.52539	205	206	207	208	514	#
1025	2.52539	206	207	208	209	514	#
1026	2.52539	207	208	209	210	514	#
1027	2.52539	208	209	210	211	514	#
1028	2.52539	209	210	211	212	514	#
1029	2.52539	210	211	212	213	514	#
1030	2.52539	211	212	213	214	514	#
1031	2.52539	212	213	214	215	514	#
1032	2.52539	213	214	215	216	514	#
1033	2.52539	214	215	216	217	514	#
1034	2.52539	215	216	217	218	514	#
1035	2.52539	216	217	218	219	514	#
1036	2.52539	217	218	219	220	514	#
1037	2.52539	218	219	220	221	514	#
1038	2.52539	219	220	221	222	514	#
1039	2.52539	220	221	222	223	514	#
1040	2.52539	221	222	223	224	514	#
1041	2.52539	222	223	224	225	514	#
1042	2.52539	223	224	225	226	514	#
1043	2.52539	224	225	226	227	514	#
1044	2.52539	225	226	227	228	514	#
1045	2.52539	226	227	228	229	514	#
1046	2.52539	227	228	229	230	514	#
1047	2.52539	228	229	230	231	514	#
1048	2.52539	229	230	231	232	514	#
1049	2.52539	230	231	232	233	514	#
1050	2.52539	231	232	233	234	514	#
1051	2.52539	232	233	234	235	514	#
1052	2.52539	233	234	235	236	514	#
1053	2.52539	234	235	236	237	514	#
1054	2.52539	235	236	237	238	514	#
1055	2.52539	236	237	238	239	514	#
1056	2.52539	237	238	239	240	514	#
1057	2.52539	238	239	240	241	514	#
1058	2.52539	239	240	241	242	514	#
1059	2.52539	240	241	242	243	514	#
1060	2.52539	241	242	243	244	514	#
1061	2.52539	242	243	244	245	514	#
1062	2.52539	243	244	245	246	514	#
1063	2.52539	244	245	246	247	514	#
1064	2.52539	245	246	247	248	514	#
1065	2.52539	246	247	248	249	514	#
1066	2.52539	247	248	249	250	514	#
1067	2.52539	248	249	250	251	514	#
1068	2.52539	249	250	251	252	514	#
1069	2.52539	250	251	252	253	514	#
1070	2.52539	251	252	253	254	514	#
1071	2.52539	252	253	254	255	514	#
1072	2.52539	253	254	255	256	514	#
1073	2.52539	254	255	256	257	514	#
1074	2.52539	255	256	257	258	514	#
1075	2.52539	256	257	258	259	514	#
1076	2.52539	257	258	259	260	514	#
1077	2.52539	258	259	260	261	514	#
1078	2.52539	259	260	261	262	514	#
1079	2.52539	260	261	262	263	514	#
1080	2.52539	261	262	263	264	514	#
1081	2.52539	262	263	264	265	514	#
1082	2.52539	263	264	265	266	514	#
1083	2.52539	264	265	266	267	514	#
1084	2.52539	265	266	267	268	514	#
1085	2.52539	266	267	268	269	514	#
1086	2.52539	267	268	269	270	514	#
1087	2.52539	268	269	270	271	514	#
1088	2.52539	269	270	271	272	514	#
1089	2.52539	270	271	272	273	514	#
1090	2.52539	271	272	273	274	514	#
1091	2.52539	272	273	274	275	514	#
1092	2.52539	273	274	275	276	514	#
1093	2.52539	274	275	276	277	514	#
1094	2.52539	275	276	277	278	514	#
1095	2.52539	276	277	278	279	514	#
1096	2.52539	277	278	279	280	514	#
1097	2.52539	278	279	280	281	514	#
1098	2.52539	279	280	281	282	514	#
1099	2.52539	280	281	282	283	514	#
1100	2.52539	281	282	283	284	514	#
1101	2.52539	282	283	284	285	514	#
1102	2.52539	283	284	285	286	514	#
1103	2.52539	284	285	286	287	514	#
1104	2.52539	285	286	287	288	514	#
1105	2.52539	286	287	288	289	514	#
1106	2.52539	287	288	289	290	514	#
1107	2.52539	288	289	290	291	514	#
1108	2.52539	289	290	291	292	514	#
1109	2.52539	290	291	292	293	514	#
1110	2.52539	291	292	293	294	514	#
1111	2.52539	292	293	294	295	514	#
1112	2.52539	293	294	295	296	514	#
1113	2.52539	294	295	296	297	514	#
1114	2.52539	295	296	297	298	514	#
1115	2.52539	296	297	298	299	514	#
1116	2.52539	297	298	299	300	514	#
1117	2.52539	298	299	300	301	514	#
1118	2.52539	299	300	301	302	514	#
1119	2.52539	300	301	302	303	514	#
1120	2.52539	301	302	303	304	514	#
1121	2.52539	302	303	304	305	514	#
1122	2.52539	303	304	305	306	514	#
1123	2.52539	304	305	306	307	514	#
1124	2.52539	305	306	307	308	514	#
1125	2.52539	306	307	308	309	514	#
1126	2.52539	307	308	309	310	514	#
1127	2.52539	308	309	310	311	514	#
1128	2.52539	309	310	311	312	514	#
1129	2.52539	310	311	312	313	514	#
1130	2.52539	311	312	313	314	514	#
1131	2.52539	312	313	314	315	514	#
1132	2.52539	313	314	315	316	514	#
1133	2.52539	314	315	316	317	514	#
1134	2.52539	315	316	317	318	514	#
1135	2.52539	316	317	318	319	514	#
1136	2.52539	317	318	319	320	514	#
1137	2.52539	318	319	320	321	514	#
1138	2.52539	319	320	321	322	514	#
1139	2.52539	320	321	322	323	514	#
1140	2.52539	321	322	323	324	514	#
1141	2.52539	322	323	324	325	514	#
1142	2.52539	323	324	325	326	514	#
1143	2.52539	324	325	326	327	514	#
1144	2.52539	325	326	327	328	514	#
1145	2.52539	326	327	328	329	514	#
1146	2.52539	327	328	329	330	514	#
1147	2.52539	328	329	330	331	514	#
1148	2.52539	329	330	331	332	514	#
1149	2.52539	330	331	332	333	514	#
1150	2.52539	331	332	333	334	514	#
1151	2.52539	332	333	334	335	514	#
1152	2.52539	333	334	335	336	514	#
1153	2.52539	334	335	336	337	514	#
1154	2.52539	335	336	337	338	514	#
1155	2.52539	336	337	338	339	514	#
1156	2.52539	337	338	339	340	514	#
1157	2.52539	338	339	340	341	514	#
1158	2.52539	339	340	341	342	514	#
1159	2.52539	340	341	342	343	514	#
1160	2.52539	341	342	343	344	514	#
1161	2.52539	342	343	344	345	514	#
1162	2.52539	343	344	345	346	514	#
1163	2.52539	344	345	346	347	514	#
1164	2.52539	345	346	347	348	514	#
1165	2.52539	346	347	348	349	514	#
1166	2.52539	347	348	349	350	514	#
1167	2.52539	348	349	350	351	514	#
1168	2.52539	349	350	351	352	514	#
1169	2.52539	350	351	352	353	514	#
1170	2.52539	351	352	353	354	514	#
1171	2.52539	352	353	354	355	514	#
1172	2.52539	353	354	355	356	514	#
1173	2.52539	354	355	356	357	514	#
1174	2.52539	355	356	357	358	514	#
1175	2.52539	356	357	358	359	514	#
1176	2.52539	357	358	359	360	514	#
1177	2.52539	358	359	360	361	514	#
1178	2.52539	359	360	361	362	514	#
1179	2.52539	360	361	362	363	514	#
1180	2.52539	361	362	363	364	514	#
1181	2.52539	362	363	364	365	514	#
1182	2.52539	363	364	365	366	514	#
1183	2.52539	364	365	366	367	514	#
1184	2.52539	365	366	367	368	514	#
1185	2.52539	366	367	368	369	514	#
1186	2.52539	367	368	369	370	514	#
1187	2.52539	368	369	370	371	514	#
1188	2.52539	369	370	371	372	514	#
1189	2.52539	370	371	372	373	514	#
1190	2.52539	371	372	373	374	514	#
1191	2.52539	372	373	374	375	514	#
1192	2.52539	373	374	375	376	514	#
1193	2.52539	374	375	376	377	514	#
1194	2.52539	375	376	377	378	514	#
1195	2.52539	376	377	378	379	514	#
1196	2.52539	377	378	379	380	514	#
1197	2.52539	378	379	380	381	514	#
1198	2.52539	379	380	381	382	514	#
1199	2.52539	380	381	382	383	514	#
1200	2.52539	381	382	383	384	514	#
1201	2.52539	382	383	384	385	514	#
1202	2.52539	383	384	385	386	514	#
1203	2.52539	384	385	386	387	514	#
1204	2.52539	385	386	387	388	514	#
1205	2.52539	386	387	388	389	514	#
1206	2.52539	387	388	389	390	514	#
1207	2.52539	388	389	390	391	514	#
1208	2.52539	389	390	391	392	514	#
1209	2.52539	390	391	392	393	514	#
1210	2.52539	391	392	393	394	514	#
1211	2.52539	392	393	394	395	514	#
1212	2.52539	393	394	395	396	514	#
1213	2.52539	394	395	396	397	514	#
1214	2.52539	395	396	397	398	514	#
1215	2.52539	396	397	398	399	514	#
1216	2.52539	397	398	399	400	514	#
1217	2.52539	398	399	400	401	514	#
1218	2.52539	399	400	401	402	514	#
1219	2.52539	400	401	402	403	514	#
1220	2.52539	401	402	403	404	514	#
1221	2.52539	402	403	404	405	514	#
1222	2.52539	403	404	405	406	514	#
1223	2.52539	404	405	406	407	514	#
1224	2.52539	405	406	407	408	514	#
1225	2.52539	406	407	408	409	514	#
1226	2.52539	407	408	409	410	514	#
1227	2.52539	408	409	410	411	514	#
1228	2.52539	409	410	411	412	514	#
1229	2.52539	410	411	412	413	514	#
1230	2.52539	411	412	413	414	514	#
1231	2.52539	412	413	414	415	514	#
1232	2.52539	413	414	415	416	514	#
1233	2.52539	414	415	416	417	514	#
1234	2.52539	415	416	417	418	514	#
1235	2.52539	416	417	418	419	514	#
1236	2.52539	417	418	419	420	514	#
1237	2.52539	418	419	420	421	514	#
1238	2.52539	419	420	421	422	514	#
1239	2.52539	420	421	422	423	514	#
1240	2.52539	421	422	423	424	514	#
1241	2.52539	422	423	424	425	514	#
1242	2.52539	423	424	425	426	514	#
1243	2.52539	424	425	426	427	514	#
1244	2.52539	425	426	427	428	514	#
1245	2.52539	426	427	428	429	514	#
1246	2.52539	427	428	429	430	514	#
1247	2.52539	428	429	430	431	514	#
1248	2.52539	429	430	431	432	514	#
1249	2.52539	430	431	432	433	514	#
1250	2.52539	431	432	433	434	514	#
1251	2.52539	432	433	434	435	514	#
1252	2.52539	433	434	435	436	514	#
1253	2.52539	434	435	436	437	514	#
1254	2.52539	435	436	437	438	514	#
1255	2.52539	436	437	438	439	514	#
1256	2.52539	437	438	439	440	514	#
1257	2.52539	438	439	440	441	514	#
1258	2.52539	439	440	441	442	514	#
1259	2.52539	440	441	442	443	514	#
1260	2.52539	441	442	443	444	514	#
1261	2.52539	442	443	444	445	514	#
1262	2.52539	443	444	445	446	514	#
1263	2.52539	444	445	446	447	514	#
1264	2.52539	445	446	447	448	514	#
1265	2.52539	446	447	448	449	514	#
1266	2.52539	447	448	449	450	514	#
1267	2.52539	448	449	450	451	514	#
1268	2.52539	449	450	451	452	514	#
1269	2.52539	450	451	452	453	514	#
1270	2.52539	451	452	453	454	514	#
1271	2.52539	452	453	454	455	514	#
1272	2.52539	453	454	455	456	514	#
1273	2.52539	454	455	456	457	514	#
1274	2.52539	455	456	457	458	514	#
1275	2.52539	456	457	458	459	514	#
1276	2.2863	457	458	459	460	514	#
1277	2.2863	458	459	460	461	514	#
1278	2.2863	459	460	461	462	514	#
1279	2.2863	460	461	462	463	514	#
1280	2.2863	461	462	463	464	514	#
1281	2.2863	462	463	464	465	514	#
1282	2.2863	463	464	465	466	514	#
1283	2.2863	464	465	466	467	514	#
1284	2.2863	465	466	467	468	514	#
1285	2.2863	466	467	468	469	514	#
1286	2.2863	467	468	469	470	514	#
1287	2.2863	468	469	470	471	514	#
1288	2.2863	469	470	471	472	514	#
1289	2.2863	470	471	472	473	514	#
1290	2.2863	471	472	473	474	514	#
1291	2.2863	472	473	474	475	514	#
1292	2.2863	473	474	475	476	514	#
1293	2.2863	474	475	476	477	514	#
1294	2.2863	475	476	477	478	514	#
1295	2.2863	476	477	478	479	514	#
1296	2.2863	477	478	479	480	514	#
1297	2.2863	478	479	480	481	514	#
1298	2.2863	479	480	481	482	514	#
1299	2.2863	480	481	482	483	514	#
1300	2.2863	481	482	483	484	514	#
1301	2.2863	482	483	484	485	514	#
1302	2.2863	483	484	485	486	514	#
1303	2.2863	484	485	486	487	514	#
1304	2.2863	485	486	487	488	514	#
1305	2.2863	486	487	488	489	514	#
1306	2.2863	487	488	489	490	514	#
1307	2.2863	488	489	490	491	514	#
1308	2.2863	489	490	491	492	514	#
1309	2.2863	490	491	492	493	514	#
1310	2.2863	491	492	493	494	514	#
1311	2.2863	492	493	494	495	514	#
1312	2.2863	493	494	495	496	514	#
1313	2.2863	494	495	496	497	514	#
1314	2.2863	495	496	497	498	514	#
1315	2.2863	496	497	498	499	514	#
1316	2.2863	497	498	499	500	514	#
1317	2.2863	498	499	500	501	514	#
1318	2.2863	499	500	501	502	514	#
1319	2.2863	500	501	502	503	514	#
1320	2.2863	501	502	503	504	514	#
1321	2.2863	502	503	504	505	514	#
1322	2.2863	503	504	505	506	514	#
1323	2.2863	504	505	506	507	514	#
1324	6.68361	0	1	2	3	4	5	6	515	#
1325	6.68361	1	2	3	4	5	6	7	515	#
1326	6.68361	2	3	4	5	6	7	8	515	#
1327	6.68361	3	4	5	6	7	8	9	515	#
1328	6.68361	4	5	6	7	8	9	10	515	#
1329	6.68361	5	6	7	8	9	10	11	515	#
1330	6.68361	6	7	8	9	10	11	12	515	#
1331	6.68361	7	8	9	10	11	12	13	515	#
1332	6.68361	8	9	10	11	12	13	14	515	#
1333	6.68361	9	10	11	12	13	14	15	515	#
1334	6.68361	10	11	12	13	14	15	16	515	#
1335	6.68361	11	12	13	14	15	16	17	515	#
1336	6.68361	12	13	14	15	16	17	18	515	#
1337	6.68361	13	14	15	16	17	18	19	515	#
1338	6.68361	14	15	16	17	18	19	20	515	#
1339	6.68361	15	16	17	18	19	20	21	515	#
1340	6.68361	16	17	18	19	20	21	22	515	#
1341	6.68361	17	18	19	20	21	22	23	515	#
1342	6.68361	18	19	20	21	22	23	24	515	#
1343	6.68361	19	20	21	22	23	24	25	515	#
1344	6.68361	20	21	22	23	24	25	26	515	#
1345	6.68361	21	22	23	24	25	26	27	515	#
1346	6.68361	22	23	24	25	26	27	28	515	#
1347	6.68361	23	24	25	26	27	28	29	515	#
1348	6.68361	24	25	26	27	28	29	30	515	#
1349	6.68361	25	26	27	28	29	30	31	515	#
1350	6.68361	26	27	28	29	30	31	32	515	#
1351	6.68361	27	28	29	30	31	32	33	515	#
1352	6.68361	28	29	30	31	32	33	34	515	#
1353	6.68361	29	30	31	32	33	34	35	515	#
1354	6.68361	30	31	32	33	34	35	36	515	#
1355	6.68361	31	32	33	34	35	36	37	515	#
1356	6.68361	32	33	34	35	36	37	38	515	#
1357	6.68361	33	34	35	36	37	38	39	515	#
1358	6.68361	34	35	36	37	38	39	40	515	#
1359	6.68361	35	36	37	38	39	40	41	515	#
1360	6.68361	36	37	38	39	40	41	42	515	#
1361	6.68361	37	38	39	40	41	42	43	515	#
1362	6.68361	38	39	40	41	42	43	44	515	#
1363	6.68361	39	40	41	42	43	44	45	515	#
1364	6.68361	40	41	42	43	44	45	46	515	#
1365	6.68361	41	42	43	44	45	46	47	515	#
1366	6.68361	42	43	44	45	46	47	48	515	#
1367	6.68361	43	44	45	46	47	48	49	515	#
1368	6.68361	44	45	46	47	48	49	50	515	#
1369	6.68361	45	46	47	48	49	50	51	515	#
1370	6.68361	46	47	48	49	50	51	52	515	#
1371	6.68361	47	48	49	50	51	52	53	515	#
1372	6.68361	48	49	50	51	52	53	54	515	#
1373	6.68361	49	50	51	52	53	54	55	515	#
1374	6.68361	50	51	52	53	54	55	56	515	#
1375	6.68361	51	52	53	54	55	56	57	515	#
1376	6.68361	52	53	54	55	56	57	58	515	#
1377	6.68361	53	54	55	56	57	58	59	515	#
1378	6.68361	54	55	56	57	58	59	60	515	#
1379	6.68361	55	56	57	58	59	60	61	515	#
1380	6.68361	56	57	58	59	60	61	62	515	#
1381	6.68361	57	58	59	60	61	62	63	515	#
1382	6.68361	58	59	60	61	62	63	64	515	#
1383	6.68361	59	60	61	62	63	64	65	515	#
1384	6.68361	60	61	62	63	64	65	66	515	#
1385	6.68361	61	62	63	64	65	66	67	515	#
1386	6.68361	62	63	64	65	66	67	68	515	#
1387	6.68361	63	64	65	66	67	68	69	515	#
1388	6.68361	64	65	66	67	68	69	70	515	#
1389	6.68361	65	66	67	68	69	70	71	515	#
1390	6.68361	66	67	68	69	70	71	72	515	#
1391	6.68361	67	68	69	70	71	72	73	515	#
1392	6.68361	68	69	70	71	72	73	74	515	#
1393	6.68361	69	70	71	72	73	74	75	515	#
1394	6.68361	70	71	72	73	74	75	76	515	#
1395	6.68361	71	72	73	74	75	76	77	515	#
1396	6.68361	72	73	74	75	76	77	78	515	#
1397	6.68361	73	74	75	76	77	78	79	515	#
1398	6.68361	74	75	76	77	78	79	80	515	#
1399	6.68361	75	76	77	78	79	80	81	515	#
1400	6.68361	76	77	78	79	80	81	82	515	#
1401	6.68361	77	78	79	80	81	82	83	515	#
1402	6.68361	78	79	80	81	82	83	84	515	#
1403	6.68361	79	80	81	82	83	84	85	515	#
1404	6.68361	80	81	82	83	84	85	86	515	#
1405	6.68361	81	82	83	84	85	86	87	515	#
1406	6.68361	82	83	84	85	86	87	88	515	#
1407	6.68361	83	84	85	86	87	88	89	515	#
1408	6.68361	84	85	86	87	88	89	90	515	#
1409	6.68361	85	86	87	88	89	90	91	515	#
1410	6.68361	86	87	88	89	90	91	92	515	#
1411	6.68361	87	88	89	90	91	92	93	515	#
1412	6.68361	88	89	90	91	92	93	94	515	#
1413	6.68361	89	90	91	92	93	94	95	515	#
1414	6.68361	90	91	92	93	94	95	96	515	#
1415	6.68361	91	92	93	94	95	96	97	515	#
1416	6.68361	92	93	94	95	96	97	98	515	#
1417	6.68361	93	94	95	96	97	98	99	515	#
1418	6.68361	94	95	96	97	98	99	100	515	#
1419	6.68361	95	96	97	98	99	100	101	515	#
1420	6.68361	96	97	98	99	100	101	102	515	#
1421	6.68361	97	98	99	100	101	102	103	515	#
1422	6.68361	98	99	100	101	102	103	104	515	#
1423	6.68361	99	100	101	102	103	104	105	515	#
1424	6.68361	100	101	102	103	104	105	106	515	#
1425	6.68361	101	102	103	104	105	106	107	515	#
1426	6.68361	102	103	104	105	106	107	108	515	#
1427	6.68361	103	104	105	106	107	108	109	515	#
1428	6.68361	104	105	106	107	108	109	110	515	#
1429	6.68361	105	106	107	108	109	110	111	515	#
1430	6.68361	106	107	108	109	110	111	112	515	#
1431	6.68361	107	108	109	110	111	112	113	515	#
1432	6.68361	108	109	110	111	112	113	114	515	#
1433	6.68361	109	110	111	112	113	114	115	515	#
1434	6.68361	110	111	112	113	114	115	116	515	#
1435	6.68361	111	112	113	114	115	116	117	515	#
1436	6.68361	112	113	114	115	116	117	118	515	#
1437	6.68361	113	114	115	116	117	118	119	515	#
1438	6.68361	114	115	116	117	118	119	120	515	#
1439	6.68361	115	116	117	118	119	120	121	515	#
1440	6.68361	116	117	118	119	120	121	122	515	#
1441	6.68361	117	118	119	120	121	122	123	515	#
1442	6.68361	118	119	120	121	122	123	124	515	#
1443	6.68361	119	120	121	122	123	124	125	515	#
1444	6.68361	120	121	122	123	124	125	126	515	#
1445	6.68361	121	122	123	124	125	126	127	515	#
1446	6.68361	122	123	124	125	126	127	128	515	#
1447	6.68361	123	124	125	126	127	128	129	515	#
1448	6.68361	124	125	126	127	128	129	130	515	#
1449	6.68361	125	126	127	128	129	130	131	515	#
1450	6.68361	126	127	128	129	130	131	132	515	#
1451	6.68361	127	128	129	130	131	132	133	515	#
1452	6.68361	128	129	130	131	132	133	134	515	#
1453	6.68361	129	130	131	132	133	134	135	515	#
1454	6.68361	130	131	132	133	134	135	136	515	#
1455	6.68361	131	132	133	134	135	136	137	515	#
1456	6.68361	132	133	134	135	136	137	138	515	#
1457	6.68361	133	134	135	136	137	138	139	515	#
1458	6.68361	134	135	136	137	138	139	140	515	#
1459	6.68361	135	136	137	138	139	140	141	515	#
1460	6.68361	136	137	138	139	140	141	142	515	#
1461	6.68361	137	138	139	140	141	142	143	515	#
1462	6.68361	138	139	140	141	142	143	144	515	#
1463	6.68361	139	140	141	142	143	144	145	515	#
1464	6.68361	140	141	142	143	144	145	146	515	#
1465	6.68361	141	142	143	144	145	146	147	515	#
1466	6.68361	142	143	144	145	146	147	148	515	#
1467	6.68361	143	144	145	146	147	148	149	515	#
1468	6.68361	144	145	146	147	148	149	150	515	#
1469	6.68361	145	146	147	148	149	150	151	515	#
1470	6.68361	146	147	148	149	150	151	152	515	#
1471	6.68361	147	148	149	150	151	152	153	515	#
1472	6.68361	148	149	150	151	152	153	154	515	#
1473	6.68361	149	150	151	152	153	154	155	515	#
1474	6.68361	150	151	152	153	154	155	156	515	#
1475	6.68361	151	152	153	154	155	156	157	515	#
1476	6.68361	152	153	154	155	156	157	158	515	#
1477	6.68361	153	154	155	156	157	158	159	515	#
1478	6.68361	154	155	156	157	158	159	160	515	#
1479	6.68361	155	156	157	158	159	160	161	515	#
1480	6.68361	156	157	158	159	160	161	162	515	#
1481	6.68361	157	158	159	160	161	162	163	515	#
1482	6.68361	158	159	160	161	162	163	164	515	#
1483	6.68361	159	160	161	162	163	164	165	515	#
1484	6.68361	160	161	162	163	164	165	166	515	#
1485	6.68361	161	162	163	164	165	166	167	515	#
1486	6.68361	162	163	164	165	166	167	168	515	#
1487	6.68361	163	164	165	166	167	168	169	515	#
1488	6.68361	164	165	166	167	168	169	170	515	#
1489	6.68361	165	166	167	168	169	170	171	515	#
1490	6.68361	166	167	168	169	170	171	172	515	#
1491	6.68361	167	168	169	170	171	172	173	515	#
1492	6.68361	168	169	170	171	172	173	174	515	#
1493	6.68361	169	170	171	172	173	174	175	515	#
1494	6.68361	170	171	172	173	174	175	176	515	#
1495	6.68361	171	172	173	174	175	176	177	515	#
1496	6.68361	172	173	174	175	176	177	178	515	#
1497	6.68361	173	174	175	176	177	178	179	515	#
1498	6.68361	174	175	176	177	178	179	180	515	#
1499	6.68361	175	176	177	178	179	180	181	515	#
1500	6.68361	176	177	178	179	180	181	182	515	#
1501	6.68361	177	178	179	180	181	182	183	515	#
1502	6.68361	178	179	180	181	182	183	184	515	#
1503	6.68361	179	180	181	182	183	184	185	515	#
1504	6.68361	180	181	182	183	184	185	186	515	#
1505	6.68361	181	182	183	184	185	186	187	515	#
1506	6.68361	182	183	184	185	186	187	188	515	#
1507	6.68361	183	184	185	186	187	188	189	515	#
1508	6.68361	184	185	186	187	188	189	190	515	#
1509	6.68361	185	186	187	188	189	190	191	515	#
1510	6.68361	186	187	188	189	190	191	192	515	#
1511	6.68361	187	188	189	190	191	192	193	515	#
1512	6.68361	188	189	190	191	192	193	194	515	#
1513	6.68361	189	190	191	192	193	194	195	515	#
1514	2.20456	0	1	2	516	#
1515	2.20456	1	2	3	516	#
1516	2.20456	2	3	4	516	#
1517	2.20456	3	4	5	516	#
1518	2.20456	4	5	6	516	#
1519	2.20456	5	6	7	516	#
1520	2.20456	6	7	8	516	#
1521	2.20456	7	8	9	516	#
1522	2.20456	8	9	10	516	#
1523	2.20456	9	10	11	516	#
1524	2.20456	10	11	12	516	#
1525	2.20456	11	12	13	516	#
1526	2.20456	12	13	14	516	#
1527	2.20456	13	14	15	516	#
1528	2.20456	14	15	16	516	#
1529	2.20456	15	16	17	516	#
1530	2.20456	16	17	18	516	#
1531	2.20456	17	18	19	516	#
1532	2.20456	18	19	20	516	#
1533	2.20456	19	20	21	516	#
1534	2.20456	20	21	22	516	#
1535	2.20456	21	22	23	516	#
1536	2.20456	22	23	24	516	#
1537	2.20456	23	24	25	516	#
1538	2.20456	24	25	26	516	#
1539	2.20456	25	26	27	516	#
1540	2.20456	26	27	28	516	#
1541	2.20456	27	28	29	516	#
1542	2.20456	28	29	30	516	#
1543	2.20456	29	30	31	516	#
1544	2.20456	30	31	32	516	#
1545	2.20456	31	32	33	516	#
1546	2.20456	32	33	34	516	#
1547	2.20456	33	34	35	516	#
1548	2.20456	34	35	36	516	#
1549	2.20456	35	36	37	516	#
1550	2.20456	36	37	38	516	#
1551	2.20456	37	38	39	516	#
1552	2.20456	38	39	40	516	#
1553	2.20456	39	40	41	516	#
1554	2.20456	40	41	42	516	#
1555	2.20456	41	42	43	516	#
1556	2.20456	42	43	44	516	#
1557	2.20456	43	44	45	516	#
1558	2.20456	44	45	46	516	#
1559	2.20456	45	46	47	516	#
1560	2.20456	46	47	48	516	#
1561	2.20456	47	48	49	516	#
1562	2.20456	48	49	50	516	#
1563	2.20456	49	50	51	516	#
1564	2.20456	50	51	52	516	#
1565	2.20456	51	52	53	516	#
1566	2.20456	52	53	54	516	#
1567	2.20456	53	54	55	516	#
1568	2.20456	54	55	56	516	#
1569	2.20456	55	56	57	516	#
1570	2.20456	56	57	58	516	#
1571	2.20456	57	58	59	516	#
1572	2.20456	58	59	60	516	#
1573	2.20456	59	60	61	516	#
1574	2.20456	60	61	62	516	#
1575	2.20456	61	62	63	516	#
1576	2.20456	62	63	64	516	#
1577	2.20456	63	64	65	516	#
1578	2.20456	64	65	66	516	#
1579	2.20456	65	66	67	516	#
1580	2.20456	66	67	68	516	#
1581	2.20456	67	68	69	516	#
1582	2.20456	68	69	70	516	#
1583	2.20456	69	70	71	516	#
1584	2.20456	70	71	72	516	#
1585	2.20456	71	72	73	516	#
1586	2.20456	72	73	74	516	#
1587	2.20456	73	74	75	516	#
1588	2.20456	74	75	76	516	#
1589	2.20456	75	76	77	516	#
1590	2.20456	76	77	78	516	#
1591	2.20456	77	78	79	516	#
1592	2.20456	78	79	80	516	#
1593	2.20456	79	80	81	516	#
1594	2.20456	80	81	82	516	#
1595	2.20456	81	82	83	516	#
1596	2.20456	82	83	84	516	#
1597	2.20456	83	84	85	516	#
1598	2.20456	84	85	86	516	#
1599	2.20456	85	86	87	516	#
1600	2.20456	86	87	88	516	#
1601	2.20456	87	88	89	516	#
1602	2.20456	88	89	90	516	#
1603	2.20456	89	90	91	516	#
1604	2.20456	90	91	92	516	#
1605	2.20456	91	92	93	516	#
1606	2.20456	92	93	94	516	#
1607	2.20456	93	94	95	516	#
1608	2.20456	94	95	96	516	#
1609	2.20456	95	96	97	516	#
1610	2.20456	96	97	98	516	#
1611	2.20456	97	98	99	516	#
1612	2.20456	98	99	100	516	#
1613	2.20456	99	100	101	516	#
1614	2.20456	100	101	102	516	#
1615	2.20456	101	102	103	516	#
1616	2.20456	102	103	104	516	#
1617	2.20456	103	104	105	516	#
1618	2.20456	104	105	106	516	#
1619	2.20456	105	106	107	516	#
1620	2.20456	106	107	108	516	#
1621	2.20456	107	108	109	516	#
1622	2.20456	108	109	110	516	#
1623	2.20456	109	110	111	516	#
1624	2.20456	110	111	112	516	#
1625	2.20456	111	112	113	516	#
1626	2.20456	112	113	114	516	#
1627	2.20456	113	114	115	516	#
1628	2.20456	114	115	116	516	#
1629	2.20456	115	116	117	516	#
1630	2.20456	116	117	118	516	#
1631	2.20456	117	118	119	516	#
1632	2.20456	118	119	120	516	#
1633	2.20456	119	120	121	516	#
1634	2.20456	120	121	122	516	#
1635	2.20456	121	122	123	516	#
1636	2.20456	122	123	124	516	#
1637	2.20456	123	124	125	516	#
1638	2.20456	124	125	126	516	#
1639	2.20456	125	126	127	516	#
1640	2.20456	126	127	128	516	#
1641	2.20456	127	128	129	516	#
1642	2.20456	128	129	130	516	#
1643	2.20456	129	130	131	516	#
1644	2.20456	130	131	132	516	#
1645	2.20456	131	132	133	516	#
1646	2.20456	132	133	134	516	#
1647	2.20456	133	134	135	516	#
1648	2.20456	134	135	136	516	#
1649	2.20456	135	136	137	516	#
1650	2.20456	136	137	138	516	#
1651	2.20456	137	138	139	516	#
1652	2.20456	138	139	140	516	#
1653	2.20456	139	140	141	516	#
1654	2.20456	140	141	142	516	#
1655	2.20456	141	142	143	516	#
1656	2.20456	142	143	144	516	#
1657	2.20456	143	144	145	516	#
1658	2.20456	144	145	146	516	#
1659	2.20456	145	146	147	516	#
1660	2.20456	146	147	148	516	#
1661	2.20456	147	148	149	516	#
1662	2.20456	148	149	150	516	#
1663	2.20456	149	150	151	516	#
1664	2.20456	150	151	152	516	#
1665	2.20456	151	152	153	516	#
1666	2.20456	152	153	154	516	#
1667	2.20456	153	154	155	516	#
1668	2.20456	154	155	156	516	#
1669	2.20456	155	156	157	516	#
1670	2.20456	156	157	158	516	#
1671	2.20456	157	158	159	516	#
1672	2.20456	158	159	160	516	#
1673	2.20456	159	160	161	516	#
1674	2.20456	160	161	162	516	#
1675	2.20456	161	162	163	516	#
1676	2.20456	162	163	164	516	#
1677	2.20456	163	164	165	516	#
1678	2.20456	164	165	166	516	#
1679	2.20456	165	166	167	516	#
1680	2.20456	166	167	168	516	#
1681	2.20456	167	168	169	516	#
1682	2.20456	168	169	170	516	#
1683	2.20456	169	170	171	516	#
1684	2.20456	170	171	172	516	#
1685	2.20456	171	172	173	516	#
1686	2.20456	172	173	174	516	#
1687	2.20456	173	174	175	516	#
1688	12.139	0	1	2	3	4	5	517	#
1689	12.139	1	2	3	4	5	6	517	#
1690	12.139	2	3	4	5	6	7	517	#
1691	12.139	3	4	5	6	7	8	517	#
1692	12.139	4	5	6	7	8	9	517	#
1693	12.139	5	6	7	8	9	10	517	#
1694	12.139	6	7	8	9	10	11	517	#
1695	12.139	7	8	9	10	11	12	517	#
1696	12.139	8	9	10	11	12	13	517	#
1697	12.139	9	10	11	12	13	14	517	#
1698	12.139	10	11	12	13	14	15	517	#
1699	12.139	11	12	13	14	15	16	517	#
1700	12.139	12	13	14	15	16	17	517	#
1701	12.139	13	14	15	16	17	18	517	#
1702	12.139	14	15	16	17	18	19	517	#
1703	12.139	15	16	17	18	19	20	517	#
1704	12.139	16	17	18	19	20	21	517	#
1705	12.139	17	18	19	20	21	22	517	#
1706	12.139	18	19	20	21	22	23	517	#
1707	12.139	19	20	21	22	23	24	517	#
1708	12.139	20	21	22	23	24	25	517	#
1709	12.139	21	22	23	24	25	26	517	#
1710	12.139	22	23	24	25	26	27	517	#
1711	12.139	23	24	25	26	27	28	517	#
1712	12.139	24	25	26	27	28	29	517	#
1713	12.139	25	26	27	28	29	30	517	#
1714	12.139	26	27	28	29	30	31	517	#
1715	12.139	27	28	29	30	31	32	517	#
1716	12.139	28	29	30	31	32	33	517	#
1717	12.139	29	30	31	32	33	34	517	#
1718	12.139	30	31	32	33	34	35	517	#
1719	12.139	31	32	33	34	35	36	517	#
1720	12.139	32	33	34	35	36	37	517	#
1721	12.139	33	34	35	36	37	38	517	#
1722	12.139	34	35	36	37	38	39	517	#
1723	12.139	35	36	37	38	39	40	517	#
1724	12.139	36	37	38	39	40	41	517	#
1725	12.139	37	38	39	40	41	42	517	#
1726	12.139	38	39	40	41	42	43	517	#
1727	12.139	39	40	41	42	43	44	517	#
1728	12.139	40	41	42	43	44	45	517	#
1729	12.139	41	42	43	44	45	46	517	#
1730	12.139	42	43	44	45	46	47	517	#
1731	12.139	43	44	45	46	47	48	517	#
1732	12.139	44	45	46	47	48	49	517	#
1733	12.139	45	46	47	48	49	50	517	#
1734	12.139	46	47	48	49	50	51	517	#
1735	12.139	47	48	49	50	51	52	517	#
1736	12.139	48	49	50	51	52	53	517	#
1737	12.139	49	50	51	52	53	54	517	#
1738	12.139	50	51	52	53	54	55	517	#
1739	12.139	51	52	53	54	55	56	517	#
1740	12.139	52	53	54	55	56	57	517	#
1741	12.139	53	54	55	56	57	58	517	#
1742	12.139	54	55	56	57	58	59	517	#
1743	12.139	55	56	57	58	59	60	517	#
1744	12.139	56	57	58	59	60	61	517	#
1745	12.139	57	58	59	60	61	62	517	#
1746	12.139	58	59	60	61	62	63	517	#
1747	12.139	59	60	61	62	63	64	517	#
1748	12.139	60	61	62	63	64	65	517	#
1749	12.139	61	62	63	64	65	66	517	#
1750	12.139	62	63	64	65	66	67	517	#
1751	12.139	63	64	65	66	67	68	517	#
1752	12.139	64	65	66	67	68	69	517	#
1753	12.139	65	66	67	68	69	70	517	#
1754	12.139	66	67	68	69	70	71	517	#
1755	12.139	67	68	69	70	71	72	517	#
1756	12.139	68	69	70	71	72	73	517	#
1757	12.139	69	70	71	72	73	74	517	#
1758	12.139	70	71	72	73	74	75	517	#
1759	12.139	71	72	73	74	75	76	517	#
1760	12.139	72	73	74	75	76	77	517	#
1761	12.139	73	74	75	76	77	78	517	#
1762	12.139	74	75	76	77	78	79	517	#
1763	12.139	75	76	77	78	79	80	517	#
1764	12.139	76	77	78	79	80	81	517	#
1765	12.139	77	78	79	80	81	82	517	#
1766	12.139	78	79	80	81	82	83	517	#
1767	12.139	79	80	81	82	83	84	517	#
1768	12.139	80	81	82	83	84	85	517	#
1769	12.139	81	82	83	84	85	86	517	#
1770	12.139	82	83	84	85	86	87	517	#
1771	12.139	83	84	85	86	87	88	517	#
1772	12.139	84	85	86	87	88	89	517	#
1773	12.139	85	86	87	88	89	90	517	#
1774	12.139	86	87	88	89	90	91	517	#
1775	12.139	87	88	89	90	91	92	517	#
1776	12.139	88	89	90	91	92	93	517	#
1777	12.139	89	90	91	92	93	94	517	#
1778	12.139	90	91	92	93	94	95	517	#
1779	12.139	91	92	93	94	95	96	517	#
1780	12.139	92	93	94	95	96	97	517	#
1781	12.139	93	94	95	96	97	98	517	#
1782	12.139	94	95	96	97	98	99	517	#
1783	12.139	95	96	97	98	99	100	517	#
1784	12.139	96	97	98	99	100	101	517	#
1785	12.139	97	98	99	100	101	102	517	#
1786	12.139	98	99	100	101	102	103	517	#
1787	12.139	99	100	101	102	103	104	517	#
1788	12.139	100	101	102	103	104	105	517	#
1789	12.139	101	102	103	104	105	106	517	#
1790	12.139	102	103	104	105	106	107	517	#
1791	12.139	103	104	105	106	107	108	517	#
1792	12.139	104	105	106	107	108	109	517	#
1793	12.139	105	106	107	108	109	110	517	#
1794	12.139	106	107	108	109	110	111	517	#
1795	12.139	107	108	109	110	111	112	517	#
1796	12.139	108	109	110	111	112	113	517	#
1797	12.139	109	110	111	112	113	114	517	#
1798	12.139	110	111	112	113	114	115	517	#
1799	12.139	111	112	113	114	115	116	517	#
1800	12.139	112	113	114	115	116	117	517	#
1801	12.139	113	114	115	116	117	118	517	#
1802	12.139	114	115	116	117	118	119	517	#
1803	12.139	115	116	117	118	119	120	517	#
1804	12.139	116	117	118	119	120	121	517	#
1805	12.139	117	118	119	120	121	122	517	#
1806	12.139	118	119	120	121	122	123	517	#
1807	12.139	119	120	121	122	123	124	517	#
1808	12.139	120	121	122	123	124	125	517	#
1809	12.139	121	122	123	124	125	126	517	#
1810	12.139	122	123	124	125	126	127	517	#
1811	12.139	123	124	125	126	127	128	517	#
1812	12.139	124	125	126	127	128	129	517	#
1813	12.139	125	126	127	128	129	130	517	#
1814	12.139	126	127	128	129	130	131	517	#
1815	12.139	127	128	129	130	131	132	517	#
1816	12.139	128	129	130	131	132	133	517	#
1817	12.139	129	130	131	132	133	134	517	#
1818	12.139	130	131	132	133	134	135	517	#
1819	12.139	131	132	133	134	135	136	517	#
1820	12.139	132	133	134	135	136	137	517	#
1821	12.139	133	134	135	136	137	138	517	#
1822	12.139	134	135	136	137	138	139	517	#
1823	12.139	135	136	137	138	139	140	517	#
1824	12.139	136	137	138	139	140	141	517	#
1825	12.139	137	138	139	140	141	142	517	#
1826	12.139	138	139	140	141	142	143	517	#
1827	12.139	139	140	141	142	143	144	517	#
1828	12.139	140	141	142	143	144	145	517	#
1829	12.139	141	142	143	144	145	146	517	#
1830	12.139	142	143	144	145	146	147	517	#
1831	12.139	143	144	145	146	147	148	517	#
1832	12.139	144	145	146	147	148	149	517	#
1833	12.139	145	146	147	148	149	150	517	#
1834	12.139	146	147	148	149	150	151	517	#
1835	12.139	147	148	149	150	151	152	517	#
1836	12.139	148	149	150	151	152	153	517	#
1837	12.139	149	150	151	152	153	154	517	#
1838	12.139	150	151	152	153	154	155	517	#
1839	12.139	151	152	153	154	155	156	517	#
1840	12.139	152	153	154	155	156	157	517	#
1841	12.139	153	154	155	156	157	158	517	#
1842	12.139	154	155	156	157	158	159	517	#
1843	12.139	155	156	157	158	159	160	517	#
1844	12.139	156	157	158	159	160	161	517	#
1845	12.139	157	158	159	160	161	162	517	#
1846	12.139	158	159	160	161	162	163	517	#
1847	12.139	159	160	161	162	163	164	517	#
1848	12.139	160	161	162	163	164	165	517	#
1849	12.139	161	162	163	164	165	166	517	#
1850	12.139	162	163	164	165	166	167	517	#
1851	12.139	163	164	165	166	167	168	517	#
1852	12.139	164	165	166	167	168	169	517	#
1853	12.139	165	166	167	168	169	170	517	#
1854	12.139	166	167	168	169	170	171	517	#
1855	12.139	167	168	169	170	171	172	517	#
1856	12.139	168	169	170	171	172	173	517	#
1857	12.139	169	170	171	172	173	174	517	#
1858	12.139	170	171	172	173	174	175	517	#
1859	12.139	171	172	173	174	175	176	517	#
1860	12.139	172	173	174	175	176	177	517	#
1861	12.139	173	174	175	176	177	178	517	#
1862	12.139	174	175	176	177	178	179	517	#
1863	12.139	175	176	177	178	179	180	517	#
1864	12.139	176	177	178	179	180	181	517	#
1865	12.139	177	178	179	180	181	182	517	#
1866	12.139	178	179	180	181	182	183	517	#
1867	12.139	179	180	181	182	183	184	517	#
1868	12.139	180	181	182	183	184	185	517	#
1869	12.139	181	182	183	184	185	186	517	#
1870	12.139	182	183	184	185	186	187	517	#
1871	12.139	183	184	185	186	187	188	517	#
1872	12.139	184	185	186	187	188	189	517	#
1873	12.139	185	186	187	188	189	190	517	#
1874	12.139	186	187	188	189	190	191	517	#
1875	12.139	187	188	189	190	191	192	517	#
1876	12.139	188	189	190	191	192	193	517	#
1877	12.139	189	190	191	192	193	194	517	#
1878	12.139	190	191	192	193	194	195	517	#
1879	12.139	191	192	193	194	195	196	517	#
1880	12.139	192	193	194	195	196	197	517	#
1881	12.139	193	194	195	196	197	198	517	#
1882	12.139	194	195	196	197	198	199	517	#
1883	12.139	195	196	197	198	199	200	517	#
1884	12.139	196	197	198	199	200	201	517	#
1885	12.139	197	198	199	200	201	202	517	#
1886	12.139	198	199	200	201	202	203	517	#
1887	12.139	199	200	201	202	203	204	517	#
1888	12.139	200	201	202	203	204	205	517	#
1889	12.139	201	202	203	204	205	206	517	#
1890	12.139	202	203	204	205	206	207	517	#
1891	12.139	203	204	205	206	207	208	517	#
1892	12.139	204	205	206	207	208	209	517	#
1893	12.139	205	206	207	208	209	210	517	#
1894	12.139	206	207	208	209	210	211	517	#
1895	12.139	207	208	209	210	211	212	517	#
1896	12.139	208	209	210	211	212	213	517	#
1897	12.139	209	210	211	212	213	214	517	#
1898	12.139	210	211	212	213	214	215	517	#
1899	12.139	211	212	213	214	215	216	517	#
1900	12.139	212	213	214	215	216	217	517	#
1901	12.139	213	214	215	216	217	218	517	#
1902	12.139	214	215	216	217	218	219	517	#
1903	12.139	215	216	217	218	219	220	517	#
1904	12.139	216	217	218	219	220	221	517	#
1905	12.139	217	218	219	220	221	222	517	#
1906	12.139	218	219	220	221	222	223	517	#
1907	12.139	219	220	221	222	223	224	517	#
1908	12.139	220	221	222	223	224	225	517	#
1909	12.139	221	222	223	224	225	226	517	#
1910	12.139	222	223	224	225	226	227	517	#
1911	12.139	223	224	225	226	227	228	517	#
1912	12.139	224	225	226	227	228	229	517	#
1913	12.139	225	226	227	228	229	230	517	#
1914	12.139	226	227	228	229	230	231	517	#
1915	12.139	227	228	229	230	231	232	517	#
1916	10.5478	228	229	230	231	232	233	517	#
1917	10.5478	229	230	231	232	233	234	517	#
1918	10.5478	230	231	232	233	234	235	517	#
1919	10.5478	231	232	233	234	235	236	517	#
1920	10.5478	232	233	234	235	236	237	517	#
1921	10.5478	233	234	235	236	237	238	517	#
1922	10.5478	234	235	236	237	238	239	517	#
1923	10.5478	235	236	237	238	239	240	517	#
1924	10.5478	236	237	238	239	240	241	517	#
1925	10.5478	237	238	239	240	241	242	517	#
1926	10.5478	238	239	240	241	242	243	517	#
1927	10.5478	239	240	241	242	243	244	517	#
1928	10.5478	240	241	242	243	244	245	517	#
1929	10.5478	241	242	243	244	245	246	517	#
1930	10.5478	242	243	244	245	246	247	517	#
1931	10.5478	243	244	245	246	247	248	517	#
1932	10.5478	244	245	246	247	248	249	517	#
1933	10.5478	245	246	247	248	249	250	517	#
1934	10.5478	246	247	248	249	250	251	517	#
1935	10.5478	247	248	249	250	251	252	517	#
1936	10.5478	248	249	250	251	252	253	517	#
1937	10.5478	249	250	251	252	253	254	517	#
1938	10.5478	250	251	252	253	254	255	517	#
1939	10.5478	251	252	253	254	255	256	517	#
1940	10.5478	252	253	254	255	256	257	517	#
1941	10.5478	253	254	255	256	257	258	517	#
1942	10.5478	254	255	256	257	258	259	517	#
1943	10.5478	255	256	257	258	259	260	517	#
1944	10.5478	256	257	258	259	260	261	517	#
1945	10.5478	257	258	259	260	261	262	517	#
1946	10.5478	258	259	260	261	262	263	517	#
1947	10.5478	259	260	261	262	263	264	517	#
1948	10.5478	260	261	262	263	264	265	517	#
1949	10.5478	261	262	263	264	265	266	517	#
1950	10.5478	262	263	264	265	266	267	517	#
1951	7.6115	263	264	265	266	267	268	517	#
1952	7.6115	264	265	266	267	268	269	517	#
1953	7.6115	265	266	267	268	269	270	517	#
1954	7.6115	266	267	268	269	270	271	517	#
1955	7.6115	267	268	269	270	271	272	517	#
1956	7.6115	268	269	270	271	272	273	517	#
1957	7.6115	269	270	271	272	273	274	517	#
1958	7.6115	270	271	272	273	274	275	517	#
1959	7.6115	271	272	273	274	275	276	517	#
1960	7.6115	272	273	274	275	276	277	517	#
1961	7.6115	273	274	275	276	277	278	517	#
1962	7.6115	274	275	276	277	278	279	517	#
1963	7.6115	275	276	277	278	279	280	517	#
1964	7.6115	276	277	278	279	280	281	517	#
1965	7.6115	277	278	279	280	281	282	517	#
1966	7.6115	278	279	280	281	282	283	517	#
1967	7.6115	279	280	281	282	283	284	517	#
1968	7.6115	280	281	282	283	284	285	517	#
1969	7.6115	281	282	283	284	285	286	517	#
1970	7.6115	282	283	284	285	286	287	517	#
1971	7.6115	283	284	285	286	287	288	517	#
1972	7.6115	284	285	286	287	288	289	517	#
1973	7.6115	285	286	287	288	289	290	517	#
1974	7.6115	286	287	288	289	290	291	517	#
1975	7.6115	287	288	289	290	291	292	517	#
1976	7.6115	288	289	290	291	292	293	517	#
1977	7.6115	289	290	291	292	293	294	517	#
1978	7.6115	290	291	292	293	294	295	517	#
1979	7.6115	291	292	293	294	295	296	517	#
1980	7.6115	292	293	294	295	296	297	517	#
1981	7.6115	293	294	295	296	297	298	517	#
1982	7.6115	294	295	296	297	298	299	517	#
1983	7.6115	295	296	297	298	299	300	517	#
1984	7.6115	296	297	298	299	300	301	517	#
1985	7.6115	297	298	299	300	301	302	517	#
1986	7.6115	298	299	300	301	302	303	517	#
1987	7.6115	299	300	301	302	303	304	517	#
1988	7.6115	300	301	302	303	304	305	517	#
1989	7.6115	301	302	303	304	305	306	517	#
1990	7.6115	302	303	304	305	306	307	517	#
1991	7.6115	303	304	305	306	307	308	517	#
1992	7.6115	304	305	306	307	308	309	517	#
1993	7.6115	305	306	307	308	309	310	517	#
1994	7.6115	306	307	308	309	310	311	517	#
1995	7.6115	307	308	309	310	311	312	517	#
1996	7.6115	308	309	310	311	312	313	517	#
1997	7.6115	309	310	311	312	313	314	517	#
1998	7.6115	310	311	312	313	314	315	517	#
1999	7.6115	311	312	313	314	315	316	517	#
2000	7.6115	312	313	314	315	316	317	517	#
2001	7.6115	313	314	315	316	317	318	517	#
2002	7.6115	314	315	316	317	318	319	517	#
2003	7.6115	315	316	317	318	319	320	517	#
2004	7.6115	316	317	318	319	320	321	517	#
2005	7.6115	317	318	319	320	321	322	517	#
2006	7.6115	318	319	320	321	322	323	517	#
2007	7.6115	319	320	321	322	323	324	517	#
2008	7.6115	320	321	322	323	324	325	517	#
2009	7.6115	321	322	323	324	325	326	517	#
2010	7.6115	322	323	324	325	326	327	517	#
2011	7.6115	323	324	325	326	327	328	517	#
2012	7.6115	324	325	326	327	328	329	517	#
2013	7.6115	325	326	327	328	329	330	517	#
2014	7.6115	326	327	328	329	330	331	517	#
2015	7.6115	327	328	329	330	331	332	517	#
2016	7.6115	328	329	330	331	332	333	517	#
2017	7.6115	329	330	331	332	333	334	517	#
2018	7.6115	330	331	332	333	334	335	517	#
2019	7.6115	331	332	333	334	335	336	517	#
2020	7.6115	332	333	334	335	336	337	517	#
2021	7.6115	333	334	335	336	337	338	517	#
2022	7.6115	334	335	336	337	338	339	517	#
2023	7.6115	335	336	337	338	339	340	517	#
2024	7.6115	336	337	338	339	340	341	517	#
2025	7.6115	337	338	339	340	341	342	517	#
2026	7.6115	338	339	340	341	342	343	517	#
2027	7.6115	339	340	341	342	343	344	517	#
2028	7.6115	340	341	342	343	344	345	517	#
2029	7.6115	341	342	343	344	345	346	517	#
2030	7.6115	342	343	344	345	346	347	517	#
2031	7.6115	343	344	345	346	347	348	517	#
2032	7.6115	344	345	346	347	348	349	517	#
2033	7.6115	345	346	347	348	349	350	517	#
2034	7.6115	346	347	348	349	350	351	517	#
2035	7.6115	347	348	349	350	351	352	517	#
2036	7.6115	348	349	350	351	352	353	517	#
2037	7.6115	349	350	351	352	353	354	517	#
2038	7.6115	350	351	352	353	354	355	517	#
2039	7.6115	351	352	353	354	355	356	517	#
2040	7.6115	352	353	354	355	356	357	517	#
2041	7.6115	353	354	355	356	357	358	517	#
2042	7.6115	354	355	356	357	358	359	517	#
2043	7.6115	355	356	357	358	359	360	517	#
2044	7.6115	356	357	358	359	360	361	517	#
2045	7.6115	357	358	359	360	361	362	517	#
2046	7.6115	358	359	360	361	362	363	517	#
2047	7.6115	359	360	361	362	363	364	517	#
2048	7.6115	360	361	362	363	364	365	517	#
2049	7.6115	361	362	363	364	365	366	517	#
2050	7.6115	362	363	364	365	366	367	517	#
2051	7.6115	363	364	365	366	367	368	517	#
2052	7.6115	364	365	366	367	368	369	517	#
2053	7.6115	365	366	367	368	369	370	517	#
2054	5.52207	366	367	368	369	370	371	517	#
2055	5.52207	367	368	369	370	371	372	517	#
2056	5.52207	368	369	370	371	372	373	517	#
2057	5.52207	369	370	371	372	373	374	517	#
2058	5.52207	370	371	372	373	374	375	517	#
2059	5.52207	371	372	373	374	375	376	517	#
2060	5.52207	372	373	374	375	376	377	517	#
2061	5.52207	373	374	375	376	377	378	517	#
2062	5.52207	374	375	376	377	378	379	517	#
2063	5.52207	375	376	377	378	379	380	517	#
2064	5.52207	376	377	378	379	380	381	517	#
2065	5.52207	377	378	379	380	381	382	517	#
2066	5.52207	378	379	380	381	382	383	517	#
2067	5.52207	379	380	381	382	383	384	517	#
2068	5.52207	380	381	382	383	384	385	517	#
2069	5.52207	381	382	383	384	385	386	517	#
2070	5.52207	382	383	384	385	386	387	517	#
2071	5.52207	383	384	385	386	387	388	517	#
2072	5.52207	384	385	386	387	388	389	517	#
2073	5.52207	385	386	387	388	389	390	517	#
2074	5.52207	386	387	388	389	390	391	517	#
2075	5.52207	387	388	389	390	391	392	517	#
2076	5.52207	388	389	390	391	392	393	517	#
2077	5.52207	389	390	391	392	393	394	517	#
2078	5.52207	390	391	392	393	394	395	517	#
2079	5.52207	391	392	393	394	395	396	517	#
2080	5.52207	392	393	394	395	396	397	517	#
2081	5.52207	393	394	395	396	397	398	517	#
2082	5.52207	394	395	396	397	398	399	517	#
2083	5.52207	395	396	397	398	399	400	517	#
2084	5.52207	396	397	398	399	400	401	517	#
2085	5.52207	397	398	399	400	401	402	517	#
2086	5.52207	398	399	400	401	402	403	517	#
2087	5.52207	399	400	401	402	403	404	517	#
2088	5.52207	400	401	402	403	404	405	517	#
2089	5.52207	401	402	403	404	405	406	517	#
2090	5.52207	402	403	404	405	406	407	517	#
2091	5.52207	403	404	405	406	407	408	517	#
2092	5.52207	404	405	406	407	408	409	517	#
2093	5.52207	405	406	407	408	409	410	517	#
2094	5.52207	406	407	408	409	410	411	517	#
2095	5.52207	407	408	409	410	411	412	517	#
2096	5.52207	408	409	410	411	412	413	517	#
2097	5.52207	409	410	411	412	413	414	517	#
2098	5.52207	410	411	412	413	414	415	517	#
2099	5.52207	411	412	413	414	415	416	517	#
2100	5.52207	412	413	414	415	416	417	517	#
2101	5.52207	413	414	415	416	417	418	517	#
2102	5.52207	414	415	416	417	418	419	517	#
2103	5.52207	415	416	417	418	419	420	517	#
2104	5.52207	416	417	418	419	420	421	517	#
2105	5.52207	417	418	419	420	421	422	517	#
2106	5.52207	418	419	420	421	422	423	517	#
2107	5.52207	419	420	421	422	423	424	517	#
2108	5.52207	420	421	422	423	424	425	517	#
2109	5.52207	421	422	423	424	425	426	517	#
2110	5.52207	422	423	424	425	426	427	517	#
2111	5.52207	423	424	425	426	427	428	517	#
2112	5.52207	424	425	426	427	428	429	517	#
2113	5.52207	425	426	427	428	429	430	517	#
2114	5.52207	426	427	428	429	430	431	517	#
2115	5.52207	427	428	429	430	431	432	517	#
2116	5.52207	428	429	430	431	432	433	517	#
2117	5.52207	429	430	431	432	433	434	517	#
2118	5.52207	430	431	432	433	434	435	517	#
2119	5.52207	431	432	433	434	435	436	517	#
2120	5.52207	432	433	434	435	436	437	517	#
2121	5.52207	433	434	435	436	437	438	517	#
2122	5.52207	434	435	436	437	438	439	517	#
2123	5.52207	435	436	437	438	439	440	517	#
2124	5.52207	436	437	438	439	440	441	517	#
2125	5.52207	437	438	439	440	441	442	517	#
2126	5.52207	438	439	440	441	442	443	517	#
2127	5.52207	439	440	441	442	443	444	517	#
2128	5.52207	440	441	442	443	444	445	517	#
2129	5.52207	441	442	443	444	445	446	517	#
2130	5.52207	442	443	444	445	446	447	517	#
2131	5.52207	443	444	445	446	447	448	517	#
2132	5.52207	444	445	446	447	448	449	517	#
2133	5.52207	445	446	447	448	449	450	517	#
2134	5.52207	446	447	448	449	450	451	517	#
2135	5.52207	447	448	449	450	451	452	517	#
2136	5.52207	448	449	450	451	452	453	517	#
2137	5.52207	449	450	451	452	453	454	517	#
2138	5.52207	450	451	452	453	454	455	517	#
2139	5.52207	451	452	453	454	455	456	517	#
2140	5.52207	452	453	454	455	456	457	517	#
2141	5.52207	453	454	455	456	457	458	517	#
2142	5.52207	454	455	456	457	458	459	517	#
2143	5.52207	455	456	457	458	459	460	517	#
2144	5.52207	456	457	458	459	460	461	517	#
2145	5.52207	457	458	459	460	461	462	517	#
2146	5.52207	458	459	460	461	462	463	517	#
2147	5.52207	459	460	461	462	463	464	517	#
2148	5.52207	460	461	462	463	464	465	517	#
2149	5.52207	461	462	463	464	465	466	517	#
2150	5.52207	462	463	464	465	466	467	517	#
2151	5.52207	463	464	465	466	467	468	517	#
2152	5.52207	464	465	466	467	468	469	517	#
2153	5.52207	465	466	467	468	469	470	517	#
2154	5.52207	466	467	468	469	470	471	517	#
2155	5.52207	467	468	469	470	471	472	517	#
2156	5.52207	468	469	470	471	472	473	517	#
2157	5.52207	469	470	471	472	473	474	517	#
2158	5.52207	470	471	472	473	474	475	517	#
2159	5.52207	471	472	473	474	475	476	517	#
2160	5.52207	472	473	474	475	476	477	517	#
2161	5.52207	473	474	475	476	477	478	517	#
2162	5.52207	474	475	476	477	478	479	517	#
2163	5.52207	475	476	477	478	479	480	517	#
2164	5.52207	476	477	478	479	480	481	517	#
2165	5.52207	477	478	479	480	481	482	517	#
2166	5.52207	478	479	480	481	482	483	517	#
2167	5.52207	479	480	481	482	483	484	517	#
2168	5.52207	480	481	482	483	484	485	517	#
2169	5.52207	481	482	483	484	485	486	517	#
2170	5.52207	482	483	484	485	486	487	517	#
2171	5.52207	483	484	485	486	487	488	517	#
2172	5.52207	484	485	486	487	488	489	517	#
2173	5.52207	485	486	487	488	489	490	517	#
2174	5.52207	486	487	488	489	490	491	517	#
2175	5.52207	487	488	489	490	491	492	517	#
2176	5.52207	488	489	490	491	492	493	517	#
2177	5.52207	489	490	491	492	493	494	517	#
2178	5.52207	490	491	492	493	494	495	517	#
2179	5.52207	491	492	493	494	495	496	517	#
2180	5.52207	492	493	494	495	496	497	517	#
2181	5.52207	493	494	495	496	497	498	517	#
2182	5.52207	494	495	496	497	498	499	517	#
2183	5.52207	495	496	497	498	499	500	517	#
2184	5.52207	496	497	498	499	500	501	517	#
2185	5.52207	497	498	499	500	501	502	517	#
2186	5.52207	498	499	500	501	502	503	517	#
2187	5.52207	499	500	501	502	503	504	517	#
2188	5.52207	500	501	502	503	504	505	517	#
2189	5.52207	501	502	503	504	505	506	517	#
2190	5.52207	502	503	504	505	506	507	517	#
2191	5.52207	503	504	505	506	507	508	517	#
2192	5.52207	504	505	506	507	508	509	517	#
2193	5.52207	505	506	507	508	509	510	517	#
