%% File generated by CATS v.2.1Mon Jul  4 11:09:29 2011

%% The CATS webpage is http://robotics.stanford.edu/CATS

%% PARAMETER SETTINGS:
% Goods: 500; Bids: 1000; Distribution: scheduling; Runs: 1; Seed: 1309806786
% Scheduling Distribution Parameters:
% max_length                = 10
% deviation                 = 0.500000
% prob_additional_deadline  = 0.700000
% additivity                = 0.200000



goods 500
bids 1221
dummy 3

0	1.16532	0	1	500	#
1	1.16532	1	2	500	#
2	1.16532	2	3	500	#
3	1.16532	3	4	500	#
4	1.16532	4	5	500	#
5	1.16532	5	6	500	#
6	1.16532	6	7	500	#
7	1.16532	7	8	500	#
8	1.16532	8	9	500	#
9	1.16532	9	10	500	#
10	1.16532	10	11	500	#
11	1.16532	11	12	500	#
12	1.16532	12	13	500	#
13	1.16532	13	14	500	#
14	1.16532	14	15	500	#
15	1.16532	15	16	500	#
16	1.16532	16	17	500	#
17	1.16532	17	18	500	#
18	1.16532	18	19	500	#
19	1.16532	19	20	500	#
20	1.16532	20	21	500	#
21	1.16532	21	22	500	#
22	1.16532	22	23	500	#
23	1.16532	23	24	500	#
24	1.16532	24	25	500	#
25	1.16532	25	26	500	#
26	1.16532	26	27	500	#
27	1.16532	27	28	500	#
28	1.16532	28	29	500	#
29	1.16532	29	30	500	#
30	1.16532	30	31	500	#
31	1.16532	31	32	500	#
32	1.16532	32	33	500	#
33	1.16532	33	34	500	#
34	1.16532	34	35	500	#
35	1.16532	35	36	500	#
36	1.16532	36	37	500	#
37	1.16532	37	38	500	#
38	1.16532	38	39	500	#
39	1.16532	39	40	500	#
40	1.16532	40	41	500	#
41	1.16532	41	42	500	#
42	1.16532	42	43	500	#
43	1.16532	43	44	500	#
44	1.16532	44	45	500	#
45	1.16532	45	46	500	#
46	1.16532	46	47	500	#
47	1.16532	47	48	500	#
48	1.16532	48	49	500	#
49	1.16532	49	50	500	#
50	1.16532	50	51	500	#
51	1.16532	51	52	500	#
52	1.16532	52	53	500	#
53	1.16532	53	54	500	#
54	1.16532	54	55	500	#
55	1.16532	55	56	500	#
56	1.16532	56	57	500	#
57	1.16532	57	58	500	#
58	1.16532	58	59	500	#
59	1.16532	59	60	500	#
60	1.16532	60	61	500	#
61	1.16532	61	62	500	#
62	1.16532	62	63	500	#
63	1.16532	63	64	500	#
64	1.16532	64	65	500	#
65	1.16532	65	66	500	#
66	1.16532	66	67	500	#
67	1.16532	67	68	500	#
68	1.16532	68	69	500	#
69	1.16532	69	70	500	#
70	1.16532	70	71	500	#
71	1.16532	71	72	500	#
72	1.16532	72	73	500	#
73	1.16532	73	74	500	#
74	1.16532	74	75	500	#
75	1.16532	75	76	500	#
76	1.16532	76	77	500	#
77	1.16532	77	78	500	#
78	1.16532	78	79	500	#
79	1.16532	79	80	500	#
80	1.16532	80	81	500	#
81	1.16532	81	82	500	#
82	1.16532	82	83	500	#
83	1.16532	83	84	500	#
84	1.16532	84	85	500	#
85	1.16532	85	86	500	#
86	1.16532	86	87	500	#
87	1.16532	87	88	500	#
88	1.16532	88	89	500	#
89	1.16532	89	90	500	#
90	1.16532	90	91	500	#
91	1.16532	91	92	500	#
92	1.16532	92	93	500	#
93	1.16532	93	94	500	#
94	1.16532	94	95	500	#
95	1.16532	95	96	500	#
96	1.16532	96	97	500	#
97	1.16532	97	98	500	#
98	1.16532	98	99	500	#
99	1.16532	99	100	500	#
100	1.16532	100	101	500	#
101	1.16532	101	102	500	#
102	1.16532	102	103	500	#
103	1.16532	103	104	500	#
104	1.16532	104	105	500	#
105	1.16532	105	106	500	#
106	1.16532	106	107	500	#
107	1.16532	107	108	500	#
108	1.16532	108	109	500	#
109	1.16532	109	110	500	#
110	1.16532	110	111	500	#
111	1.16532	111	112	500	#
112	1.16532	112	113	500	#
113	1.16532	113	114	500	#
114	1.16532	114	115	500	#
115	1.16532	115	116	500	#
116	1.16532	116	117	500	#
117	1.16532	117	118	500	#
118	1.16532	118	119	500	#
119	1.16532	119	120	500	#
120	1.16532	120	121	500	#
121	1.16532	121	122	500	#
122	1.16532	122	123	500	#
123	1.16532	123	124	500	#
124	1.16532	124	125	500	#
125	1.16532	125	126	500	#
126	1.16532	126	127	500	#
127	1.16532	127	128	500	#
128	1.16532	128	129	500	#
129	1.16532	129	130	500	#
130	1.16532	130	131	500	#
131	1.16532	131	132	500	#
132	1.16532	132	133	500	#
133	1.16532	133	134	500	#
134	1.16532	134	135	500	#
135	1.16532	135	136	500	#
136	1.16532	136	137	500	#
137	1.16532	137	138	500	#
138	1.16532	138	139	500	#
139	1.16532	139	140	500	#
140	1.16532	140	141	500	#
141	1.16532	141	142	500	#
142	1.16532	142	143	500	#
143	1.16532	143	144	500	#
144	1.16532	144	145	500	#
145	1.16532	145	146	500	#
146	1.16532	146	147	500	#
147	1.16532	147	148	500	#
148	1.16532	148	149	500	#
149	1.16532	149	150	500	#
150	1.16532	150	151	500	#
151	1.16532	151	152	500	#
152	1.16532	152	153	500	#
153	1.16532	153	154	500	#
154	1.16532	154	155	500	#
155	1.16532	155	156	500	#
156	1.16532	156	157	500	#
157	1.16532	157	158	500	#
158	1.16532	158	159	500	#
159	1.16532	159	160	500	#
160	1.16532	160	161	500	#
161	1.16532	161	162	500	#
162	1.16532	162	163	500	#
163	1.16532	163	164	500	#
164	1.16532	164	165	500	#
165	1.16532	165	166	500	#
166	1.16532	166	167	500	#
167	1.16532	167	168	500	#
168	1.16532	168	169	500	#
169	1.16532	169	170	500	#
170	1.16532	170	171	500	#
171	1.16532	171	172	500	#
172	1.16532	172	173	500	#
173	1.16532	173	174	500	#
174	1.16532	174	175	500	#
175	1.16532	175	176	500	#
176	1.16532	176	177	500	#
177	1.16532	177	178	500	#
178	1.16532	178	179	500	#
179	1.16532	179	180	500	#
180	1.16532	180	181	500	#
181	1.16532	181	182	500	#
182	1.16532	182	183	500	#
183	1.16532	183	184	500	#
184	1.16532	184	185	500	#
185	1.16532	185	186	500	#
186	1.16532	186	187	500	#
187	1.16532	187	188	500	#
188	1.16532	188	189	500	#
189	1.16532	189	190	500	#
190	1.16532	190	191	500	#
191	1.16532	191	192	500	#
192	1.16532	192	193	500	#
193	1.16532	193	194	500	#
194	1.16532	194	195	500	#
195	1.16532	195	196	500	#
196	1.16532	196	197	500	#
197	1.16532	197	198	500	#
198	1.16532	198	199	500	#
199	1.16532	199	200	500	#
200	1.16532	200	201	500	#
201	1.16532	201	202	500	#
202	1.16532	202	203	500	#
203	1.16532	203	204	500	#
204	1.16532	204	205	500	#
205	1.16532	205	206	500	#
206	1.16532	206	207	500	#
207	1.16532	207	208	500	#
208	1.16532	208	209	500	#
209	1.16532	209	210	500	#
210	1.16532	210	211	500	#
211	1.16532	211	212	500	#
212	1.16532	212	213	500	#
213	1.16532	213	214	500	#
214	1.16532	214	215	500	#
215	1.16532	215	216	500	#
216	1.16532	216	217	500	#
217	1.16532	217	218	500	#
218	1.16532	218	219	500	#
219	1.16532	219	220	500	#
220	1.16532	220	221	500	#
221	1.16532	221	222	500	#
222	1.16532	222	223	500	#
223	1.16532	223	224	500	#
224	1.16532	224	225	500	#
225	1.16532	225	226	500	#
226	1.16532	226	227	500	#
227	1.16532	227	228	500	#
228	1.16532	228	229	500	#
229	1.16532	229	230	500	#
230	1.16532	230	231	500	#
231	1.16532	231	232	500	#
232	1.16532	232	233	500	#
233	1.16532	233	234	500	#
234	1.16532	234	235	500	#
235	1.16532	235	236	500	#
236	1.16532	236	237	500	#
237	1.16532	237	238	500	#
238	1.16532	238	239	500	#
239	1.16532	239	240	500	#
240	1.16532	240	241	500	#
241	1.16532	241	242	500	#
242	1.16532	242	243	500	#
243	1.16532	243	244	500	#
244	1.16532	244	245	500	#
245	1.16532	245	246	500	#
246	1.16532	246	247	500	#
247	1.16532	247	248	500	#
248	1.16532	248	249	500	#
249	1.16532	249	250	500	#
250	1.16532	250	251	500	#
251	1.16532	251	252	500	#
252	1.16532	252	253	500	#
253	1.16532	253	254	500	#
254	1.16532	254	255	500	#
255	1.16532	255	256	500	#
256	1.16532	256	257	500	#
257	1.16532	257	258	500	#
258	1.16532	258	259	500	#
259	1.16532	259	260	500	#
260	1.16532	260	261	500	#
261	1.16532	261	262	500	#
262	1.16532	262	263	500	#
263	1.16532	263	264	500	#
264	1.16532	264	265	500	#
265	1.16532	265	266	500	#
266	1.16532	266	267	500	#
267	1.16532	267	268	500	#
268	1.16532	268	269	500	#
269	1.16532	269	270	500	#
270	1.16532	270	271	500	#
271	1.16532	271	272	500	#
272	1.16532	272	273	500	#
273	1.16532	273	274	500	#
274	1.16532	274	275	500	#
275	1.16532	275	276	500	#
276	1.16532	276	277	500	#
277	1.16532	277	278	500	#
278	1.16532	278	279	500	#
279	1.16532	279	280	500	#
280	1.16532	280	281	500	#
281	1.16532	281	282	500	#
282	1.16532	282	283	500	#
283	1.16532	283	284	500	#
284	1.16532	284	285	500	#
285	1.16532	285	286	500	#
286	1.16532	286	287	500	#
287	1.16532	287	288	500	#
288	1.16532	288	289	500	#
289	1.16532	289	290	500	#
290	1.16532	290	291	500	#
291	1.16532	291	292	500	#
292	1.16532	292	293	500	#
293	1.16532	293	294	500	#
294	1.16532	294	295	500	#
295	1.16532	295	296	500	#
296	1.16532	296	297	500	#
297	1.16532	297	298	500	#
298	1.16532	298	299	500	#
299	1.16532	299	300	500	#
300	1.16532	300	301	500	#
301	1.16532	301	302	500	#
302	1.16532	302	303	500	#
303	1.16532	303	304	500	#
304	1.16532	304	305	500	#
305	1.16532	305	306	500	#
306	1.16532	306	307	500	#
307	1.16532	307	308	500	#
308	1.16532	308	309	500	#
309	1.16532	309	310	500	#
310	1.16532	310	311	500	#
311	1.16532	311	312	500	#
312	1.16532	312	313	500	#
313	1.16532	313	314	500	#
314	1.16532	314	315	500	#
315	1.16532	315	316	500	#
316	1.16532	316	317	500	#
317	1.16532	317	318	500	#
318	1.16532	318	319	500	#
319	1.16532	319	320	500	#
320	1.16532	320	321	500	#
321	1.16532	321	322	500	#
322	1.16532	322	323	500	#
323	1.16532	323	324	500	#
324	1.16532	324	325	500	#
325	1.16532	325	326	500	#
326	1.16532	326	327	500	#
327	1.16532	327	328	500	#
328	1.16532	328	329	500	#
329	1.16532	329	330	500	#
330	1.16532	330	331	500	#
331	1.16532	331	332	500	#
332	1.16532	332	333	500	#
333	1.16532	333	334	500	#
334	1.16532	334	335	500	#
335	1.16532	335	336	500	#
336	1.16532	336	337	500	#
337	1.16532	337	338	500	#
338	1.16532	338	339	500	#
339	1.16532	339	340	500	#
340	1.16532	340	341	500	#
341	1.16532	341	342	500	#
342	1.16532	342	343	500	#
343	1.16532	343	344	500	#
344	1.16532	344	345	500	#
345	1.16532	345	346	500	#
346	1.16532	346	347	500	#
347	1.16532	347	348	500	#
348	1.16532	348	349	500	#
349	1.16532	349	350	500	#
350	1.16532	350	351	500	#
351	1.16532	351	352	500	#
352	1.16532	352	353	500	#
353	1.16532	353	354	500	#
354	1.16532	354	355	500	#
355	1.16532	355	356	500	#
356	1.16532	356	357	500	#
357	1.16532	357	358	500	#
358	1.16532	358	359	500	#
359	1.16532	359	360	500	#
360	1.16532	360	361	500	#
361	1.16532	361	362	500	#
362	1.16532	362	363	500	#
363	1.16532	363	364	500	#
364	1.16532	364	365	500	#
365	1.16532	365	366	500	#
366	1.16532	366	367	500	#
367	1.16532	367	368	500	#
368	1.16532	368	369	500	#
369	1.16532	369	370	500	#
370	1.16532	370	371	500	#
371	1.16532	371	372	500	#
372	1.16532	372	373	500	#
373	1.16532	373	374	500	#
374	1.16532	374	375	500	#
375	1.16532	375	376	500	#
376	1.16532	376	377	500	#
377	1.16532	377	378	500	#
378	1.16532	378	379	500	#
379	1.16532	379	380	500	#
380	1.16532	380	381	500	#
381	1.16532	381	382	500	#
382	1.16532	382	383	500	#
383	1.16532	383	384	500	#
384	1.16532	384	385	500	#
385	1.16532	385	386	500	#
386	1.16532	386	387	500	#
387	1.16532	387	388	500	#
388	1.16532	388	389	500	#
389	1.16532	389	390	500	#
390	1.16532	390	391	500	#
391	1.16532	391	392	500	#
392	1.16532	392	393	500	#
393	1.16532	393	394	500	#
394	1.16532	394	395	500	#
395	1.16532	395	396	500	#
396	1.16532	396	397	500	#
397	1.16532	397	398	500	#
398	1.16532	398	399	500	#
399	2.45157	0	1	501	#
400	2.45157	1	2	501	#
401	2.45157	2	3	501	#
402	2.45157	3	4	501	#
403	2.45157	4	5	501	#
404	2.45157	5	6	501	#
405	2.45157	6	7	501	#
406	2.45157	7	8	501	#
407	2.45157	8	9	501	#
408	2.45157	9	10	501	#
409	2.45157	10	11	501	#
410	2.45157	11	12	501	#
411	2.45157	12	13	501	#
412	2.45157	13	14	501	#
413	2.45157	14	15	501	#
414	2.45157	15	16	501	#
415	2.45157	16	17	501	#
416	2.45157	17	18	501	#
417	2.45157	18	19	501	#
418	2.45157	19	20	501	#
419	2.45157	20	21	501	#
420	2.45157	21	22	501	#
421	2.45157	22	23	501	#
422	2.45157	23	24	501	#
423	2.45157	24	25	501	#
424	2.45157	25	26	501	#
425	2.45157	26	27	501	#
426	2.45157	27	28	501	#
427	2.45157	28	29	501	#
428	2.45157	29	30	501	#
429	2.45157	30	31	501	#
430	2.45157	31	32	501	#
431	2.45157	32	33	501	#
432	2.45157	33	34	501	#
433	2.45157	34	35	501	#
434	2.45157	35	36	501	#
435	2.45157	36	37	501	#
436	2.45157	37	38	501	#
437	2.45157	38	39	501	#
438	2.45157	39	40	501	#
439	2.45157	40	41	501	#
440	2.45157	41	42	501	#
441	2.45157	42	43	501	#
442	2.45157	43	44	501	#
443	2.45157	44	45	501	#
444	2.45157	45	46	501	#
445	2.45157	46	47	501	#
446	2.45157	47	48	501	#
447	2.45157	48	49	501	#
448	2.45157	49	50	501	#
449	2.45157	50	51	501	#
450	2.45157	51	52	501	#
451	2.45157	52	53	501	#
452	2.45157	53	54	501	#
453	2.45157	54	55	501	#
454	2.45157	55	56	501	#
455	2.45157	56	57	501	#
456	2.45157	57	58	501	#
457	2.45157	58	59	501	#
458	2.45157	59	60	501	#
459	2.45157	60	61	501	#
460	2.45157	61	62	501	#
461	2.45157	62	63	501	#
462	2.45157	63	64	501	#
463	2.45157	64	65	501	#
464	2.45157	65	66	501	#
465	2.45157	66	67	501	#
466	2.45157	67	68	501	#
467	2.45157	68	69	501	#
468	2.45157	69	70	501	#
469	2.45157	70	71	501	#
470	2.45157	71	72	501	#
471	2.45157	72	73	501	#
472	2.45157	73	74	501	#
473	2.45157	74	75	501	#
474	2.45157	75	76	501	#
475	2.45157	76	77	501	#
476	2.45157	77	78	501	#
477	2.45157	78	79	501	#
478	2.45157	79	80	501	#
479	2.45157	80	81	501	#
480	2.45157	81	82	501	#
481	2.45157	82	83	501	#
482	2.45157	83	84	501	#
483	2.45157	84	85	501	#
484	2.45157	85	86	501	#
485	2.45157	86	87	501	#
486	2.45157	87	88	501	#
487	2.45157	88	89	501	#
488	2.45157	89	90	501	#
489	2.45157	90	91	501	#
490	2.45157	91	92	501	#
491	2.45157	92	93	501	#
492	2.45157	93	94	501	#
493	2.45157	94	95	501	#
494	2.45157	95	96	501	#
495	2.45157	96	97	501	#
496	2.45157	97	98	501	#
497	2.45157	98	99	501	#
498	2.45157	99	100	501	#
499	2.45157	100	101	501	#
500	2.45157	101	102	501	#
501	2.45157	102	103	501	#
502	2.45157	103	104	501	#
503	2.45157	104	105	501	#
504	2.45157	105	106	501	#
505	2.45157	106	107	501	#
506	2.45157	107	108	501	#
507	2.45157	108	109	501	#
508	2.45157	109	110	501	#
509	2.45157	110	111	501	#
510	2.45157	111	112	501	#
511	2.45157	112	113	501	#
512	2.45157	113	114	501	#
513	2.45157	114	115	501	#
514	2.45157	115	116	501	#
515	2.45157	116	117	501	#
516	2.45157	117	118	501	#
517	2.45157	118	119	501	#
518	2.45157	119	120	501	#
519	2.45157	120	121	501	#
520	2.45157	121	122	501	#
521	2.45157	122	123	501	#
522	2.45157	123	124	501	#
523	2.45157	124	125	501	#
524	2.45157	125	126	501	#
525	2.45157	126	127	501	#
526	2.45157	127	128	501	#
527	2.45157	128	129	501	#
528	2.45157	129	130	501	#
529	2.45157	130	131	501	#
530	2.45157	131	132	501	#
531	2.45157	132	133	501	#
532	2.45157	133	134	501	#
533	2.45157	134	135	501	#
534	2.45157	135	136	501	#
535	2.45157	136	137	501	#
536	2.45157	137	138	501	#
537	2.45157	138	139	501	#
538	2.45157	139	140	501	#
539	2.45157	140	141	501	#
540	2.45157	141	142	501	#
541	2.45157	142	143	501	#
542	2.45157	143	144	501	#
543	2.45157	144	145	501	#
544	2.45157	145	146	501	#
545	2.45157	146	147	501	#
546	2.45157	147	148	501	#
547	2.45157	148	149	501	#
548	2.45157	149	150	501	#
549	2.45157	150	151	501	#
550	2.45157	151	152	501	#
551	2.45157	152	153	501	#
552	2.45157	153	154	501	#
553	2.45157	154	155	501	#
554	2.45157	155	156	501	#
555	2.45157	156	157	501	#
556	2.45157	157	158	501	#
557	2.45157	158	159	501	#
558	2.45157	159	160	501	#
559	2.45157	160	161	501	#
560	2.45157	161	162	501	#
561	2.45157	162	163	501	#
562	2.45157	163	164	501	#
563	2.45157	164	165	501	#
564	2.45157	165	166	501	#
565	2.45157	166	167	501	#
566	2.45157	167	168	501	#
567	2.45157	168	169	501	#
568	2.45157	169	170	501	#
569	2.45157	170	171	501	#
570	2.45157	171	172	501	#
571	2.45157	172	173	501	#
572	2.45157	173	174	501	#
573	2.45157	174	175	501	#
574	2.45157	175	176	501	#
575	2.45157	176	177	501	#
576	2.45157	177	178	501	#
577	2.45157	178	179	501	#
578	2.45157	179	180	501	#
579	2.45157	180	181	501	#
580	2.45157	181	182	501	#
581	2.45157	182	183	501	#
582	2.45157	183	184	501	#
583	2.45157	184	185	501	#
584	2.45157	185	186	501	#
585	2.45157	186	187	501	#
586	2.45157	187	188	501	#
587	2.45157	188	189	501	#
588	2.45157	189	190	501	#
589	2.45157	190	191	501	#
590	2.45157	191	192	501	#
591	2.45157	192	193	501	#
592	2.45157	193	194	501	#
593	2.45157	194	195	501	#
594	2.45157	195	196	501	#
595	2.45157	196	197	501	#
596	2.45157	197	198	501	#
597	2.45157	198	199	501	#
598	2.45157	199	200	501	#
599	2.45157	200	201	501	#
600	2.45157	201	202	501	#
601	2.45157	202	203	501	#
602	2.45157	203	204	501	#
603	2.45157	204	205	501	#
604	2.45157	205	206	501	#
605	2.45157	206	207	501	#
606	2.45157	207	208	501	#
607	2.45157	208	209	501	#
608	2.45157	209	210	501	#
609	2.45157	210	211	501	#
610	2.45157	211	212	501	#
611	2.45157	212	213	501	#
612	2.45157	213	214	501	#
613	2.45157	214	215	501	#
614	2.45157	215	216	501	#
615	2.45157	216	217	501	#
616	2.45157	217	218	501	#
617	2.45157	218	219	501	#
618	2.45157	219	220	501	#
619	2.45157	220	221	501	#
620	2.45157	221	222	501	#
621	2.45157	222	223	501	#
622	2.45157	223	224	501	#
623	2.45157	224	225	501	#
624	2.45157	225	226	501	#
625	2.45157	226	227	501	#
626	2.45157	227	228	501	#
627	2.45157	228	229	501	#
628	2.45157	229	230	501	#
629	2.45157	230	231	501	#
630	2.45157	231	232	501	#
631	2.45157	232	233	501	#
632	2.45157	233	234	501	#
633	2.45157	234	235	501	#
634	2.45157	235	236	501	#
635	2.45157	236	237	501	#
636	2.45157	237	238	501	#
637	2.45157	238	239	501	#
638	2.45157	239	240	501	#
639	2.45157	240	241	501	#
640	2.45157	241	242	501	#
641	2.45157	242	243	501	#
642	2.45157	243	244	501	#
643	2.45157	244	245	501	#
644	2.45157	245	246	501	#
645	2.45157	246	247	501	#
646	2.45157	247	248	501	#
647	2.45157	248	249	501	#
648	2.45157	249	250	501	#
649	2.45157	250	251	501	#
650	2.45157	251	252	501	#
651	2.45157	252	253	501	#
652	2.45157	253	254	501	#
653	2.45157	254	255	501	#
654	2.45157	255	256	501	#
655	2.45157	256	257	501	#
656	2.45157	257	258	501	#
657	2.45157	258	259	501	#
658	2.45157	259	260	501	#
659	2.45157	260	261	501	#
660	2.45157	261	262	501	#
661	2.45157	262	263	501	#
662	2.45157	263	264	501	#
663	2.45157	264	265	501	#
664	2.45157	265	266	501	#
665	2.45157	266	267	501	#
666	2.45157	267	268	501	#
667	2.45157	268	269	501	#
668	2.45157	269	270	501	#
669	2.45157	270	271	501	#
670	2.45157	271	272	501	#
671	2.45157	272	273	501	#
672	2.45157	273	274	501	#
673	2.45157	274	275	501	#
674	2.45157	275	276	501	#
675	2.45157	276	277	501	#
676	2.45157	277	278	501	#
677	2.45157	278	279	501	#
678	2.45157	279	280	501	#
679	2.45157	280	281	501	#
680	2.45157	281	282	501	#
681	2.45157	282	283	501	#
682	2.45157	283	284	501	#
683	2.45157	284	285	501	#
684	2.45157	285	286	501	#
685	2.45157	286	287	501	#
686	2.45157	287	288	501	#
687	2.45157	288	289	501	#
688	2.45157	289	290	501	#
689	2.45157	290	291	501	#
690	2.45157	291	292	501	#
691	2.45157	292	293	501	#
692	2.45157	293	294	501	#
693	2.45157	294	295	501	#
694	2.45157	295	296	501	#
695	2.45157	296	297	501	#
696	2.45157	297	298	501	#
697	2.45157	298	299	501	#
698	2.45157	299	300	501	#
699	2.45157	300	301	501	#
700	2.45157	301	302	501	#
701	2.45157	302	303	501	#
702	2.45157	303	304	501	#
703	2.45157	304	305	501	#
704	2.45157	305	306	501	#
705	2.45157	306	307	501	#
706	2.45157	307	308	501	#
707	2.45157	308	309	501	#
708	2.45157	309	310	501	#
709	2.45157	310	311	501	#
710	2.45157	311	312	501	#
711	2.45157	312	313	501	#
712	2.45157	313	314	501	#
713	2.45157	314	315	501	#
714	2.45157	315	316	501	#
715	2.45157	316	317	501	#
716	2.45157	317	318	501	#
717	2.45157	318	319	501	#
718	2.45157	319	320	501	#
719	2.45157	320	321	501	#
720	2.45157	321	322	501	#
721	2.45157	322	323	501	#
722	2.45157	323	324	501	#
723	2.45157	324	325	501	#
724	2.45157	325	326	501	#
725	2.45157	326	327	501	#
726	2.45157	327	328	501	#
727	2.45157	328	329	501	#
728	2.45157	329	330	501	#
729	2.45157	330	331	501	#
730	2.45157	331	332	501	#
731	2.45157	332	333	501	#
732	2.45157	333	334	501	#
733	2.45157	334	335	501	#
734	2.45157	335	336	501	#
735	2.45157	336	337	501	#
736	2.45157	337	338	501	#
737	2.45157	338	339	501	#
738	2.45157	339	340	501	#
739	2.45157	340	341	501	#
740	2.45157	341	342	501	#
741	2.45157	342	343	501	#
742	2.45157	343	344	501	#
743	2.45157	344	345	501	#
744	2.45157	345	346	501	#
745	2.45157	346	347	501	#
746	2.45157	347	348	501	#
747	2.45157	348	349	501	#
748	2.45157	349	350	501	#
749	2.45157	350	351	501	#
750	2.45157	351	352	501	#
751	2.45157	352	353	501	#
752	2.45157	353	354	501	#
753	2.45157	354	355	501	#
754	2.45157	355	356	501	#
755	2.45157	356	357	501	#
756	2.45157	357	358	501	#
757	2.15642	358	359	501	#
758	2.15642	359	360	501	#
759	2.15642	360	361	501	#
760	2.15642	361	362	501	#
761	2.15642	362	363	501	#
762	2.15642	363	364	501	#
763	2.15642	364	365	501	#
764	2.15642	365	366	501	#
765	2.15642	366	367	501	#
766	2.15642	367	368	501	#
767	2.15642	368	369	501	#
768	2.15642	369	370	501	#
769	2.15642	370	371	501	#
770	2.15642	371	372	501	#
771	2.15642	372	373	501	#
772	2.15642	373	374	501	#
773	2.15642	374	375	501	#
774	2.15642	375	376	501	#
775	2.15642	376	377	501	#
776	2.15642	377	378	501	#
777	2.15642	378	379	501	#
778	2.15642	379	380	501	#
779	2.15642	380	381	501	#
780	2.15642	381	382	501	#
781	2.15642	382	383	501	#
782	2.15642	383	384	501	#
783	2.15642	384	385	501	#
784	2.15642	385	386	501	#
785	2.15642	386	387	501	#
786	2.15642	387	388	501	#
787	2.15642	388	389	501	#
788	2.15642	389	390	501	#
789	2.15642	390	391	501	#
790	2.15642	391	392	501	#
791	2.15642	392	393	501	#
792	2.15642	393	394	501	#
793	2.15642	394	395	501	#
794	2.15642	395	396	501	#
795	2.15642	396	397	501	#
796	2.15642	397	398	501	#
797	2.15642	398	399	501	#
798	2.15642	399	400	501	#
799	2.15642	400	401	501	#
800	2.15642	401	402	501	#
801	2.15642	402	403	501	#
802	2.15642	403	404	501	#
803	2.15642	404	405	501	#
804	2.15642	405	406	501	#
805	2.15642	406	407	501	#
806	2.14588	407	408	501	#
807	2.14588	408	409	501	#
808	2.01299	409	410	501	#
809	2.01299	410	411	501	#
810	2.01299	411	412	501	#
811	2.01299	412	413	501	#
812	2.01299	413	414	501	#
813	2.01299	414	415	501	#
814	2.01299	415	416	501	#
815	2.01299	416	417	501	#
816	2.01299	417	418	501	#
817	2.01299	418	419	501	#
818	2.01299	419	420	501	#
819	2.01299	420	421	501	#
820	2.01299	421	422	501	#
821	2.01299	422	423	501	#
822	2.01299	423	424	501	#
823	2.01299	424	425	501	#
824	2.01299	425	426	501	#
825	2.01299	426	427	501	#
826	2.01299	427	428	501	#
827	2.01299	428	429	501	#
828	2.01299	429	430	501	#
829	2.01299	430	431	501	#
830	2.01299	431	432	501	#
831	2.01299	432	433	501	#
832	2.01299	433	434	501	#
833	2.01299	434	435	501	#
834	2.01299	435	436	501	#
835	1.95471	436	437	501	#
836	1.95471	437	438	501	#
837	1.95471	438	439	501	#
838	1.95471	439	440	501	#
839	1.95471	440	441	501	#
840	1.95471	441	442	501	#
841	1.95471	442	443	501	#
842	1.95471	443	444	501	#
843	1.95471	444	445	501	#
844	1.95471	445	446	501	#
845	1.95471	446	447	501	#
846	1.95471	447	448	501	#
847	1.95471	448	449	501	#
848	1.80589	449	450	501	#
849	1.80589	450	451	501	#
850	1.80589	451	452	501	#
851	1.80589	452	453	501	#
852	1.80589	453	454	501	#
853	1.80589	454	455	501	#
854	1.80589	455	456	501	#
855	1.80589	456	457	501	#
856	1.80589	457	458	501	#
857	1.80589	458	459	501	#
858	1.80589	459	460	501	#
859	1.80589	460	461	501	#
860	1.80589	461	462	501	#
861	1.80589	462	463	501	#
862	1.80589	463	464	501	#
863	1.80589	464	465	501	#
864	1.80589	465	466	501	#
865	1.80589	466	467	501	#
866	1.80589	467	468	501	#
867	1.80589	468	469	501	#
868	1.80589	469	470	501	#
869	1.80589	470	471	501	#
870	1.80589	471	472	501	#
871	1.80589	472	473	501	#
872	1.80589	473	474	501	#
873	1.80589	474	475	501	#
874	1.80589	475	476	501	#
875	1.80589	476	477	501	#
876	1.80589	477	478	501	#
877	1.80589	478	479	501	#
878	1.80589	479	480	501	#
879	1.80589	480	481	501	#
880	1.80589	481	482	501	#
881	1.80589	482	483	501	#
882	1.80589	483	484	501	#
883	1.80589	484	485	501	#
884	1.80589	485	486	501	#
885	1.79481	486	487	501	#
886	1.79481	487	488	501	#
887	1.79481	488	489	501	#
888	1.75885	489	490	501	#
889	1.75885	490	491	501	#
890	1.75885	491	492	501	#
891	1.75885	492	493	501	#
892	1.75885	493	494	501	#
893	1.75885	494	495	501	#
894	1.75885	495	496	501	#
895	1.75885	496	497	501	#
896	1.75885	497	498	501	#
897	1.75885	498	499	501	#
898	17.1772	0	1	2	3	4	5	6	7	8	502	#
899	17.1772	1	2	3	4	5	6	7	8	9	502	#
900	17.1772	2	3	4	5	6	7	8	9	10	502	#
901	17.1772	3	4	5	6	7	8	9	10	11	502	#
902	17.1772	4	5	6	7	8	9	10	11	12	502	#
903	17.1772	5	6	7	8	9	10	11	12	13	502	#
904	17.1772	6	7	8	9	10	11	12	13	14	502	#
905	17.1772	7	8	9	10	11	12	13	14	15	502	#
906	17.1772	8	9	10	11	12	13	14	15	16	502	#
907	17.1772	9	10	11	12	13	14	15	16	17	502	#
908	17.1772	10	11	12	13	14	15	16	17	18	502	#
909	17.1772	11	12	13	14	15	16	17	18	19	502	#
910	17.1772	12	13	14	15	16	17	18	19	20	502	#
911	17.1772	13	14	15	16	17	18	19	20	21	502	#
912	17.1772	14	15	16	17	18	19	20	21	22	502	#
913	17.1772	15	16	17	18	19	20	21	22	23	502	#
914	17.1772	16	17	18	19	20	21	22	23	24	502	#
915	17.1772	17	18	19	20	21	22	23	24	25	502	#
916	17.1772	18	19	20	21	22	23	24	25	26	502	#
917	17.1772	19	20	21	22	23	24	25	26	27	502	#
918	17.1772	20	21	22	23	24	25	26	27	28	502	#
919	17.1772	21	22	23	24	25	26	27	28	29	502	#
920	17.1772	22	23	24	25	26	27	28	29	30	502	#
921	17.1772	23	24	25	26	27	28	29	30	31	502	#
922	17.1772	24	25	26	27	28	29	30	31	32	502	#
923	17.1772	25	26	27	28	29	30	31	32	33	502	#
924	17.1772	26	27	28	29	30	31	32	33	34	502	#
925	17.1772	27	28	29	30	31	32	33	34	35	502	#
926	17.1772	28	29	30	31	32	33	34	35	36	502	#
927	17.1772	29	30	31	32	33	34	35	36	37	502	#
928	17.1772	30	31	32	33	34	35	36	37	38	502	#
929	17.1772	31	32	33	34	35	36	37	38	39	502	#
930	17.1772	32	33	34	35	36	37	38	39	40	502	#
931	17.1772	33	34	35	36	37	38	39	40	41	502	#
932	17.1772	34	35	36	37	38	39	40	41	42	502	#
933	17.1772	35	36	37	38	39	40	41	42	43	502	#
934	17.1772	36	37	38	39	40	41	42	43	44	502	#
935	17.1772	37	38	39	40	41	42	43	44	45	502	#
936	17.1772	38	39	40	41	42	43	44	45	46	502	#
937	17.1772	39	40	41	42	43	44	45	46	47	502	#
938	17.1772	40	41	42	43	44	45	46	47	48	502	#
939	17.1772	41	42	43	44	45	46	47	48	49	502	#
940	17.1772	42	43	44	45	46	47	48	49	50	502	#
941	17.1772	43	44	45	46	47	48	49	50	51	502	#
942	17.1772	44	45	46	47	48	49	50	51	52	502	#
943	17.1772	45	46	47	48	49	50	51	52	53	502	#
944	17.1772	46	47	48	49	50	51	52	53	54	502	#
945	17.1772	47	48	49	50	51	52	53	54	55	502	#
946	17.1772	48	49	50	51	52	53	54	55	56	502	#
947	17.1772	49	50	51	52	53	54	55	56	57	502	#
948	17.1772	50	51	52	53	54	55	56	57	58	502	#
949	17.1772	51	52	53	54	55	56	57	58	59	502	#
950	17.1772	52	53	54	55	56	57	58	59	60	502	#
951	17.1772	53	54	55	56	57	58	59	60	61	502	#
952	17.1772	54	55	56	57	58	59	60	61	62	502	#
953	17.1772	55	56	57	58	59	60	61	62	63	502	#
954	17.1772	56	57	58	59	60	61	62	63	64	502	#
955	17.1772	57	58	59	60	61	62	63	64	65	502	#
956	17.1772	58	59	60	61	62	63	64	65	66	502	#
957	17.1772	59	60	61	62	63	64	65	66	67	502	#
958	17.1772	60	61	62	63	64	65	66	67	68	502	#
959	17.1772	61	62	63	64	65	66	67	68	69	502	#
960	17.1772	62	63	64	65	66	67	68	69	70	502	#
961	17.1772	63	64	65	66	67	68	69	70	71	502	#
962	17.1772	64	65	66	67	68	69	70	71	72	502	#
963	17.1772	65	66	67	68	69	70	71	72	73	502	#
964	17.1772	66	67	68	69	70	71	72	73	74	502	#
965	17.1772	67	68	69	70	71	72	73	74	75	502	#
966	17.1772	68	69	70	71	72	73	74	75	76	502	#
967	17.1772	69	70	71	72	73	74	75	76	77	502	#
968	17.1772	70	71	72	73	74	75	76	77	78	502	#
969	17.1772	71	72	73	74	75	76	77	78	79	502	#
970	17.1772	72	73	74	75	76	77	78	79	80	502	#
971	17.1772	73	74	75	76	77	78	79	80	81	502	#
972	17.1772	74	75	76	77	78	79	80	81	82	502	#
973	17.1772	75	76	77	78	79	80	81	82	83	502	#
974	17.1772	76	77	78	79	80	81	82	83	84	502	#
975	17.1772	77	78	79	80	81	82	83	84	85	502	#
976	17.1772	78	79	80	81	82	83	84	85	86	502	#
977	17.1772	79	80	81	82	83	84	85	86	87	502	#
978	17.1772	80	81	82	83	84	85	86	87	88	502	#
979	17.1772	81	82	83	84	85	86	87	88	89	502	#
980	17.1772	82	83	84	85	86	87	88	89	90	502	#
981	17.1772	83	84	85	86	87	88	89	90	91	502	#
982	17.1772	84	85	86	87	88	89	90	91	92	502	#
983	17.1772	85	86	87	88	89	90	91	92	93	502	#
984	17.1772	86	87	88	89	90	91	92	93	94	502	#
985	17.1772	87	88	89	90	91	92	93	94	95	502	#
986	17.1772	88	89	90	91	92	93	94	95	96	502	#
987	17.1772	89	90	91	92	93	94	95	96	97	502	#
988	17.1772	90	91	92	93	94	95	96	97	98	502	#
989	17.1772	91	92	93	94	95	96	97	98	99	502	#
990	17.1772	92	93	94	95	96	97	98	99	100	502	#
991	17.1772	93	94	95	96	97	98	99	100	101	502	#
992	17.1772	94	95	96	97	98	99	100	101	102	502	#
993	17.1772	95	96	97	98	99	100	101	102	103	502	#
994	17.1772	96	97	98	99	100	101	102	103	104	502	#
995	17.1772	97	98	99	100	101	102	103	104	105	502	#
996	17.1772	98	99	100	101	102	103	104	105	106	502	#
997	17.1772	99	100	101	102	103	104	105	106	107	502	#
998	17.1772	100	101	102	103	104	105	106	107	108	502	#
999	17.1772	101	102	103	104	105	106	107	108	109	502	#
1000	17.1772	102	103	104	105	106	107	108	109	110	502	#
1001	17.1772	103	104	105	106	107	108	109	110	111	502	#
1002	17.1772	104	105	106	107	108	109	110	111	112	502	#
1003	17.1772	105	106	107	108	109	110	111	112	113	502	#
1004	17.1772	106	107	108	109	110	111	112	113	114	502	#
1005	17.1772	107	108	109	110	111	112	113	114	115	502	#
1006	17.1772	108	109	110	111	112	113	114	115	116	502	#
1007	17.1772	109	110	111	112	113	114	115	116	117	502	#
1008	17.1772	110	111	112	113	114	115	116	117	118	502	#
1009	17.1772	111	112	113	114	115	116	117	118	119	502	#
1010	17.1772	112	113	114	115	116	117	118	119	120	502	#
1011	17.1772	113	114	115	116	117	118	119	120	121	502	#
1012	17.1772	114	115	116	117	118	119	120	121	122	502	#
1013	17.1772	115	116	117	118	119	120	121	122	123	502	#
1014	17.1772	116	117	118	119	120	121	122	123	124	502	#
1015	17.1772	117	118	119	120	121	122	123	124	125	502	#
1016	17.1772	118	119	120	121	122	123	124	125	126	502	#
1017	17.1772	119	120	121	122	123	124	125	126	127	502	#
1018	17.1772	120	121	122	123	124	125	126	127	128	502	#
1019	17.1772	121	122	123	124	125	126	127	128	129	502	#
1020	17.1772	122	123	124	125	126	127	128	129	130	502	#
1021	17.1772	123	124	125	126	127	128	129	130	131	502	#
1022	17.1772	124	125	126	127	128	129	130	131	132	502	#
1023	17.1772	125	126	127	128	129	130	131	132	133	502	#
1024	17.1772	126	127	128	129	130	131	132	133	134	502	#
1025	17.1772	127	128	129	130	131	132	133	134	135	502	#
1026	17.1772	128	129	130	131	132	133	134	135	136	502	#
1027	17.1772	129	130	131	132	133	134	135	136	137	502	#
1028	17.1772	130	131	132	133	134	135	136	137	138	502	#
1029	17.1772	131	132	133	134	135	136	137	138	139	502	#
1030	17.1772	132	133	134	135	136	137	138	139	140	502	#
1031	17.1772	133	134	135	136	137	138	139	140	141	502	#
1032	17.1772	134	135	136	137	138	139	140	141	142	502	#
1033	17.1772	135	136	137	138	139	140	141	142	143	502	#
1034	17.1772	136	137	138	139	140	141	142	143	144	502	#
1035	17.1772	137	138	139	140	141	142	143	144	145	502	#
1036	17.1772	138	139	140	141	142	143	144	145	146	502	#
1037	17.1772	139	140	141	142	143	144	145	146	147	502	#
1038	17.1772	140	141	142	143	144	145	146	147	148	502	#
1039	17.1772	141	142	143	144	145	146	147	148	149	502	#
1040	17.1772	142	143	144	145	146	147	148	149	150	502	#
1041	17.1772	143	144	145	146	147	148	149	150	151	502	#
1042	17.1772	144	145	146	147	148	149	150	151	152	502	#
1043	17.1772	145	146	147	148	149	150	151	152	153	502	#
1044	17.1772	146	147	148	149	150	151	152	153	154	502	#
1045	17.1772	147	148	149	150	151	152	153	154	155	502	#
1046	17.1772	148	149	150	151	152	153	154	155	156	502	#
1047	17.1772	149	150	151	152	153	154	155	156	157	502	#
1048	17.1772	150	151	152	153	154	155	156	157	158	502	#
1049	17.1772	151	152	153	154	155	156	157	158	159	502	#
1050	17.1772	152	153	154	155	156	157	158	159	160	502	#
1051	17.1772	153	154	155	156	157	158	159	160	161	502	#
1052	17.1772	154	155	156	157	158	159	160	161	162	502	#
1053	17.1772	155	156	157	158	159	160	161	162	163	502	#
1054	17.1772	156	157	158	159	160	161	162	163	164	502	#
1055	17.1772	157	158	159	160	161	162	163	164	165	502	#
1056	17.1772	158	159	160	161	162	163	164	165	166	502	#
1057	17.1772	159	160	161	162	163	164	165	166	167	502	#
1058	17.1772	160	161	162	163	164	165	166	167	168	502	#
1059	17.1772	161	162	163	164	165	166	167	168	169	502	#
1060	17.1772	162	163	164	165	166	167	168	169	170	502	#
1061	17.1772	163	164	165	166	167	168	169	170	171	502	#
1062	17.1772	164	165	166	167	168	169	170	171	172	502	#
1063	17.1772	165	166	167	168	169	170	171	172	173	502	#
1064	17.1772	166	167	168	169	170	171	172	173	174	502	#
1065	17.1772	167	168	169	170	171	172	173	174	175	502	#
1066	17.1772	168	169	170	171	172	173	174	175	176	502	#
1067	17.1772	169	170	171	172	173	174	175	176	177	502	#
1068	17.1772	170	171	172	173	174	175	176	177	178	502	#
1069	17.1772	171	172	173	174	175	176	177	178	179	502	#
1070	17.1772	172	173	174	175	176	177	178	179	180	502	#
1071	17.1772	173	174	175	176	177	178	179	180	181	502	#
1072	17.1772	174	175	176	177	178	179	180	181	182	502	#
1073	17.1772	175	176	177	178	179	180	181	182	183	502	#
1074	17.1772	176	177	178	179	180	181	182	183	184	502	#
1075	17.1772	177	178	179	180	181	182	183	184	185	502	#
1076	17.1772	178	179	180	181	182	183	184	185	186	502	#
1077	17.1772	179	180	181	182	183	184	185	186	187	502	#
1078	17.1772	180	181	182	183	184	185	186	187	188	502	#
1079	17.1772	181	182	183	184	185	186	187	188	189	502	#
1080	17.1772	182	183	184	185	186	187	188	189	190	502	#
1081	17.1772	183	184	185	186	187	188	189	190	191	502	#
1082	17.1772	184	185	186	187	188	189	190	191	192	502	#
1083	17.1772	185	186	187	188	189	190	191	192	193	502	#
1084	17.1772	186	187	188	189	190	191	192	193	194	502	#
1085	17.1772	187	188	189	190	191	192	193	194	195	502	#
1086	17.1772	188	189	190	191	192	193	194	195	196	502	#
1087	17.1772	189	190	191	192	193	194	195	196	197	502	#
1088	17.1772	190	191	192	193	194	195	196	197	198	502	#
1089	17.1772	191	192	193	194	195	196	197	198	199	502	#
1090	17.1772	192	193	194	195	196	197	198	199	200	502	#
1091	17.1772	193	194	195	196	197	198	199	200	201	502	#
1092	17.1772	194	195	196	197	198	199	200	201	202	502	#
1093	17.1772	195	196	197	198	199	200	201	202	203	502	#
1094	17.1772	196	197	198	199	200	201	202	203	204	502	#
1095	17.1772	197	198	199	200	201	202	203	204	205	502	#
1096	17.1772	198	199	200	201	202	203	204	205	206	502	#
1097	17.1772	199	200	201	202	203	204	205	206	207	502	#
1098	17.1772	200	201	202	203	204	205	206	207	208	502	#
1099	17.1772	201	202	203	204	205	206	207	208	209	502	#
1100	17.1772	202	203	204	205	206	207	208	209	210	502	#
1101	17.1772	203	204	205	206	207	208	209	210	211	502	#
1102	17.1772	204	205	206	207	208	209	210	211	212	502	#
1103	17.1772	205	206	207	208	209	210	211	212	213	502	#
1104	17.1772	206	207	208	209	210	211	212	213	214	502	#
1105	17.1772	207	208	209	210	211	212	213	214	215	502	#
1106	17.1772	208	209	210	211	212	213	214	215	216	502	#
1107	17.1772	209	210	211	212	213	214	215	216	217	502	#
1108	17.1772	210	211	212	213	214	215	216	217	218	502	#
1109	17.1772	211	212	213	214	215	216	217	218	219	502	#
1110	17.1772	212	213	214	215	216	217	218	219	220	502	#
1111	17.1772	213	214	215	216	217	218	219	220	221	502	#
1112	17.1772	214	215	216	217	218	219	220	221	222	502	#
1113	17.1772	215	216	217	218	219	220	221	222	223	502	#
1114	17.1772	216	217	218	219	220	221	222	223	224	502	#
1115	17.1772	217	218	219	220	221	222	223	224	225	502	#
1116	17.1772	218	219	220	221	222	223	224	225	226	502	#
1117	17.1772	219	220	221	222	223	224	225	226	227	502	#
1118	17.1772	220	221	222	223	224	225	226	227	228	502	#
1119	17.1772	221	222	223	224	225	226	227	228	229	502	#
1120	17.1772	222	223	224	225	226	227	228	229	230	502	#
1121	17.1772	223	224	225	226	227	228	229	230	231	502	#
1122	17.1772	224	225	226	227	228	229	230	231	232	502	#
1123	17.1772	225	226	227	228	229	230	231	232	233	502	#
1124	17.1772	226	227	228	229	230	231	232	233	234	502	#
1125	17.1772	227	228	229	230	231	232	233	234	235	502	#
1126	17.1772	228	229	230	231	232	233	234	235	236	502	#
1127	17.1772	229	230	231	232	233	234	235	236	237	502	#
1128	17.1772	230	231	232	233	234	235	236	237	238	502	#
1129	17.1772	231	232	233	234	235	236	237	238	239	502	#
1130	17.1772	232	233	234	235	236	237	238	239	240	502	#
1131	17.1772	233	234	235	236	237	238	239	240	241	502	#
1132	17.1772	234	235	236	237	238	239	240	241	242	502	#
1133	17.1772	235	236	237	238	239	240	241	242	243	502	#
1134	17.1772	236	237	238	239	240	241	242	243	244	502	#
1135	17.1772	237	238	239	240	241	242	243	244	245	502	#
1136	17.1772	238	239	240	241	242	243	244	245	246	502	#
1137	17.1772	239	240	241	242	243	244	245	246	247	502	#
1138	17.1772	240	241	242	243	244	245	246	247	248	502	#
1139	17.1772	241	242	243	244	245	246	247	248	249	502	#
1140	17.1772	242	243	244	245	246	247	248	249	250	502	#
1141	17.1772	243	244	245	246	247	248	249	250	251	502	#
1142	17.1772	244	245	246	247	248	249	250	251	252	502	#
1143	17.1772	245	246	247	248	249	250	251	252	253	502	#
1144	17.1772	246	247	248	249	250	251	252	253	254	502	#
1145	17.1772	247	248	249	250	251	252	253	254	255	502	#
1146	17.1772	248	249	250	251	252	253	254	255	256	502	#
1147	17.1772	249	250	251	252	253	254	255	256	257	502	#
1148	17.1772	250	251	252	253	254	255	256	257	258	502	#
1149	17.1772	251	252	253	254	255	256	257	258	259	502	#
1150	17.1772	252	253	254	255	256	257	258	259	260	502	#
1151	17.1772	253	254	255	256	257	258	259	260	261	502	#
1152	17.1772	254	255	256	257	258	259	260	261	262	502	#
1153	17.1772	255	256	257	258	259	260	261	262	263	502	#
1154	17.1772	256	257	258	259	260	261	262	263	264	502	#
1155	17.1772	257	258	259	260	261	262	263	264	265	502	#
1156	17.1772	258	259	260	261	262	263	264	265	266	502	#
1157	17.1772	259	260	261	262	263	264	265	266	267	502	#
1158	17.1772	260	261	262	263	264	265	266	267	268	502	#
1159	17.1772	261	262	263	264	265	266	267	268	269	502	#
1160	17.1772	262	263	264	265	266	267	268	269	270	502	#
1161	17.1772	263	264	265	266	267	268	269	270	271	502	#
1162	17.1772	264	265	266	267	268	269	270	271	272	502	#
1163	17.1772	265	266	267	268	269	270	271	272	273	502	#
1164	17.1772	266	267	268	269	270	271	272	273	274	502	#
1165	17.1772	267	268	269	270	271	272	273	274	275	502	#
1166	17.1772	268	269	270	271	272	273	274	275	276	502	#
1167	17.1772	269	270	271	272	273	274	275	276	277	502	#
1168	17.1772	270	271	272	273	274	275	276	277	278	502	#
1169	17.1772	271	272	273	274	275	276	277	278	279	502	#
1170	17.1772	272	273	274	275	276	277	278	279	280	502	#
1171	17.1772	273	274	275	276	277	278	279	280	281	502	#
1172	17.1772	274	275	276	277	278	279	280	281	282	502	#
1173	17.1772	275	276	277	278	279	280	281	282	283	502	#
1174	17.1772	276	277	278	279	280	281	282	283	284	502	#
1175	17.1772	277	278	279	280	281	282	283	284	285	502	#
1176	17.1772	278	279	280	281	282	283	284	285	286	502	#
1177	17.1772	279	280	281	282	283	284	285	286	287	502	#
1178	17.1772	280	281	282	283	284	285	286	287	288	502	#
1179	17.1772	281	282	283	284	285	286	287	288	289	502	#
1180	17.1772	282	283	284	285	286	287	288	289	290	502	#
1181	17.1772	283	284	285	286	287	288	289	290	291	502	#
1182	17.1772	284	285	286	287	288	289	290	291	292	502	#
1183	17.1772	285	286	287	288	289	290	291	292	293	502	#
1184	17.1772	286	287	288	289	290	291	292	293	294	502	#
1185	17.1772	287	288	289	290	291	292	293	294	295	502	#
1186	17.1772	288	289	290	291	292	293	294	295	296	502	#
1187	17.1772	289	290	291	292	293	294	295	296	297	502	#
1188	17.1772	290	291	292	293	294	295	296	297	298	502	#
1189	17.1772	291	292	293	294	295	296	297	298	299	502	#
1190	17.1772	292	293	294	295	296	297	298	299	300	502	#
1191	17.1772	293	294	295	296	297	298	299	300	301	502	#
1192	17.1772	294	295	296	297	298	299	300	301	302	502	#
1193	17.1772	295	296	297	298	299	300	301	302	303	502	#
1194	17.1772	296	297	298	299	300	301	302	303	304	502	#
1195	17.1772	297	298	299	300	301	302	303	304	305	502	#
1196	17.1772	298	299	300	301	302	303	304	305	306	502	#
1197	17.1772	299	300	301	302	303	304	305	306	307	502	#
1198	17.1772	300	301	302	303	304	305	306	307	308	502	#
1199	17.1772	301	302	303	304	305	306	307	308	309	502	#
1200	17.1772	302	303	304	305	306	307	308	309	310	502	#
1201	17.1772	303	304	305	306	307	308	309	310	311	502	#
1202	17.1772	304	305	306	307	308	309	310	311	312	502	#
1203	17.1772	305	306	307	308	309	310	311	312	313	502	#
1204	17.1772	306	307	308	309	310	311	312	313	314	502	#
1205	17.1772	307	308	309	310	311	312	313	314	315	502	#
1206	17.1772	308	309	310	311	312	313	314	315	316	502	#
1207	17.1772	309	310	311	312	313	314	315	316	317	502	#
1208	17.1772	310	311	312	313	314	315	316	317	318	502	#
1209	17.1772	311	312	313	314	315	316	317	318	319	502	#
1210	17.1772	312	313	314	315	316	317	318	319	320	502	#
1211	17.1772	313	314	315	316	317	318	319	320	321	502	#
1212	17.1772	314	315	316	317	318	319	320	321	322	502	#
1213	17.1772	315	316	317	318	319	320	321	322	323	502	#
1214	17.1772	316	317	318	319	320	321	322	323	324	502	#
1215	17.1772	317	318	319	320	321	322	323	324	325	502	#
1216	17.1772	318	319	320	321	322	323	324	325	326	502	#
1217	17.1772	319	320	321	322	323	324	325	326	327	502	#
1218	17.1772	320	321	322	323	324	325	326	327	328	502	#
1219	17.1772	321	322	323	324	325	326	327	328	329	502	#
1220	17.1772	322	323	324	325	326	327	328	329	330	502	#
