%% File generated by CATS v.2.1Wed Jun 29 16:30:10 2011

%% The CATS webpage is http://robotics.stanford.edu/CATS

%% PARAMETER SETTINGS:
% Goods: 50; Bids: 400; Distribution: scheduling; Runs: 1; Seed: 1309383476
% Scheduling Distribution Parameters:
% max_length                = 10
% deviation                 = 0.500000
% prob_additional_deadline  = 0.700000
% additivity                = 0.200000



goods 50
bids 426
dummy 11

0	15.5889	0	1	2	3	4	5	6	7	8	50	#
1	15.5889	1	2	3	4	5	6	7	8	9	50	#
2	15.5889	2	3	4	5	6	7	8	9	10	50	#
3	15.5889	3	4	5	6	7	8	9	10	11	50	#
4	15.5889	4	5	6	7	8	9	10	11	12	50	#
5	15.5889	5	6	7	8	9	10	11	12	13	50	#
6	15.5889	6	7	8	9	10	11	12	13	14	50	#
7	15.5889	7	8	9	10	11	12	13	14	15	50	#
8	15.5889	8	9	10	11	12	13	14	15	16	50	#
9	15.5889	9	10	11	12	13	14	15	16	17	50	#
10	15.5889	10	11	12	13	14	15	16	17	18	50	#
11	15.5889	11	12	13	14	15	16	17	18	19	50	#
12	15.5889	12	13	14	15	16	17	18	19	20	50	#
13	15.5889	13	14	15	16	17	18	19	20	21	50	#
14	15.5889	14	15	16	17	18	19	20	21	22	50	#
15	15.5889	15	16	17	18	19	20	21	22	23	50	#
16	15.5889	16	17	18	19	20	21	22	23	24	50	#
17	15.5889	17	18	19	20	21	22	23	24	25	50	#
18	15.5889	18	19	20	21	22	23	24	25	26	50	#
19	15.5889	19	20	21	22	23	24	25	26	27	50	#
20	15.5889	20	21	22	23	24	25	26	27	28	50	#
21	15.5889	21	22	23	24	25	26	27	28	29	50	#
22	15.5889	22	23	24	25	26	27	28	29	30	50	#
23	15.5889	23	24	25	26	27	28	29	30	31	50	#
24	15.5889	24	25	26	27	28	29	30	31	32	50	#
25	15.5889	25	26	27	28	29	30	31	32	33	50	#
26	15.5889	26	27	28	29	30	31	32	33	34	50	#
27	15.5889	27	28	29	30	31	32	33	34	35	50	#
28	15.5889	28	29	30	31	32	33	34	35	36	50	#
29	13.6878	29	30	31	32	33	34	35	36	37	50	#
30	13.6878	30	31	32	33	34	35	36	37	38	50	#
31	13.6878	31	32	33	34	35	36	37	38	39	50	#
32	13.6878	32	33	34	35	36	37	38	39	40	50	#
33	13.6878	33	34	35	36	37	38	39	40	41	50	#
34	5.36425	0	1	2	3	4	51	#
35	5.36425	1	2	3	4	5	51	#
36	5.36425	2	3	4	5	6	51	#
37	5.36425	3	4	5	6	7	51	#
38	5.36425	4	5	6	7	8	51	#
39	5.36425	5	6	7	8	9	51	#
40	5.36425	6	7	8	9	10	51	#
41	5.36425	7	8	9	10	11	51	#
42	5.36425	8	9	10	11	12	51	#
43	5.36425	9	10	11	12	13	51	#
44	5.36425	10	11	12	13	14	51	#
45	1.92563	11	12	13	14	15	51	#
46	1.92563	12	13	14	15	16	51	#
47	1.92563	13	14	15	16	17	51	#
48	1.92563	14	15	16	17	18	51	#
49	1.92563	15	16	17	18	19	51	#
50	1.92563	16	17	18	19	20	51	#
51	1.92563	17	18	19	20	21	51	#
52	1.92563	18	19	20	21	22	51	#
53	1.92563	19	20	21	22	23	51	#
54	1.92563	20	21	22	23	24	51	#
55	1.92563	21	22	23	24	25	51	#
56	1.92563	22	23	24	25	26	51	#
57	1.92563	23	24	25	26	27	51	#
58	1.92563	24	25	26	27	28	51	#
59	1.92563	25	26	27	28	29	51	#
60	1.92563	26	27	28	29	30	51	#
61	1.92563	27	28	29	30	31	51	#
62	1.92563	28	29	30	31	32	51	#
63	1.92563	29	30	31	32	33	51	#
64	1.92563	30	31	32	33	34	51	#
65	1.92563	31	32	33	34	35	51	#
66	1.92563	32	33	34	35	36	51	#
67	1.92563	33	34	35	36	37	51	#
68	1.92563	34	35	36	37	38	51	#
69	1.92563	35	36	37	38	39	51	#
70	1.7465	36	37	38	39	40	51	#
71	1.7465	37	38	39	40	41	51	#
72	1.7465	38	39	40	41	42	51	#
73	1.7465	39	40	41	42	43	51	#
74	1.70681	40	41	42	43	44	51	#
75	1.53264	41	42	43	44	45	51	#
76	1.53264	42	43	44	45	46	51	#
77	1.53264	43	44	45	46	47	51	#
78	1.53264	44	45	46	47	48	51	#
79	1.53264	45	46	47	48	49	51	#
80	13.8826	0	1	2	3	4	5	6	7	8	52	#
81	13.8826	1	2	3	4	5	6	7	8	9	52	#
82	13.8826	2	3	4	5	6	7	8	9	10	52	#
83	13.8826	3	4	5	6	7	8	9	10	11	52	#
84	13.8826	4	5	6	7	8	9	10	11	12	52	#
85	13.8826	5	6	7	8	9	10	11	12	13	52	#
86	13.8826	6	7	8	9	10	11	12	13	14	52	#
87	13.8826	7	8	9	10	11	12	13	14	15	52	#
88	13.8826	8	9	10	11	12	13	14	15	16	52	#
89	13.8826	9	10	11	12	13	14	15	16	17	52	#
90	13.8826	10	11	12	13	14	15	16	17	18	52	#
91	13.8826	11	12	13	14	15	16	17	18	19	52	#
92	13.8826	12	13	14	15	16	17	18	19	20	52	#
93	13.8826	13	14	15	16	17	18	19	20	21	52	#
94	13.8826	14	15	16	17	18	19	20	21	22	52	#
95	13.8826	15	16	17	18	19	20	21	22	23	52	#
96	13.8826	16	17	18	19	20	21	22	23	24	52	#
97	13.8826	17	18	19	20	21	22	23	24	25	52	#
98	13.8826	18	19	20	21	22	23	24	25	26	52	#
99	13.8826	19	20	21	22	23	24	25	26	27	52	#
100	13.8826	20	21	22	23	24	25	26	27	28	52	#
101	13.8826	21	22	23	24	25	26	27	28	29	52	#
102	10.8809	22	23	24	25	26	27	28	29	30	52	#
103	10.8809	23	24	25	26	27	28	29	30	31	52	#
104	10.8809	24	25	26	27	28	29	30	31	32	52	#
105	10.8809	25	26	27	28	29	30	31	32	33	52	#
106	10.8809	26	27	28	29	30	31	32	33	34	52	#
107	10.8809	27	28	29	30	31	32	33	34	35	52	#
108	10.8809	28	29	30	31	32	33	34	35	36	52	#
109	10.8809	29	30	31	32	33	34	35	36	37	52	#
110	8.2162	30	31	32	33	34	35	36	37	38	52	#
111	8.2162	31	32	33	34	35	36	37	38	39	52	#
112	8.2162	32	33	34	35	36	37	38	39	40	52	#
113	8.2162	33	34	35	36	37	38	39	40	41	52	#
114	8.2162	34	35	36	37	38	39	40	41	42	52	#
115	8.2162	35	36	37	38	39	40	41	42	43	52	#
116	8.2162	36	37	38	39	40	41	42	43	44	52	#
117	8.2162	37	38	39	40	41	42	43	44	45	52	#
118	8.2162	38	39	40	41	42	43	44	45	46	52	#
119	8.2162	39	40	41	42	43	44	45	46	47	52	#
120	8.2162	40	41	42	43	44	45	46	47	48	52	#
121	8.2162	41	42	43	44	45	46	47	48	49	52	#
122	1.54976	0	1	53	#
123	1.54976	1	2	53	#
124	1.54976	2	3	53	#
125	1.54976	3	4	53	#
126	1.54976	4	5	53	#
127	1.54976	5	6	53	#
128	1.54976	6	7	53	#
129	1.54976	7	8	53	#
130	1.54976	8	9	53	#
131	1.54976	9	10	53	#
132	1.54976	10	11	53	#
133	1.54976	11	12	53	#
134	1.54976	12	13	53	#
135	1.54976	13	14	53	#
136	1.54976	14	15	53	#
137	1.54976	15	16	53	#
138	1.54976	16	17	53	#
139	1.54976	17	18	53	#
140	1.54976	18	19	53	#
141	1.54976	19	20	53	#
142	1.54976	20	21	53	#
143	1.54976	21	22	53	#
144	1.54976	22	23	53	#
145	8.5079	0	1	2	3	4	5	54	#
146	8.5079	1	2	3	4	5	6	54	#
147	8.5079	2	3	4	5	6	7	54	#
148	8.5079	3	4	5	6	7	8	54	#
149	8.5079	4	5	6	7	8	9	54	#
150	8.5079	5	6	7	8	9	10	54	#
151	8.5079	6	7	8	9	10	11	54	#
152	8.5079	7	8	9	10	11	12	54	#
153	8.5079	8	9	10	11	12	13	54	#
154	8.5079	9	10	11	12	13	14	54	#
155	8.5079	10	11	12	13	14	15	54	#
156	8.5079	11	12	13	14	15	16	54	#
157	8.5079	12	13	14	15	16	17	54	#
158	8.5079	13	14	15	16	17	18	54	#
159	8.5079	14	15	16	17	18	19	54	#
160	8.5079	15	16	17	18	19	20	54	#
161	8.5079	16	17	18	19	20	21	54	#
162	8.5079	17	18	19	20	21	22	54	#
163	8.5079	18	19	20	21	22	23	54	#
164	8.5079	19	20	21	22	23	24	54	#
165	8.5079	20	21	22	23	24	25	54	#
166	8.5079	21	22	23	24	25	26	54	#
167	8.5079	22	23	24	25	26	27	54	#
168	8.5079	23	24	25	26	27	28	54	#
169	8.5079	24	25	26	27	28	29	54	#
170	8.5079	25	26	27	28	29	30	54	#
171	8.5079	26	27	28	29	30	31	54	#
172	8.5079	27	28	29	30	31	32	54	#
173	8.5079	28	29	30	31	32	33	54	#
174	8.5079	29	30	31	32	33	34	54	#
175	8.5079	30	31	32	33	34	35	54	#
176	8.5079	31	32	33	34	35	36	54	#
177	8.5079	32	33	34	35	36	37	54	#
178	8.5079	33	34	35	36	37	38	54	#
179	8.5079	34	35	36	37	38	39	54	#
180	8.5079	35	36	37	38	39	40	54	#
181	8.5079	36	37	38	39	40	41	54	#
182	8.5079	37	38	39	40	41	42	54	#
183	8.5079	38	39	40	41	42	43	54	#
184	8.5079	39	40	41	42	43	44	54	#
185	8.5079	40	41	42	43	44	45	54	#
186	7.97616	41	42	43	44	45	46	54	#
187	7.97616	42	43	44	45	46	47	54	#
188	7.97616	43	44	45	46	47	48	54	#
189	7.81338	44	45	46	47	48	49	54	#
190	12.64	0	1	2	3	4	5	55	#
191	12.64	1	2	3	4	5	6	55	#
192	12.64	2	3	4	5	6	7	55	#
193	12.64	3	4	5	6	7	8	55	#
194	12.64	4	5	6	7	8	9	55	#
195	12.64	5	6	7	8	9	10	55	#
196	12.64	6	7	8	9	10	11	55	#
197	12.64	7	8	9	10	11	12	55	#
198	12.64	8	9	10	11	12	13	55	#
199	12.64	9	10	11	12	13	14	55	#
200	12.64	10	11	12	13	14	15	55	#
201	12.64	11	12	13	14	15	16	55	#
202	12.64	12	13	14	15	16	17	55	#
203	12.64	13	14	15	16	17	18	55	#
204	12.64	14	15	16	17	18	19	55	#
205	12.64	15	16	17	18	19	20	55	#
206	12.64	16	17	18	19	20	21	55	#
207	12.64	17	18	19	20	21	22	55	#
208	12.64	18	19	20	21	22	23	55	#
209	12.64	19	20	21	22	23	24	55	#
210	12.64	20	21	22	23	24	25	55	#
211	12.64	21	22	23	24	25	26	55	#
212	12.64	22	23	24	25	26	27	55	#
213	0.959488	0	56	#
214	0.959488	1	56	#
215	0.959488	2	56	#
216	0.959488	3	56	#
217	0.959488	4	56	#
218	0.959488	5	56	#
219	0.959488	6	56	#
220	0.959488	7	56	#
221	0.959488	8	56	#
222	0.959488	9	56	#
223	0.959488	10	56	#
224	0.959488	11	56	#
225	0.959488	12	56	#
226	0.959488	13	56	#
227	0.959488	14	56	#
228	0.959488	15	56	#
229	0.959488	16	56	#
230	0.959488	17	56	#
231	0.959488	18	56	#
232	0.959488	19	56	#
233	0.959488	20	56	#
234	0.959488	21	56	#
235	0.959488	22	56	#
236	0.959488	23	56	#
237	0.959488	24	56	#
238	0.959488	25	56	#
239	0.959488	26	56	#
240	0.959488	27	56	#
241	0.959488	28	56	#
242	0.959488	29	56	#
243	0.959488	30	56	#
244	0.959488	31	56	#
245	0.959488	32	56	#
246	0.959488	33	56	#
247	0.959488	34	56	#
248	0.959488	35	56	#
249	0.959488	36	56	#
250	0.959488	37	56	#
251	0.959488	38	56	#
252	0.959488	39	56	#
253	0.935501	40	56	#
254	0.763674	41	56	#
255	0.763674	42	56	#
256	0.763674	43	56	#
257	0.763674	44	56	#
258	0.763674	45	56	#
259	0.763674	46	56	#
260	0.763674	47	56	#
261	0.763674	48	56	#
262	0.763674	49	56	#
263	12.1517	0	1	2	3	4	5	6	7	8	9	57	#
264	12.1517	1	2	3	4	5	6	7	8	9	10	57	#
265	12.1517	2	3	4	5	6	7	8	9	10	11	57	#
266	12.1517	3	4	5	6	7	8	9	10	11	12	57	#
267	12.1517	4	5	6	7	8	9	10	11	12	13	57	#
268	3.2911	5	6	7	8	9	10	11	12	13	14	57	#
269	3.2911	6	7	8	9	10	11	12	13	14	15	57	#
270	3.2911	7	8	9	10	11	12	13	14	15	16	57	#
271	3.2911	8	9	10	11	12	13	14	15	16	17	57	#
272	3.2911	9	10	11	12	13	14	15	16	17	18	57	#
273	3.2911	10	11	12	13	14	15	16	17	18	19	57	#
274	3.2911	11	12	13	14	15	16	17	18	19	20	57	#
275	3.2911	12	13	14	15	16	17	18	19	20	21	57	#
276	3.2911	13	14	15	16	17	18	19	20	21	22	57	#
277	3.2911	14	15	16	17	18	19	20	21	22	23	57	#
278	3.2911	15	16	17	18	19	20	21	22	23	24	57	#
279	3.2911	16	17	18	19	20	21	22	23	24	25	57	#
280	3.2911	17	18	19	20	21	22	23	24	25	26	57	#
281	3.2911	18	19	20	21	22	23	24	25	26	27	57	#
282	3.2911	19	20	21	22	23	24	25	26	27	28	57	#
283	3.2911	20	21	22	23	24	25	26	27	28	29	57	#
284	3.2911	21	22	23	24	25	26	27	28	29	30	57	#
285	3.2911	22	23	24	25	26	27	28	29	30	31	57	#
286	3.2911	23	24	25	26	27	28	29	30	31	32	57	#
287	3.2911	24	25	26	27	28	29	30	31	32	33	57	#
288	3.2911	25	26	27	28	29	30	31	32	33	34	57	#
289	3.2911	26	27	28	29	30	31	32	33	34	35	57	#
290	3.2911	27	28	29	30	31	32	33	34	35	36	57	#
291	3.2911	28	29	30	31	32	33	34	35	36	37	57	#
292	3.2911	29	30	31	32	33	34	35	36	37	38	57	#
293	3.2911	30	31	32	33	34	35	36	37	38	39	57	#
294	3.2911	31	32	33	34	35	36	37	38	39	40	57	#
295	3.2911	32	33	34	35	36	37	38	39	40	41	57	#
296	3.2911	33	34	35	36	37	38	39	40	41	42	57	#
297	3.2911	34	35	36	37	38	39	40	41	42	43	57	#
298	3.2911	35	36	37	38	39	40	41	42	43	44	57	#
299	3.2911	36	37	38	39	40	41	42	43	44	45	57	#
300	3.2911	37	38	39	40	41	42	43	44	45	46	57	#
301	3.2911	38	39	40	41	42	43	44	45	46	47	57	#
302	3.2911	39	40	41	42	43	44	45	46	47	48	57	#
303	3.22393	40	41	42	43	44	45	46	47	48	49	57	#
304	1.01551	0	58	#
305	1.01551	1	58	#
306	1.01551	2	58	#
307	1.01551	3	58	#
308	1.01551	4	58	#
309	1.01551	5	58	#
310	1.01551	6	58	#
311	1.01551	7	58	#
312	1.01551	8	58	#
313	1.01551	9	58	#
314	1.01551	10	58	#
315	1.01551	11	58	#
316	1.01551	12	58	#
317	1.01551	13	58	#
318	1.01551	14	58	#
319	1.01551	15	58	#
320	1.01551	16	58	#
321	1.01551	17	58	#
322	1.01551	18	58	#
323	1.01551	19	58	#
324	1.01551	20	58	#
325	1.01551	21	58	#
326	1.01551	22	58	#
327	1.01551	23	58	#
328	1.01551	24	58	#
329	1.01551	25	58	#
330	1.01551	26	58	#
331	1.01551	27	58	#
332	1.01551	28	58	#
333	1.01551	29	58	#
334	1.01551	30	58	#
335	11.6127	0	1	2	3	4	5	59	#
336	11.6127	1	2	3	4	5	6	59	#
337	11.6127	2	3	4	5	6	7	59	#
338	11.6127	3	4	5	6	7	8	59	#
339	11.6127	4	5	6	7	8	9	59	#
340	11.6127	5	6	7	8	9	10	59	#
341	11.6127	6	7	8	9	10	11	59	#
342	11.6127	7	8	9	10	11	12	59	#
343	11.6127	8	9	10	11	12	13	59	#
344	5.80635	9	10	11	12	13	14	59	#
345	5.80635	10	11	12	13	14	15	59	#
346	5.80635	11	12	13	14	15	16	59	#
347	5.80635	12	13	14	15	16	17	59	#
348	5.80635	13	14	15	16	17	18	59	#
349	5.80635	14	15	16	17	18	19	59	#
350	5.80635	15	16	17	18	19	20	59	#
351	5.80635	16	17	18	19	20	21	59	#
352	5.80635	17	18	19	20	21	22	59	#
353	5.80635	18	19	20	21	22	23	59	#
354	5.80635	19	20	21	22	23	24	59	#
355	5.80635	20	21	22	23	24	25	59	#
356	5.80635	21	22	23	24	25	26	59	#
357	5.39161	22	23	24	25	26	27	59	#
358	5.39161	23	24	25	26	27	28	59	#
359	4.44015	24	25	26	27	28	29	59	#
360	4.44015	25	26	27	28	29	30	59	#
361	4.44015	26	27	28	29	30	31	59	#
362	4.44015	27	28	29	30	31	32	59	#
363	4.44015	28	29	30	31	32	33	59	#
364	4.44015	29	30	31	32	33	34	59	#
365	3.08092	30	31	32	33	34	35	59	#
366	3.08092	31	32	33	34	35	36	59	#
367	3.08092	32	33	34	35	36	37	59	#
368	3.08092	33	34	35	36	37	38	59	#
369	3.08092	34	35	36	37	38	39	59	#
370	3.08092	35	36	37	38	39	40	59	#
371	3.08092	36	37	38	39	40	41	59	#
372	3.08092	37	38	39	40	41	42	59	#
373	3.08092	38	39	40	41	42	43	59	#
374	3.08092	39	40	41	42	43	44	59	#
375	3.08092	40	41	42	43	44	45	59	#
376	3.08092	41	42	43	44	45	46	59	#
377	3.08092	42	43	44	45	46	47	59	#
378	3.08092	43	44	45	46	47	48	59	#
379	3.08092	44	45	46	47	48	49	59	#
380	0.747149	0	60	#
381	0.747149	1	60	#
382	0.747149	2	60	#
383	0.747149	3	60	#
384	0.747149	4	60	#
385	0.747149	5	60	#
386	0.747149	6	60	#
387	0.747149	7	60	#
388	0.581116	8	60	#
389	0.581116	9	60	#
390	0.116223	10	60	#
391	0.116223	11	60	#
392	0.116223	12	60	#
393	0.116223	13	60	#
394	0.116223	14	60	#
395	0.116223	15	60	#
396	0.116223	16	60	#
397	0.116223	17	60	#
398	0.116223	18	60	#
399	0.116223	19	60	#
400	0.116223	20	60	#
401	0.116223	21	60	#
402	0.116223	22	60	#
403	0.116223	23	60	#
404	0.116223	24	60	#
405	0.116223	25	60	#
406	0.116223	26	60	#
407	0.116223	27	60	#
408	0.116223	28	60	#
409	0.116223	29	60	#
410	0.116223	30	60	#
411	0.116223	31	60	#
412	0.116223	32	60	#
413	0.116223	33	60	#
414	0.116223	34	60	#
415	0.116223	35	60	#
416	0.116223	36	60	#
417	0.116223	37	60	#
418	0.116223	38	60	#
419	0.116223	39	60	#
420	0.116223	40	60	#
421	0.116223	41	60	#
422	0.116223	42	60	#
423	0.116223	43	60	#
424	0.116223	44	60	#
425	0.116223	45	60	#
