%% File generated by CATS v.2.1Mon Jul  4 14:32:52 2011

%% The CATS webpage is http://robotics.stanford.edu/CATS

%% PARAMETER SETTINGS:
% Goods: 256; Bids: 1000; Distribution: scheduling; Runs: 1; Parameters generated from distribution in file "qpstuff/scheduling-qp.txt".; Problems generated from distribution over features in files: qpstuff/cass-qp.txt, qpstuff/cplex-qp.txt, qpstuff/lehman-qp.txt; Seed: 1309820751
% Scheduling Distribution Parameters:
% max_length                = 9
% deviation                 = 0.776630
% prob_additional_deadline  = 0.391645
% additivity                = 0.772835



goods 256
bids 1054
dummy 5

0	58.9838	0	1	2	3	4	5	6	7	256	#
1	58.9838	1	2	3	4	5	6	7	8	256	#
2	58.9838	2	3	4	5	6	7	8	9	256	#
3	58.9838	3	4	5	6	7	8	9	10	256	#
4	58.9838	4	5	6	7	8	9	10	11	256	#
5	58.9838	5	6	7	8	9	10	11	12	256	#
6	58.9838	6	7	8	9	10	11	12	13	256	#
7	58.9838	7	8	9	10	11	12	13	14	256	#
8	58.9838	8	9	10	11	12	13	14	15	256	#
9	58.9838	9	10	11	12	13	14	15	16	256	#
10	58.9838	10	11	12	13	14	15	16	17	256	#
11	58.9838	11	12	13	14	15	16	17	18	256	#
12	58.9838	12	13	14	15	16	17	18	19	256	#
13	58.9838	13	14	15	16	17	18	19	20	256	#
14	58.9838	14	15	16	17	18	19	20	21	256	#
15	58.9838	15	16	17	18	19	20	21	22	256	#
16	58.9838	16	17	18	19	20	21	22	23	256	#
17	58.9838	17	18	19	20	21	22	23	24	256	#
18	58.9838	18	19	20	21	22	23	24	25	256	#
19	58.9838	19	20	21	22	23	24	25	26	256	#
20	58.9838	20	21	22	23	24	25	26	27	256	#
21	58.9838	21	22	23	24	25	26	27	28	256	#
22	58.9838	22	23	24	25	26	27	28	29	256	#
23	58.9838	23	24	25	26	27	28	29	30	256	#
24	58.9838	24	25	26	27	28	29	30	31	256	#
25	58.9838	25	26	27	28	29	30	31	32	256	#
26	58.9838	26	27	28	29	30	31	32	33	256	#
27	58.9838	27	28	29	30	31	32	33	34	256	#
28	58.9838	28	29	30	31	32	33	34	35	256	#
29	58.9838	29	30	31	32	33	34	35	36	256	#
30	58.9838	30	31	32	33	34	35	36	37	256	#
31	58.9838	31	32	33	34	35	36	37	38	256	#
32	58.9838	32	33	34	35	36	37	38	39	256	#
33	58.9838	33	34	35	36	37	38	39	40	256	#
34	58.9838	34	35	36	37	38	39	40	41	256	#
35	58.9838	35	36	37	38	39	40	41	42	256	#
36	58.9838	36	37	38	39	40	41	42	43	256	#
37	58.9838	37	38	39	40	41	42	43	44	256	#
38	58.9838	38	39	40	41	42	43	44	45	256	#
39	58.9838	39	40	41	42	43	44	45	46	256	#
40	58.9838	40	41	42	43	44	45	46	47	256	#
41	58.9838	41	42	43	44	45	46	47	48	256	#
42	58.9838	42	43	44	45	46	47	48	49	256	#
43	58.9838	43	44	45	46	47	48	49	50	256	#
44	58.9838	44	45	46	47	48	49	50	51	256	#
45	58.9838	45	46	47	48	49	50	51	52	256	#
46	58.9838	46	47	48	49	50	51	52	53	256	#
47	58.9838	47	48	49	50	51	52	53	54	256	#
48	58.9838	48	49	50	51	52	53	54	55	256	#
49	58.9838	49	50	51	52	53	54	55	56	256	#
50	58.9838	50	51	52	53	54	55	56	57	256	#
51	58.9838	51	52	53	54	55	56	57	58	256	#
52	58.9838	52	53	54	55	56	57	58	59	256	#
53	58.9838	53	54	55	56	57	58	59	60	256	#
54	58.9838	54	55	56	57	58	59	60	61	256	#
55	58.9838	55	56	57	58	59	60	61	62	256	#
56	58.9838	56	57	58	59	60	61	62	63	256	#
57	58.9838	57	58	59	60	61	62	63	64	256	#
58	58.9838	58	59	60	61	62	63	64	65	256	#
59	58.9838	59	60	61	62	63	64	65	66	256	#
60	58.9838	60	61	62	63	64	65	66	67	256	#
61	58.9838	61	62	63	64	65	66	67	68	256	#
62	58.9838	62	63	64	65	66	67	68	69	256	#
63	58.9838	63	64	65	66	67	68	69	70	256	#
64	58.9838	64	65	66	67	68	69	70	71	256	#
65	58.9838	65	66	67	68	69	70	71	72	256	#
66	58.9838	66	67	68	69	70	71	72	73	256	#
67	58.9838	67	68	69	70	71	72	73	74	256	#
68	58.9838	68	69	70	71	72	73	74	75	256	#
69	58.9838	69	70	71	72	73	74	75	76	256	#
70	58.9838	70	71	72	73	74	75	76	77	256	#
71	58.9838	71	72	73	74	75	76	77	78	256	#
72	58.9838	72	73	74	75	76	77	78	79	256	#
73	58.9838	73	74	75	76	77	78	79	80	256	#
74	58.9838	74	75	76	77	78	79	80	81	256	#
75	58.9838	75	76	77	78	79	80	81	82	256	#
76	58.9838	76	77	78	79	80	81	82	83	256	#
77	58.9838	77	78	79	80	81	82	83	84	256	#
78	58.9838	78	79	80	81	82	83	84	85	256	#
79	58.9838	79	80	81	82	83	84	85	86	256	#
80	58.9838	80	81	82	83	84	85	86	87	256	#
81	58.9838	81	82	83	84	85	86	87	88	256	#
82	58.9838	82	83	84	85	86	87	88	89	256	#
83	58.9838	83	84	85	86	87	88	89	90	256	#
84	58.9838	84	85	86	87	88	89	90	91	256	#
85	58.9838	85	86	87	88	89	90	91	92	256	#
86	58.9838	86	87	88	89	90	91	92	93	256	#
87	58.9838	87	88	89	90	91	92	93	94	256	#
88	58.9838	88	89	90	91	92	93	94	95	256	#
89	58.9838	89	90	91	92	93	94	95	96	256	#
90	58.9838	90	91	92	93	94	95	96	97	256	#
91	58.9838	91	92	93	94	95	96	97	98	256	#
92	58.9838	92	93	94	95	96	97	98	99	256	#
93	58.9838	93	94	95	96	97	98	99	100	256	#
94	58.9838	94	95	96	97	98	99	100	101	256	#
95	58.9838	95	96	97	98	99	100	101	102	256	#
96	58.9838	96	97	98	99	100	101	102	103	256	#
97	58.9838	97	98	99	100	101	102	103	104	256	#
98	58.9838	98	99	100	101	102	103	104	105	256	#
99	58.9838	99	100	101	102	103	104	105	106	256	#
100	58.9838	100	101	102	103	104	105	106	107	256	#
101	58.9838	101	102	103	104	105	106	107	108	256	#
102	58.9838	102	103	104	105	106	107	108	109	256	#
103	58.9838	103	104	105	106	107	108	109	110	256	#
104	58.9838	104	105	106	107	108	109	110	111	256	#
105	58.9838	105	106	107	108	109	110	111	112	256	#
106	58.9838	106	107	108	109	110	111	112	113	256	#
107	58.9838	107	108	109	110	111	112	113	114	256	#
108	58.9838	108	109	110	111	112	113	114	115	256	#
109	58.9838	109	110	111	112	113	114	115	116	256	#
110	58.9838	110	111	112	113	114	115	116	117	256	#
111	58.9838	111	112	113	114	115	116	117	118	256	#
112	58.9838	112	113	114	115	116	117	118	119	256	#
113	58.9838	113	114	115	116	117	118	119	120	256	#
114	58.9838	114	115	116	117	118	119	120	121	256	#
115	58.9838	115	116	117	118	119	120	121	122	256	#
116	58.9838	116	117	118	119	120	121	122	123	256	#
117	58.9838	117	118	119	120	121	122	123	124	256	#
118	58.9838	118	119	120	121	122	123	124	125	256	#
119	58.9838	119	120	121	122	123	124	125	126	256	#
120	58.9838	120	121	122	123	124	125	126	127	256	#
121	58.9838	121	122	123	124	125	126	127	128	256	#
122	58.9838	122	123	124	125	126	127	128	129	256	#
123	58.9838	123	124	125	126	127	128	129	130	256	#
124	58.9838	124	125	126	127	128	129	130	131	256	#
125	58.9838	125	126	127	128	129	130	131	132	256	#
126	58.9838	126	127	128	129	130	131	132	133	256	#
127	58.9838	127	128	129	130	131	132	133	134	256	#
128	58.9838	128	129	130	131	132	133	134	135	256	#
129	58.9838	129	130	131	132	133	134	135	136	256	#
130	58.9838	130	131	132	133	134	135	136	137	256	#
131	58.9838	131	132	133	134	135	136	137	138	256	#
132	58.9838	132	133	134	135	136	137	138	139	256	#
133	58.9838	133	134	135	136	137	138	139	140	256	#
134	58.9838	134	135	136	137	138	139	140	141	256	#
135	58.9838	135	136	137	138	139	140	141	142	256	#
136	58.9838	136	137	138	139	140	141	142	143	256	#
137	58.9838	137	138	139	140	141	142	143	144	256	#
138	58.9838	138	139	140	141	142	143	144	145	256	#
139	58.9838	139	140	141	142	143	144	145	146	256	#
140	58.9838	140	141	142	143	144	145	146	147	256	#
141	58.9838	141	142	143	144	145	146	147	148	256	#
142	58.9838	142	143	144	145	146	147	148	149	256	#
143	58.9838	143	144	145	146	147	148	149	150	256	#
144	58.9838	144	145	146	147	148	149	150	151	256	#
145	58.9838	145	146	147	148	149	150	151	152	256	#
146	58.9838	146	147	148	149	150	151	152	153	256	#
147	58.9838	147	148	149	150	151	152	153	154	256	#
148	58.9838	148	149	150	151	152	153	154	155	256	#
149	58.9838	149	150	151	152	153	154	155	156	256	#
150	58.9838	150	151	152	153	154	155	156	157	256	#
151	58.9838	151	152	153	154	155	156	157	158	256	#
152	58.9838	152	153	154	155	156	157	158	159	256	#
153	58.9838	153	154	155	156	157	158	159	160	256	#
154	58.9838	154	155	156	157	158	159	160	161	256	#
155	58.9838	155	156	157	158	159	160	161	162	256	#
156	58.9838	156	157	158	159	160	161	162	163	256	#
157	58.9838	157	158	159	160	161	162	163	164	256	#
158	58.9838	158	159	160	161	162	163	164	165	256	#
159	58.9838	159	160	161	162	163	164	165	166	256	#
160	58.9838	160	161	162	163	164	165	166	167	256	#
161	58.9838	161	162	163	164	165	166	167	168	256	#
162	58.9838	162	163	164	165	166	167	168	169	256	#
163	58.9838	163	164	165	166	167	168	169	170	256	#
164	58.9838	164	165	166	167	168	169	170	171	256	#
165	58.9838	165	166	167	168	169	170	171	172	256	#
166	58.9838	166	167	168	169	170	171	172	173	256	#
167	58.9838	167	168	169	170	171	172	173	174	256	#
168	58.9838	168	169	170	171	172	173	174	175	256	#
169	58.9838	169	170	171	172	173	174	175	176	256	#
170	58.9838	170	171	172	173	174	175	176	177	256	#
171	58.9838	171	172	173	174	175	176	177	178	256	#
172	58.9838	172	173	174	175	176	177	178	179	256	#
173	58.9838	173	174	175	176	177	178	179	180	256	#
174	58.9838	174	175	176	177	178	179	180	181	256	#
175	58.9838	175	176	177	178	179	180	181	182	256	#
176	58.9838	176	177	178	179	180	181	182	183	256	#
177	58.9838	177	178	179	180	181	182	183	184	256	#
178	58.9838	178	179	180	181	182	183	184	185	256	#
179	58.9838	179	180	181	182	183	184	185	186	256	#
180	58.9838	180	181	182	183	184	185	186	187	256	#
181	58.9838	181	182	183	184	185	186	187	188	256	#
182	58.9838	182	183	184	185	186	187	188	189	256	#
183	58.9838	183	184	185	186	187	188	189	190	256	#
184	58.9838	184	185	186	187	188	189	190	191	256	#
185	58.9838	185	186	187	188	189	190	191	192	256	#
186	58.9838	186	187	188	189	190	191	192	193	256	#
187	58.9838	187	188	189	190	191	192	193	194	256	#
188	52.7321	188	189	190	191	192	193	194	195	256	#
189	52.7321	189	190	191	192	193	194	195	196	256	#
190	52.7321	190	191	192	193	194	195	196	197	256	#
191	52.7321	191	192	193	194	195	196	197	198	256	#
192	52.7321	192	193	194	195	196	197	198	199	256	#
193	52.7321	193	194	195	196	197	198	199	200	256	#
194	52.7321	194	195	196	197	198	199	200	201	256	#
195	52.7321	195	196	197	198	199	200	201	202	256	#
196	52.7321	196	197	198	199	200	201	202	203	256	#
197	52.7321	197	198	199	200	201	202	203	204	256	#
198	52.7321	198	199	200	201	202	203	204	205	256	#
199	52.7321	199	200	201	202	203	204	205	206	256	#
200	52.7321	200	201	202	203	204	205	206	207	256	#
201	52.7321	201	202	203	204	205	206	207	208	256	#
202	52.7321	202	203	204	205	206	207	208	209	256	#
203	52.7321	203	204	205	206	207	208	209	210	256	#
204	52.7321	204	205	206	207	208	209	210	211	256	#
205	52.7321	205	206	207	208	209	210	211	212	256	#
206	52.7321	206	207	208	209	210	211	212	213	256	#
207	52.7321	207	208	209	210	211	212	213	214	256	#
208	52.7321	208	209	210	211	212	213	214	215	256	#
209	52.7321	209	210	211	212	213	214	215	216	256	#
210	52.7321	210	211	212	213	214	215	216	217	256	#
211	46.7056	211	212	213	214	215	216	217	218	256	#
212	46.7056	212	213	214	215	216	217	218	219	256	#
213	46.7056	213	214	215	216	217	218	219	220	256	#
214	46.7056	214	215	216	217	218	219	220	221	256	#
215	46.7056	215	216	217	218	219	220	221	222	256	#
216	46.7056	216	217	218	219	220	221	222	223	256	#
217	46.7056	217	218	219	220	221	222	223	224	256	#
218	46.7056	218	219	220	221	222	223	224	225	256	#
219	46.7056	219	220	221	222	223	224	225	226	256	#
220	46.7056	220	221	222	223	224	225	226	227	256	#
221	46.7056	221	222	223	224	225	226	227	228	256	#
222	46.7056	222	223	224	225	226	227	228	229	256	#
223	46.7056	223	224	225	226	227	228	229	230	256	#
224	46.7056	224	225	226	227	228	229	230	231	256	#
225	46.7056	225	226	227	228	229	230	231	232	256	#
226	46.7056	226	227	228	229	230	231	232	233	256	#
227	46.7056	227	228	229	230	231	232	233	234	256	#
228	46.7056	228	229	230	231	232	233	234	235	256	#
229	46.7056	229	230	231	232	233	234	235	236	256	#
230	46.7056	230	231	232	233	234	235	236	237	256	#
231	46.7056	231	232	233	234	235	236	237	238	256	#
232	46.7056	232	233	234	235	236	237	238	239	256	#
233	46.7056	233	234	235	236	237	238	239	240	256	#
234	46.7056	234	235	236	237	238	239	240	241	256	#
235	46.7056	235	236	237	238	239	240	241	242	256	#
236	46.7056	236	237	238	239	240	241	242	243	256	#
237	46.7056	237	238	239	240	241	242	243	244	256	#
238	46.7056	238	239	240	241	242	243	244	245	256	#
239	62.8517	0	1	2	3	4	5	6	7	8	257	#
240	62.8517	1	2	3	4	5	6	7	8	9	257	#
241	62.8517	2	3	4	5	6	7	8	9	10	257	#
242	62.8517	3	4	5	6	7	8	9	10	11	257	#
243	62.8517	4	5	6	7	8	9	10	11	12	257	#
244	62.8517	5	6	7	8	9	10	11	12	13	257	#
245	62.8517	6	7	8	9	10	11	12	13	14	257	#
246	62.8517	7	8	9	10	11	12	13	14	15	257	#
247	62.8517	8	9	10	11	12	13	14	15	16	257	#
248	62.8517	9	10	11	12	13	14	15	16	17	257	#
249	62.8517	10	11	12	13	14	15	16	17	18	257	#
250	62.8517	11	12	13	14	15	16	17	18	19	257	#
251	62.8517	12	13	14	15	16	17	18	19	20	257	#
252	62.8517	13	14	15	16	17	18	19	20	21	257	#
253	62.8517	14	15	16	17	18	19	20	21	22	257	#
254	62.8517	15	16	17	18	19	20	21	22	23	257	#
255	62.8517	16	17	18	19	20	21	22	23	24	257	#
256	62.8517	17	18	19	20	21	22	23	24	25	257	#
257	62.8517	18	19	20	21	22	23	24	25	26	257	#
258	62.8517	19	20	21	22	23	24	25	26	27	257	#
259	62.8517	20	21	22	23	24	25	26	27	28	257	#
260	62.8517	21	22	23	24	25	26	27	28	29	257	#
261	62.8517	22	23	24	25	26	27	28	29	30	257	#
262	62.8517	23	24	25	26	27	28	29	30	31	257	#
263	62.8517	24	25	26	27	28	29	30	31	32	257	#
264	62.8517	25	26	27	28	29	30	31	32	33	257	#
265	62.8517	26	27	28	29	30	31	32	33	34	257	#
266	62.8517	27	28	29	30	31	32	33	34	35	257	#
267	62.8517	28	29	30	31	32	33	34	35	36	257	#
268	62.8517	29	30	31	32	33	34	35	36	37	257	#
269	62.8517	30	31	32	33	34	35	36	37	38	257	#
270	62.8517	31	32	33	34	35	36	37	38	39	257	#
271	62.8517	32	33	34	35	36	37	38	39	40	257	#
272	62.8517	33	34	35	36	37	38	39	40	41	257	#
273	62.8517	34	35	36	37	38	39	40	41	42	257	#
274	62.8517	35	36	37	38	39	40	41	42	43	257	#
275	62.8517	36	37	38	39	40	41	42	43	44	257	#
276	62.8517	37	38	39	40	41	42	43	44	45	257	#
277	62.8517	38	39	40	41	42	43	44	45	46	257	#
278	62.8517	39	40	41	42	43	44	45	46	47	257	#
279	62.8517	40	41	42	43	44	45	46	47	48	257	#
280	62.8517	41	42	43	44	45	46	47	48	49	257	#
281	62.8517	42	43	44	45	46	47	48	49	50	257	#
282	62.8517	43	44	45	46	47	48	49	50	51	257	#
283	62.8517	44	45	46	47	48	49	50	51	52	257	#
284	62.8517	45	46	47	48	49	50	51	52	53	257	#
285	62.8517	46	47	48	49	50	51	52	53	54	257	#
286	62.8517	47	48	49	50	51	52	53	54	55	257	#
287	62.8517	48	49	50	51	52	53	54	55	56	257	#
288	62.8517	49	50	51	52	53	54	55	56	57	257	#
289	62.8517	50	51	52	53	54	55	56	57	58	257	#
290	62.8517	51	52	53	54	55	56	57	58	59	257	#
291	62.8517	52	53	54	55	56	57	58	59	60	257	#
292	62.8517	53	54	55	56	57	58	59	60	61	257	#
293	62.8517	54	55	56	57	58	59	60	61	62	257	#
294	62.8517	55	56	57	58	59	60	61	62	63	257	#
295	62.8517	56	57	58	59	60	61	62	63	64	257	#
296	62.8517	57	58	59	60	61	62	63	64	65	257	#
297	62.8517	58	59	60	61	62	63	64	65	66	257	#
298	62.8517	59	60	61	62	63	64	65	66	67	257	#
299	62.8517	60	61	62	63	64	65	66	67	68	257	#
300	62.8517	61	62	63	64	65	66	67	68	69	257	#
301	62.8517	62	63	64	65	66	67	68	69	70	257	#
302	62.8517	63	64	65	66	67	68	69	70	71	257	#
303	62.8517	64	65	66	67	68	69	70	71	72	257	#
304	62.8517	65	66	67	68	69	70	71	72	73	257	#
305	62.8517	66	67	68	69	70	71	72	73	74	257	#
306	62.8517	67	68	69	70	71	72	73	74	75	257	#
307	62.8517	68	69	70	71	72	73	74	75	76	257	#
308	62.8517	69	70	71	72	73	74	75	76	77	257	#
309	62.8517	70	71	72	73	74	75	76	77	78	257	#
310	62.8517	71	72	73	74	75	76	77	78	79	257	#
311	62.8517	72	73	74	75	76	77	78	79	80	257	#
312	62.8517	73	74	75	76	77	78	79	80	81	257	#
313	62.8517	74	75	76	77	78	79	80	81	82	257	#
314	62.8517	75	76	77	78	79	80	81	82	83	257	#
315	62.8517	76	77	78	79	80	81	82	83	84	257	#
316	62.8517	77	78	79	80	81	82	83	84	85	257	#
317	62.8517	78	79	80	81	82	83	84	85	86	257	#
318	62.8517	79	80	81	82	83	84	85	86	87	257	#
319	62.8517	80	81	82	83	84	85	86	87	88	257	#
320	62.8517	81	82	83	84	85	86	87	88	89	257	#
321	62.8517	82	83	84	85	86	87	88	89	90	257	#
322	62.8517	83	84	85	86	87	88	89	90	91	257	#
323	62.8517	84	85	86	87	88	89	90	91	92	257	#
324	62.8517	85	86	87	88	89	90	91	92	93	257	#
325	62.8517	86	87	88	89	90	91	92	93	94	257	#
326	62.8517	87	88	89	90	91	92	93	94	95	257	#
327	62.8517	88	89	90	91	92	93	94	95	96	257	#
328	62.8517	89	90	91	92	93	94	95	96	97	257	#
329	62.8517	90	91	92	93	94	95	96	97	98	257	#
330	62.8517	91	92	93	94	95	96	97	98	99	257	#
331	62.8517	92	93	94	95	96	97	98	99	100	257	#
332	62.8517	93	94	95	96	97	98	99	100	101	257	#
333	62.8517	94	95	96	97	98	99	100	101	102	257	#
334	62.8517	95	96	97	98	99	100	101	102	103	257	#
335	62.8517	96	97	98	99	100	101	102	103	104	257	#
336	62.8517	97	98	99	100	101	102	103	104	105	257	#
337	62.8517	98	99	100	101	102	103	104	105	106	257	#
338	62.8517	99	100	101	102	103	104	105	106	107	257	#
339	62.8517	100	101	102	103	104	105	106	107	108	257	#
340	62.8517	101	102	103	104	105	106	107	108	109	257	#
341	62.8517	102	103	104	105	106	107	108	109	110	257	#
342	62.8517	103	104	105	106	107	108	109	110	111	257	#
343	62.8517	104	105	106	107	108	109	110	111	112	257	#
344	62.8517	105	106	107	108	109	110	111	112	113	257	#
345	62.8517	106	107	108	109	110	111	112	113	114	257	#
346	62.8517	107	108	109	110	111	112	113	114	115	257	#
347	62.8517	108	109	110	111	112	113	114	115	116	257	#
348	62.8517	109	110	111	112	113	114	115	116	117	257	#
349	62.8517	110	111	112	113	114	115	116	117	118	257	#
350	62.8517	111	112	113	114	115	116	117	118	119	257	#
351	62.8517	112	113	114	115	116	117	118	119	120	257	#
352	62.8517	113	114	115	116	117	118	119	120	121	257	#
353	62.8517	114	115	116	117	118	119	120	121	122	257	#
354	62.8517	115	116	117	118	119	120	121	122	123	257	#
355	62.8517	116	117	118	119	120	121	122	123	124	257	#
356	62.8517	117	118	119	120	121	122	123	124	125	257	#
357	62.8517	118	119	120	121	122	123	124	125	126	257	#
358	62.8517	119	120	121	122	123	124	125	126	127	257	#
359	44.1003	120	121	122	123	124	125	126	127	128	257	#
360	44.1003	121	122	123	124	125	126	127	128	129	257	#
361	44.1003	122	123	124	125	126	127	128	129	130	257	#
362	44.1003	123	124	125	126	127	128	129	130	131	257	#
363	44.1003	124	125	126	127	128	129	130	131	132	257	#
364	44.1003	125	126	127	128	129	130	131	132	133	257	#
365	44.1003	126	127	128	129	130	131	132	133	134	257	#
366	44.1003	127	128	129	130	131	132	133	134	135	257	#
367	44.1003	128	129	130	131	132	133	134	135	136	257	#
368	44.1003	129	130	131	132	133	134	135	136	137	257	#
369	44.1003	130	131	132	133	134	135	136	137	138	257	#
370	44.1003	131	132	133	134	135	136	137	138	139	257	#
371	44.1003	132	133	134	135	136	137	138	139	140	257	#
372	44.1003	133	134	135	136	137	138	139	140	141	257	#
373	44.1003	134	135	136	137	138	139	140	141	142	257	#
374	44.1003	135	136	137	138	139	140	141	142	143	257	#
375	44.1003	136	137	138	139	140	141	142	143	144	257	#
376	44.1003	137	138	139	140	141	142	143	144	145	257	#
377	44.1003	138	139	140	141	142	143	144	145	146	257	#
378	44.1003	139	140	141	142	143	144	145	146	147	257	#
379	44.1003	140	141	142	143	144	145	146	147	148	257	#
380	44.1003	141	142	143	144	145	146	147	148	149	257	#
381	44.1003	142	143	144	145	146	147	148	149	150	257	#
382	44.1003	143	144	145	146	147	148	149	150	151	257	#
383	44.1003	144	145	146	147	148	149	150	151	152	257	#
384	44.1003	145	146	147	148	149	150	151	152	153	257	#
385	44.1003	146	147	148	149	150	151	152	153	154	257	#
386	44.1003	147	148	149	150	151	152	153	154	155	257	#
387	44.1003	148	149	150	151	152	153	154	155	156	257	#
388	44.1003	149	150	151	152	153	154	155	156	157	257	#
389	44.1003	150	151	152	153	154	155	156	157	158	257	#
390	44.1003	151	152	153	154	155	156	157	158	159	257	#
391	44.1003	152	153	154	155	156	157	158	159	160	257	#
392	44.1003	153	154	155	156	157	158	159	160	161	257	#
393	44.1003	154	155	156	157	158	159	160	161	162	257	#
394	44.1003	155	156	157	158	159	160	161	162	163	257	#
395	44.1003	156	157	158	159	160	161	162	163	164	257	#
396	44.1003	157	158	159	160	161	162	163	164	165	257	#
397	44.1003	158	159	160	161	162	163	164	165	166	257	#
398	44.1003	159	160	161	162	163	164	165	166	167	257	#
399	44.1003	160	161	162	163	164	165	166	167	168	257	#
400	44.1003	161	162	163	164	165	166	167	168	169	257	#
401	44.1003	162	163	164	165	166	167	168	169	170	257	#
402	44.1003	163	164	165	166	167	168	169	170	171	257	#
403	44.1003	164	165	166	167	168	169	170	171	172	257	#
404	44.1003	165	166	167	168	169	170	171	172	173	257	#
405	44.1003	166	167	168	169	170	171	172	173	174	257	#
406	44.1003	167	168	169	170	171	172	173	174	175	257	#
407	44.1003	168	169	170	171	172	173	174	175	176	257	#
408	44.1003	169	170	171	172	173	174	175	176	177	257	#
409	44.1003	170	171	172	173	174	175	176	177	178	257	#
410	44.1003	171	172	173	174	175	176	177	178	179	257	#
411	44.1003	172	173	174	175	176	177	178	179	180	257	#
412	44.1003	173	174	175	176	177	178	179	180	181	257	#
413	1.70084	0	258	#
414	1.70084	1	258	#
415	1.70084	2	258	#
416	1.70084	3	258	#
417	1.70084	4	258	#
418	1.70084	5	258	#
419	0.0480463	6	258	#
420	0.0480463	7	258	#
421	0.0480463	8	258	#
422	0.0480463	9	258	#
423	0.0480463	10	258	#
424	0.0480463	11	258	#
425	0.0480463	12	258	#
426	0.0480463	13	258	#
427	0.0480463	14	258	#
428	0.0480463	15	258	#
429	0.0480463	16	258	#
430	0.0480463	17	258	#
431	0.0480463	18	258	#
432	0.0480463	19	258	#
433	0.0480463	20	258	#
434	0.0480463	21	258	#
435	0.0480463	22	258	#
436	0.0480463	23	258	#
437	0.0480463	24	258	#
438	0.0480463	25	258	#
439	0.0480463	26	258	#
440	0.0480463	27	258	#
441	0.0480463	28	258	#
442	0.0480463	29	258	#
443	0.0480463	30	258	#
444	0.0480463	31	258	#
445	0.0480463	32	258	#
446	0.0480463	33	258	#
447	0.0480463	34	258	#
448	0.0480463	35	258	#
449	0.0480463	36	258	#
450	0.0480463	37	258	#
451	0.0480463	38	258	#
452	0.0480463	39	258	#
453	0.0480463	40	258	#
454	0.0480463	41	258	#
455	0.0480463	42	258	#
456	0.0480463	43	258	#
457	0.0480463	44	258	#
458	0.0480463	45	258	#
459	0.0480463	46	258	#
460	0.0480463	47	258	#
461	0.0480463	48	258	#
462	0.0480463	49	258	#
463	0.0480463	50	258	#
464	0.0480463	51	258	#
465	0.0480463	52	258	#
466	0.0480463	53	258	#
467	0.0480463	54	258	#
468	0.0480463	55	258	#
469	0.0480463	56	258	#
470	0.0480463	57	258	#
471	0.0480463	58	258	#
472	0.0480463	59	258	#
473	0.0480463	60	258	#
474	0.0480463	61	258	#
475	0.0480463	62	258	#
476	0.0480463	63	258	#
477	0.0480463	64	258	#
478	0.0480463	65	258	#
479	0.0480463	66	258	#
480	0.0480463	67	258	#
481	0.0480463	68	258	#
482	0.0480463	69	258	#
483	0.0480463	70	258	#
484	0.0480463	71	258	#
485	0.0480463	72	258	#
486	0.0480463	73	258	#
487	0.0480463	74	258	#
488	0.0480463	75	258	#
489	0.0480463	76	258	#
490	0.0480463	77	258	#
491	0.0480463	78	258	#
492	0.0480463	79	258	#
493	0.0480463	80	258	#
494	0.0480463	81	258	#
495	0.0480463	82	258	#
496	0.0480463	83	258	#
497	0.0480463	84	258	#
498	0.0480463	85	258	#
499	0.0480463	86	258	#
500	0.0480463	87	258	#
501	0.0480463	88	258	#
502	0.0480463	89	258	#
503	0.0480463	90	258	#
504	0.0480463	91	258	#
505	0.0480463	92	258	#
506	0.0480463	93	258	#
507	0.0480463	94	258	#
508	0.0480463	95	258	#
509	0.0480463	96	258	#
510	0.0480463	97	258	#
511	0.0480463	98	258	#
512	0.0480463	99	258	#
513	0.0480463	100	258	#
514	0.0480463	101	258	#
515	0.0480463	102	258	#
516	0.0480463	103	258	#
517	0.0480463	104	258	#
518	0.0480463	105	258	#
519	0.0480463	106	258	#
520	0.0480463	107	258	#
521	0.0480463	108	258	#
522	0.0480463	109	258	#
523	0.0480463	110	258	#
524	0.0480463	111	258	#
525	0.0480463	112	258	#
526	0.0480463	113	258	#
527	0.0480463	114	258	#
528	0.0480463	115	258	#
529	0.0480463	116	258	#
530	0.0480463	117	258	#
531	0.0480463	118	258	#
532	0.0480463	119	258	#
533	0.0480463	120	258	#
534	0.0480463	121	258	#
535	0.0480463	122	258	#
536	0.0480463	123	258	#
537	0.0480463	124	258	#
538	0.0480463	125	258	#
539	0.0480463	126	258	#
540	0.0480463	127	258	#
541	0.0480463	128	258	#
542	0.0480463	129	258	#
543	0.0480463	130	258	#
544	0.0480463	131	258	#
545	0.0480463	132	258	#
546	0.0480463	133	258	#
547	0.0480463	134	258	#
548	0.0480463	135	258	#
549	0.0480463	136	258	#
550	0.0480463	137	258	#
551	0.0480463	138	258	#
552	0.0480463	139	258	#
553	0.0480463	140	258	#
554	0.0480463	141	258	#
555	0.0480463	142	258	#
556	0.0480463	143	258	#
557	0.0480463	144	258	#
558	0.0480463	145	258	#
559	0.0480463	146	258	#
560	0.0480463	147	258	#
561	0.0480463	148	258	#
562	0.0480463	149	258	#
563	0.0480463	150	258	#
564	0.0480463	151	258	#
565	0.0480463	152	258	#
566	0.0480463	153	258	#
567	0.0480463	154	258	#
568	0.0480463	155	258	#
569	0.0480463	156	258	#
570	0.0480463	157	258	#
571	0.0480463	158	258	#
572	0.0480463	159	258	#
573	0.0480463	160	258	#
574	0.0480463	161	258	#
575	0.0480463	162	258	#
576	0.0480463	163	258	#
577	0.0480463	164	258	#
578	0.0480463	165	258	#
579	0.0480463	166	258	#
580	0.0480463	167	258	#
581	0.0480463	168	258	#
582	0.0480463	169	258	#
583	0.0480463	170	258	#
584	0.0480463	171	258	#
585	0.0480463	172	258	#
586	0.0480463	173	258	#
587	0.0480463	174	258	#
588	0.0480463	175	258	#
589	0.0480463	176	258	#
590	0.0480463	177	258	#
591	0.0431685	178	258	#
592	0.0431685	179	258	#
593	0.0431685	180	258	#
594	0.0431685	181	258	#
595	0.0431685	182	258	#
596	0.0431685	183	258	#
597	0.0431685	184	258	#
598	0.0431685	185	258	#
599	0.0431685	186	258	#
600	0.0431685	187	258	#
601	0.0431685	188	258	#
602	0.0431685	189	258	#
603	0.0431685	190	258	#
604	0.0431685	191	258	#
605	0.0431685	192	258	#
606	0.0431685	193	258	#
607	0.0431685	194	258	#
608	0.0431685	195	258	#
609	0.0431685	196	258	#
610	0.0431685	197	258	#
611	1.08807	0	259	#
612	1.08807	1	259	#
613	1.08807	2	259	#
614	1.08807	3	259	#
615	1.08807	4	259	#
616	1.08807	5	259	#
617	1.08807	6	259	#
618	1.08807	7	259	#
619	1.08807	8	259	#
620	1.08807	9	259	#
621	1.08807	10	259	#
622	1.08807	11	259	#
623	1.08807	12	259	#
624	1.08807	13	259	#
625	1.08807	14	259	#
626	1.08807	15	259	#
627	1.08807	16	259	#
628	1.08807	17	259	#
629	1.08807	18	259	#
630	1.08807	19	259	#
631	1.08807	20	259	#
632	1.08807	21	259	#
633	1.08807	22	259	#
634	1.08807	23	259	#
635	1.08807	24	259	#
636	1.08807	25	259	#
637	1.08807	26	259	#
638	1.08807	27	259	#
639	1.08807	28	259	#
640	1.08807	29	259	#
641	1.08807	30	259	#
642	1.08807	31	259	#
643	1.08807	32	259	#
644	1.08807	33	259	#
645	1.08807	34	259	#
646	1.08807	35	259	#
647	1.08807	36	259	#
648	1.08807	37	259	#
649	1.08807	38	259	#
650	1.08807	39	259	#
651	1.08807	40	259	#
652	1.08807	41	259	#
653	1.08807	42	259	#
654	1.08807	43	259	#
655	1.08807	44	259	#
656	1.08807	45	259	#
657	1.08807	46	259	#
658	1.08807	47	259	#
659	1.08807	48	259	#
660	1.08807	49	259	#
661	1.08807	50	259	#
662	1.08807	51	259	#
663	1.08807	52	259	#
664	1.08807	53	259	#
665	1.08807	54	259	#
666	1.08807	55	259	#
667	1.08807	56	259	#
668	1.08807	57	259	#
669	1.08807	58	259	#
670	1.08807	59	259	#
671	1.08807	60	259	#
672	1.08807	61	259	#
673	1.08807	62	259	#
674	1.08807	63	259	#
675	1.08807	64	259	#
676	1.08807	65	259	#
677	1.08807	66	259	#
678	1.08807	67	259	#
679	1.08807	68	259	#
680	1.08807	69	259	#
681	1.08807	70	259	#
682	1.08807	71	259	#
683	1.08807	72	259	#
684	1.08807	73	259	#
685	1.08807	74	259	#
686	1.08807	75	259	#
687	1.08807	76	259	#
688	1.08807	77	259	#
689	1.08807	78	259	#
690	1.08807	79	259	#
691	1.08807	80	259	#
692	1.08807	81	259	#
693	1.08807	82	259	#
694	1.08807	83	259	#
695	1.08807	84	259	#
696	1.08807	85	259	#
697	1.08807	86	259	#
698	1.08807	87	259	#
699	1.08807	88	259	#
700	1.08807	89	259	#
701	1.08807	90	259	#
702	1.08807	91	259	#
703	1.08807	92	259	#
704	1.08807	93	259	#
705	1.08807	94	259	#
706	1.08807	95	259	#
707	1.08807	96	259	#
708	1.08807	97	259	#
709	1.08807	98	259	#
710	1.08807	99	259	#
711	1.08807	100	259	#
712	1.08807	101	259	#
713	1.08807	102	259	#
714	1.08807	103	259	#
715	1.08807	104	259	#
716	1.08807	105	259	#
717	1.08807	106	259	#
718	1.08807	107	259	#
719	1.08807	108	259	#
720	1.08807	109	259	#
721	1.08807	110	259	#
722	1.08807	111	259	#
723	1.08807	112	259	#
724	1.08807	113	259	#
725	1.08807	114	259	#
726	1.08807	115	259	#
727	1.08807	116	259	#
728	1.08807	117	259	#
729	1.08807	118	259	#
730	1.08807	119	259	#
731	1.08807	120	259	#
732	1.08807	121	259	#
733	1.08807	122	259	#
734	1.08807	123	259	#
735	1.08807	124	259	#
736	1.08807	125	259	#
737	1.08807	126	259	#
738	1.08807	127	259	#
739	1.08807	128	259	#
740	1.08807	129	259	#
741	1.08807	130	259	#
742	1.08807	131	259	#
743	1.08807	132	259	#
744	1.08807	133	259	#
745	1.08807	134	259	#
746	1.08807	135	259	#
747	1.08807	136	259	#
748	1.08807	137	259	#
749	1.08807	138	259	#
750	1.08807	139	259	#
751	1.08807	140	259	#
752	1.08807	141	259	#
753	1.08807	142	259	#
754	1.08807	143	259	#
755	1.08807	144	259	#
756	1.08807	145	259	#
757	1.08807	146	259	#
758	1.08807	147	259	#
759	1.08807	148	259	#
760	1.08807	149	259	#
761	1.08807	150	259	#
762	1.08807	151	259	#
763	1.08807	152	259	#
764	1.08807	153	259	#
765	1.08807	154	259	#
766	1.08807	155	259	#
767	1.08807	156	259	#
768	1.08807	157	259	#
769	1.08807	158	259	#
770	1.08807	159	259	#
771	1.08807	160	259	#
772	1.08807	161	259	#
773	1.08807	162	259	#
774	1.08807	163	259	#
775	1.08807	164	259	#
776	1.08807	165	259	#
777	1.08807	166	259	#
778	1.08807	167	259	#
779	1.08807	168	259	#
780	1.08807	169	259	#
781	1.08807	170	259	#
782	1.08807	171	259	#
783	1.08807	172	259	#
784	1.08807	173	259	#
785	1.08807	174	259	#
786	1.08807	175	259	#
787	1.08807	176	259	#
788	1.08807	177	259	#
789	1.08807	178	259	#
790	1.08807	179	259	#
791	1.08807	180	259	#
792	1.08807	181	259	#
793	1.08807	182	259	#
794	1.08807	183	259	#
795	1.08807	184	259	#
796	1.08807	185	259	#
797	1.08807	186	259	#
798	1.08807	187	259	#
799	1.08807	188	259	#
800	1.08807	189	259	#
801	1.08807	190	259	#
802	1.08807	191	259	#
803	1.08807	192	259	#
804	1.08807	193	259	#
805	1.08807	194	259	#
806	1.08807	195	259	#
807	1.08807	196	259	#
808	1.08807	197	259	#
809	1.08807	198	259	#
810	1.08807	199	259	#
811	1.08807	200	259	#
812	1.08807	201	259	#
813	1.08807	202	259	#
814	1.08807	203	259	#
815	1.08807	204	259	#
816	1.08807	205	259	#
817	1.08807	206	259	#
818	1.08807	207	259	#
819	1.08807	208	259	#
820	1.08807	209	259	#
821	1.08807	210	259	#
822	1.08807	211	259	#
823	1.08807	212	259	#
824	1.08807	213	259	#
825	1.08807	214	259	#
826	1.08807	215	259	#
827	1.08807	216	259	#
828	1.08807	217	259	#
829	1.08807	218	259	#
830	1.08807	219	259	#
831	1.08807	220	259	#
832	1.08807	221	259	#
833	1.08807	222	259	#
834	1.08807	223	259	#
835	1.08807	224	259	#
836	43.7826	0	1	2	3	4	5	6	7	260	#
837	43.7826	1	2	3	4	5	6	7	8	260	#
838	43.7826	2	3	4	5	6	7	8	9	260	#
839	43.7826	3	4	5	6	7	8	9	10	260	#
840	43.7826	4	5	6	7	8	9	10	11	260	#
841	43.7826	5	6	7	8	9	10	11	12	260	#
842	43.7826	6	7	8	9	10	11	12	13	260	#
843	43.7826	7	8	9	10	11	12	13	14	260	#
844	43.7826	8	9	10	11	12	13	14	15	260	#
845	43.7826	9	10	11	12	13	14	15	16	260	#
846	43.7826	10	11	12	13	14	15	16	17	260	#
847	43.7826	11	12	13	14	15	16	17	18	260	#
848	43.7826	12	13	14	15	16	17	18	19	260	#
849	43.7826	13	14	15	16	17	18	19	20	260	#
850	43.7826	14	15	16	17	18	19	20	21	260	#
851	43.7826	15	16	17	18	19	20	21	22	260	#
852	43.7826	16	17	18	19	20	21	22	23	260	#
853	43.7826	17	18	19	20	21	22	23	24	260	#
854	43.7826	18	19	20	21	22	23	24	25	260	#
855	43.7826	19	20	21	22	23	24	25	26	260	#
856	43.7826	20	21	22	23	24	25	26	27	260	#
857	43.7826	21	22	23	24	25	26	27	28	260	#
858	43.7826	22	23	24	25	26	27	28	29	260	#
859	43.7826	23	24	25	26	27	28	29	30	260	#
860	43.7826	24	25	26	27	28	29	30	31	260	#
861	43.7826	25	26	27	28	29	30	31	32	260	#
862	43.7826	26	27	28	29	30	31	32	33	260	#
863	43.7826	27	28	29	30	31	32	33	34	260	#
864	43.7826	28	29	30	31	32	33	34	35	260	#
865	43.7826	29	30	31	32	33	34	35	36	260	#
866	43.7826	30	31	32	33	34	35	36	37	260	#
867	43.7826	31	32	33	34	35	36	37	38	260	#
868	43.7826	32	33	34	35	36	37	38	39	260	#
869	43.7826	33	34	35	36	37	38	39	40	260	#
870	43.7826	34	35	36	37	38	39	40	41	260	#
871	43.7826	35	36	37	38	39	40	41	42	260	#
872	43.7826	36	37	38	39	40	41	42	43	260	#
873	43.7826	37	38	39	40	41	42	43	44	260	#
874	43.7826	38	39	40	41	42	43	44	45	260	#
875	43.7826	39	40	41	42	43	44	45	46	260	#
876	43.7826	40	41	42	43	44	45	46	47	260	#
877	43.7826	41	42	43	44	45	46	47	48	260	#
878	43.7826	42	43	44	45	46	47	48	49	260	#
879	43.7826	43	44	45	46	47	48	49	50	260	#
880	43.7826	44	45	46	47	48	49	50	51	260	#
881	43.7826	45	46	47	48	49	50	51	52	260	#
882	43.7826	46	47	48	49	50	51	52	53	260	#
883	43.7826	47	48	49	50	51	52	53	54	260	#
884	43.7826	48	49	50	51	52	53	54	55	260	#
885	43.7826	49	50	51	52	53	54	55	56	260	#
886	43.7826	50	51	52	53	54	55	56	57	260	#
887	43.7826	51	52	53	54	55	56	57	58	260	#
888	43.7826	52	53	54	55	56	57	58	59	260	#
889	43.7826	53	54	55	56	57	58	59	60	260	#
890	43.7826	54	55	56	57	58	59	60	61	260	#
891	43.7826	55	56	57	58	59	60	61	62	260	#
892	43.7826	56	57	58	59	60	61	62	63	260	#
893	43.7826	57	58	59	60	61	62	63	64	260	#
894	43.7826	58	59	60	61	62	63	64	65	260	#
895	43.7826	59	60	61	62	63	64	65	66	260	#
896	43.7826	60	61	62	63	64	65	66	67	260	#
897	43.7826	61	62	63	64	65	66	67	68	260	#
898	43.7826	62	63	64	65	66	67	68	69	260	#
899	43.7826	63	64	65	66	67	68	69	70	260	#
900	43.7826	64	65	66	67	68	69	70	71	260	#
901	43.7826	65	66	67	68	69	70	71	72	260	#
902	43.7826	66	67	68	69	70	71	72	73	260	#
903	43.7826	67	68	69	70	71	72	73	74	260	#
904	43.7826	68	69	70	71	72	73	74	75	260	#
905	43.7826	69	70	71	72	73	74	75	76	260	#
906	43.7826	70	71	72	73	74	75	76	77	260	#
907	43.7826	71	72	73	74	75	76	77	78	260	#
908	43.7826	72	73	74	75	76	77	78	79	260	#
909	43.7826	73	74	75	76	77	78	79	80	260	#
910	43.7826	74	75	76	77	78	79	80	81	260	#
911	43.7826	75	76	77	78	79	80	81	82	260	#
912	43.7826	76	77	78	79	80	81	82	83	260	#
913	43.7826	77	78	79	80	81	82	83	84	260	#
914	43.7826	78	79	80	81	82	83	84	85	260	#
915	43.7826	79	80	81	82	83	84	85	86	260	#
916	43.7826	80	81	82	83	84	85	86	87	260	#
917	43.7826	81	82	83	84	85	86	87	88	260	#
918	43.7826	82	83	84	85	86	87	88	89	260	#
919	43.7826	83	84	85	86	87	88	89	90	260	#
920	43.7826	84	85	86	87	88	89	90	91	260	#
921	43.7826	85	86	87	88	89	90	91	92	260	#
922	43.7826	86	87	88	89	90	91	92	93	260	#
923	43.7826	87	88	89	90	91	92	93	94	260	#
924	43.7826	88	89	90	91	92	93	94	95	260	#
925	43.7826	89	90	91	92	93	94	95	96	260	#
926	43.7826	90	91	92	93	94	95	96	97	260	#
927	43.7826	91	92	93	94	95	96	97	98	260	#
928	43.7826	92	93	94	95	96	97	98	99	260	#
929	43.7826	93	94	95	96	97	98	99	100	260	#
930	43.7826	94	95	96	97	98	99	100	101	260	#
931	43.7826	95	96	97	98	99	100	101	102	260	#
932	43.7826	96	97	98	99	100	101	102	103	260	#
933	43.7826	97	98	99	100	101	102	103	104	260	#
934	43.7826	98	99	100	101	102	103	104	105	260	#
935	43.7826	99	100	101	102	103	104	105	106	260	#
936	43.7826	100	101	102	103	104	105	106	107	260	#
937	43.7826	101	102	103	104	105	106	107	108	260	#
938	43.7826	102	103	104	105	106	107	108	109	260	#
939	43.7826	103	104	105	106	107	108	109	110	260	#
940	43.7826	104	105	106	107	108	109	110	111	260	#
941	43.7826	105	106	107	108	109	110	111	112	260	#
942	43.7826	106	107	108	109	110	111	112	113	260	#
943	43.7826	107	108	109	110	111	112	113	114	260	#
944	43.7826	108	109	110	111	112	113	114	115	260	#
945	43.7826	109	110	111	112	113	114	115	116	260	#
946	43.7826	110	111	112	113	114	115	116	117	260	#
947	43.7826	111	112	113	114	115	116	117	118	260	#
948	43.7826	112	113	114	115	116	117	118	119	260	#
949	43.7826	113	114	115	116	117	118	119	120	260	#
950	43.7826	114	115	116	117	118	119	120	121	260	#
951	43.7826	115	116	117	118	119	120	121	122	260	#
952	43.7826	116	117	118	119	120	121	122	123	260	#
953	43.7826	117	118	119	120	121	122	123	124	260	#
954	43.7826	118	119	120	121	122	123	124	125	260	#
955	43.7826	119	120	121	122	123	124	125	126	260	#
956	43.7826	120	121	122	123	124	125	126	127	260	#
957	43.7826	121	122	123	124	125	126	127	128	260	#
958	43.7826	122	123	124	125	126	127	128	129	260	#
959	43.7826	123	124	125	126	127	128	129	130	260	#
960	43.7826	124	125	126	127	128	129	130	131	260	#
961	43.7826	125	126	127	128	129	130	131	132	260	#
962	43.7826	126	127	128	129	130	131	132	133	260	#
963	43.7826	127	128	129	130	131	132	133	134	260	#
964	43.7826	128	129	130	131	132	133	134	135	260	#
965	43.7826	129	130	131	132	133	134	135	136	260	#
966	43.7826	130	131	132	133	134	135	136	137	260	#
967	43.7826	131	132	133	134	135	136	137	138	260	#
968	43.7826	132	133	134	135	136	137	138	139	260	#
969	43.7826	133	134	135	136	137	138	139	140	260	#
970	43.7826	134	135	136	137	138	139	140	141	260	#
971	43.7826	135	136	137	138	139	140	141	142	260	#
972	43.7826	136	137	138	139	140	141	142	143	260	#
973	43.7826	137	138	139	140	141	142	143	144	260	#
974	43.7826	138	139	140	141	142	143	144	145	260	#
975	43.7826	139	140	141	142	143	144	145	146	260	#
976	43.7826	140	141	142	143	144	145	146	147	260	#
977	43.7826	141	142	143	144	145	146	147	148	260	#
978	43.7826	142	143	144	145	146	147	148	149	260	#
979	43.7826	143	144	145	146	147	148	149	150	260	#
980	43.7826	144	145	146	147	148	149	150	151	260	#
981	43.7826	145	146	147	148	149	150	151	152	260	#
982	43.7826	146	147	148	149	150	151	152	153	260	#
983	43.7826	147	148	149	150	151	152	153	154	260	#
984	43.7826	148	149	150	151	152	153	154	155	260	#
985	43.7826	149	150	151	152	153	154	155	156	260	#
986	43.7826	150	151	152	153	154	155	156	157	260	#
987	43.7826	151	152	153	154	155	156	157	158	260	#
988	43.7826	152	153	154	155	156	157	158	159	260	#
989	43.7826	153	154	155	156	157	158	159	160	260	#
990	43.7826	154	155	156	157	158	159	160	161	260	#
991	43.7826	155	156	157	158	159	160	161	162	260	#
992	43.7826	156	157	158	159	160	161	162	163	260	#
993	43.7826	157	158	159	160	161	162	163	164	260	#
994	43.7826	158	159	160	161	162	163	164	165	260	#
995	43.7826	159	160	161	162	163	164	165	166	260	#
996	43.7826	160	161	162	163	164	165	166	167	260	#
997	43.7826	161	162	163	164	165	166	167	168	260	#
998	43.7826	162	163	164	165	166	167	168	169	260	#
999	43.7826	163	164	165	166	167	168	169	170	260	#
1000	43.7826	164	165	166	167	168	169	170	171	260	#
1001	43.7826	165	166	167	168	169	170	171	172	260	#
1002	43.7826	166	167	168	169	170	171	172	173	260	#
1003	43.7826	167	168	169	170	171	172	173	174	260	#
1004	43.7826	168	169	170	171	172	173	174	175	260	#
1005	43.7826	169	170	171	172	173	174	175	176	260	#
1006	43.7826	170	171	172	173	174	175	176	177	260	#
1007	43.7826	171	172	173	174	175	176	177	178	260	#
1008	43.7826	172	173	174	175	176	177	178	179	260	#
1009	43.7826	173	174	175	176	177	178	179	180	260	#
1010	43.7826	174	175	176	177	178	179	180	181	260	#
1011	43.7826	175	176	177	178	179	180	181	182	260	#
1012	43.7826	176	177	178	179	180	181	182	183	260	#
1013	43.7826	177	178	179	180	181	182	183	184	260	#
1014	43.7826	178	179	180	181	182	183	184	185	260	#
1015	43.7826	179	180	181	182	183	184	185	186	260	#
1016	43.7826	180	181	182	183	184	185	186	187	260	#
1017	43.7826	181	182	183	184	185	186	187	188	260	#
1018	43.7826	182	183	184	185	186	187	188	189	260	#
1019	43.7826	183	184	185	186	187	188	189	190	260	#
1020	43.7826	184	185	186	187	188	189	190	191	260	#
1021	43.7826	185	186	187	188	189	190	191	192	260	#
1022	43.7826	186	187	188	189	190	191	192	193	260	#
1023	43.7826	187	188	189	190	191	192	193	194	260	#
1024	43.7826	188	189	190	191	192	193	194	195	260	#
1025	43.7826	189	190	191	192	193	194	195	196	260	#
1026	43.7826	190	191	192	193	194	195	196	197	260	#
1027	43.7826	191	192	193	194	195	196	197	198	260	#
1028	43.7826	192	193	194	195	196	197	198	199	260	#
1029	43.7826	193	194	195	196	197	198	199	200	260	#
1030	43.7826	194	195	196	197	198	199	200	201	260	#
1031	39.2871	195	196	197	198	199	200	201	202	260	#
1032	39.2871	196	197	198	199	200	201	202	203	260	#
1033	39.2871	197	198	199	200	201	202	203	204	260	#
1034	39.2871	198	199	200	201	202	203	204	205	260	#
1035	39.2871	199	200	201	202	203	204	205	206	260	#
1036	39.2871	200	201	202	203	204	205	206	207	260	#
1037	39.2871	201	202	203	204	205	206	207	208	260	#
1038	39.2871	202	203	204	205	206	207	208	209	260	#
1039	39.2871	203	204	205	206	207	208	209	210	260	#
1040	39.2871	204	205	206	207	208	209	210	211	260	#
1041	39.2871	205	206	207	208	209	210	211	212	260	#
1042	39.2871	206	207	208	209	210	211	212	213	260	#
1043	39.2871	207	208	209	210	211	212	213	214	260	#
1044	39.2871	208	209	210	211	212	213	214	215	260	#
1045	39.2871	209	210	211	212	213	214	215	216	260	#
1046	39.2871	210	211	212	213	214	215	216	217	260	#
1047	39.2871	211	212	213	214	215	216	217	218	260	#
1048	39.2871	212	213	214	215	216	217	218	219	260	#
1049	39.2871	213	214	215	216	217	218	219	220	260	#
1050	39.2871	214	215	216	217	218	219	220	221	260	#
1051	39.2871	215	216	217	218	219	220	221	222	260	#
1052	39.2871	216	217	218	219	220	221	222	223	260	#
1053	39.2871	217	218	219	220	221	222	223	224	260	#
