%% File generated by CATS v.2.1Wed Jun 29 16:30:10 2011

%% The CATS webpage is http://robotics.stanford.edu/CATS

%% PARAMETER SETTINGS:
% Goods: 50; Bids: 400; Distribution: scheduling; Runs: 1; Seed: 1309383479
% Scheduling Distribution Parameters:
% max_length                = 10
% deviation                 = 0.500000
% prob_additional_deadline  = 0.700000
% additivity                = 0.200000



goods 50
bids 416
dummy 10

0	16.1453	0	1	2	3	4	5	6	7	50	#
1	16.1453	1	2	3	4	5	6	7	8	50	#
2	16.1453	2	3	4	5	6	7	8	9	50	#
3	16.1453	3	4	5	6	7	8	9	10	50	#
4	16.1453	4	5	6	7	8	9	10	11	50	#
5	16.1453	5	6	7	8	9	10	11	12	50	#
6	16.1453	6	7	8	9	10	11	12	13	50	#
7	16.1453	7	8	9	10	11	12	13	14	50	#
8	16.1453	8	9	10	11	12	13	14	15	50	#
9	16.1453	9	10	11	12	13	14	15	16	50	#
10	16.1453	10	11	12	13	14	15	16	17	50	#
11	16.1453	11	12	13	14	15	16	17	18	50	#
12	16.1453	12	13	14	15	16	17	18	19	50	#
13	16.1453	13	14	15	16	17	18	19	20	50	#
14	16.1453	14	15	16	17	18	19	20	21	50	#
15	16.1453	15	16	17	18	19	20	21	22	50	#
16	16.1453	16	17	18	19	20	21	22	23	50	#
17	16.1453	17	18	19	20	21	22	23	24	50	#
18	16.1453	18	19	20	21	22	23	24	25	50	#
19	16.1453	19	20	21	22	23	24	25	26	50	#
20	16.1453	20	21	22	23	24	25	26	27	50	#
21	16.1453	21	22	23	24	25	26	27	28	50	#
22	16.1453	22	23	24	25	26	27	28	29	50	#
23	16.1453	23	24	25	26	27	28	29	30	50	#
24	16.1453	24	25	26	27	28	29	30	31	50	#
25	16.1453	25	26	27	28	29	30	31	32	50	#
26	16.1453	26	27	28	29	30	31	32	33	50	#
27	16.1453	27	28	29	30	31	32	33	34	50	#
28	16.1453	28	29	30	31	32	33	34	35	50	#
29	16.1453	29	30	31	32	33	34	35	36	50	#
30	16.1453	30	31	32	33	34	35	36	37	50	#
31	16.1453	31	32	33	34	35	36	37	38	50	#
32	16.1453	32	33	34	35	36	37	38	39	50	#
33	16.1453	33	34	35	36	37	38	39	40	50	#
34	0.731455	0	51	#
35	0.731455	1	51	#
36	0.731455	2	51	#
37	0.731455	3	51	#
38	0.731455	4	51	#
39	0.731455	5	51	#
40	0.731455	6	51	#
41	0.731455	7	51	#
42	0.731455	8	51	#
43	0.731455	9	51	#
44	0.731455	10	51	#
45	0.731455	11	51	#
46	0.731455	12	51	#
47	0.731455	13	51	#
48	0.731455	14	51	#
49	0.731455	15	51	#
50	0.731455	16	51	#
51	0.731455	17	51	#
52	0.731455	18	51	#
53	0.731455	19	51	#
54	0.731455	20	51	#
55	0.731455	21	51	#
56	0.731455	22	51	#
57	0.731455	23	51	#
58	0.731455	24	51	#
59	0.731455	25	51	#
60	0.731455	26	51	#
61	0.731455	27	51	#
62	0.731455	28	51	#
63	0.731455	29	51	#
64	0.731455	30	51	#
65	0.731455	31	51	#
66	0.731455	32	51	#
67	0.731455	33	51	#
68	0.731455	34	51	#
69	0.731455	35	51	#
70	0.731455	36	51	#
71	0.731455	37	51	#
72	0.731455	38	51	#
73	0.731455	39	51	#
74	0.731455	40	51	#
75	0.731455	41	51	#
76	0.731455	42	51	#
77	0.731455	43	51	#
78	0.655262	44	51	#
79	0.655262	45	51	#
80	0.655262	46	51	#
81	0.655262	47	51	#
82	0.655262	48	51	#
83	2.1267	0	1	52	#
84	2.1267	1	2	52	#
85	2.1267	2	3	52	#
86	2.1267	3	4	52	#
87	2.1267	4	5	52	#
88	2.1267	5	6	52	#
89	2.1267	6	7	52	#
90	2.1267	7	8	52	#
91	2.1267	8	9	52	#
92	2.1267	9	10	52	#
93	2.1267	10	11	52	#
94	2.1267	11	12	52	#
95	2.1267	12	13	52	#
96	2.1267	13	14	52	#
97	2.1267	14	15	52	#
98	2.1267	15	16	52	#
99	2.1267	16	17	52	#
100	2.1267	17	18	52	#
101	2.1267	18	19	52	#
102	2.1267	19	20	52	#
103	2.1267	20	21	52	#
104	2.1267	21	22	52	#
105	2.1267	22	23	52	#
106	2.1267	23	24	52	#
107	2.1267	24	25	52	#
108	2.1267	25	26	52	#
109	2.1267	26	27	52	#
110	2.1267	27	28	52	#
111	2.1267	28	29	52	#
112	2.1267	29	30	52	#
113	2.1267	30	31	52	#
114	2.1267	31	32	52	#
115	2.1267	32	33	52	#
116	2.1267	33	34	52	#
117	2.1267	34	35	52	#
118	2.1267	35	36	52	#
119	2.1267	36	37	52	#
120	2.1267	37	38	52	#
121	2.1267	38	39	52	#
122	2.1267	39	40	52	#
123	2.1267	40	41	52	#
124	2.02778	41	42	52	#
125	2.02778	42	43	52	#
126	4.17909	0	1	2	3	4	53	#
127	4.17909	1	2	3	4	5	53	#
128	4.17909	2	3	4	5	6	53	#
129	4.17909	3	4	5	6	7	53	#
130	4.17909	4	5	6	7	8	53	#
131	4.17909	5	6	7	8	9	53	#
132	4.17909	6	7	8	9	10	53	#
133	4.17909	7	8	9	10	11	53	#
134	4.17909	8	9	10	11	12	53	#
135	4.17909	9	10	11	12	13	53	#
136	4.17909	10	11	12	13	14	53	#
137	4.17909	11	12	13	14	15	53	#
138	4.17909	12	13	14	15	16	53	#
139	4.17909	13	14	15	16	17	53	#
140	4.17909	14	15	16	17	18	53	#
141	4.17909	15	16	17	18	19	53	#
142	4.17909	16	17	18	19	20	53	#
143	4.17909	17	18	19	20	21	53	#
144	4.17909	18	19	20	21	22	53	#
145	4.17909	19	20	21	22	23	53	#
146	4.17909	20	21	22	23	24	53	#
147	4.17909	21	22	23	24	25	53	#
148	4.17909	22	23	24	25	26	53	#
149	4.17909	23	24	25	26	27	53	#
150	4.17909	24	25	26	27	28	53	#
151	4.17909	25	26	27	28	29	53	#
152	4.17909	26	27	28	29	30	53	#
153	4.17909	27	28	29	30	31	53	#
154	4.17909	28	29	30	31	32	53	#
155	4.17909	29	30	31	32	33	53	#
156	4.17909	30	31	32	33	34	53	#
157	4.17909	31	32	33	34	35	53	#
158	4.17909	32	33	34	35	36	53	#
159	4.17909	33	34	35	36	37	53	#
160	4.17909	34	35	36	37	38	53	#
161	4.17909	35	36	37	38	39	53	#
162	4.17909	36	37	38	39	40	53	#
163	4.17909	37	38	39	40	41	53	#
164	4.17909	38	39	40	41	42	53	#
165	4.17909	39	40	41	42	43	53	#
166	3.82343	40	41	42	43	44	53	#
167	3.82343	41	42	43	44	45	53	#
168	3.82343	42	43	44	45	46	53	#
169	3.82343	43	44	45	46	47	53	#
170	3.74377	44	45	46	47	48	53	#
171	3.66737	45	46	47	48	49	53	#
172	4.43117	0	1	2	54	#
173	4.43117	1	2	3	54	#
174	4.43117	2	3	4	54	#
175	4.43117	3	4	5	54	#
176	4.43117	4	5	6	54	#
177	4.43117	5	6	7	54	#
178	4.43117	6	7	8	54	#
179	4.43117	7	8	9	54	#
180	4.43117	8	9	10	54	#
181	4.43117	9	10	11	54	#
182	4.43117	10	11	12	54	#
183	4.43117	11	12	13	54	#
184	4.43117	12	13	14	54	#
185	4.43117	13	14	15	54	#
186	4.43117	14	15	16	54	#
187	4.43117	15	16	17	54	#
188	4.43117	16	17	18	54	#
189	4.43117	17	18	19	54	#
190	4.43117	18	19	20	54	#
191	4.43117	19	20	21	54	#
192	4.43117	20	21	22	54	#
193	4.43117	21	22	23	54	#
194	4.43117	22	23	24	54	#
195	4.43117	23	24	25	54	#
196	4.43117	24	25	26	54	#
197	4.43117	25	26	27	54	#
198	3.98805	26	27	28	54	#
199	3.98805	27	28	29	54	#
200	3.98805	28	29	30	54	#
201	2.54556	29	30	31	54	#
202	2.54556	30	31	32	54	#
203	2.54556	31	32	33	54	#
204	2.54556	32	33	34	54	#
205	2.54556	33	34	35	54	#
206	2.54556	34	35	36	54	#
207	2.54556	35	36	37	54	#
208	2.54556	36	37	38	54	#
209	2.54556	37	38	39	54	#
210	2.54556	38	39	40	54	#
211	2.54556	39	40	41	54	#
212	2.54556	40	41	42	54	#
213	2.54556	41	42	43	54	#
214	2.54556	42	43	44	54	#
215	2.54556	43	44	45	54	#
216	2.54556	44	45	46	54	#
217	2.54556	45	46	47	54	#
218	2.49253	46	47	48	54	#
219	2.84341	0	1	55	#
220	2.84341	1	2	55	#
221	2.84341	2	3	55	#
222	2.84341	3	4	55	#
223	2.84341	4	5	55	#
224	2.84341	5	6	55	#
225	2.84341	6	7	55	#
226	2.84341	7	8	55	#
227	2.84341	8	9	55	#
228	2.84341	9	10	55	#
229	2.84341	10	11	55	#
230	2.84341	11	12	55	#
231	2.84341	12	13	55	#
232	2.84341	13	14	55	#
233	2.84341	14	15	55	#
234	1.70604	15	16	55	#
235	1.70604	16	17	55	#
236	1.70604	17	18	55	#
237	1.70604	18	19	55	#
238	1.70604	19	20	55	#
239	1.70604	20	21	55	#
240	1.70604	21	22	55	#
241	1.70604	22	23	55	#
242	1.70604	23	24	55	#
243	1.70604	24	25	55	#
244	4.51672	0	1	2	3	4	56	#
245	4.51672	1	2	3	4	5	56	#
246	4.51672	2	3	4	5	6	56	#
247	4.51672	3	4	5	6	7	56	#
248	4.51672	4	5	6	7	8	56	#
249	4.51672	5	6	7	8	9	56	#
250	4.51672	6	7	8	9	10	56	#
251	4.51672	7	8	9	10	11	56	#
252	4.51672	8	9	10	11	12	56	#
253	4.51672	9	10	11	12	13	56	#
254	4.51672	10	11	12	13	14	56	#
255	4.51672	11	12	13	14	15	56	#
256	4.51672	12	13	14	15	16	56	#
257	4.51672	13	14	15	16	17	56	#
258	4.51672	14	15	16	17	18	56	#
259	4.51672	15	16	17	18	19	56	#
260	4.51672	16	17	18	19	20	56	#
261	4.51672	17	18	19	20	21	56	#
262	4.51672	18	19	20	21	22	56	#
263	4.51672	19	20	21	22	23	56	#
264	4.51672	20	21	22	23	24	56	#
265	4.51672	21	22	23	24	25	56	#
266	4.51672	22	23	24	25	26	56	#
267	4.51672	23	24	25	26	27	56	#
268	4.51672	24	25	26	27	28	56	#
269	4.51672	25	26	27	28	29	56	#
270	4.51672	26	27	28	29	30	56	#
271	4.51672	27	28	29	30	31	56	#
272	4.51672	28	29	30	31	32	56	#
273	4.51672	29	30	31	32	33	56	#
274	4.51672	30	31	32	33	34	56	#
275	4.51672	31	32	33	34	35	56	#
276	4.51672	32	33	34	35	36	56	#
277	4.51672	33	34	35	36	37	56	#
278	4.51672	34	35	36	37	38	56	#
279	4.51672	35	36	37	38	39	56	#
280	4.51672	36	37	38	39	40	56	#
281	1.43848	0	57	#
282	1.43848	1	57	#
283	1.43848	2	57	#
284	1.43848	3	57	#
285	1.43848	4	57	#
286	1.43848	5	57	#
287	1.43848	6	57	#
288	1.43848	7	57	#
289	1.43848	8	57	#
290	1.43848	9	57	#
291	1.43848	10	57	#
292	1.43848	11	57	#
293	1.43848	12	57	#
294	1.43848	13	57	#
295	1.43848	14	57	#
296	1.43848	15	57	#
297	1.43848	16	57	#
298	1.43848	17	57	#
299	1.43848	18	57	#
300	1.43848	19	57	#
301	1.43848	20	57	#
302	1.43848	21	57	#
303	1.43848	22	57	#
304	1.43848	23	57	#
305	1.43848	24	57	#
306	1.43848	25	57	#
307	1.43848	26	57	#
308	1.43848	27	57	#
309	1.43848	28	57	#
310	1.43848	29	57	#
311	1.43848	30	57	#
312	1.43848	31	57	#
313	1.43848	32	57	#
314	1.43848	33	57	#
315	1.43848	34	57	#
316	1.43848	35	57	#
317	1.43848	36	57	#
318	1.43848	37	57	#
319	1.43848	38	57	#
320	5.826	0	1	2	3	58	#
321	5.826	1	2	3	4	58	#
322	5.826	2	3	4	5	58	#
323	5.826	3	4	5	6	58	#
324	5.826	4	5	6	7	58	#
325	5.826	5	6	7	8	58	#
326	5.826	6	7	8	9	58	#
327	5.826	7	8	9	10	58	#
328	5.826	8	9	10	11	58	#
329	5.826	9	10	11	12	58	#
330	5.826	10	11	12	13	58	#
331	5.826	11	12	13	14	58	#
332	5.826	12	13	14	15	58	#
333	5.826	13	14	15	16	58	#
334	5.826	14	15	16	17	58	#
335	5.826	15	16	17	18	58	#
336	5.826	16	17	18	19	58	#
337	5.826	17	18	19	20	58	#
338	5.826	18	19	20	21	58	#
339	5.826	19	20	21	22	58	#
340	5.826	20	21	22	23	58	#
341	5.826	21	22	23	24	58	#
342	5.826	22	23	24	25	58	#
343	5.826	23	24	25	26	58	#
344	5.826	24	25	26	27	58	#
345	5.826	25	26	27	28	58	#
346	5.826	26	27	28	29	58	#
347	5.826	27	28	29	30	58	#
348	5.826	28	29	30	31	58	#
349	5.826	29	30	31	32	58	#
350	5.826	30	31	32	33	58	#
351	5.826	31	32	33	34	58	#
352	5.826	32	33	34	35	58	#
353	5.826	33	34	35	36	58	#
354	5.826	34	35	36	37	58	#
355	5.826	35	36	37	38	58	#
356	5.826	36	37	38	39	58	#
357	5.826	37	38	39	40	58	#
358	5.826	38	39	40	41	58	#
359	5.826	39	40	41	42	58	#
360	5.826	40	41	42	43	58	#
361	5.44604	41	42	43	44	58	#
362	5.44604	42	43	44	45	58	#
363	5.44604	43	44	45	46	58	#
364	5.33017	44	45	46	47	58	#
365	5.21913	45	46	47	48	58	#
366	5.11261	46	47	48	49	58	#
367	1.57841	0	1	59	#
368	1.57841	1	2	59	#
369	1.57841	2	3	59	#
370	1.57841	3	4	59	#
371	1.57841	4	5	59	#
372	1.57841	5	6	59	#
373	1.57841	6	7	59	#
374	1.57841	7	8	59	#
375	1.57841	8	9	59	#
376	1.57841	9	10	59	#
377	1.57841	10	11	59	#
378	1.57841	11	12	59	#
379	1.57841	12	13	59	#
380	1.57841	13	14	59	#
381	1.57841	14	15	59	#
382	1.57841	15	16	59	#
383	1.57841	16	17	59	#
384	1.57841	17	18	59	#
385	1.57841	18	19	59	#
386	1.57841	19	20	59	#
387	1.57841	20	21	59	#
388	1.57841	21	22	59	#
389	1.57841	22	23	59	#
390	1.57841	23	24	59	#
391	1.57841	24	25	59	#
392	1.57841	25	26	59	#
393	1.57841	26	27	59	#
394	1.57841	27	28	59	#
395	1.57841	28	29	59	#
396	1.57841	29	30	59	#
397	1.57841	30	31	59	#
398	1.57841	31	32	59	#
399	1.57841	32	33	59	#
400	1.57841	33	34	59	#
401	1.57841	34	35	59	#
402	1.57841	35	36	59	#
403	1.57841	36	37	59	#
404	1.57841	37	38	59	#
405	1.57841	38	39	59	#
406	1.57841	39	40	59	#
407	1.57841	40	41	59	#
408	1.57841	41	42	59	#
409	1.57841	42	43	59	#
410	1.57841	43	44	59	#
411	1.57841	44	45	59	#
412	1.57841	45	46	59	#
413	1.57841	46	47	59	#
414	1.57841	47	48	59	#
415	1.57841	48	49	59	#
