%% File generated by CATS v.2.1Mon Jul  4 11:09:29 2011

%% The CATS webpage is http://robotics.stanford.edu/CATS

%% PARAMETER SETTINGS:
% Goods: 256; Bids: 1000; Distribution: scheduling; Runs: 1; Seed: 1309806783
% Scheduling Distribution Parameters:
% max_length                = 10
% deviation                 = 0.500000
% prob_additional_deadline  = 0.700000
% additivity                = 0.200000



goods 256
bids 1090
dummy 6

0	20.4752	0	1	2	3	4	5	6	7	8	9	256	#
1	20.4752	1	2	3	4	5	6	7	8	9	10	256	#
2	20.4752	2	3	4	5	6	7	8	9	10	11	256	#
3	20.4752	3	4	5	6	7	8	9	10	11	12	256	#
4	20.4752	4	5	6	7	8	9	10	11	12	13	256	#
5	20.4752	5	6	7	8	9	10	11	12	13	14	256	#
6	20.4752	6	7	8	9	10	11	12	13	14	15	256	#
7	20.4752	7	8	9	10	11	12	13	14	15	16	256	#
8	20.4752	8	9	10	11	12	13	14	15	16	17	256	#
9	20.4752	9	10	11	12	13	14	15	16	17	18	256	#
10	20.4752	10	11	12	13	14	15	16	17	18	19	256	#
11	2.62858	11	12	13	14	15	16	17	18	19	20	256	#
12	2.62858	12	13	14	15	16	17	18	19	20	21	256	#
13	2.62858	13	14	15	16	17	18	19	20	21	22	256	#
14	2.62858	14	15	16	17	18	19	20	21	22	23	256	#
15	2.62858	15	16	17	18	19	20	21	22	23	24	256	#
16	2.62858	16	17	18	19	20	21	22	23	24	25	256	#
17	2.62858	17	18	19	20	21	22	23	24	25	26	256	#
18	2.62858	18	19	20	21	22	23	24	25	26	27	256	#
19	2.62858	19	20	21	22	23	24	25	26	27	28	256	#
20	2.62858	20	21	22	23	24	25	26	27	28	29	256	#
21	2.62858	21	22	23	24	25	26	27	28	29	30	256	#
22	2.62858	22	23	24	25	26	27	28	29	30	31	256	#
23	2.62858	23	24	25	26	27	28	29	30	31	32	256	#
24	2.62858	24	25	26	27	28	29	30	31	32	33	256	#
25	2.62858	25	26	27	28	29	30	31	32	33	34	256	#
26	2.62858	26	27	28	29	30	31	32	33	34	35	256	#
27	2.62858	27	28	29	30	31	32	33	34	35	36	256	#
28	2.62858	28	29	30	31	32	33	34	35	36	37	256	#
29	2.62858	29	30	31	32	33	34	35	36	37	38	256	#
30	2.62858	30	31	32	33	34	35	36	37	38	39	256	#
31	2.62858	31	32	33	34	35	36	37	38	39	40	256	#
32	2.62858	32	33	34	35	36	37	38	39	40	41	256	#
33	2.62858	33	34	35	36	37	38	39	40	41	42	256	#
34	2.62858	34	35	36	37	38	39	40	41	42	43	256	#
35	2.62858	35	36	37	38	39	40	41	42	43	44	256	#
36	2.62858	36	37	38	39	40	41	42	43	44	45	256	#
37	2.62858	37	38	39	40	41	42	43	44	45	46	256	#
38	2.62858	38	39	40	41	42	43	44	45	46	47	256	#
39	2.62858	39	40	41	42	43	44	45	46	47	48	256	#
40	2.62858	40	41	42	43	44	45	46	47	48	49	256	#
41	2.62858	41	42	43	44	45	46	47	48	49	50	256	#
42	2.62858	42	43	44	45	46	47	48	49	50	51	256	#
43	2.62858	43	44	45	46	47	48	49	50	51	52	256	#
44	2.62858	44	45	46	47	48	49	50	51	52	53	256	#
45	2.62858	45	46	47	48	49	50	51	52	53	54	256	#
46	2.62858	46	47	48	49	50	51	52	53	54	55	256	#
47	2.62858	47	48	49	50	51	52	53	54	55	56	256	#
48	2.62858	48	49	50	51	52	53	54	55	56	57	256	#
49	2.62858	49	50	51	52	53	54	55	56	57	58	256	#
50	2.62858	50	51	52	53	54	55	56	57	58	59	256	#
51	2.62858	51	52	53	54	55	56	57	58	59	60	256	#
52	2.62858	52	53	54	55	56	57	58	59	60	61	256	#
53	2.62858	53	54	55	56	57	58	59	60	61	62	256	#
54	2.62858	54	55	56	57	58	59	60	61	62	63	256	#
55	2.62858	55	56	57	58	59	60	61	62	63	64	256	#
56	2.62858	56	57	58	59	60	61	62	63	64	65	256	#
57	2.62858	57	58	59	60	61	62	63	64	65	66	256	#
58	2.62858	58	59	60	61	62	63	64	65	66	67	256	#
59	2.62858	59	60	61	62	63	64	65	66	67	68	256	#
60	2.62858	60	61	62	63	64	65	66	67	68	69	256	#
61	2.62858	61	62	63	64	65	66	67	68	69	70	256	#
62	2.62858	62	63	64	65	66	67	68	69	70	71	256	#
63	2.62858	63	64	65	66	67	68	69	70	71	72	256	#
64	2.62858	64	65	66	67	68	69	70	71	72	73	256	#
65	2.62858	65	66	67	68	69	70	71	72	73	74	256	#
66	2.62858	66	67	68	69	70	71	72	73	74	75	256	#
67	2.62858	67	68	69	70	71	72	73	74	75	76	256	#
68	2.62858	68	69	70	71	72	73	74	75	76	77	256	#
69	2.62858	69	70	71	72	73	74	75	76	77	78	256	#
70	2.62858	70	71	72	73	74	75	76	77	78	79	256	#
71	2.62858	71	72	73	74	75	76	77	78	79	80	256	#
72	2.62858	72	73	74	75	76	77	78	79	80	81	256	#
73	2.62858	73	74	75	76	77	78	79	80	81	82	256	#
74	2.62858	74	75	76	77	78	79	80	81	82	83	256	#
75	2.62858	75	76	77	78	79	80	81	82	83	84	256	#
76	2.62858	76	77	78	79	80	81	82	83	84	85	256	#
77	2.62858	77	78	79	80	81	82	83	84	85	86	256	#
78	2.62858	78	79	80	81	82	83	84	85	86	87	256	#
79	2.62858	79	80	81	82	83	84	85	86	87	88	256	#
80	2.62858	80	81	82	83	84	85	86	87	88	89	256	#
81	2.62858	81	82	83	84	85	86	87	88	89	90	256	#
82	2.62858	82	83	84	85	86	87	88	89	90	91	256	#
83	2.62858	83	84	85	86	87	88	89	90	91	92	256	#
84	2.62858	84	85	86	87	88	89	90	91	92	93	256	#
85	2.62858	85	86	87	88	89	90	91	92	93	94	256	#
86	2.62858	86	87	88	89	90	91	92	93	94	95	256	#
87	2.62858	87	88	89	90	91	92	93	94	95	96	256	#
88	2.62858	88	89	90	91	92	93	94	95	96	97	256	#
89	2.62858	89	90	91	92	93	94	95	96	97	98	256	#
90	2.62858	90	91	92	93	94	95	96	97	98	99	256	#
91	2.62858	91	92	93	94	95	96	97	98	99	100	256	#
92	2.62858	92	93	94	95	96	97	98	99	100	101	256	#
93	2.62858	93	94	95	96	97	98	99	100	101	102	256	#
94	2.62858	94	95	96	97	98	99	100	101	102	103	256	#
95	2.62858	95	96	97	98	99	100	101	102	103	104	256	#
96	2.62858	96	97	98	99	100	101	102	103	104	105	256	#
97	2.62858	97	98	99	100	101	102	103	104	105	106	256	#
98	2.62858	98	99	100	101	102	103	104	105	106	107	256	#
99	2.62858	99	100	101	102	103	104	105	106	107	108	256	#
100	2.62858	100	101	102	103	104	105	106	107	108	109	256	#
101	2.62858	101	102	103	104	105	106	107	108	109	110	256	#
102	2.62858	102	103	104	105	106	107	108	109	110	111	256	#
103	2.62858	103	104	105	106	107	108	109	110	111	112	256	#
104	2.62858	104	105	106	107	108	109	110	111	112	113	256	#
105	2.62858	105	106	107	108	109	110	111	112	113	114	256	#
106	2.62858	106	107	108	109	110	111	112	113	114	115	256	#
107	2.62858	107	108	109	110	111	112	113	114	115	116	256	#
108	2.62858	108	109	110	111	112	113	114	115	116	117	256	#
109	2.62858	109	110	111	112	113	114	115	116	117	118	256	#
110	2.62858	110	111	112	113	114	115	116	117	118	119	256	#
111	2.62858	111	112	113	114	115	116	117	118	119	120	256	#
112	2.62858	112	113	114	115	116	117	118	119	120	121	256	#
113	2.62858	113	114	115	116	117	118	119	120	121	122	256	#
114	2.62858	114	115	116	117	118	119	120	121	122	123	256	#
115	2.62858	115	116	117	118	119	120	121	122	123	124	256	#
116	2.62858	116	117	118	119	120	121	122	123	124	125	256	#
117	2.62858	117	118	119	120	121	122	123	124	125	126	256	#
118	2.62858	118	119	120	121	122	123	124	125	126	127	256	#
119	2.62858	119	120	121	122	123	124	125	126	127	128	256	#
120	2.62858	120	121	122	123	124	125	126	127	128	129	256	#
121	2.62858	121	122	123	124	125	126	127	128	129	130	256	#
122	2.62858	122	123	124	125	126	127	128	129	130	131	256	#
123	2.62858	123	124	125	126	127	128	129	130	131	132	256	#
124	2.62858	124	125	126	127	128	129	130	131	132	133	256	#
125	2.62858	125	126	127	128	129	130	131	132	133	134	256	#
126	2.62858	126	127	128	129	130	131	132	133	134	135	256	#
127	2.62858	127	128	129	130	131	132	133	134	135	136	256	#
128	2.62858	128	129	130	131	132	133	134	135	136	137	256	#
129	2.62858	129	130	131	132	133	134	135	136	137	138	256	#
130	2.62858	130	131	132	133	134	135	136	137	138	139	256	#
131	2.62858	131	132	133	134	135	136	137	138	139	140	256	#
132	2.62858	132	133	134	135	136	137	138	139	140	141	256	#
133	2.62858	133	134	135	136	137	138	139	140	141	142	256	#
134	2.62858	134	135	136	137	138	139	140	141	142	143	256	#
135	2.62858	135	136	137	138	139	140	141	142	143	144	256	#
136	2.62858	136	137	138	139	140	141	142	143	144	145	256	#
137	2.62858	137	138	139	140	141	142	143	144	145	146	256	#
138	2.62858	138	139	140	141	142	143	144	145	146	147	256	#
139	2.62858	139	140	141	142	143	144	145	146	147	148	256	#
140	2.0157	140	141	142	143	144	145	146	147	148	149	256	#
141	2.0157	141	142	143	144	145	146	147	148	149	150	256	#
142	2.0157	142	143	144	145	146	147	148	149	150	151	256	#
143	2.0157	143	144	145	146	147	148	149	150	151	152	256	#
144	2.0157	144	145	146	147	148	149	150	151	152	153	256	#
145	2.0157	145	146	147	148	149	150	151	152	153	154	256	#
146	2.0157	146	147	148	149	150	151	152	153	154	155	256	#
147	2.0157	147	148	149	150	151	152	153	154	155	156	256	#
148	2.0157	148	149	150	151	152	153	154	155	156	157	256	#
149	2.0157	149	150	151	152	153	154	155	156	157	158	256	#
150	2.0157	150	151	152	153	154	155	156	157	158	159	256	#
151	2.0157	151	152	153	154	155	156	157	158	159	160	256	#
152	2.0157	152	153	154	155	156	157	158	159	160	161	256	#
153	2.0157	153	154	155	156	157	158	159	160	161	162	256	#
154	2.0157	154	155	156	157	158	159	160	161	162	163	256	#
155	2.0157	155	156	157	158	159	160	161	162	163	164	256	#
156	2.0157	156	157	158	159	160	161	162	163	164	165	256	#
157	2.0157	157	158	159	160	161	162	163	164	165	166	256	#
158	2.0157	158	159	160	161	162	163	164	165	166	167	256	#
159	2.0157	159	160	161	162	163	164	165	166	167	168	256	#
160	2.0157	160	161	162	163	164	165	166	167	168	169	256	#
161	2.0157	161	162	163	164	165	166	167	168	169	170	256	#
162	2.0157	162	163	164	165	166	167	168	169	170	171	256	#
163	2.0157	163	164	165	166	167	168	169	170	171	172	256	#
164	2.0157	164	165	166	167	168	169	170	171	172	173	256	#
165	2.0157	165	166	167	168	169	170	171	172	173	174	256	#
166	2.0157	166	167	168	169	170	171	172	173	174	175	256	#
167	2.0157	167	168	169	170	171	172	173	174	175	176	256	#
168	2.0157	168	169	170	171	172	173	174	175	176	177	256	#
169	2.0157	169	170	171	172	173	174	175	176	177	178	256	#
170	2.0157	170	171	172	173	174	175	176	177	178	179	256	#
171	2.0157	171	172	173	174	175	176	177	178	179	180	256	#
172	2.0157	172	173	174	175	176	177	178	179	180	181	256	#
173	2.0157	173	174	175	176	177	178	179	180	181	182	256	#
174	2.0157	174	175	176	177	178	179	180	181	182	183	256	#
175	2.0157	175	176	177	178	179	180	181	182	183	184	256	#
176	2.0157	176	177	178	179	180	181	182	183	184	185	256	#
177	2.0157	177	178	179	180	181	182	183	184	185	186	256	#
178	2.0157	178	179	180	181	182	183	184	185	186	187	256	#
179	2.0157	179	180	181	182	183	184	185	186	187	188	256	#
180	2.0157	180	181	182	183	184	185	186	187	188	189	256	#
181	2.0157	181	182	183	184	185	186	187	188	189	190	256	#
182	2.0157	182	183	184	185	186	187	188	189	190	191	256	#
183	2.0157	183	184	185	186	187	188	189	190	191	192	256	#
184	2.0157	184	185	186	187	188	189	190	191	192	193	256	#
185	1.59438	185	186	187	188	189	190	191	192	193	194	256	#
186	1.59438	186	187	188	189	190	191	192	193	194	195	256	#
187	1.59438	187	188	189	190	191	192	193	194	195	196	256	#
188	1.59438	188	189	190	191	192	193	194	195	196	197	256	#
189	1.59438	189	190	191	192	193	194	195	196	197	198	256	#
190	1.59438	190	191	192	193	194	195	196	197	198	199	256	#
191	1.59438	191	192	193	194	195	196	197	198	199	200	256	#
192	1.59438	192	193	194	195	196	197	198	199	200	201	256	#
193	1.59438	193	194	195	196	197	198	199	200	201	202	256	#
194	1.59438	194	195	196	197	198	199	200	201	202	203	256	#
195	1.59438	195	196	197	198	199	200	201	202	203	204	256	#
196	1.59438	196	197	198	199	200	201	202	203	204	205	256	#
197	1.59438	197	198	199	200	201	202	203	204	205	206	256	#
198	1.59438	198	199	200	201	202	203	204	205	206	207	256	#
199	1.59438	199	200	201	202	203	204	205	206	207	208	256	#
200	1.59438	200	201	202	203	204	205	206	207	208	209	256	#
201	1.59438	201	202	203	204	205	206	207	208	209	210	256	#
202	1.59438	202	203	204	205	206	207	208	209	210	211	256	#
203	1.59438	203	204	205	206	207	208	209	210	211	212	256	#
204	1.59438	204	205	206	207	208	209	210	211	212	213	256	#
205	1.59438	205	206	207	208	209	210	211	212	213	214	256	#
206	1.59438	206	207	208	209	210	211	212	213	214	215	256	#
207	1.59438	207	208	209	210	211	212	213	214	215	216	256	#
208	1.59438	208	209	210	211	212	213	214	215	216	217	256	#
209	1.59438	209	210	211	212	213	214	215	216	217	218	256	#
210	1.59438	210	211	212	213	214	215	216	217	218	219	256	#
211	1.59438	211	212	213	214	215	216	217	218	219	220	256	#
212	1.59438	212	213	214	215	216	217	218	219	220	221	256	#
213	1.59438	213	214	215	216	217	218	219	220	221	222	256	#
214	1.59438	214	215	216	217	218	219	220	221	222	223	256	#
215	1.59438	215	216	217	218	219	220	221	222	223	224	256	#
216	1.59438	216	217	218	219	220	221	222	223	224	225	256	#
217	1.59438	217	218	219	220	221	222	223	224	225	226	256	#
218	1.59438	218	219	220	221	222	223	224	225	226	227	256	#
219	1.59438	219	220	221	222	223	224	225	226	227	228	256	#
220	1.59438	220	221	222	223	224	225	226	227	228	229	256	#
221	1.59438	221	222	223	224	225	226	227	228	229	230	256	#
222	1.59438	222	223	224	225	226	227	228	229	230	231	256	#
223	1.59438	223	224	225	226	227	228	229	230	231	232	256	#
224	1.59438	224	225	226	227	228	229	230	231	232	233	256	#
225	1.59438	225	226	227	228	229	230	231	232	233	234	256	#
226	1.59438	226	227	228	229	230	231	232	233	234	235	256	#
227	1.59438	227	228	229	230	231	232	233	234	235	236	256	#
228	1.59438	228	229	230	231	232	233	234	235	236	237	256	#
229	1.59438	229	230	231	232	233	234	235	236	237	238	256	#
230	1.59438	230	231	232	233	234	235	236	237	238	239	256	#
231	1.59438	231	232	233	234	235	236	237	238	239	240	256	#
232	1.59438	232	233	234	235	236	237	238	239	240	241	256	#
233	1.59438	233	234	235	236	237	238	239	240	241	242	256	#
234	1.59438	234	235	236	237	238	239	240	241	242	243	256	#
235	1.59438	235	236	237	238	239	240	241	242	243	244	256	#
236	21.8495	0	1	2	3	4	5	6	7	8	9	257	#
237	21.8495	1	2	3	4	5	6	7	8	9	10	257	#
238	11.0638	0	1	2	3	4	5	258	#
239	11.0638	1	2	3	4	5	6	258	#
240	11.0638	2	3	4	5	6	7	258	#
241	11.0638	3	4	5	6	7	8	258	#
242	11.0638	4	5	6	7	8	9	258	#
243	11.0638	5	6	7	8	9	10	258	#
244	11.0638	6	7	8	9	10	11	258	#
245	11.0638	7	8	9	10	11	12	258	#
246	11.0638	8	9	10	11	12	13	258	#
247	11.0638	9	10	11	12	13	14	258	#
248	11.0638	10	11	12	13	14	15	258	#
249	11.0638	11	12	13	14	15	16	258	#
250	11.0638	12	13	14	15	16	17	258	#
251	11.0638	13	14	15	16	17	18	258	#
252	11.0638	14	15	16	17	18	19	258	#
253	11.0638	15	16	17	18	19	20	258	#
254	11.0638	16	17	18	19	20	21	258	#
255	11.0638	17	18	19	20	21	22	258	#
256	11.0638	18	19	20	21	22	23	258	#
257	11.0638	19	20	21	22	23	24	258	#
258	11.0638	20	21	22	23	24	25	258	#
259	11.0638	21	22	23	24	25	26	258	#
260	11.0638	22	23	24	25	26	27	258	#
261	11.0638	23	24	25	26	27	28	258	#
262	11.0638	24	25	26	27	28	29	258	#
263	11.0638	25	26	27	28	29	30	258	#
264	11.0638	26	27	28	29	30	31	258	#
265	11.0638	27	28	29	30	31	32	258	#
266	11.0638	28	29	30	31	32	33	258	#
267	11.0638	29	30	31	32	33	34	258	#
268	11.0638	30	31	32	33	34	35	258	#
269	11.0638	31	32	33	34	35	36	258	#
270	11.0638	32	33	34	35	36	37	258	#
271	11.0638	33	34	35	36	37	38	258	#
272	11.0638	34	35	36	37	38	39	258	#
273	11.0638	35	36	37	38	39	40	258	#
274	11.0638	36	37	38	39	40	41	258	#
275	11.0638	37	38	39	40	41	42	258	#
276	11.0638	38	39	40	41	42	43	258	#
277	11.0638	39	40	41	42	43	44	258	#
278	11.0638	40	41	42	43	44	45	258	#
279	11.0638	41	42	43	44	45	46	258	#
280	11.0638	42	43	44	45	46	47	258	#
281	11.0638	43	44	45	46	47	48	258	#
282	11.0638	44	45	46	47	48	49	258	#
283	11.0638	45	46	47	48	49	50	258	#
284	11.0638	46	47	48	49	50	51	258	#
285	11.0638	47	48	49	50	51	52	258	#
286	11.0638	48	49	50	51	52	53	258	#
287	11.0638	49	50	51	52	53	54	258	#
288	11.0638	50	51	52	53	54	55	258	#
289	11.0638	51	52	53	54	55	56	258	#
290	11.0638	52	53	54	55	56	57	258	#
291	11.0638	53	54	55	56	57	58	258	#
292	11.0638	54	55	56	57	58	59	258	#
293	11.0638	55	56	57	58	59	60	258	#
294	11.0638	56	57	58	59	60	61	258	#
295	11.0638	57	58	59	60	61	62	258	#
296	11.0638	58	59	60	61	62	63	258	#
297	11.0638	59	60	61	62	63	64	258	#
298	11.0638	60	61	62	63	64	65	258	#
299	11.0638	61	62	63	64	65	66	258	#
300	11.0638	62	63	64	65	66	67	258	#
301	11.0638	63	64	65	66	67	68	258	#
302	11.0638	64	65	66	67	68	69	258	#
303	11.0638	65	66	67	68	69	70	258	#
304	11.0638	66	67	68	69	70	71	258	#
305	11.0638	67	68	69	70	71	72	258	#
306	11.0638	68	69	70	71	72	73	258	#
307	11.0638	69	70	71	72	73	74	258	#
308	11.0638	70	71	72	73	74	75	258	#
309	11.0638	71	72	73	74	75	76	258	#
310	11.0638	72	73	74	75	76	77	258	#
311	11.0638	73	74	75	76	77	78	258	#
312	11.0638	74	75	76	77	78	79	258	#
313	11.0638	75	76	77	78	79	80	258	#
314	11.0638	76	77	78	79	80	81	258	#
315	11.0638	77	78	79	80	81	82	258	#
316	11.0638	78	79	80	81	82	83	258	#
317	11.0638	79	80	81	82	83	84	258	#
318	11.0638	80	81	82	83	84	85	258	#
319	11.0638	81	82	83	84	85	86	258	#
320	11.0638	82	83	84	85	86	87	258	#
321	11.0638	83	84	85	86	87	88	258	#
322	11.0638	84	85	86	87	88	89	258	#
323	11.0638	85	86	87	88	89	90	258	#
324	11.0638	86	87	88	89	90	91	258	#
325	11.0638	87	88	89	90	91	92	258	#
326	11.0638	88	89	90	91	92	93	258	#
327	11.0638	89	90	91	92	93	94	258	#
328	11.0638	90	91	92	93	94	95	258	#
329	11.0638	91	92	93	94	95	96	258	#
330	11.0638	92	93	94	95	96	97	258	#
331	11.0638	93	94	95	96	97	98	258	#
332	11.0638	94	95	96	97	98	99	258	#
333	11.0638	95	96	97	98	99	100	258	#
334	11.0638	96	97	98	99	100	101	258	#
335	11.0638	97	98	99	100	101	102	258	#
336	11.0638	98	99	100	101	102	103	258	#
337	11.0638	99	100	101	102	103	104	258	#
338	11.0638	100	101	102	103	104	105	258	#
339	11.0638	101	102	103	104	105	106	258	#
340	11.0638	102	103	104	105	106	107	258	#
341	11.0638	103	104	105	106	107	108	258	#
342	11.0638	104	105	106	107	108	109	258	#
343	11.0638	105	106	107	108	109	110	258	#
344	11.0638	106	107	108	109	110	111	258	#
345	11.0638	107	108	109	110	111	112	258	#
346	11.0638	108	109	110	111	112	113	258	#
347	11.0638	109	110	111	112	113	114	258	#
348	11.0638	110	111	112	113	114	115	258	#
349	11.0638	111	112	113	114	115	116	258	#
350	11.0638	112	113	114	115	116	117	258	#
351	11.0638	113	114	115	116	117	118	258	#
352	11.0638	114	115	116	117	118	119	258	#
353	11.0638	115	116	117	118	119	120	258	#
354	11.0638	116	117	118	119	120	121	258	#
355	11.0638	117	118	119	120	121	122	258	#
356	11.0638	118	119	120	121	122	123	258	#
357	11.0638	119	120	121	122	123	124	258	#
358	11.0638	120	121	122	123	124	125	258	#
359	11.0638	121	122	123	124	125	126	258	#
360	11.0638	122	123	124	125	126	127	258	#
361	11.0638	123	124	125	126	127	128	258	#
362	11.0638	124	125	126	127	128	129	258	#
363	11.0638	125	126	127	128	129	130	258	#
364	11.0638	126	127	128	129	130	131	258	#
365	11.0638	127	128	129	130	131	132	258	#
366	11.0638	128	129	130	131	132	133	258	#
367	11.0638	129	130	131	132	133	134	258	#
368	11.0638	130	131	132	133	134	135	258	#
369	11.0638	131	132	133	134	135	136	258	#
370	11.0638	132	133	134	135	136	137	258	#
371	11.0638	133	134	135	136	137	138	258	#
372	11.0638	134	135	136	137	138	139	258	#
373	11.0638	135	136	137	138	139	140	258	#
374	11.0638	136	137	138	139	140	141	258	#
375	11.0638	137	138	139	140	141	142	258	#
376	11.0638	138	139	140	141	142	143	258	#
377	11.0638	139	140	141	142	143	144	258	#
378	11.0638	140	141	142	143	144	145	258	#
379	11.0638	141	142	143	144	145	146	258	#
380	11.0638	142	143	144	145	146	147	258	#
381	11.0638	143	144	145	146	147	148	258	#
382	11.0638	144	145	146	147	148	149	258	#
383	11.0638	145	146	147	148	149	150	258	#
384	11.0638	146	147	148	149	150	151	258	#
385	11.0638	147	148	149	150	151	152	258	#
386	11.0638	148	149	150	151	152	153	258	#
387	11.0638	149	150	151	152	153	154	258	#
388	11.0638	150	151	152	153	154	155	258	#
389	11.0638	151	152	153	154	155	156	258	#
390	11.0638	152	153	154	155	156	157	258	#
391	11.0638	153	154	155	156	157	158	258	#
392	11.0638	154	155	156	157	158	159	258	#
393	11.0638	155	156	157	158	159	160	258	#
394	11.0638	156	157	158	159	160	161	258	#
395	11.0638	157	158	159	160	161	162	258	#
396	11.0638	158	159	160	161	162	163	258	#
397	11.0638	159	160	161	162	163	164	258	#
398	11.0638	160	161	162	163	164	165	258	#
399	11.0638	161	162	163	164	165	166	258	#
400	11.0638	162	163	164	165	166	167	258	#
401	11.0638	163	164	165	166	167	168	258	#
402	11.0638	164	165	166	167	168	169	258	#
403	11.0638	165	166	167	168	169	170	258	#
404	11.0638	166	167	168	169	170	171	258	#
405	11.0638	167	168	169	170	171	172	258	#
406	11.0638	168	169	170	171	172	173	258	#
407	11.0638	169	170	171	172	173	174	258	#
408	11.0638	170	171	172	173	174	175	258	#
409	11.0638	171	172	173	174	175	176	258	#
410	11.0638	172	173	174	175	176	177	258	#
411	11.0638	173	174	175	176	177	178	258	#
412	11.0638	174	175	176	177	178	179	258	#
413	11.0638	175	176	177	178	179	180	258	#
414	11.0638	176	177	178	179	180	181	258	#
415	11.0638	177	178	179	180	181	182	258	#
416	11.0638	178	179	180	181	182	183	258	#
417	11.0638	179	180	181	182	183	184	258	#
418	11.0638	180	181	182	183	184	185	258	#
419	11.0638	181	182	183	184	185	186	258	#
420	11.0638	182	183	184	185	186	187	258	#
421	11.0638	183	184	185	186	187	188	258	#
422	11.0638	184	185	186	187	188	189	258	#
423	11.0638	185	186	187	188	189	190	258	#
424	11.0638	186	187	188	189	190	191	258	#
425	11.0638	187	188	189	190	191	192	258	#
426	11.0638	188	189	190	191	192	193	258	#
427	11.0638	189	190	191	192	193	194	258	#
428	11.0638	190	191	192	193	194	195	258	#
429	11.0638	191	192	193	194	195	196	258	#
430	11.0638	192	193	194	195	196	197	258	#
431	11.0638	193	194	195	196	197	198	258	#
432	11.0638	194	195	196	197	198	199	258	#
433	10.0077	195	196	197	198	199	200	258	#
434	10.0077	196	197	198	199	200	201	258	#
435	10.0077	197	198	199	200	201	202	258	#
436	10.0077	198	199	200	201	202	203	258	#
437	10.0077	199	200	201	202	203	204	258	#
438	10.0077	200	201	202	203	204	205	258	#
439	10.0077	201	202	203	204	205	206	258	#
440	10.0077	202	203	204	205	206	207	258	#
441	10.0077	203	204	205	206	207	208	258	#
442	10.0077	204	205	206	207	208	209	258	#
443	10.0077	205	206	207	208	209	210	258	#
444	10.0077	206	207	208	209	210	211	258	#
445	10.0077	207	208	209	210	211	212	258	#
446	10.0077	208	209	210	211	212	213	258	#
447	10.0077	209	210	211	212	213	214	258	#
448	10.0077	210	211	212	213	214	215	258	#
449	10.0077	211	212	213	214	215	216	258	#
450	10.0077	212	213	214	215	216	217	258	#
451	10.0077	213	214	215	216	217	218	258	#
452	10.0077	214	215	216	217	218	219	258	#
453	10.0077	215	216	217	218	219	220	258	#
454	10.4168	0	1	2	3	4	5	6	7	259	#
455	10.4168	1	2	3	4	5	6	7	8	259	#
456	10.4168	2	3	4	5	6	7	8	9	259	#
457	10.4168	3	4	5	6	7	8	9	10	259	#
458	10.4168	4	5	6	7	8	9	10	11	259	#
459	10.4168	5	6	7	8	9	10	11	12	259	#
460	10.4168	6	7	8	9	10	11	12	13	259	#
461	10.4168	7	8	9	10	11	12	13	14	259	#
462	10.4168	8	9	10	11	12	13	14	15	259	#
463	10.4168	9	10	11	12	13	14	15	16	259	#
464	10.4168	10	11	12	13	14	15	16	17	259	#
465	10.4168	11	12	13	14	15	16	17	18	259	#
466	10.4168	12	13	14	15	16	17	18	19	259	#
467	10.4168	13	14	15	16	17	18	19	20	259	#
468	10.4168	14	15	16	17	18	19	20	21	259	#
469	10.4168	15	16	17	18	19	20	21	22	259	#
470	10.4168	16	17	18	19	20	21	22	23	259	#
471	10.4168	17	18	19	20	21	22	23	24	259	#
472	10.4168	18	19	20	21	22	23	24	25	259	#
473	10.4168	19	20	21	22	23	24	25	26	259	#
474	10.4168	20	21	22	23	24	25	26	27	259	#
475	10.4168	21	22	23	24	25	26	27	28	259	#
476	10.4168	22	23	24	25	26	27	28	29	259	#
477	10.4168	23	24	25	26	27	28	29	30	259	#
478	10.4168	24	25	26	27	28	29	30	31	259	#
479	10.4168	25	26	27	28	29	30	31	32	259	#
480	10.4168	26	27	28	29	30	31	32	33	259	#
481	10.4168	27	28	29	30	31	32	33	34	259	#
482	10.4168	28	29	30	31	32	33	34	35	259	#
483	10.4168	29	30	31	32	33	34	35	36	259	#
484	10.4168	30	31	32	33	34	35	36	37	259	#
485	10.4168	31	32	33	34	35	36	37	38	259	#
486	10.4168	32	33	34	35	36	37	38	39	259	#
487	10.4168	33	34	35	36	37	38	39	40	259	#
488	10.4168	34	35	36	37	38	39	40	41	259	#
489	10.4168	35	36	37	38	39	40	41	42	259	#
490	10.4168	36	37	38	39	40	41	42	43	259	#
491	10.4168	37	38	39	40	41	42	43	44	259	#
492	10.4168	38	39	40	41	42	43	44	45	259	#
493	10.4168	39	40	41	42	43	44	45	46	259	#
494	10.4168	40	41	42	43	44	45	46	47	259	#
495	10.4168	41	42	43	44	45	46	47	48	259	#
496	10.4168	42	43	44	45	46	47	48	49	259	#
497	10.4168	43	44	45	46	47	48	49	50	259	#
498	10.4168	44	45	46	47	48	49	50	51	259	#
499	10.4168	45	46	47	48	49	50	51	52	259	#
500	10.4168	46	47	48	49	50	51	52	53	259	#
501	10.4168	47	48	49	50	51	52	53	54	259	#
502	10.4168	48	49	50	51	52	53	54	55	259	#
503	10.4168	49	50	51	52	53	54	55	56	259	#
504	10.4168	50	51	52	53	54	55	56	57	259	#
505	10.4168	51	52	53	54	55	56	57	58	259	#
506	10.4168	52	53	54	55	56	57	58	59	259	#
507	10.4168	53	54	55	56	57	58	59	60	259	#
508	10.4168	54	55	56	57	58	59	60	61	259	#
509	10.4168	55	56	57	58	59	60	61	62	259	#
510	10.4168	56	57	58	59	60	61	62	63	259	#
511	10.4168	57	58	59	60	61	62	63	64	259	#
512	10.4168	58	59	60	61	62	63	64	65	259	#
513	10.4168	59	60	61	62	63	64	65	66	259	#
514	10.4168	60	61	62	63	64	65	66	67	259	#
515	10.4168	61	62	63	64	65	66	67	68	259	#
516	10.4168	62	63	64	65	66	67	68	69	259	#
517	10.4168	63	64	65	66	67	68	69	70	259	#
518	10.4168	64	65	66	67	68	69	70	71	259	#
519	10.4168	65	66	67	68	69	70	71	72	259	#
520	10.4168	66	67	68	69	70	71	72	73	259	#
521	10.4168	67	68	69	70	71	72	73	74	259	#
522	10.4168	68	69	70	71	72	73	74	75	259	#
523	10.4168	69	70	71	72	73	74	75	76	259	#
524	10.4168	70	71	72	73	74	75	76	77	259	#
525	10.4168	71	72	73	74	75	76	77	78	259	#
526	10.4168	72	73	74	75	76	77	78	79	259	#
527	10.4168	73	74	75	76	77	78	79	80	259	#
528	10.4168	74	75	76	77	78	79	80	81	259	#
529	10.4168	75	76	77	78	79	80	81	82	259	#
530	10.4168	76	77	78	79	80	81	82	83	259	#
531	10.4168	77	78	79	80	81	82	83	84	259	#
532	10.4168	78	79	80	81	82	83	84	85	259	#
533	10.4168	79	80	81	82	83	84	85	86	259	#
534	10.4168	80	81	82	83	84	85	86	87	259	#
535	10.4168	81	82	83	84	85	86	87	88	259	#
536	10.4168	82	83	84	85	86	87	88	89	259	#
537	10.4168	83	84	85	86	87	88	89	90	259	#
538	10.4168	84	85	86	87	88	89	90	91	259	#
539	10.4168	85	86	87	88	89	90	91	92	259	#
540	10.4168	86	87	88	89	90	91	92	93	259	#
541	10.4168	87	88	89	90	91	92	93	94	259	#
542	10.4168	88	89	90	91	92	93	94	95	259	#
543	10.4168	89	90	91	92	93	94	95	96	259	#
544	10.4168	90	91	92	93	94	95	96	97	259	#
545	10.4168	91	92	93	94	95	96	97	98	259	#
546	10.4168	92	93	94	95	96	97	98	99	259	#
547	10.4168	93	94	95	96	97	98	99	100	259	#
548	10.4168	94	95	96	97	98	99	100	101	259	#
549	10.4168	95	96	97	98	99	100	101	102	259	#
550	10.4168	96	97	98	99	100	101	102	103	259	#
551	10.4168	97	98	99	100	101	102	103	104	259	#
552	10.4168	98	99	100	101	102	103	104	105	259	#
553	10.4168	99	100	101	102	103	104	105	106	259	#
554	10.4168	100	101	102	103	104	105	106	107	259	#
555	10.4168	101	102	103	104	105	106	107	108	259	#
556	10.4168	102	103	104	105	106	107	108	109	259	#
557	10.4168	103	104	105	106	107	108	109	110	259	#
558	10.4168	104	105	106	107	108	109	110	111	259	#
559	10.4168	105	106	107	108	109	110	111	112	259	#
560	10.4168	106	107	108	109	110	111	112	113	259	#
561	10.4168	107	108	109	110	111	112	113	114	259	#
562	10.4168	108	109	110	111	112	113	114	115	259	#
563	10.4168	109	110	111	112	113	114	115	116	259	#
564	10.4168	110	111	112	113	114	115	116	117	259	#
565	10.4168	111	112	113	114	115	116	117	118	259	#
566	10.4168	112	113	114	115	116	117	118	119	259	#
567	10.4168	113	114	115	116	117	118	119	120	259	#
568	10.4168	114	115	116	117	118	119	120	121	259	#
569	10.4168	115	116	117	118	119	120	121	122	259	#
570	10.4168	116	117	118	119	120	121	122	123	259	#
571	10.4168	117	118	119	120	121	122	123	124	259	#
572	10.4168	118	119	120	121	122	123	124	125	259	#
573	10.4168	119	120	121	122	123	124	125	126	259	#
574	10.4168	120	121	122	123	124	125	126	127	259	#
575	10.4168	121	122	123	124	125	126	127	128	259	#
576	10.4168	122	123	124	125	126	127	128	129	259	#
577	10.4168	123	124	125	126	127	128	129	130	259	#
578	10.4168	124	125	126	127	128	129	130	131	259	#
579	10.4168	125	126	127	128	129	130	131	132	259	#
580	10.4168	126	127	128	129	130	131	132	133	259	#
581	10.4168	127	128	129	130	131	132	133	134	259	#
582	10.4168	128	129	130	131	132	133	134	135	259	#
583	10.4168	129	130	131	132	133	134	135	136	259	#
584	10.4168	130	131	132	133	134	135	136	137	259	#
585	10.4168	131	132	133	134	135	136	137	138	259	#
586	10.4168	132	133	134	135	136	137	138	139	259	#
587	10.4168	133	134	135	136	137	138	139	140	259	#
588	10.4168	134	135	136	137	138	139	140	141	259	#
589	10.4168	135	136	137	138	139	140	141	142	259	#
590	10.4168	136	137	138	139	140	141	142	143	259	#
591	10.4168	137	138	139	140	141	142	143	144	259	#
592	10.4168	138	139	140	141	142	143	144	145	259	#
593	10.4168	139	140	141	142	143	144	145	146	259	#
594	10.4168	140	141	142	143	144	145	146	147	259	#
595	10.4168	141	142	143	144	145	146	147	148	259	#
596	10.4168	142	143	144	145	146	147	148	149	259	#
597	10.4168	143	144	145	146	147	148	149	150	259	#
598	10.4168	144	145	146	147	148	149	150	151	259	#
599	10.4168	145	146	147	148	149	150	151	152	259	#
600	10.4168	146	147	148	149	150	151	152	153	259	#
601	10.4168	147	148	149	150	151	152	153	154	259	#
602	10.4168	148	149	150	151	152	153	154	155	259	#
603	10.4168	149	150	151	152	153	154	155	156	259	#
604	10.4168	150	151	152	153	154	155	156	157	259	#
605	10.4168	151	152	153	154	155	156	157	158	259	#
606	10.4168	152	153	154	155	156	157	158	159	259	#
607	10.4168	153	154	155	156	157	158	159	160	259	#
608	10.4168	154	155	156	157	158	159	160	161	259	#
609	10.4168	155	156	157	158	159	160	161	162	259	#
610	10.4168	156	157	158	159	160	161	162	163	259	#
611	10.4168	157	158	159	160	161	162	163	164	259	#
612	10.4168	158	159	160	161	162	163	164	165	259	#
613	10.4168	159	160	161	162	163	164	165	166	259	#
614	10.4168	160	161	162	163	164	165	166	167	259	#
615	10.4168	161	162	163	164	165	166	167	168	259	#
616	10.4168	162	163	164	165	166	167	168	169	259	#
617	10.4168	163	164	165	166	167	168	169	170	259	#
618	10.4168	164	165	166	167	168	169	170	171	259	#
619	10.4168	165	166	167	168	169	170	171	172	259	#
620	10.4168	166	167	168	169	170	171	172	173	259	#
621	10.4168	167	168	169	170	171	172	173	174	259	#
622	10.4168	168	169	170	171	172	173	174	175	259	#
623	10.4168	169	170	171	172	173	174	175	176	259	#
624	10.4168	170	171	172	173	174	175	176	177	259	#
625	10.4168	171	172	173	174	175	176	177	178	259	#
626	10.4168	172	173	174	175	176	177	178	179	259	#
627	10.4168	173	174	175	176	177	178	179	180	259	#
628	10.4168	174	175	176	177	178	179	180	181	259	#
629	10.4168	175	176	177	178	179	180	181	182	259	#
630	10.4168	176	177	178	179	180	181	182	183	259	#
631	10.4168	177	178	179	180	181	182	183	184	259	#
632	10.4168	178	179	180	181	182	183	184	185	259	#
633	10.4168	179	180	181	182	183	184	185	186	259	#
634	10.4168	180	181	182	183	184	185	186	187	259	#
635	10.4168	181	182	183	184	185	186	187	188	259	#
636	10.4168	182	183	184	185	186	187	188	189	259	#
637	8.86836	183	184	185	186	187	188	189	190	259	#
638	8.86836	184	185	186	187	188	189	190	191	259	#
639	8.86836	185	186	187	188	189	190	191	192	259	#
640	8.86836	186	187	188	189	190	191	192	193	259	#
641	8.86836	187	188	189	190	191	192	193	194	259	#
642	8.86836	188	189	190	191	192	193	194	195	259	#
643	8.86836	189	190	191	192	193	194	195	196	259	#
644	8.86836	190	191	192	193	194	195	196	197	259	#
645	8.86836	191	192	193	194	195	196	197	198	259	#
646	8.86836	192	193	194	195	196	197	198	199	259	#
647	8.86836	193	194	195	196	197	198	199	200	259	#
648	8.86836	194	195	196	197	198	199	200	201	259	#
649	8.86836	195	196	197	198	199	200	201	202	259	#
650	8.86836	196	197	198	199	200	201	202	203	259	#
651	8.86836	197	198	199	200	201	202	203	204	259	#
652	8.86836	198	199	200	201	202	203	204	205	259	#
653	8.86836	199	200	201	202	203	204	205	206	259	#
654	8.86836	200	201	202	203	204	205	206	207	259	#
655	8.86836	201	202	203	204	205	206	207	208	259	#
656	8.86836	202	203	204	205	206	207	208	209	259	#
657	8.86836	203	204	205	206	207	208	209	210	259	#
658	8.86836	204	205	206	207	208	209	210	211	259	#
659	8.86836	205	206	207	208	209	210	211	212	259	#
660	8.86836	206	207	208	209	210	211	212	213	259	#
661	8.86836	207	208	209	210	211	212	213	214	259	#
662	8.86836	208	209	210	211	212	213	214	215	259	#
663	8.86836	209	210	211	212	213	214	215	216	259	#
664	8.86836	210	211	212	213	214	215	216	217	259	#
665	8.86836	211	212	213	214	215	216	217	218	259	#
666	8.86836	212	213	214	215	216	217	218	219	259	#
667	8.86836	213	214	215	216	217	218	219	220	259	#
668	8.86836	214	215	216	217	218	219	220	221	259	#
669	8.86836	215	216	217	218	219	220	221	222	259	#
670	8.34227	216	217	218	219	220	221	222	223	259	#
671	8.34227	217	218	219	220	221	222	223	224	259	#
672	8.34227	218	219	220	221	222	223	224	225	259	#
673	8.34227	219	220	221	222	223	224	225	226	259	#
674	8.34227	220	221	222	223	224	225	226	227	259	#
675	8.34227	221	222	223	224	225	226	227	228	259	#
676	8.34227	222	223	224	225	226	227	228	229	259	#
677	8.34227	223	224	225	226	227	228	229	230	259	#
678	8.34227	224	225	226	227	228	229	230	231	259	#
679	8.34227	225	226	227	228	229	230	231	232	259	#
680	8.34227	226	227	228	229	230	231	232	233	259	#
681	8.34227	227	228	229	230	231	232	233	234	259	#
682	8.34227	228	229	230	231	232	233	234	235	259	#
683	8.34227	229	230	231	232	233	234	235	236	259	#
684	8.1692	230	231	232	233	234	235	236	237	259	#
685	8.1692	231	232	233	234	235	236	237	238	259	#
686	8.1692	232	233	234	235	236	237	238	239	259	#
687	8.1692	233	234	235	236	237	238	239	240	259	#
688	8.1692	234	235	236	237	238	239	240	241	259	#
689	20.2075	0	1	2	3	4	5	6	7	8	260	#
690	20.2075	1	2	3	4	5	6	7	8	9	260	#
691	20.2075	2	3	4	5	6	7	8	9	10	260	#
692	20.2075	3	4	5	6	7	8	9	10	11	260	#
693	20.2075	4	5	6	7	8	9	10	11	12	260	#
694	20.2075	5	6	7	8	9	10	11	12	13	260	#
695	20.2075	6	7	8	9	10	11	12	13	14	260	#
696	20.2075	7	8	9	10	11	12	13	14	15	260	#
697	20.2075	8	9	10	11	12	13	14	15	16	260	#
698	20.2075	9	10	11	12	13	14	15	16	17	260	#
699	20.2075	10	11	12	13	14	15	16	17	18	260	#
700	20.2075	11	12	13	14	15	16	17	18	19	260	#
701	20.2075	12	13	14	15	16	17	18	19	20	260	#
702	20.2075	13	14	15	16	17	18	19	20	21	260	#
703	20.2075	14	15	16	17	18	19	20	21	22	260	#
704	20.2075	15	16	17	18	19	20	21	22	23	260	#
705	20.2075	16	17	18	19	20	21	22	23	24	260	#
706	20.2075	17	18	19	20	21	22	23	24	25	260	#
707	20.2075	18	19	20	21	22	23	24	25	26	260	#
708	20.2075	19	20	21	22	23	24	25	26	27	260	#
709	20.2075	20	21	22	23	24	25	26	27	28	260	#
710	20.2075	21	22	23	24	25	26	27	28	29	260	#
711	20.2075	22	23	24	25	26	27	28	29	30	260	#
712	20.2075	23	24	25	26	27	28	29	30	31	260	#
713	20.2075	24	25	26	27	28	29	30	31	32	260	#
714	20.2075	25	26	27	28	29	30	31	32	33	260	#
715	20.2075	26	27	28	29	30	31	32	33	34	260	#
716	20.2075	27	28	29	30	31	32	33	34	35	260	#
717	20.2075	28	29	30	31	32	33	34	35	36	260	#
718	20.2075	29	30	31	32	33	34	35	36	37	260	#
719	20.2075	30	31	32	33	34	35	36	37	38	260	#
720	20.2075	31	32	33	34	35	36	37	38	39	260	#
721	20.2075	32	33	34	35	36	37	38	39	40	260	#
722	20.2075	33	34	35	36	37	38	39	40	41	260	#
723	20.2075	34	35	36	37	38	39	40	41	42	260	#
724	20.2075	35	36	37	38	39	40	41	42	43	260	#
725	20.2075	36	37	38	39	40	41	42	43	44	260	#
726	20.2075	37	38	39	40	41	42	43	44	45	260	#
727	20.2075	38	39	40	41	42	43	44	45	46	260	#
728	20.2075	39	40	41	42	43	44	45	46	47	260	#
729	20.2075	40	41	42	43	44	45	46	47	48	260	#
730	20.2075	41	42	43	44	45	46	47	48	49	260	#
731	20.2075	42	43	44	45	46	47	48	49	50	260	#
732	20.2075	43	44	45	46	47	48	49	50	51	260	#
733	20.2075	44	45	46	47	48	49	50	51	52	260	#
734	20.2075	45	46	47	48	49	50	51	52	53	260	#
735	20.2075	46	47	48	49	50	51	52	53	54	260	#
736	20.2075	47	48	49	50	51	52	53	54	55	260	#
737	20.2075	48	49	50	51	52	53	54	55	56	260	#
738	20.2075	49	50	51	52	53	54	55	56	57	260	#
739	20.2075	50	51	52	53	54	55	56	57	58	260	#
740	20.2075	51	52	53	54	55	56	57	58	59	260	#
741	20.2075	52	53	54	55	56	57	58	59	60	260	#
742	20.2075	53	54	55	56	57	58	59	60	61	260	#
743	20.2075	54	55	56	57	58	59	60	61	62	260	#
744	20.2075	55	56	57	58	59	60	61	62	63	260	#
745	20.2075	56	57	58	59	60	61	62	63	64	260	#
746	20.2075	57	58	59	60	61	62	63	64	65	260	#
747	20.2075	58	59	60	61	62	63	64	65	66	260	#
748	20.2075	59	60	61	62	63	64	65	66	67	260	#
749	20.2075	60	61	62	63	64	65	66	67	68	260	#
750	20.2075	61	62	63	64	65	66	67	68	69	260	#
751	20.2075	62	63	64	65	66	67	68	69	70	260	#
752	20.2075	63	64	65	66	67	68	69	70	71	260	#
753	20.2075	64	65	66	67	68	69	70	71	72	260	#
754	20.2075	65	66	67	68	69	70	71	72	73	260	#
755	20.2075	66	67	68	69	70	71	72	73	74	260	#
756	20.2075	67	68	69	70	71	72	73	74	75	260	#
757	20.2075	68	69	70	71	72	73	74	75	76	260	#
758	20.2075	69	70	71	72	73	74	75	76	77	260	#
759	20.2075	70	71	72	73	74	75	76	77	78	260	#
760	20.2075	71	72	73	74	75	76	77	78	79	260	#
761	20.2075	72	73	74	75	76	77	78	79	80	260	#
762	20.2075	73	74	75	76	77	78	79	80	81	260	#
763	20.2075	74	75	76	77	78	79	80	81	82	260	#
764	20.2075	75	76	77	78	79	80	81	82	83	260	#
765	20.2075	76	77	78	79	80	81	82	83	84	260	#
766	20.2075	77	78	79	80	81	82	83	84	85	260	#
767	20.2075	78	79	80	81	82	83	84	85	86	260	#
768	20.2075	79	80	81	82	83	84	85	86	87	260	#
769	20.2075	80	81	82	83	84	85	86	87	88	260	#
770	20.2075	81	82	83	84	85	86	87	88	89	260	#
771	20.2075	82	83	84	85	86	87	88	89	90	260	#
772	20.2075	83	84	85	86	87	88	89	90	91	260	#
773	20.2075	84	85	86	87	88	89	90	91	92	260	#
774	20.2075	85	86	87	88	89	90	91	92	93	260	#
775	20.2075	86	87	88	89	90	91	92	93	94	260	#
776	20.2075	87	88	89	90	91	92	93	94	95	260	#
777	20.2075	88	89	90	91	92	93	94	95	96	260	#
778	20.2075	89	90	91	92	93	94	95	96	97	260	#
779	20.2075	90	91	92	93	94	95	96	97	98	260	#
780	20.2075	91	92	93	94	95	96	97	98	99	260	#
781	20.2075	92	93	94	95	96	97	98	99	100	260	#
782	20.2075	93	94	95	96	97	98	99	100	101	260	#
783	20.2075	94	95	96	97	98	99	100	101	102	260	#
784	20.2075	95	96	97	98	99	100	101	102	103	260	#
785	20.2075	96	97	98	99	100	101	102	103	104	260	#
786	20.2075	97	98	99	100	101	102	103	104	105	260	#
787	20.2075	98	99	100	101	102	103	104	105	106	260	#
788	20.2075	99	100	101	102	103	104	105	106	107	260	#
789	20.2075	100	101	102	103	104	105	106	107	108	260	#
790	20.2075	101	102	103	104	105	106	107	108	109	260	#
791	20.2075	102	103	104	105	106	107	108	109	110	260	#
792	20.2075	103	104	105	106	107	108	109	110	111	260	#
793	20.2075	104	105	106	107	108	109	110	111	112	260	#
794	20.2075	105	106	107	108	109	110	111	112	113	260	#
795	20.2075	106	107	108	109	110	111	112	113	114	260	#
796	20.2075	107	108	109	110	111	112	113	114	115	260	#
797	20.2075	108	109	110	111	112	113	114	115	116	260	#
798	20.2075	109	110	111	112	113	114	115	116	117	260	#
799	20.2075	110	111	112	113	114	115	116	117	118	260	#
800	20.2075	111	112	113	114	115	116	117	118	119	260	#
801	20.2075	112	113	114	115	116	117	118	119	120	260	#
802	20.2075	113	114	115	116	117	118	119	120	121	260	#
803	20.2075	114	115	116	117	118	119	120	121	122	260	#
804	20.2075	115	116	117	118	119	120	121	122	123	260	#
805	20.2075	116	117	118	119	120	121	122	123	124	260	#
806	20.2075	117	118	119	120	121	122	123	124	125	260	#
807	20.2075	118	119	120	121	122	123	124	125	126	260	#
808	20.2075	119	120	121	122	123	124	125	126	127	260	#
809	20.2075	120	121	122	123	124	125	126	127	128	260	#
810	20.2075	121	122	123	124	125	126	127	128	129	260	#
811	20.2075	122	123	124	125	126	127	128	129	130	260	#
812	20.2075	123	124	125	126	127	128	129	130	131	260	#
813	20.2075	124	125	126	127	128	129	130	131	132	260	#
814	20.2075	125	126	127	128	129	130	131	132	133	260	#
815	20.2075	126	127	128	129	130	131	132	133	134	260	#
816	20.2075	127	128	129	130	131	132	133	134	135	260	#
817	20.2075	128	129	130	131	132	133	134	135	136	260	#
818	20.2075	129	130	131	132	133	134	135	136	137	260	#
819	20.2075	130	131	132	133	134	135	136	137	138	260	#
820	20.2075	131	132	133	134	135	136	137	138	139	260	#
821	20.2075	132	133	134	135	136	137	138	139	140	260	#
822	20.2075	133	134	135	136	137	138	139	140	141	260	#
823	20.2075	134	135	136	137	138	139	140	141	142	260	#
824	20.2075	135	136	137	138	139	140	141	142	143	260	#
825	20.2075	136	137	138	139	140	141	142	143	144	260	#
826	20.2075	137	138	139	140	141	142	143	144	145	260	#
827	20.2075	138	139	140	141	142	143	144	145	146	260	#
828	20.2075	139	140	141	142	143	144	145	146	147	260	#
829	20.2075	140	141	142	143	144	145	146	147	148	260	#
830	20.2075	141	142	143	144	145	146	147	148	149	260	#
831	20.2075	142	143	144	145	146	147	148	149	150	260	#
832	20.2075	143	144	145	146	147	148	149	150	151	260	#
833	20.2075	144	145	146	147	148	149	150	151	152	260	#
834	20.2075	145	146	147	148	149	150	151	152	153	260	#
835	20.2075	146	147	148	149	150	151	152	153	154	260	#
836	20.2075	147	148	149	150	151	152	153	154	155	260	#
837	20.2075	148	149	150	151	152	153	154	155	156	260	#
838	20.2075	149	150	151	152	153	154	155	156	157	260	#
839	20.2075	150	151	152	153	154	155	156	157	158	260	#
840	20.2075	151	152	153	154	155	156	157	158	159	260	#
841	20.2075	152	153	154	155	156	157	158	159	160	260	#
842	20.2075	153	154	155	156	157	158	159	160	161	260	#
843	20.2075	154	155	156	157	158	159	160	161	162	260	#
844	20.2075	155	156	157	158	159	160	161	162	163	260	#
845	20.2075	156	157	158	159	160	161	162	163	164	260	#
846	9.4301	0	1	2	3	4	5	261	#
847	9.4301	1	2	3	4	5	6	261	#
848	9.4301	2	3	4	5	6	7	261	#
849	9.4301	3	4	5	6	7	8	261	#
850	9.4301	4	5	6	7	8	9	261	#
851	9.4301	5	6	7	8	9	10	261	#
852	9.4301	6	7	8	9	10	11	261	#
853	9.4301	7	8	9	10	11	12	261	#
854	9.4301	8	9	10	11	12	13	261	#
855	9.4301	9	10	11	12	13	14	261	#
856	9.4301	10	11	12	13	14	15	261	#
857	9.4301	11	12	13	14	15	16	261	#
858	9.4301	12	13	14	15	16	17	261	#
859	9.4301	13	14	15	16	17	18	261	#
860	9.4301	14	15	16	17	18	19	261	#
861	9.4301	15	16	17	18	19	20	261	#
862	9.4301	16	17	18	19	20	21	261	#
863	9.4301	17	18	19	20	21	22	261	#
864	9.4301	18	19	20	21	22	23	261	#
865	3.67614	19	20	21	22	23	24	261	#
866	3.67614	20	21	22	23	24	25	261	#
867	3.67614	21	22	23	24	25	26	261	#
868	3.67614	22	23	24	25	26	27	261	#
869	3.67614	23	24	25	26	27	28	261	#
870	3.67614	24	25	26	27	28	29	261	#
871	3.67614	25	26	27	28	29	30	261	#
872	3.67614	26	27	28	29	30	31	261	#
873	3.67614	27	28	29	30	31	32	261	#
874	3.67614	28	29	30	31	32	33	261	#
875	3.67614	29	30	31	32	33	34	261	#
876	3.67614	30	31	32	33	34	35	261	#
877	3.67614	31	32	33	34	35	36	261	#
878	3.67614	32	33	34	35	36	37	261	#
879	3.67614	33	34	35	36	37	38	261	#
880	3.67614	34	35	36	37	38	39	261	#
881	3.67614	35	36	37	38	39	40	261	#
882	3.67614	36	37	38	39	40	41	261	#
883	3.67614	37	38	39	40	41	42	261	#
884	3.67614	38	39	40	41	42	43	261	#
885	3.67614	39	40	41	42	43	44	261	#
886	3.67614	40	41	42	43	44	45	261	#
887	3.67614	41	42	43	44	45	46	261	#
888	3.67614	42	43	44	45	46	47	261	#
889	3.67614	43	44	45	46	47	48	261	#
890	3.67614	44	45	46	47	48	49	261	#
891	3.67614	45	46	47	48	49	50	261	#
892	3.67614	46	47	48	49	50	51	261	#
893	3.67614	47	48	49	50	51	52	261	#
894	3.67614	48	49	50	51	52	53	261	#
895	3.67614	49	50	51	52	53	54	261	#
896	3.67614	50	51	52	53	54	55	261	#
897	3.67614	51	52	53	54	55	56	261	#
898	3.67614	52	53	54	55	56	57	261	#
899	3.67614	53	54	55	56	57	58	261	#
900	3.67614	54	55	56	57	58	59	261	#
901	1.15368	55	56	57	58	59	60	261	#
902	1.15368	56	57	58	59	60	61	261	#
903	1.15368	57	58	59	60	61	62	261	#
904	1.15368	58	59	60	61	62	63	261	#
905	1.15368	59	60	61	62	63	64	261	#
906	1.15368	60	61	62	63	64	65	261	#
907	1.15368	61	62	63	64	65	66	261	#
908	1.15368	62	63	64	65	66	67	261	#
909	1.15368	63	64	65	66	67	68	261	#
910	1.15368	64	65	66	67	68	69	261	#
911	1.15368	65	66	67	68	69	70	261	#
912	1.15368	66	67	68	69	70	71	261	#
913	1.15368	67	68	69	70	71	72	261	#
914	1.15368	68	69	70	71	72	73	261	#
915	1.15368	69	70	71	72	73	74	261	#
916	1.15368	70	71	72	73	74	75	261	#
917	1.15368	71	72	73	74	75	76	261	#
918	1.15368	72	73	74	75	76	77	261	#
919	1.15368	73	74	75	76	77	78	261	#
920	1.15368	74	75	76	77	78	79	261	#
921	1.15368	75	76	77	78	79	80	261	#
922	1.15368	76	77	78	79	80	81	261	#
923	1.15368	77	78	79	80	81	82	261	#
924	1.15368	78	79	80	81	82	83	261	#
925	1.15368	79	80	81	82	83	84	261	#
926	1.15368	80	81	82	83	84	85	261	#
927	1.15368	81	82	83	84	85	86	261	#
928	1.15368	82	83	84	85	86	87	261	#
929	1.15368	83	84	85	86	87	88	261	#
930	1.15368	84	85	86	87	88	89	261	#
931	1.15368	85	86	87	88	89	90	261	#
932	1.15368	86	87	88	89	90	91	261	#
933	1.15368	87	88	89	90	91	92	261	#
934	1.15368	88	89	90	91	92	93	261	#
935	1.15368	89	90	91	92	93	94	261	#
936	1.15368	90	91	92	93	94	95	261	#
937	1.15368	91	92	93	94	95	96	261	#
938	1.15368	92	93	94	95	96	97	261	#
939	1.15368	93	94	95	96	97	98	261	#
940	1.15368	94	95	96	97	98	99	261	#
941	1.15368	95	96	97	98	99	100	261	#
942	1.15368	96	97	98	99	100	101	261	#
943	1.15368	97	98	99	100	101	102	261	#
944	1.15368	98	99	100	101	102	103	261	#
945	1.15368	99	100	101	102	103	104	261	#
946	1.15368	100	101	102	103	104	105	261	#
947	1.15368	101	102	103	104	105	106	261	#
948	1.15368	102	103	104	105	106	107	261	#
949	1.15368	103	104	105	106	107	108	261	#
950	1.15368	104	105	106	107	108	109	261	#
951	1.15368	105	106	107	108	109	110	261	#
952	1.15368	106	107	108	109	110	111	261	#
953	1.15368	107	108	109	110	111	112	261	#
954	1.15368	108	109	110	111	112	113	261	#
955	1.15368	109	110	111	112	113	114	261	#
956	1.15368	110	111	112	113	114	115	261	#
957	1.15368	111	112	113	114	115	116	261	#
958	1.15368	112	113	114	115	116	117	261	#
959	1.15368	113	114	115	116	117	118	261	#
960	1.15368	114	115	116	117	118	119	261	#
961	1.15368	115	116	117	118	119	120	261	#
962	1.15368	116	117	118	119	120	121	261	#
963	1.15368	117	118	119	120	121	122	261	#
964	1.15368	118	119	120	121	122	123	261	#
965	1.15368	119	120	121	122	123	124	261	#
966	1.15368	120	121	122	123	124	125	261	#
967	1.15368	121	122	123	124	125	126	261	#
968	1.15368	122	123	124	125	126	127	261	#
969	1.15368	123	124	125	126	127	128	261	#
970	1.15368	124	125	126	127	128	129	261	#
971	1.15368	125	126	127	128	129	130	261	#
972	1.15368	126	127	128	129	130	131	261	#
973	1.15368	127	128	129	130	131	132	261	#
974	1.15368	128	129	130	131	132	133	261	#
975	1.15368	129	130	131	132	133	134	261	#
976	1.15368	130	131	132	133	134	135	261	#
977	1.15368	131	132	133	134	135	136	261	#
978	1.15368	132	133	134	135	136	137	261	#
979	1.15368	133	134	135	136	137	138	261	#
980	1.15368	134	135	136	137	138	139	261	#
981	1.15368	135	136	137	138	139	140	261	#
982	1.15368	136	137	138	139	140	141	261	#
983	1.15368	137	138	139	140	141	142	261	#
984	1.15368	138	139	140	141	142	143	261	#
985	1.15368	139	140	141	142	143	144	261	#
986	1.15368	140	141	142	143	144	145	261	#
987	1.15368	141	142	143	144	145	146	261	#
988	1.15368	142	143	144	145	146	147	261	#
989	1.15368	143	144	145	146	147	148	261	#
990	1.15368	144	145	146	147	148	149	261	#
991	1.15368	145	146	147	148	149	150	261	#
992	1.15368	146	147	148	149	150	151	261	#
993	1.15368	147	148	149	150	151	152	261	#
994	1.15368	148	149	150	151	152	153	261	#
995	1.15368	149	150	151	152	153	154	261	#
996	1.15368	150	151	152	153	154	155	261	#
997	1.15368	151	152	153	154	155	156	261	#
998	1.15368	152	153	154	155	156	157	261	#
999	1.15368	153	154	155	156	157	158	261	#
1000	1.15368	154	155	156	157	158	159	261	#
1001	1.15368	155	156	157	158	159	160	261	#
1002	1.15368	156	157	158	159	160	161	261	#
1003	1.15368	157	158	159	160	161	162	261	#
1004	1.15368	158	159	160	161	162	163	261	#
1005	1.15368	159	160	161	162	163	164	261	#
1006	1.15368	160	161	162	163	164	165	261	#
1007	1.15368	161	162	163	164	165	166	261	#
1008	1.15368	162	163	164	165	166	167	261	#
1009	1.15368	163	164	165	166	167	168	261	#
1010	1.15368	164	165	166	167	168	169	261	#
1011	1.15368	165	166	167	168	169	170	261	#
1012	1.15368	166	167	168	169	170	171	261	#
1013	1.15368	167	168	169	170	171	172	261	#
1014	1.15368	168	169	170	171	172	173	261	#
1015	1.15368	169	170	171	172	173	174	261	#
1016	1.15368	170	171	172	173	174	175	261	#
1017	1.15368	171	172	173	174	175	176	261	#
1018	1.15368	172	173	174	175	176	177	261	#
1019	1.15368	173	174	175	176	177	178	261	#
1020	1.15368	174	175	176	177	178	179	261	#
1021	1.15368	175	176	177	178	179	180	261	#
1022	1.15368	176	177	178	179	180	181	261	#
1023	1.15368	177	178	179	180	181	182	261	#
1024	1.15368	178	179	180	181	182	183	261	#
1025	1.15368	179	180	181	182	183	184	261	#
1026	1.15368	180	181	182	183	184	185	261	#
1027	1.15368	181	182	183	184	185	186	261	#
1028	1.15368	182	183	184	185	186	187	261	#
1029	1.15368	183	184	185	186	187	188	261	#
1030	0.892561	184	185	186	187	188	189	261	#
1031	0.892561	185	186	187	188	189	190	261	#
1032	0.892561	186	187	188	189	190	191	261	#
1033	0.892561	187	188	189	190	191	192	261	#
1034	0.892561	188	189	190	191	192	193	261	#
1035	0.892561	189	190	191	192	193	194	261	#
1036	0.892561	190	191	192	193	194	195	261	#
1037	0.892561	191	192	193	194	195	196	261	#
1038	0.892561	192	193	194	195	196	197	261	#
1039	0.892561	193	194	195	196	197	198	261	#
1040	0.892561	194	195	196	197	198	199	261	#
1041	0.892561	195	196	197	198	199	200	261	#
1042	0.892561	196	197	198	199	200	201	261	#
1043	0.892561	197	198	199	200	201	202	261	#
1044	0.892561	198	199	200	201	202	203	261	#
1045	0.892561	199	200	201	202	203	204	261	#
1046	0.892561	200	201	202	203	204	205	261	#
1047	0.892561	201	202	203	204	205	206	261	#
1048	0.892561	202	203	204	205	206	207	261	#
1049	0.892561	203	204	205	206	207	208	261	#
1050	0.892561	204	205	206	207	208	209	261	#
1051	0.892561	205	206	207	208	209	210	261	#
1052	0.892561	206	207	208	209	210	211	261	#
1053	0.892561	207	208	209	210	211	212	261	#
1054	0.892561	208	209	210	211	212	213	261	#
1055	0.892561	209	210	211	212	213	214	261	#
1056	0.892561	210	211	212	213	214	215	261	#
1057	0.892561	211	212	213	214	215	216	261	#
1058	0.892561	212	213	214	215	216	217	261	#
1059	0.892561	213	214	215	216	217	218	261	#
1060	0.892561	214	215	216	217	218	219	261	#
1061	0.892561	215	216	217	218	219	220	261	#
1062	0.892561	216	217	218	219	220	221	261	#
1063	0.892561	217	218	219	220	221	222	261	#
1064	0.892561	218	219	220	221	222	223	261	#
1065	0.892561	219	220	221	222	223	224	261	#
1066	0.892561	220	221	222	223	224	225	261	#
1067	0.892561	221	222	223	224	225	226	261	#
1068	0.892561	222	223	224	225	226	227	261	#
1069	0.892561	223	224	225	226	227	228	261	#
1070	0.892561	224	225	226	227	228	229	261	#
1071	0.892561	225	226	227	228	229	230	261	#
1072	0.892561	226	227	228	229	230	231	261	#
1073	0.892561	227	228	229	230	231	232	261	#
1074	0.892561	228	229	230	231	232	233	261	#
1075	0.892561	229	230	231	232	233	234	261	#
1076	0.892561	230	231	232	233	234	235	261	#
1077	0.892561	231	232	233	234	235	236	261	#
1078	0.892561	232	233	234	235	236	237	261	#
1079	0.892561	233	234	235	236	237	238	261	#
1080	0.892561	234	235	236	237	238	239	261	#
1081	0.892561	235	236	237	238	239	240	261	#
1082	0.892561	236	237	238	239	240	241	261	#
1083	0.892561	237	238	239	240	241	242	261	#
1084	0.892561	238	239	240	241	242	243	261	#
1085	0.874565	239	240	241	242	243	244	261	#
1086	0.874565	240	241	242	243	244	245	261	#
1087	0.874565	241	242	243	244	245	246	261	#
1088	0.874565	242	243	244	245	246	247	261	#
1089	0.874565	243	244	245	246	247	248	261	#
