%% File generated by CATS v.2.1Wed Jun 29 16:30:10 2011

%% The CATS webpage is http://robotics.stanford.edu/CATS

%% PARAMETER SETTINGS:
% Goods: 50; Bids: 400; Distribution: scheduling; Runs: 1; Seed: 1309383473
% Scheduling Distribution Parameters:
% max_length                = 10
% deviation                 = 0.500000
% prob_additional_deadline  = 0.700000
% additivity                = 0.200000



goods 50
bids 419
dummy 13

0	9.30583	0	1	2	3	4	5	6	50	#
1	9.30583	1	2	3	4	5	6	7	50	#
2	9.30583	2	3	4	5	6	7	8	50	#
3	9.30583	3	4	5	6	7	8	9	50	#
4	9.30583	4	5	6	7	8	9	10	50	#
5	9.30583	5	6	7	8	9	10	11	50	#
6	9.30583	6	7	8	9	10	11	12	50	#
7	9.30583	7	8	9	10	11	12	13	50	#
8	9.30583	8	9	10	11	12	13	14	50	#
9	9.30583	9	10	11	12	13	14	15	50	#
10	9.30583	10	11	12	13	14	15	16	50	#
11	9.30583	11	12	13	14	15	16	17	50	#
12	9.30583	12	13	14	15	16	17	18	50	#
13	9.30583	13	14	15	16	17	18	19	50	#
14	9.30583	14	15	16	17	18	19	20	50	#
15	9.30583	15	16	17	18	19	20	21	50	#
16	9.30583	16	17	18	19	20	21	22	50	#
17	9.30583	17	18	19	20	21	22	23	50	#
18	9.30583	18	19	20	21	22	23	24	50	#
19	9.30583	19	20	21	22	23	24	25	50	#
20	9.30583	20	21	22	23	24	25	26	50	#
21	9.30583	21	22	23	24	25	26	27	50	#
22	9.30583	22	23	24	25	26	27	28	50	#
23	9.30583	23	24	25	26	27	28	29	50	#
24	9.30583	24	25	26	27	28	29	30	50	#
25	9.30583	25	26	27	28	29	30	31	50	#
26	9.30583	26	27	28	29	30	31	32	50	#
27	9.30583	27	28	29	30	31	32	33	50	#
28	9.30583	28	29	30	31	32	33	34	50	#
29	9.30583	29	30	31	32	33	34	35	50	#
30	7.944	30	31	32	33	34	35	36	50	#
31	7.944	31	32	33	34	35	36	37	50	#
32	7.944	32	33	34	35	36	37	38	50	#
33	7.944	33	34	35	36	37	38	39	50	#
34	7.944	34	35	36	37	38	39	40	50	#
35	7.944	35	36	37	38	39	40	41	50	#
36	6.64702	36	37	38	39	40	41	42	50	#
37	6.64702	37	38	39	40	41	42	43	50	#
38	6.64702	38	39	40	41	42	43	44	50	#
39	6.64702	39	40	41	42	43	44	45	50	#
40	6.64702	40	41	42	43	44	45	46	50	#
41	6.64702	41	42	43	44	45	46	47	50	#
42	6.64702	42	43	44	45	46	47	48	50	#
43	6.64702	43	44	45	46	47	48	49	50	#
44	2.09992	0	1	51	#
45	2.09992	1	2	51	#
46	2.09992	2	3	51	#
47	2.09992	3	4	51	#
48	2.09992	4	5	51	#
49	2.09992	5	6	51	#
50	2.09992	6	7	51	#
51	2.09992	7	8	51	#
52	2.09992	8	9	51	#
53	2.09992	9	10	51	#
54	2.09992	10	11	51	#
55	2.09992	11	12	51	#
56	2.09992	12	13	51	#
57	2.09992	13	14	51	#
58	2.09992	14	15	51	#
59	2.09992	15	16	51	#
60	2.09992	16	17	51	#
61	2.09992	17	18	51	#
62	2.09992	18	19	51	#
63	2.09992	19	20	51	#
64	2.09992	20	21	51	#
65	2.09992	21	22	51	#
66	2.09992	22	23	51	#
67	2.09992	23	24	51	#
68	2.09992	24	25	51	#
69	2.09992	25	26	51	#
70	2.09992	26	27	51	#
71	2.09992	27	28	51	#
72	2.09992	28	29	51	#
73	2.09992	29	30	51	#
74	2.09992	30	31	51	#
75	2.09992	31	32	51	#
76	2.09992	32	33	51	#
77	2.09992	33	34	51	#
78	2.03992	34	35	51	#
79	1.48744	35	36	51	#
80	1.48744	36	37	51	#
81	1.48744	37	38	51	#
82	1.48744	38	39	51	#
83	1.48744	39	40	51	#
84	1.48744	40	41	51	#
85	1.48744	41	42	51	#
86	1.48744	42	43	51	#
87	1.48744	43	44	51	#
88	1.48744	44	45	51	#
89	1.48744	45	46	51	#
90	1.48744	46	47	51	#
91	1.48744	47	48	51	#
92	1.45709	48	49	51	#
93	9.62516	0	1	2	3	4	5	6	7	8	52	#
94	9.62516	1	2	3	4	5	6	7	8	9	52	#
95	9.62516	2	3	4	5	6	7	8	9	10	52	#
96	9.62516	3	4	5	6	7	8	9	10	11	52	#
97	9.62516	4	5	6	7	8	9	10	11	12	52	#
98	9.62516	5	6	7	8	9	10	11	12	13	52	#
99	9.62516	6	7	8	9	10	11	12	13	14	52	#
100	9.62516	7	8	9	10	11	12	13	14	15	52	#
101	9.62516	8	9	10	11	12	13	14	15	16	52	#
102	9.62516	9	10	11	12	13	14	15	16	17	52	#
103	9.62516	10	11	12	13	14	15	16	17	18	52	#
104	9.62516	11	12	13	14	15	16	17	18	19	52	#
105	9.62516	12	13	14	15	16	17	18	19	20	52	#
106	9.62516	13	14	15	16	17	18	19	20	21	52	#
107	4.94284	0	1	2	3	4	53	#
108	4.94284	1	2	3	4	5	53	#
109	4.94284	2	3	4	5	6	53	#
110	4.94284	3	4	5	6	7	53	#
111	4.94284	4	5	6	7	8	53	#
112	4.94284	5	6	7	8	9	53	#
113	4.94284	6	7	8	9	10	53	#
114	4.94284	7	8	9	10	11	53	#
115	4.94284	8	9	10	11	12	53	#
116	4.94284	9	10	11	12	13	53	#
117	4.94284	10	11	12	13	14	53	#
118	4.94284	11	12	13	14	15	53	#
119	4.94284	12	13	14	15	16	53	#
120	4.94284	13	14	15	16	17	53	#
121	4.94284	14	15	16	17	18	53	#
122	4.94284	15	16	17	18	19	53	#
123	4.94284	16	17	18	19	20	53	#
124	4.94284	17	18	19	20	21	53	#
125	4.94284	18	19	20	21	22	53	#
126	4.94284	19	20	21	22	23	53	#
127	4.94284	20	21	22	23	24	53	#
128	4.94284	21	22	23	24	25	53	#
129	4.94284	22	23	24	25	26	53	#
130	4.94284	23	24	25	26	27	53	#
131	4.94284	24	25	26	27	28	53	#
132	4.94284	25	26	27	28	29	53	#
133	4.94284	26	27	28	29	30	53	#
134	4.94284	27	28	29	30	31	53	#
135	4.94284	28	29	30	31	32	53	#
136	4.94284	29	30	31	32	33	53	#
137	4.94284	30	31	32	33	34	53	#
138	4.94284	31	32	33	34	35	53	#
139	4.94284	32	33	34	35	36	53	#
140	4.94284	33	34	35	36	37	53	#
141	4.94284	34	35	36	37	38	53	#
142	4.94284	35	36	37	38	39	53	#
143	4.94284	36	37	38	39	40	53	#
144	4.94284	37	38	39	40	41	53	#
145	4.94284	38	39	40	41	42	53	#
146	4.41701	39	40	41	42	43	53	#
147	4.41701	40	41	42	43	44	53	#
148	4.41701	41	42	43	44	45	53	#
149	4.41701	42	43	44	45	46	53	#
150	4.41701	43	44	45	46	47	53	#
151	6.79402	0	1	2	3	4	5	6	7	54	#
152	6.79402	1	2	3	4	5	6	7	8	54	#
153	6.79402	2	3	4	5	6	7	8	9	54	#
154	6.79402	3	4	5	6	7	8	9	10	54	#
155	6.79402	4	5	6	7	8	9	10	11	54	#
156	6.79402	5	6	7	8	9	10	11	12	54	#
157	6.79402	6	7	8	9	10	11	12	13	54	#
158	6.79402	7	8	9	10	11	12	13	14	54	#
159	6.79402	8	9	10	11	12	13	14	15	54	#
160	6.79402	9	10	11	12	13	14	15	16	54	#
161	6.79402	10	11	12	13	14	15	16	17	54	#
162	6.79402	11	12	13	14	15	16	17	18	54	#
163	6.79402	12	13	14	15	16	17	18	19	54	#
164	6.79402	13	14	15	16	17	18	19	20	54	#
165	6.79402	14	15	16	17	18	19	20	21	54	#
166	6.79402	15	16	17	18	19	20	21	22	54	#
167	6.79402	16	17	18	19	20	21	22	23	54	#
168	6.79402	17	18	19	20	21	22	23	24	54	#
169	6.79402	18	19	20	21	22	23	24	25	54	#
170	6.79402	19	20	21	22	23	24	25	26	54	#
171	6.79402	20	21	22	23	24	25	26	27	54	#
172	6.79402	21	22	23	24	25	26	27	28	54	#
173	6.79402	22	23	24	25	26	27	28	29	54	#
174	6.79402	23	24	25	26	27	28	29	30	54	#
175	6.79402	24	25	26	27	28	29	30	31	54	#
176	1.56863	0	1	55	#
177	1.56863	1	2	55	#
178	1.56863	2	3	55	#
179	1.56863	3	4	55	#
180	1.56863	4	5	55	#
181	1.56863	5	6	55	#
182	1.56863	6	7	55	#
183	1.56863	7	8	55	#
184	1.56863	8	9	55	#
185	1.56863	9	10	55	#
186	1.56863	10	11	55	#
187	1.56863	11	12	55	#
188	1.56863	12	13	55	#
189	1.56863	13	14	55	#
190	17.0177	0	1	2	3	4	5	6	7	8	9	#
191	5.0395	0	1	2	3	4	57	#
192	5.0395	1	2	3	4	5	57	#
193	5.0395	2	3	4	5	6	57	#
194	5.0395	3	4	5	6	7	57	#
195	5.0395	4	5	6	7	8	57	#
196	5.0395	5	6	7	8	9	57	#
197	5.0395	6	7	8	9	10	57	#
198	5.0395	7	8	9	10	11	57	#
199	5.0395	8	9	10	11	12	57	#
200	5.0395	9	10	11	12	13	57	#
201	1.77064	10	11	12	13	14	57	#
202	1.77064	11	12	13	14	15	57	#
203	1.77064	12	13	14	15	16	57	#
204	1.77064	13	14	15	16	17	57	#
205	1.77064	14	15	16	17	18	57	#
206	1.77064	15	16	17	18	19	57	#
207	1.77064	16	17	18	19	20	57	#
208	1.77064	17	18	19	20	21	57	#
209	1.77064	18	19	20	21	22	57	#
210	1.77064	19	20	21	22	23	57	#
211	1.77064	20	21	22	23	24	57	#
212	1.77064	21	22	23	24	25	57	#
213	1.77064	22	23	24	25	26	57	#
214	1.77064	23	24	25	26	27	57	#
215	1.77064	24	25	26	27	28	57	#
216	1.77064	25	26	27	28	29	57	#
217	1.77064	26	27	28	29	30	57	#
218	1.77064	27	28	29	30	31	57	#
219	1.77064	28	29	30	31	32	57	#
220	1.77064	29	30	31	32	33	57	#
221	1.77064	30	31	32	33	34	57	#
222	1.77064	31	32	33	34	35	57	#
223	1.77064	32	33	34	35	36	57	#
224	1.77064	33	34	35	36	37	57	#
225	1.67983	34	35	36	37	38	57	#
226	1.67983	35	36	37	38	39	57	#
227	1.3939	36	37	38	39	40	57	#
228	1.3939	37	38	39	40	41	57	#
229	1.3939	38	39	40	41	42	57	#
230	1.3939	39	40	41	42	43	57	#
231	1.3939	40	41	42	43	44	57	#
232	1.3939	41	42	43	44	45	57	#
233	1.3939	42	43	44	45	46	57	#
234	1.3939	43	44	45	46	47	57	#
235	1.33701	44	45	46	47	48	57	#
236	1.33701	45	46	47	48	49	57	#
237	9.30262	0	1	2	3	4	5	6	7	8	58	#
238	9.30262	1	2	3	4	5	6	7	8	9	58	#
239	9.30262	2	3	4	5	6	7	8	9	10	58	#
240	9.30262	3	4	5	6	7	8	9	10	11	58	#
241	9.30262	4	5	6	7	8	9	10	11	12	58	#
242	9.30262	5	6	7	8	9	10	11	12	13	58	#
243	9.30262	6	7	8	9	10	11	12	13	14	58	#
244	9.30262	7	8	9	10	11	12	13	14	15	58	#
245	9.30262	8	9	10	11	12	13	14	15	16	58	#
246	9.30262	9	10	11	12	13	14	15	16	17	58	#
247	9.30262	10	11	12	13	14	15	16	17	18	58	#
248	9.30262	11	12	13	14	15	16	17	18	19	58	#
249	9.30262	12	13	14	15	16	17	18	19	20	58	#
250	9.30262	13	14	15	16	17	18	19	20	21	58	#
251	9.30262	14	15	16	17	18	19	20	21	22	58	#
252	9.30262	15	16	17	18	19	20	21	22	23	58	#
253	9.30262	16	17	18	19	20	21	22	23	24	58	#
254	9.30262	17	18	19	20	21	22	23	24	25	58	#
255	9.30262	18	19	20	21	22	23	24	25	26	58	#
256	6.53697	19	20	21	22	23	24	25	26	27	58	#
257	6.53697	20	21	22	23	24	25	26	27	28	58	#
258	6.53697	21	22	23	24	25	26	27	28	29	58	#
259	6.53697	22	23	24	25	26	27	28	29	30	58	#
260	6.53697	23	24	25	26	27	28	29	30	31	58	#
261	6.53697	24	25	26	27	28	29	30	31	32	58	#
262	6.53697	25	26	27	28	29	30	31	32	33	58	#
263	6.53697	26	27	28	29	30	31	32	33	34	58	#
264	6.53697	27	28	29	30	31	32	33	34	35	58	#
265	6.53697	28	29	30	31	32	33	34	35	36	58	#
266	6.53697	29	30	31	32	33	34	35	36	37	58	#
267	4.93608	30	31	32	33	34	35	36	37	38	58	#
268	4.93608	31	32	33	34	35	36	37	38	39	58	#
269	4.93608	32	33	34	35	36	37	38	39	40	58	#
270	4.93608	33	34	35	36	37	38	39	40	41	58	#
271	4.93608	34	35	36	37	38	39	40	41	42	58	#
272	4.93608	35	36	37	38	39	40	41	42	43	58	#
273	4.93608	36	37	38	39	40	41	42	43	44	58	#
274	4.93608	37	38	39	40	41	42	43	44	45	58	#
275	4.93608	38	39	40	41	42	43	44	45	46	58	#
276	4.93608	39	40	41	42	43	44	45	46	47	58	#
277	4.93608	40	41	42	43	44	45	46	47	48	58	#
278	4.93608	41	42	43	44	45	46	47	48	49	58	#
279	7.29465	0	1	2	3	4	5	6	59	#
280	7.29465	1	2	3	4	5	6	7	59	#
281	7.29465	2	3	4	5	6	7	8	59	#
282	7.29465	3	4	5	6	7	8	9	59	#
283	7.29465	4	5	6	7	8	9	10	59	#
284	7.29465	5	6	7	8	9	10	11	59	#
285	7.29465	6	7	8	9	10	11	12	59	#
286	7.29465	7	8	9	10	11	12	13	59	#
287	7.29465	8	9	10	11	12	13	14	59	#
288	7.29465	9	10	11	12	13	14	15	59	#
289	7.29465	10	11	12	13	14	15	16	59	#
290	7.29465	11	12	13	14	15	16	17	59	#
291	7.29465	12	13	14	15	16	17	18	59	#
292	7.29465	13	14	15	16	17	18	19	59	#
293	7.29465	14	15	16	17	18	19	20	59	#
294	7.29465	15	16	17	18	19	20	21	59	#
295	7.29465	16	17	18	19	20	21	22	59	#
296	7.29465	17	18	19	20	21	22	23	59	#
297	7.29465	18	19	20	21	22	23	24	59	#
298	7.29465	19	20	21	22	23	24	25	59	#
299	7.29465	20	21	22	23	24	25	26	59	#
300	4.74152	21	22	23	24	25	26	27	59	#
301	4.74152	22	23	24	25	26	27	28	59	#
302	4.74152	23	24	25	26	27	28	29	59	#
303	4.74152	24	25	26	27	28	29	30	59	#
304	4.74152	25	26	27	28	29	30	31	59	#
305	4.74152	26	27	28	29	30	31	32	59	#
306	4.74152	27	28	29	30	31	32	33	59	#
307	4.74152	28	29	30	31	32	33	34	59	#
308	4.74152	29	30	31	32	33	34	35	59	#
309	4.74152	30	31	32	33	34	35	36	59	#
310	4.74152	31	32	33	34	35	36	37	59	#
311	4.74152	32	33	34	35	36	37	38	59	#
312	4.74152	33	34	35	36	37	38	39	59	#
313	4.74152	34	35	36	37	38	39	40	59	#
314	4.03534	35	36	37	38	39	40	41	59	#
315	4.03534	36	37	38	39	40	41	42	59	#
316	4.03534	37	38	39	40	41	42	43	59	#
317	4.03534	38	39	40	41	42	43	44	59	#
318	4.03534	39	40	41	42	43	44	45	59	#
319	4.03534	40	41	42	43	44	45	46	59	#
320	4.03534	41	42	43	44	45	46	47	59	#
321	3.87063	42	43	44	45	46	47	48	59	#
322	3.87063	43	44	45	46	47	48	49	59	#
323	7.46797	0	1	2	3	4	5	6	60	#
324	7.46797	1	2	3	4	5	6	7	60	#
325	7.46797	2	3	4	5	6	7	8	60	#
326	7.46797	3	4	5	6	7	8	9	60	#
327	7.46797	4	5	6	7	8	9	10	60	#
328	7.46797	5	6	7	8	9	10	11	60	#
329	7.46797	6	7	8	9	10	11	12	60	#
330	7.46797	7	8	9	10	11	12	13	60	#
331	7.46797	8	9	10	11	12	13	14	60	#
332	7.46797	9	10	11	12	13	14	15	60	#
333	7.46797	10	11	12	13	14	15	16	60	#
334	7.46797	11	12	13	14	15	16	17	60	#
335	7.46797	12	13	14	15	16	17	18	60	#
336	0.814942	0	61	#
337	0.814942	1	61	#
338	0.814942	2	61	#
339	0.814942	3	61	#
340	0.814942	4	61	#
341	0.814942	5	61	#
342	0.814942	6	61	#
343	0.814942	7	61	#
344	0.814942	8	61	#
345	0.814942	9	61	#
346	0.814942	10	61	#
347	0.814942	11	61	#
348	0.814942	12	61	#
349	0.814942	13	61	#
350	0.814942	14	61	#
351	0.814942	15	61	#
352	0.814942	16	61	#
353	0.814942	17	61	#
354	0.814942	18	61	#
355	0.814942	19	61	#
356	0.814942	20	61	#
357	0.814942	21	61	#
358	0.814942	22	61	#
359	0.814942	23	61	#
360	0.814942	24	61	#
361	0.814942	25	61	#
362	0.814942	26	61	#
363	0.814942	27	61	#
364	0.814942	28	61	#
365	0.814942	29	61	#
366	0.814942	30	61	#
367	0.814942	31	61	#
368	0.814942	32	61	#
369	0.814942	33	61	#
370	0.814942	34	61	#
371	0.814942	35	61	#
372	0.814942	36	61	#
373	0.814942	37	61	#
374	0.814942	38	61	#
375	0.814942	39	61	#
376	0.814942	40	61	#
377	0.814942	41	61	#
378	0.68189	42	61	#
379	0.68189	43	61	#
380	0.68189	44	61	#
381	0.68189	45	61	#
382	0.68189	46	61	#
383	0.68189	47	61	#
384	0.68189	48	61	#
385	0.68189	49	61	#
386	5.20993	0	1	2	62	#
387	5.20993	1	2	3	62	#
388	5.20993	2	3	4	62	#
389	5.20993	3	4	5	62	#
390	5.20993	4	5	6	62	#
391	5.20993	5	6	7	62	#
392	5.20993	6	7	8	62	#
393	5.20993	7	8	9	62	#
394	5.20993	8	9	10	62	#
395	5.20993	9	10	11	62	#
396	5.20993	10	11	12	62	#
397	5.20993	11	12	13	62	#
398	5.20993	12	13	14	62	#
399	5.20993	13	14	15	62	#
400	5.20993	14	15	16	62	#
401	5.20993	15	16	17	62	#
402	5.20993	16	17	18	62	#
403	5.20993	17	18	19	62	#
404	5.20993	18	19	20	62	#
405	5.20993	19	20	21	62	#
406	3.2179	20	21	22	62	#
407	3.2179	21	22	23	62	#
408	3.2179	22	23	24	62	#
409	3.2179	23	24	25	62	#
410	3.2179	24	25	26	62	#
411	3.2179	25	26	27	62	#
412	3.2179	26	27	28	62	#
413	3.2179	27	28	29	62	#
414	3.2179	28	29	30	62	#
415	3.2179	29	30	31	62	#
416	3.2179	30	31	32	62	#
417	3.2179	31	32	33	62	#
418	3.2179	32	33	34	62	#
